-3.642294628655063457e-07
-2.104353500703741612e-07
6.316777411451967602e-08
1.745535690351959535e-07
4.598960303882871364e-07
6.291602227995606300e-07
7.710738473488736149e-07
9.369355341494874682e-07
1.170574815878945842e-06
1.399286781065887412e-06
1.501437840087809976e-06
1.582508923134373689e-06
1.778394717866632856e-06
1.948882179335095056e-06
2.055084407689135314e-06
2.242515051735758004e-06
2.292850011056848756e-06
2.355841885574611229e-06
2.526703436542888890e-06
2.638331504293347988e-06
2.862226438252051882e-06
3.024545914691862774e-06
3.261135851681855728e-06
3.445315754798333681e-06
3.584430160740630013e-06
3.810507607233343119e-06
4.092993039140823758e-06
4.263121231071549230e-06
4.421574673402848947e-06
4.567081470441372546e-06
4.811896240315945362e-06
4.984051680916234174e-06
5.252702604496167589e-06
5.758316540740907194e-06
6.250702321641579584e-06
6.528877014809204584e-06
6.810938909114248532e-06
7.096858643440151126e-06
7.252543623938282931e-06
8.426233253379724158e-06
9.199985305056014671e-06
1.077721927868397801e-05
1.139494240604584464e-05
1.298131192603719489e-05
1.351235388531099567e-05
1.407923605348732944e-05
1.750253620989418397e-05
1.949717256467710995e-05
2.290913503279336133e-05
2.386955478247144901e-05
2.952188718685210762e-05
3.404257755911753978e-05
4.351488135562025101e-05
4.784491439841067955e-05
5.283090106355294171e-05
6.780414619279841670e-05
7.727421714435026327e-05
