6.950130341137878255e-05
6.285036069754230579e-05
5.489184814790116135e-05
4.751572032202599333e-05
4.621284536823091322e-05
4.425311880021023388e-05
3.997459908071891173e-05
3.867323742068581372e-05
3.605665770721064257e-05
3.429472243969956222e-05
3.131723185330573825e-05
3.063522804867596563e-05
2.996123874280224068e-05
2.912153703406457193e-05
2.878648409573600304e-05
2.604147585665575270e-05
2.536472699914842538e-05
2.421674438678347204e-05
2.384280066672500462e-05
2.341139093273912576e-05
2.316698747773989902e-05
2.109219840659369279e-05
2.103009829514641292e-05
2.081122570759034478e-05
2.037925559970001115e-05
2.021924949293909258e-05
2.001875752822722651e-05
1.964378051989558067e-05
1.862938706046044537e-05
1.829952206287594352e-05
1.797179172045783408e-05
1.700678614031633342e-05
1.635491709377051280e-05
1.612941621546494671e-05
1.591491503826898590e-05
1.565373641854163979e-05
1.559923058238559719e-05
1.550280662480212361e-05
1.533246736295329506e-05
1.454073011644470918e-05
1.436245703950381502e-05
1.392035153211360459e-05
1.380087699479227444e-05
1.367698596502774742e-05
1.356518572441150008e-05
1.349543838265110162e-05
1.334938208935295881e-05
1.299363983485572590e-05
1.282386827600282809e-05
1.268550560462277116e-05
1.247188784655336507e-05
1.218235605609785377e-05
1.208445417680836493e-05
1.179372994481767101e-05
1.160313733455721134e-05
1.154364536129861258e-05
1.141813296889796689e-05
1.130165103096773616e-05
1.113479115114159202e-05
1.099258805368095284e-05
1.089941788189325654e-05
1.076491618420817984e-05
1.060603031891033410e-05
1.053045835099604396e-05
1.041952732777675088e-05
1.027851858086909222e-05
1.014490103116425757e-05
1.006765084496339512e-05
1.000611573528125625e-05
9.964306685977787774e-06
9.907473458612317232e-06
9.811624890379155324e-06
9.661268199327153439e-06
9.509388771938351558e-06
9.443817402609665015e-06
9.343227039161881660e-06
9.058623492017620042e-06
8.947021635330931408e-06
8.895196286808388186e-06
8.848420158613800224e-06
8.804324186588817486e-06
8.692017584471252079e-06
8.574562989255154623e-06
8.497117237215266738e-06
8.421780041939580939e-06
8.283121159800662699e-06
8.223085626459040445e-06
8.167564687094660872e-06
8.147348319813113888e-06
8.105626382292396766e-06
8.019889111915650307e-06
7.958081759064876466e-06
7.914959118346732685e-06
7.835918380164258308e-06
7.700858756796494017e-06
7.661427290725878150e-06
7.617584207212654097e-06
7.561970306892937310e-06
7.480465068626224710e-06
7.405714985701524257e-06
