8.981460471083005262e-05
7.335636213579091187e-05
6.343719715658086553e-05
5.930053264063311544e-05
5.239961598037767132e-05
5.172465000339675071e-05
4.702782745192005429e-05
4.575071155972476443e-05
4.257556433086786852e-05
4.211835647049435688e-05
4.176483714234632442e-05
3.826426671068453505e-05
3.714342078225398388e-05
3.626480205782401631e-05
3.588348689888357237e-05
3.444171417480786535e-05
3.399101776499327315e-05
3.363522604917737485e-05
3.332395388142688901e-05
3.317005732073918833e-05
3.158837550746530147e-05
3.123634780410385346e-05
3.106520736089035521e-05
3.010647318342553019e-05
2.979536991837403084e-05
2.861614273851131667e-05
2.791411643827370327e-05
2.745199835961379607e-05
2.695634786728391935e-05
2.663940710688431977e-05
2.656263912222515559e-05
2.651664637351899395e-05
2.623171343290894804e-05
2.567302066432910034e-05
2.562155265991168776e-05
2.509626895205416500e-05
2.494718232091590944e-05
2.495271642295954226e-05
2.451521365019458348e-05
2.433600105956522863e-05
2.425477284017438630e-05
2.402117960974270360e-05
2.398847923780726975e-05
2.396585006594408341e-05
2.362020070434744660e-05
2.306899335737903290e-05
2.243761908917096874e-05
2.227504480262628924e-05
2.203670694017552433e-05
2.201349881090496570e-05
2.153797871080788344e-05
2.146993547729189676e-05
2.119415312512448545e-05
2.092733640669314620e-05
2.080681962323274869e-05
2.078318564920611896e-05
2.066016528201062777e-05
2.019724675781702641e-05
1.995733026076639921e-05
1.991764628686807672e-05
1.988600871049629894e-05
1.981971985260235283e-05
1.958221625429224096e-05
1.944951294127760755e-05
1.934034487586828879e-05
1.931493747780106175e-05
1.923635646996235026e-05
1.906630669495730968e-05
1.895021688423676953e-05
1.887608198438083901e-05
1.874682173945674981e-05
1.870944374578384147e-05
1.869301540644504274e-05
1.832666084631375103e-05
1.832323872908993325e-05
1.826587200875394741e-05
1.820493522896500120e-05
1.799634861094613571e-05
1.763547985328715057e-05
1.724961678219396978e-05
1.700173231816835110e-05
1.696623694771393502e-05
1.684208052340815790e-05
1.673360512336535689e-05
1.665657883396858777e-05
1.662299653488176241e-05
1.658622597836698350e-05
1.657584613099736946e-05
1.651808743945167200e-05
1.643857545925935689e-05
1.627382084688408764e-05
1.617851947440367166e-05
1.619536543812677052e-05
1.605299057192533614e-05
1.578540472866553484e-05
1.572151752071223886e-05
1.564052574362551383e-05
1.550361927981592507e-05
1.544794454690193207e-05
1.539996162478435131e-05
