8.288335461316557247e-05
7.140718759420118912e-05
6.704019960568192668e-05
5.933906848044523435e-05
5.355986162274447269e-05
4.862441882438024108e-05
4.748354127027019450e-05
4.673386856922215527e-05
4.276185294017864988e-05
4.191055403038167491e-05
3.921974650023550611e-05
3.833446342384186551e-05
3.771934765391876459e-05
3.672612647640407081e-05
3.560660212026191848e-05
3.540404807653048369e-05
3.307016840457100261e-05
3.184197400543266598e-05
3.174854518865564268e-05
3.043334205465568560e-05
3.031456854047317892e-05
2.970294973164881190e-05
2.915886502240939897e-05
2.744388417702421035e-05
2.713496937090039167e-05
2.646508278556205105e-05
2.633582718517005558e-05
2.638283522267814487e-05
2.609873883976191340e-05
2.581700585857107488e-05
2.418690161172762804e-05
2.409920864265864204e-05
2.385682504667105129e-05
2.315159650985352833e-05
2.241486494521423634e-05
2.231253878742455623e-05
2.184841608542595901e-05
2.183246552205316725e-05
2.163124096308516507e-05
2.150937668863554532e-05
2.138241792039680553e-05
2.121497137559459192e-05
2.101805867294833342e-05
2.052510674659820846e-05
2.026040509540638309e-05
2.013793631950736094e-05
1.988204997115375477e-05
1.975576161017109143e-05
1.962496910981171739e-05
1.944041887587475825e-05
1.887344087137220929e-05
1.882206781203698515e-05
1.847463910175641013e-05
1.824914814842057141e-05
1.808580654471229090e-05
1.783071894836608164e-05
1.780789311829603550e-05
1.741484201064078322e-05
1.733459562111365246e-05
1.721409566489714131e-05
1.725295286547575918e-05
1.697337705884578398e-05
1.671406178707756298e-05
1.656987095013352651e-05
1.612553962948949917e-05
1.605150633040117286e-05
1.599598979702707369e-05
1.582899448768977746e-05
1.575249576070508910e-05
1.571637415313328036e-05
1.559011347792175280e-05
1.530847954519328854e-05
1.525479465586767919e-05
1.521775840311532968e-05
1.486334531488912996e-05
1.484635211695402783e-05
1.480254687758005054e-05
1.476049552324403731e-05
1.471360396001507634e-05
1.467078892911692037e-05
1.456669816957156453e-05
1.449484308872510016e-05
1.438926656356295966e-05
1.434045021468940879e-05
1.424418921977004008e-05
1.388208295353881707e-05
1.386101728486187419e-05
1.378267049757993233e-05
1.359759548114443274e-05
1.352304795507375238e-05
1.351127133556402613e-05
1.345933810132291191e-05
1.341860673416654766e-05
1.334640308101790996e-05
1.324852754442386486e-05
1.315249190543690598e-05
1.291067099182132658e-05
1.288835187939086056e-05
1.271431424912078509e-05
1.263867130726574219e-05
