6.969264423973932430e-05
6.316486012224758920e-05
5.523775371936532897e-05
5.511099104171624061e-05
5.142664021955116623e-05
4.763957123053517956e-05
4.648685402393204643e-05
4.435673808703129259e-05
4.256997179472806782e-05
4.097441422220569386e-05
4.017343096953853571e-05
3.898248566209466755e-05
3.882674207004704333e-05
3.854306027134442043e-05
3.706923092028276021e-05
3.608098418174429369e-05
3.509159487478231396e-05
3.440801734845017062e-05
3.438583466194150144e-05
3.141637058026082604e-05
3.115233562257719761e-05
3.103602103575821730e-05
3.089329162883330934e-05
3.023537973637531394e-05
3.013109187018727620e-05
2.986264035797363042e-05
2.919106745733748834e-05
2.901012973192494541e-05
2.872864561360839484e-05
2.836654407393111315e-05
2.796400171762042922e-05
2.762749390329553549e-05
2.720388125000487475e-05
2.672032355753108416e-05
2.630451209675138105e-05
2.586031909476873194e-05
2.533395414459864702e-05
2.474231327548194928e-05
2.450868466104348987e-05
2.421600529963618417e-05
2.419186360893894503e-05
2.409136657730611818e-05
2.377582787700412132e-05
2.341234654068597738e-05
2.331303612656430711e-05
2.310223494279920055e-05
2.307151119909969637e-05
2.282994687472113520e-05
2.271851683140791667e-05
2.263200433029382698e-05
2.240595642668246755e-05
2.143949873057984036e-05
2.132643580786350312e-05
2.121844887967480993e-05
2.108362004227910805e-05
2.099369730288775407e-05
2.093982337099622478e-05
2.076559290963084163e-05
2.082254358991550682e-05
2.037270000783555175e-05
2.024309039884821318e-05
2.018756563454284745e-05
2.000745167885211316e-05
1.974696186394068963e-05
1.933359234430396712e-05
1.916944144424838288e-05
1.908739159061356841e-05
1.872222981160042175e-05
1.858332052265698091e-05
1.849933028813349645e-05
1.848865728723052962e-05
1.833255268581518771e-05
1.828353109193155219e-05
1.810121510180359546e-05
1.804053798594095232e-05
1.793221129841598649e-05
1.790038406261504223e-05
1.777287816561708977e-05
1.772166933117695864e-05
1.765594036258838498e-05
1.754489819167369299e-05
1.749355006589231037e-05
1.733343862135328998e-05
1.700776793961836442e-05
1.696236762740776165e-05
1.693131351611109716e-05
1.689513924960432307e-05
1.678496400318083326e-05
1.668379697678971791e-05
1.645491272994317850e-05
1.636069915224281661e-05
1.631757481966406248e-05
1.628155851077109448e-05
1.625205388094388205e-05
1.619113375144890968e-05
1.614957967157539963e-05
1.600979577580307028e-05
1.591309885026806392e-05
1.579799141597528397e-05
1.565931338062339590e-05
