-3.737651256225811166e-07
-1.480669801327822400e-07
1.059357031677213490e-07
2.377352497150699068e-07
3.875013688270918676e-07
6.752456045624660377e-07
8.623381631522771857e-07
9.684984739568672759e-07
9.850110830633525207e-07
1.128955983534454078e-06
1.255563766549388273e-06
1.555413766773398817e-06
1.681068813776854295e-06
1.756730457781948522e-06
1.911857950517696793e-06
2.012800966069742504e-06
2.207156262437852260e-06
2.262877576975354143e-06
2.474710218337046909e-06
2.614307643510189532e-06
2.736216662022896400e-06
2.852342146830549672e-06
2.972373831765753102e-06
3.224716029427605348e-06
3.503585465377885017e-06
3.704864340275306583e-06
3.899883891194918201e-06
3.945336374280859362e-06
4.257122055044823643e-06
4.472392958154932303e-06
4.768870498362035129e-06
4.883174847566571045e-06
5.091957441186633338e-06
5.392063246434663731e-06
5.479534482625234986e-06
5.883410055155189162e-06
5.994097183598266543e-06
6.794488740492718368e-06
7.405352063483697033e-06
7.515055380394468092e-06
9.419656182116857801e-06
9.976558819705867414e-06
1.129993809538271048e-05
1.144673051937290741e-05
1.428682069134521669e-05
1.753718888409961648e-05
1.765800080577272489e-05
1.929407418524215604e-05
1.964263583196125263e-05
2.650485350946589854e-05
3.338594579378583859e-05
3.345837731818294790e-05
4.996657672886758002e-05
5.663368154253570316e-05
5.729169114192350881e-05
8.069574694793786780e-05
9.800190328641273502e-05
