5.760937465871530363e-05
5.390599058087879790e-05
4.870953949429983738e-05
4.399624603723431120e-05
4.388495250062702548e-05
4.233943482520234294e-05
4.072540830835467030e-05
4.076476067591421656e-05
3.637676357037191458e-05
3.626450718996249747e-05
3.426925852739357118e-05
3.285499934301008514e-05
3.280023760203797719e-05
3.237481507785660017e-05
3.233361688263307321e-05
3.205880929547480935e-05
3.057944153170626350e-05
3.050089964091351236e-05
3.036411955795363465e-05
3.031143125980288475e-05
2.911895921370943961e-05
2.903767554568671878e-05
2.898701349571448327e-05
2.756068107162628502e-05
2.752285800671676338e-05
2.479178382483024405e-05
2.473902236503069344e-05
2.463656061294451416e-05
2.459162122538966435e-05
2.443741905899180221e-05
2.442968972212730127e-05
2.379529789388718202e-05
2.371702276014190223e-05
2.358849808313887985e-05
2.344290569538576470e-05
2.343345025994835869e-05
2.323511575916275716e-05
2.240690938409086618e-05
2.236370449502979329e-05
2.233336026420249443e-05
2.223294450525965812e-05
2.164819811696885496e-05
2.152132384128535743e-05
2.135713999155479552e-05
2.140547132165629036e-05
2.111779215156057198e-05
2.107271247652886938e-05
2.042056100063663904e-05
2.046835804926332153e-05
1.964837944400182215e-05
1.958367159131867516e-05
1.859751623738047170e-05
1.847482918524259618e-05
1.841412187391903462e-05
1.840497089198276187e-05
1.834908230092544020e-05
1.830766895169100332e-05
1.827556254297601473e-05
1.791879082596134040e-05
1.771970116340120565e-05
1.753334203631845044e-05
1.743887776157748094e-05
1.740474058303382365e-05
1.731246275891592346e-05
1.726274127967721665e-05
1.720278913429077925e-05
1.711525804882429406e-05
1.687429089859530341e-05
1.682179530145333228e-05
1.668578168741345429e-05
1.677620788365161091e-05
1.674457611239437379e-05
1.591659741679604426e-05
1.584430206471766978e-05
1.565868889000883438e-05
1.555318654878586396e-05
1.526407802778321761e-05
1.525268203685106752e-05
1.515108041325387152e-05
1.496994109913431796e-05
1.483450346070475203e-05
1.480685872389740339e-05
1.473464245848721419e-05
1.462228267074013547e-05
1.460318676108820995e-05
1.441106907454611795e-05
1.430198429436160389e-05
1.428324818789056312e-05
1.422215084834378057e-05
1.400842714614687340e-05
1.401769492651451584e-05
1.389458023583217631e-05
1.384115860532867272e-05
1.378165179278835066e-05
1.366652438901184554e-05
1.367150941282553455e-05
1.357433186843975979e-05
1.338787218860784829e-05
1.326942490680248652e-05
1.324687019674118607e-05
