7.729578460286410844e-05
6.763343073831140043e-05
6.217532680165102795e-05
5.567848146563457738e-05
5.274322386387029159e-05
4.774015590420800084e-05
4.296872088529771026e-05
4.052001362121759615e-05
4.022003006761777947e-05
3.549700310850283075e-05
3.486220924192791494e-05
3.406568571936034918e-05
3.351184001945640371e-05
3.080496238221780008e-05
2.906027621263630633e-05
2.731283683792316442e-05
2.665427714210679243e-05
2.506675934907672096e-05
2.437611599097576083e-05
2.383316724281315873e-05
2.276604110403269572e-05
2.268348792390473970e-05
2.180129883852758652e-05
2.150907190490230711e-05
2.107996535459303241e-05
1.976032058677133644e-05
1.952628213779290461e-05
1.875989647981904040e-05
1.833007547914828386e-05
1.806085855983733301e-05
1.782612237060239197e-05
1.732225115866219110e-05
1.679582554791170286e-05
1.637407145965295608e-05
1.620575548109475132e-05
1.606535957958673080e-05
1.597688723360606651e-05
1.592656021189777518e-05
1.583338309786486541e-05
1.447775045763780889e-05
1.434823339585382893e-05
1.401864716119237410e-05
1.369147831105312835e-05
1.336386083276622545e-05
1.320518111608419498e-05
1.313165936650035949e-05
1.307204668704580670e-05
1.292270088359385976e-05
1.276382259375698211e-05
1.242885879083541201e-05
1.233661806726932616e-05
1.216881242786419441e-05
1.141724692648982211e-05
1.130731828987278433e-05
1.122458097266096191e-05
1.112405585839912415e-05
1.106037222760884068e-05
1.100902385879648362e-05
1.098037234871218107e-05
1.087121807790668823e-05
1.079047818726457247e-05
1.067176804880787225e-05
1.057512643061027891e-05
1.051594158305023260e-05
1.026028043577242810e-05
1.015425445176024126e-05
1.005098268108173037e-05
9.793475179684682334e-06
9.739627403889937157e-06
9.617217551562317053e-06
9.551399833089880645e-06
9.422973092579573444e-06
9.349536648680154723e-06
9.225489272215245536e-06
9.127219968314832885e-06
8.802921508118364085e-06
8.682400860193332121e-06
8.640681587954542113e-06
8.532280434016043221e-06
8.510254006858483021e-06
8.379815882905214392e-06
8.302681805515494193e-06
8.234768496639225679e-06
8.183735871276849637e-06
8.071289580000006795e-06
7.967065436187362740e-06
7.867336501423265961e-06
7.752458069761961339e-06
7.687053922396217437e-06
7.526586287867061873e-06
7.477742699935348400e-06
7.402066008643909548e-06
7.351264464547489147e-06
7.270014207818448374e-06
7.237885062809329820e-06
7.188019183591740884e-06
7.160892646064672789e-06
7.079547394823386664e-06
7.045067016803422075e-06
6.990620427561672755e-06
