6.540346667639171429e-05
6.113434573785775079e-05
5.594932943993637922e-05
5.098575745385939406e-05
4.948076346313120280e-05
4.880674683689322489e-05
4.647902036945269306e-05
4.554810632841698950e-05
4.275379366427456868e-05
4.127668933073220061e-05
4.088134518770573423e-05
3.804742205026898408e-05
3.759934794892814399e-05
3.671536925640816855e-05
3.609442851684706435e-05
3.595144236897518625e-05
3.531265782210894240e-05
3.417196287510237924e-05
3.389584617758807471e-05
3.383144660273817105e-05
3.319276687095354264e-05
3.325367211629191112e-05
3.232533326929559650e-05
3.177225173981565909e-05
3.080986912766061784e-05
3.071061231842218530e-05
2.990191975514580120e-05
2.988461458272451544e-05
2.883664252878202769e-05
2.848988564227031360e-05
2.754840978440149476e-05
2.690165233171585831e-05
2.673522617078868521e-05
2.659561864508540774e-05
2.642913433538047669e-05
2.617314077785679773e-05
2.604601826062162638e-05
2.566437778095302530e-05
2.548305147188624872e-05
2.524219042968060985e-05
2.518905862081559466e-05
2.498680944636441555e-05
2.475701949419323710e-05
2.392887874487416395e-05
2.389918755494592847e-05
2.366176131034852253e-05
2.349722043422526789e-05
2.313385516650018811e-05
2.300548605426253006e-05
2.291951236623045551e-05
2.263687605114270525e-05
2.248423639294973368e-05
2.226891476360899871e-05
2.129834695218769480e-05
2.126307694846850450e-05
2.113492788738377784e-05
2.094161276549176445e-05
2.084206189428223217e-05
2.080179694527456644e-05
2.063043711283552836e-05
2.052773080840755916e-05
2.045590072224151278e-05
2.046574263160119068e-05
2.017007620737589459e-05
2.012262509232792056e-05
1.994106256992388639e-05
1.990643912520393424e-05
1.982485673601001478e-05
1.971587930268826178e-05
1.959731521677690762e-05
1.928105890500057115e-05
1.873513681141676838e-05
1.871305430426393787e-05
1.855487783618437416e-05
1.846908722605752873e-05
1.840683414712590381e-05
1.813433784199837117e-05
1.809015038090490058e-05
1.802145173790539596e-05
1.778352471639325574e-05
1.775332060112844705e-05
1.774220380066548537e-05
1.768313614331560159e-05
1.765430854626679079e-05
1.755706706853469757e-05
1.743497078631364068e-05
1.736125919758927682e-05
1.691131611456722915e-05
1.676186879821892168e-05
1.669684622983018784e-05
1.667679421584323911e-05
1.637733369262621709e-05
1.635118115532647082e-05
1.623690957574506038e-05
1.614932512674135330e-05
1.602605000068441836e-05
1.597230120448588190e-05
1.589894630146574834e-05
1.582972593234130841e-05
1.579156636168756796e-05
