6.503225201090697164e-05
6.098135142774449406e-05
5.593610336114426357e-05
4.949511821086671336e-05
4.855087016874486789e-05
4.621448832826987853e-05
4.549662333013921965e-05
4.278938961322694822e-05
4.125437734646762559e-05
4.087895511524791573e-05
3.802495879883026168e-05
3.650167121916845765e-05
3.592160893342399950e-05
3.404949688337598234e-05
3.388100308963759154e-05
3.376663292255617049e-05
3.321914241368443708e-05
3.316980600895927606e-05
3.235228557824322744e-05
3.176372641853942317e-05
3.082904772790951429e-05
3.063706376369701163e-05
2.993027659959979155e-05
2.986655982145781823e-05
2.845621297117748740e-05
2.749423185831275957e-05
2.696557769419966725e-05
2.666501158268290883e-05
2.659262526050754964e-05
2.643851659336212919e-05
2.615648844974357478e-05
2.603023426432996340e-05
2.571307479526261036e-05
2.559655519965256570e-05
2.521288400928163459e-05
2.517379630725437978e-05
2.492509963204875856e-05
2.390183951853152927e-05
2.381485101783922597e-05
2.365292416906750943e-05
2.351831084522221322e-05
2.309283251556571012e-05
2.298668683679333505e-05
2.290538630597537949e-05
2.254178473255285755e-05
2.247398221579514780e-05
2.228791879406868831e-05
2.109263410643936459e-05
2.092503338665196397e-05
2.085536827323537928e-05
2.071063852395320731e-05
2.055038363666364029e-05
2.052753953606643685e-05
2.045782346041584998e-05
2.023225682817815889e-05
2.007600034172115031e-05
1.991660699847567698e-05
1.987730021617991168e-05
1.980380566839826795e-05
1.963389881128116009e-05
1.955791720471010045e-05
1.922951902976521017e-05
1.875819877070710715e-05
1.852700723742374826e-05
1.845168760419721999e-05
1.837397011771057476e-05
1.816087193281725750e-05
1.813543720761787921e-05
1.791774131068437861e-05
1.781436666585944426e-05
1.777404176144039506e-05
1.770823002324697139e-05
1.774198624487640063e-05
1.766155219064555347e-05
1.761588361735671982e-05
1.755954905123903643e-05
1.730926062820834589e-05
1.692033219543399302e-05
1.675141743666068355e-05
1.669604979647117363e-05
1.665235442014928135e-05
1.638178227533048915e-05
1.616544516624779609e-05
1.599038901486026995e-05
1.582406550816622647e-05
1.579201021185158452e-05
1.575795344432797353e-05
1.569144626633633998e-05
1.560024491093326578e-05
1.557016978870852581e-05
1.551743743484267234e-05
1.545476905222021988e-05
1.542911178848059992e-05
1.540226413711277877e-05
1.532905157720833994e-05
1.537328262476526919e-05
1.519453671844999680e-05
1.512148754862790226e-05
1.506358143879914750e-05
1.485012176112590126e-05
