-4.267545071986281910e-07
-3.592894220434467593e-07
-1.882372454828650898e-07
-3.211992454743201517e-08
1.658059029674399093e-07
3.502911969529765388e-07
5.039878345701105397e-07
6.494844654873900240e-07
9.546904553123875944e-07
1.208463347594029157e-06
1.303534076078537360e-06
1.506282726402055095e-06
1.706769152378503684e-06
1.958304720100135946e-06
2.078693082466153356e-06
2.176380224554343547e-06
2.654565203084150655e-06
3.058946920820191746e-06
3.284439044203895251e-06
3.547743850582404151e-06
3.717057377435628437e-06
4.264090594150519389e-06
4.821669575238704257e-06
5.003279621259107062e-06
5.270135139001858645e-06
5.604748731469263611e-06
5.768335643430065011e-06
5.909839442535210764e-06
6.228589061760498353e-06
6.419341552227688868e-06
7.120477660262468101e-06
7.344863688628450342e-06
7.624614580963318472e-06
7.961918837330472860e-06
8.469223421060980753e-06
9.087566024022074131e-06
9.240898555322250147e-06
9.539232756416084501e-06
9.739030757018838784e-06
1.006965786883955150e-05
1.100886051926521131e-05
1.167335197401858006e-05
1.207085797229418421e-05
1.243902049757669641e-05
1.273895689839297888e-05
1.511590952227309359e-05
1.575867737593950627e-05
1.603566661423127119e-05
1.657984920141807611e-05
1.709709266984764847e-05
1.905186586062482476e-05
2.041859837184946538e-05
2.249419393705655391e-05
2.436721341595373484e-05
2.745438363922584073e-05
2.822094211439782465e-05
3.799051432770436199e-05
