8.986307746008712180e-05
7.342934433243202452e-05
6.349024918703017185e-05
5.909036768518093860e-05
5.246211826766158085e-05
5.179205758185757787e-05
4.658615667575109894e-05
4.577960695572170206e-05
4.266256517636620994e-05
4.220544501385950265e-05
4.180123190241467218e-05
3.834918680484901622e-05
3.715884313388045386e-05
3.626234485745562713e-05
3.563692885201604973e-05
3.450014833745718406e-05
3.393492656480744807e-05
3.363980140302214429e-05
3.335942690479081841e-05
3.310452015354429421e-05
3.161047369047863720e-05
3.115785326905579414e-05
3.105299368131646346e-05
3.008422546734075293e-05
2.982480816290035457e-05
2.856832074291702306e-05
2.791549290893601451e-05
2.749604878982270923e-05
2.681625193549091747e-05
2.664126716874215471e-05
2.654208177068672952e-05
2.651490650501036960e-05
2.565221183948477058e-05
2.554491886395173842e-05
2.509904387367792956e-05
2.498767513800420454e-05
2.492132211989408312e-05
2.450504172406812279e-05
2.425567672829251773e-05
2.423522873211711342e-05
2.407602946881562679e-05
2.401905421299562588e-05
2.390146765914772200e-05
2.369430864468953892e-05
2.315117014256954734e-05
2.239182621857437779e-05
2.218848735337808036e-05
2.205134109426635321e-05
2.201242833196076989e-05
2.150843089265454600e-05
2.146249201095588467e-05
2.118717323663964211e-05
2.092625998874940731e-05
2.078693659200646259e-05
2.074351811798576516e-05
2.067799592312943234e-05
2.015297326732450734e-05
1.991505547950373059e-05
1.981745444708554358e-05
1.977911800650786016e-05
1.960291252538135158e-05
1.939040901866945099e-05
1.935966817357675910e-05
1.932603921774797369e-05
1.923250555707855619e-05
1.911986163635508368e-05
1.900036900833461829e-05
1.885124620353954646e-05
1.876269183403582756e-05
1.871498008811280715e-05
1.870505482715249346e-05
1.833462364827059653e-05
1.827568619754446177e-05
1.825520871085401650e-05
1.821869293419943109e-05
1.802424025191494948e-05
1.763286281300476528e-05
1.728832118749428610e-05
1.701651674584622796e-05
1.690336138152436952e-05
1.683109770905469942e-05
1.672438810450005306e-05
1.666667041685073985e-05
1.664122634119957934e-05
1.662100455909705293e-05
1.654055513002309705e-05
1.650896427709673767e-05
1.642414092723580712e-05
1.628062738050897049e-05
1.618343823481468934e-05
1.620943613380760681e-05
1.607645435651883242e-05
1.580281813746511909e-05
1.563674797982818839e-05
1.560518279351278935e-05
1.553563973243901600e-05
1.540340969076559410e-05
1.535031929422388703e-05
1.533411863434092304e-05
1.530252416467993919e-05
