9.830200300541782254e-05
8.067403366753724404e-05
6.523119184535954409e-05
5.700365516233774847e-05
5.704369750870123118e-05
5.210544143171012458e-05
4.955539311027664658e-05
4.680237389338142849e-05
4.669406283192365496e-05
4.173098223296294246e-05
3.778476998751960895e-05
3.775224426704866602e-05
3.767934816095509955e-05
3.768475281266959049e-05
3.467162212846664317e-05
3.327556759700397982e-05
3.331997853273739379e-05
3.337249110468626709e-05
3.340060542732516103e-05
3.029052589679774479e-05
3.020510493259135305e-05
2.976683038293365103e-05
2.973550019644239728e-05
2.723347081948028752e-05
2.720445772619290193e-05
2.650782435823418362e-05
2.624685960593674741e-05
2.602193852353125729e-05
2.600239904119070150e-05
2.510648055116687264e-05
2.507225246955298114e-05
2.408600405168608637e-05
2.404082194195487055e-05
2.366291923974756509e-05
2.353878255270617568e-05
2.343680123857001617e-05
2.256742819643146029e-05
2.248037149036596362e-05
2.227147624240283799e-05
2.209518620435225151e-05
2.213439927264074580e-05
2.220306200142413034e-05
2.129943543472567107e-05
2.016025846880207289e-05
2.009628458382559948e-05
1.981969528911628101e-05
1.976327159055679014e-05
1.944770617005707000e-05
1.926199754598977861e-05
1.935893511394582754e-05
1.932840262994652247e-05
1.893455759672804585e-05
1.881228364096758121e-05
1.805846121084912987e-05
1.800178171866938909e-05
1.743448408191216201e-05
1.742276338464526507e-05
1.739387412431492449e-05
1.735993683029338214e-05
1.726772740936275083e-05
1.725235705994528068e-05
1.714631889764019925e-05
1.696206190213234367e-05
1.707611653304437057e-05
1.656269944898715120e-05
1.647031644870510330e-05
1.620158993222925659e-05
1.608910836525042571e-05
1.597162808980353551e-05
1.579845365324977554e-05
1.576900296955689981e-05
1.560368578561362264e-05
1.546129203209497144e-05
1.536229842704780969e-05
1.529161596303273596e-05
1.525210489361614607e-05
1.513422266218481679e-05
1.406415160018315789e-05
1.397091533254313919e-05
1.396126645801730122e-05
1.392641285851543991e-05
1.390518798166376530e-05
1.383062429098451656e-05
1.373821262995436218e-05
1.360820529003610555e-05
1.357563267450563275e-05
1.356030731691295611e-05
1.347734009312962079e-05
1.344302212411748779e-05
1.341437765988390112e-05
1.329184405835819911e-05
1.318071757335018711e-05
1.303963477349157588e-05
1.298015122850456349e-05
1.292287259952290626e-05
1.286783806102608244e-05
1.278087700396966257e-05
1.271222711622303619e-05
1.266987681038734729e-05
1.256511892499396163e-05
