7.303179828773380790e-05
6.505725026351159878e-05
5.821872263624984083e-05
5.510980841090999487e-05
5.323316864683046547e-05
4.958098288949868917e-05
4.702242885417364052e-05
4.057881642616704531e-05
3.957401583262047017e-05
3.860353707296185124e-05
3.852295103220588292e-05
3.834207854813492870e-05
3.497363972414105696e-05
3.450204667430906017e-05
3.269299272861621487e-05
3.122637822657111127e-05
3.025995460277294068e-05
2.929511720297671754e-05
2.921769280663249577e-05
2.754124271442450622e-05
2.707063481911757479e-05
2.634473464100443605e-05
2.582831046357992455e-05
2.541626119797369638e-05
2.498904355581515113e-05
2.464334696767698582e-05
2.391045805318018700e-05
2.336563839836960633e-05
2.234193026504647787e-05
2.210243271081425848e-05
2.189402690269611233e-05
2.094649676662823547e-05
2.084404358039164087e-05
2.052359012939890633e-05
2.023465592802623918e-05
2.005133676909766338e-05
1.932070239601447765e-05
1.920577683351279303e-05
1.893779239377102276e-05
1.848157627395487381e-05
1.837562089115789748e-05
1.833246691862321114e-05
1.820218170147084146e-05
1.810433744392216478e-05
1.769054515539793764e-05
1.764846443394006822e-05
1.748904083634474419e-05
1.708955541755550304e-05
1.704103024638192526e-05
1.651300084325621974e-05
1.647505506002128092e-05
1.594732979926215412e-05
1.578935871754778980e-05
1.532438276761516449e-05
1.525166571316609263e-05
1.512377003735859859e-05
1.508285569363384846e-05
1.498743300934350199e-05
1.486450180862838276e-05
1.480586933204703078e-05
1.471101811356309756e-05
1.462986932159128690e-05
1.449462780010879306e-05
1.433968547956504176e-05
1.398778973762562158e-05
1.381966568558613827e-05
1.376535955308967673e-05
1.358571927583027349e-05
1.331971974341295468e-05
1.318163917485341210e-05
1.305223744148657376e-05
1.299910200773761149e-05
1.292059425513762806e-05
1.271553857241115509e-05
1.268107183064333773e-05
1.259779321721183719e-05
1.242925233457580182e-05
1.236069821728355939e-05
1.226841431357169459e-05
1.218913876240775119e-05
1.213471910987575310e-05
1.206806946474398874e-05
1.196275095757792626e-05
1.186032687792295141e-05
1.176688439744801350e-05
1.170226836437962722e-05
1.161458870818697390e-05
1.158408829213911930e-05
1.154941971817641374e-05
1.148024342838875953e-05
1.128055160514339477e-05
1.093093161823266719e-05
1.075204492844106367e-05
1.068780342324625768e-05
1.059988715820716323e-05
1.051982600937058482e-05
1.046512228860886458e-05
1.041338928461316778e-05
1.035881885736094778e-05
1.030215913564025347e-05
