7.729440108335704684e-05
6.779133692567300504e-05
6.211445787882123864e-05
5.600240032354834857e-05
5.283647369893946946e-05
4.918699552204984602e-05
4.783663956923431157e-05
4.558027596374239791e-05
4.398456367341612068e-05
4.305614470397338167e-05
4.062637656646902697e-05
4.033698667289653794e-05
3.573467864697420232e-05
3.491027350076838864e-05
3.406916501039144080e-05
3.386442321504664585e-05
3.356275736495955349e-05
3.337546587859740316e-05
3.088674093691628179e-05
3.059899332767110808e-05
3.006242459657489419e-05
2.966471589907506670e-05
2.924979012658570788e-05
2.798246216867411048e-05
2.770948349865369646e-05
2.728310720028584863e-05
2.684849352529731091e-05
2.549892717538764625e-05
2.519290532195915210e-05
2.513698573387182801e-05
2.434157278008747559e-05
2.399949414444113336e-05
2.386887954042466269e-05
2.336463241211767419e-05
2.311673328479588754e-05
2.278995245069110224e-05
2.268112488018620752e-05
2.181295269071047716e-05
2.160399704478881556e-05
2.152545974838917785e-05
2.120259028814082728e-05
2.109426607174878904e-05
2.101038511935649029e-05
2.045676043284173475e-05
1.968311344085684424e-05
1.953267265009739088e-05
1.940599255091740325e-05
1.918217211620578240e-05
1.882619149386723363e-05
1.878047941945145755e-05
1.872219910149712797e-05
1.863432440419483330e-05
1.827397464446023768e-05
1.824377718715969204e-05
1.819216132130361711e-05
1.799572758175804570e-05
1.781371337984696238e-05
1.786577076394144328e-05
1.791150361816902685e-05
1.728867304235171730e-05
1.707334493795487499e-05
1.697295406073725892e-05
1.686914283378877300e-05
1.663574951224486691e-05
1.642815614105133076e-05
1.635586197414085299e-05
1.633777975206320720e-05
1.612685438958099700e-05
1.604645890330807956e-05
1.594348767024576858e-05
1.589951955303029591e-05
1.583316001705844061e-05
1.576277149833725023e-05
1.579336533406156584e-05
1.528378079754314612e-05
1.522299306760750403e-05
1.512995542565512786e-05
1.499887472192873242e-05
1.455157188995222399e-05
1.444428240877120958e-05
1.439182890500974695e-05
1.433854545017381829e-05
1.411526576903626911e-05
1.408753706545794698e-05
1.404474761624877983e-05
1.389757088632874555e-05
1.381373648074045732e-05
1.368657781861891953e-05
1.362293191325493117e-05
1.360996612917223185e-05
1.351879348726901580e-05
1.339107462316777219e-05
1.332511300550271000e-05
1.329317264782712729e-05
1.320791850228800537e-05
1.311900134200507212e-05
1.305420752171896999e-05
1.302280083074753443e-05
1.292142640007914900e-05
1.284972438909713291e-05
