5.348670753564745058e-05
4.890990975249208519e-05
4.229202792877395921e-05
4.085722172454054799e-05
4.069752444145083119e-05
3.646735811857858273e-05
3.633622184251112991e-05
3.426375067643908057e-05
3.228276942433498241e-05
3.224016643734439871e-05
3.066838291434375202e-05
3.052651471449134400e-05
3.039405917146660620e-05
3.032402311227739110e-05
2.907120132705125890e-05
2.898746398008647028e-05
2.889359926705887451e-05
2.763383777990659668e-05
2.755336737463413369e-05
2.478373684017078746e-05
2.466313494372824721e-05
2.460119613621151386e-05
2.456457592155552279e-05
2.381411412084768597e-05
2.371123864404907887e-05
2.344804623654690230e-05
2.351653864183991867e-05
2.245156217963106626e-05
2.241848026729266201e-05
2.231757497327450406e-05
2.237766930423600592e-05
2.164876275818537564e-05
2.158010136900589498e-05
2.139055580270947669e-05
2.112561000340645192e-05
2.130236945237817237e-05
2.126868537787890507e-05
2.032257035006319824e-05
2.030128723399205143e-05
1.866278982663541151e-05
1.850729723414706244e-05
1.850355424544990166e-05
1.842110101354770747e-05
1.826749587746400230e-05
1.835434661647094553e-05
1.837752544287525564e-05
1.783771851785890121e-05
1.776335671664681739e-05
1.736975938785376630e-05
1.724205592436266334e-05
1.691389366546394553e-05
1.684326829365291695e-05
1.683307570280494556e-05
1.672761498770566568e-05
1.605274151588577410e-05
1.587615473129533406e-05
1.564688068112105263e-05
1.565315991900667069e-05
1.525674573579044391e-05
1.524227728960244355e-05
1.511641781531378733e-05
1.498616245914908464e-05
1.492981430953051865e-05
1.480393345018261845e-05
1.477796600064464641e-05
1.464133435574215006e-05
1.459602415765490296e-05
1.435332210807628677e-05
1.431916458578490119e-05
1.425284233504840717e-05
1.417523992466776501e-05
1.387862793450817942e-05
1.383657315396102000e-05
1.378064990662549171e-05
1.376536152131013606e-05
1.327856302911685312e-05
1.315219894534781114e-05
1.312205861701822585e-05
1.302446024147886210e-05
1.295250942711729677e-05
1.290493849166851045e-05
1.284090030009846163e-05
1.279725889683991304e-05
1.274982008677814175e-05
1.253991935120649265e-05
1.249616289623489068e-05
1.234482391658380210e-05
1.230010955578833803e-05
1.202853738130934499e-05
1.197232263432778255e-05
1.194703786256320708e-05
1.187402600059513173e-05
1.156249909752440599e-05
1.152928414170136430e-05
1.132657070899464638e-05
1.131578229628464064e-05
1.126775068976276004e-05
1.122067771643096109e-05
1.116171309267506986e-05
1.114022061366087607e-05
