7.739263137806973376e-05
6.775721560886765538e-05
6.210064576837911045e-05
5.596011322276420549e-05
5.283266010517088750e-05
4.886270732006520379e-05
4.783808515726794755e-05
4.541402156344297582e-05
4.395769529496731183e-05
4.302202589232078094e-05
4.061433410363244966e-05
4.025271069027293482e-05
3.607770919260802107e-05
3.572186020303817988e-05
3.518395409364808606e-05
3.485622567376678966e-05
3.406036687044067263e-05
3.379756455678691431e-05
3.354753129035623500e-05
3.319822832500808683e-05
3.086523578571370426e-05
3.055332721527096194e-05
3.011555797563433349e-05
2.965685397513001637e-05
2.931505114185734687e-05
2.784581372555567901e-05
2.770915801927832490e-05
2.725874664742213826e-05
2.692056637046764180e-05
2.609000470808774987e-05
2.583855119322902810e-05
2.548662428012389556e-05
2.519305727642615652e-05
2.511931146747097359e-05
2.461203193762066013e-05
2.434407326097542745e-05
2.398465646306474066e-05
2.387711403264665939e-05
2.336338787296198278e-05
2.309635790570146497e-05
2.279967915839879031e-05
2.266984402600842250e-05
2.180286991788533843e-05
2.163122233912646999e-05
2.154588055876708810e-05
2.148504865414988397e-05
2.113521910405291790e-05
2.100615687889471011e-05
2.102561592780966671e-05
2.072344711792273842e-05
2.054273334874239654e-05
2.048375099101760988e-05
2.039850017213812292e-05
1.978137393804953379e-05
1.963047234069851288e-05
1.959001201019006382e-05
1.949155907516113590e-05
1.930467124671254116e-05
1.916666345976633561e-05
1.881074446884145027e-05
1.876851747099852650e-05
1.872007916863727324e-05
1.863752826054651358e-05
1.829791417291627866e-05
1.825696446437355478e-05
1.818844666488548409e-05
1.800960635319444401e-05
1.796192554602195769e-05
1.791488699988356140e-05
1.786349943362435826e-05
1.777929497387311357e-05
1.725359126017219621e-05
1.708253873534882250e-05
1.699956509012221165e-05
1.687674169436038072e-05
1.683200603325996216e-05
1.664021615312664750e-05
1.639935240652549373e-05
1.638256458310943033e-05
1.636096100924827642e-05
1.615527191434784648e-05
1.610750624834769617e-05
1.604268459176418069e-05
1.594081645667486788e-05
1.587972911680247810e-05
1.581289069799167766e-05
1.574110298859761074e-05
1.572200933675516754e-05
1.533461242437450447e-05
1.524442769778861318e-05
1.515596187224133409e-05
1.506217596202606174e-05
1.503463620329272373e-05
1.491157140388102884e-05
1.482246823623325544e-05
1.471609493114424711e-05
1.453431990410408860e-05
1.442206412897387682e-05
1.439060638565520761e-05
1.434042782864903359e-05
