6.141287073796739329e-05
5.852149604316777485e-05
5.464684089123318243e-05
4.951795847978677747e-05
4.571516325488089196e-05
4.545996409478533475e-05
4.338808423974713452e-05
4.305325307370419383e-05
4.239092462850514855e-05
4.009212404841420866e-05
3.836484025151229004e-05
3.555706612919002664e-05
3.502020728558715286e-05
3.445021498551370233e-05
3.353660948163378737e-05
3.338497464359556425e-05
3.257468552023602573e-05
3.253977813099391927e-05
3.244397637903885902e-05
3.165815055064955734e-05
3.144720606896630598e-05
3.095213457667851377e-05
2.957735610264894003e-05
2.953704886428626969e-05
2.941014430586114616e-05
2.945736910469529712e-05
2.683116508028183945e-05
2.634926715001862703e-05
2.594128992266422947e-05
2.587020379959430457e-05
2.578915887866791560e-05
2.577465832122184027e-05
2.563530145076571099e-05
2.520400656802674306e-05
2.518802494210278927e-05
2.494274354069965179e-05
2.450269045564857127e-05
2.436690988754017703e-05
2.423338979812923646e-05
2.393409928762477802e-05
2.365125988147135486e-05
2.353805801793644369e-05
2.327626288893310788e-05
2.317034874348480460e-05
2.234254268591206444e-05
2.231072398880090511e-05
2.178841933736260612e-05
2.166804101330589019e-05
2.160895298866815340e-05
2.108302162250223153e-05
2.096907680759816614e-05
2.088931064305645031e-05
2.083179966200430209e-05
2.075667018379230761e-05
2.023562975604303077e-05
1.987284612016139464e-05
1.979072793558291738e-05
1.961608678212960855e-05
1.949666917618285750e-05
1.944607308221682902e-05
1.907753256777016467e-05
1.896173875947611273e-05
1.890128134740179768e-05
1.872654470466866532e-05
1.868545092224333280e-05
1.842534444468068783e-05
1.835958973544702172e-05
1.829859398246831689e-05
1.804671314076385194e-05
1.800007551124360375e-05
1.776182231228999906e-05
1.763090442762934221e-05
1.756506226686353219e-05
1.751346007015947291e-05
1.746904596365069317e-05
1.741691568460769510e-05
1.721091066896639343e-05
1.710217961191760368e-05
1.695505838721348324e-05
1.687782813538427396e-05
1.679561286174135429e-05
1.661904506661483945e-05
1.653317905727076943e-05
1.635390647607238364e-05
1.618185613163742557e-05
1.584169217714774137e-05
1.574509768409062310e-05
1.570341256002415664e-05
1.568250366060751355e-05
1.554428065093054053e-05
1.552539612991673219e-05
1.546943777649775159e-05
1.535907932909959066e-05
1.533011478865738041e-05
1.528639118029842206e-05
1.514044467915960461e-05
1.508325741498454194e-05
1.503697805127594754e-05
1.474392605076631053e-05
1.449131883639867786e-05
