7.747119931125471984e-05
6.777869883087007117e-05
6.223153126746035690e-05
5.587188612291275907e-05
5.286534547770899102e-05
4.784130356965758240e-05
4.560525051770720665e-05
4.400824403356904421e-05
4.299116803569527124e-05
4.039227819029118558e-05
4.059939158940068502e-05
3.569621802402143571e-05
3.487928788908488154e-05
3.408329276428103099e-05
3.351007373634110525e-05
3.088907298261658836e-05
3.065418377309599916e-05
3.007916764226941839e-05
2.927917074828036129e-05
2.767718928036282653e-05
2.725765080018669725e-05
2.685086634447285758e-05
2.552917498233185943e-05
2.524475420280598975e-05
2.513136889050317661e-05
2.438885820015203009e-05
2.390195984394637651e-05
2.274472762150170379e-05
2.271970863116025863e-05
2.187342520985411154e-05
2.163874773090195726e-05
2.154384959238233690e-05
2.115145203954234507e-05
2.103034949927232039e-05
2.101197071206944761e-05
1.966718797946155592e-05
1.955967577904071817e-05
1.889621462294028314e-05
1.881362464258964757e-05
1.869493158278185370e-05
1.829956011557883218e-05
1.826006581902884113e-05
1.799841357944040180e-05
1.789272494007567568e-05
1.728149126751648705e-05
1.705274115401427188e-05
1.685802682211818258e-05
1.648587614240838175e-05
1.637661490485133831e-05
1.641392372271346258e-05
1.618469207060155057e-05
1.601348630698942952e-05
1.589939298249608426e-05
1.594477151563296772e-05
1.572518976552931920e-05
1.534474013274887889e-05
1.523333166379946833e-05
1.463376820803275503e-05
1.454699500623334879e-05
1.443770222400978353e-05
1.436754019766762554e-05
1.415003252821955887e-05
1.409270485023393970e-05
1.401334130902927343e-05
1.369641539690379030e-05
1.344607395605097939e-05
1.333073120848605104e-05
1.321128536981092966e-05
1.312040411510061352e-05
1.300153834401948019e-05
1.295671642141904174e-05
1.284160907774300354e-05
1.281350794294869429e-05
1.260677332775947903e-05
1.257955990859308787e-05
1.254954241304540381e-05
1.241576576367556065e-05
1.237375224552876656e-05
1.232364734200661707e-05
1.222500711558145204e-05
1.217491506420821479e-05
1.209183470707730511e-05
1.196387956047991732e-05
1.169443842313515802e-05
1.139213912343029559e-05
1.128293789530411779e-05
1.124272658832222514e-05
1.117747988426394352e-05
1.112721221283598657e-05
1.106662705843472839e-05
1.101831734343241280e-05
1.094443583637815083e-05
1.090155285974471236e-05
1.086456304246044002e-05
1.075971815891716949e-05
1.065788721424685976e-05
1.059609324835702877e-05
1.034871117016092799e-05
1.029514707785298283e-05
1.022289187096084912e-05
