7.283690921204874047e-05
6.503584554191315476e-05
5.817926328796341862e-05
5.523026070472793181e-05
5.333827655556857628e-05
4.961953361587218594e-05
4.707937227948599378e-05
4.305984770689619712e-05
4.115689803106334783e-05
4.061467304684473237e-05
3.949267318628961796e-05
3.860020670007727769e-05
3.844160692459260101e-05
3.834995565111628721e-05
3.496992216223980191e-05
3.451223093147528815e-05
3.280397144701717948e-05
3.122817802916164363e-05
3.024249414598370676e-05
3.006959631242760449e-05
2.973978212283355708e-05
2.931411460175307600e-05
2.919074941496878863e-05
2.748202644527787143e-05
2.707951521381178167e-05
2.659999842916452385e-05
2.635397349045580175e-05
2.598300820908516377e-05
2.541024348525010545e-05
2.498681966791539409e-05
2.467367844480620334e-05
2.405409816274921389e-05
2.392255765421880831e-05
2.388796637570413968e-05
2.345095479545020314e-05
2.219922205025362383e-05
2.210702194768653073e-05
2.203495030759771239e-05
2.196447951158700426e-05
2.148294814428526451e-05
2.114308770116738750e-05
2.089578119034205442e-05
2.079929898525174675e-05
2.054417020301876112e-05
2.020707276800721115e-05
2.009013566286534338e-05
1.976780485614374372e-05
1.926337285842423866e-05
1.916822611950514261e-05
1.897462623081268073e-05
1.864778174366343426e-05
1.847023612432111946e-05
1.839771160984206354e-05
1.835832767968798238e-05
1.820412280417903740e-05
1.808380020637781363e-05
1.785898545716140350e-05
1.770800759424662288e-05
1.765378296211692961e-05
1.759668796415319732e-05
1.743869359999854657e-05
1.705533309889625953e-05
1.700499583193647247e-05
1.676027788187499010e-05
1.658495828432622574e-05
1.645653664991333294e-05
1.637779741820832085e-05
1.623807056286289804e-05
1.585928543376191792e-05
1.577409805610909533e-05
1.536519240569993652e-05
1.530832820012788869e-05
1.523599370067423645e-05
1.520118710931921958e-05
1.515396139572721921e-05
1.512887488715824541e-05
1.497315215063771789e-05
1.485868407991023525e-05
1.472321319703978115e-05
1.469154046461468260e-05
1.462527042931289964e-05
1.457761314411269288e-05
1.443881978838317307e-05
1.436237788561756330e-05
1.426176155798436131e-05
1.413812740664832399e-05
1.409994414077748637e-05
1.401748064256382655e-05
1.393157549539972024e-05
1.388850675928584371e-05
1.378806723038660796e-05
1.359812374344430661e-05
1.343135524481760588e-05
1.326806392034457857e-05
1.322629944348858183e-05
1.314338646964593903e-05
1.302952310331238066e-05
1.299160883019723533e-05
1.289030827415322424e-05
1.285978400996175086e-05
