6.087615546540468071e-05
5.695599604357360138e-05
5.194468154835113797e-05
4.542527033971757787e-05
4.535602653045473751e-05
4.424059128899300483e-05
4.147890504583588749e-05
4.077089713268772274e-05
3.732420791091431206e-05
3.625054035035719176e-05
3.613553447240810935e-05
3.414873589703078434e-05
3.331123394210907938e-05
3.270656117226668382e-05
3.157387757027970717e-05
3.132320572931626446e-05
3.116797176791188197e-05
3.033689401852107448e-05
2.997633042658674277e-05
2.920982687536197828e-05
2.890688313868804802e-05
2.782572976785781263e-05
2.723382484453509353e-05
2.689751191664178754e-05
2.614467501878131120e-05
2.601918079241331020e-05
2.581183420514423978e-05
2.572551524465196236e-05
2.541382784958507213e-05
2.457428179222476310e-05
2.436710548150371175e-05
2.433323247058859860e-05
2.421376644893733385e-05
2.405543137802376881e-05
2.368710330085930336e-05
2.337542521466809474e-05
2.270795847901001865e-05
2.207390763216436955e-05
2.184422263109277344e-05
2.164828774643655837e-05
2.142480344002379065e-05
2.125254697674864961e-05
2.120311298725351538e-05
2.091044706486847070e-05
2.070004865216712204e-05
2.063706085140966465e-05
2.051856586921427150e-05
2.027859001718413206e-05
1.938631579412070528e-05
1.929611456309883455e-05
1.925473531694578286e-05
1.882150388937348578e-05
1.878661313521388148e-05
1.872221005885908192e-05
1.869299357884455517e-05
1.857568823273572558e-05
1.824433331533258982e-05
1.806757573584706365e-05
1.804550009190343928e-05
1.785540821731059917e-05
1.753034065423723697e-05
1.744985494203081741e-05
1.741842658079050898e-05
1.718270006613463574e-05
1.701114085715807407e-05
1.664155511355174642e-05
1.655385690838999852e-05
1.648119199468722857e-05
1.638220516688049068e-05
1.633344179671441021e-05
1.624321184094963525e-05
1.617275854156871977e-05
1.605709411753057775e-05
1.596320473477061652e-05
1.593263295517307248e-05
1.588188415858361995e-05
1.586593262007749352e-05
1.580921953393242890e-05
1.565784343549092287e-05
1.537563816673734765e-05
1.534123782992293184e-05
1.528096107533840855e-05
1.499156296254738389e-05
1.458937735531514596e-05
1.452694106554698760e-05
1.444877137995088098e-05
1.442867581478583498e-05
1.436735460006537350e-05
1.433839547183458495e-05
1.427748033956416718e-05
1.424365048583665208e-05
1.404941046378795415e-05
1.394088862492852263e-05
1.386517916575175736e-05
1.380155563630331544e-05
1.370695722895257036e-05
1.365541558625883564e-05
1.358906203215407991e-05
1.331068214756944334e-05
1.326707770576516416e-05
