4.827490794921391985e-05
4.184518826793407609e-05
3.586525518005470895e-05
3.601926815802580903e-05
3.412176724558209085e-05
3.017647353606819671e-05
3.003313821206156551e-05
2.897951057786439272e-05
2.888413048533287260e-05
2.750054935867646684e-05
2.734663926349737421e-05
2.478892907695584531e-05
2.467097960425708287e-05
2.446586505384195753e-05
2.437632100376018574e-05
2.368686340832146890e-05
2.364221674581751687e-05
2.249228108167234603e-05
2.231258472722182418e-05
2.224299839984351704e-05
2.213255494617660500e-05
2.121027694772444986e-05
2.122601056838784616e-05
2.029409007075092943e-05
2.019195121079791669e-05
1.855948839662071906e-05
1.847797671762634622e-05
1.812881413061779299e-05
1.839323996818073106e-05
1.835395913833141578e-05
1.831435513753122406e-05
1.828323032863457044e-05
1.785884428676293606e-05
1.773430565747661385e-05
1.682864005930101672e-05
1.673367269976292569e-05
1.569946268635313879e-05
1.553153756380520420e-05
1.498495037140809556e-05
1.493390395620156655e-05
1.490504322522008712e-05
1.480673497593247271e-05
1.464956522687533587e-05
1.460307705425075900e-05
1.442470015261079785e-05
1.434442570628325556e-05
1.415743148274772324e-05
1.413664987503428797e-05
1.382806739826330306e-05
1.378608657071594974e-05
1.369026967644379501e-05
1.325688105255931233e-05
1.318012165710224654e-05
1.310887403798527690e-05
1.297082238527554973e-05
1.286616158275573415e-05
1.280870153815106932e-05
1.275845269003672229e-05
1.254635543495467535e-05
1.238658614386314473e-05
1.192688698494381864e-05
1.186711423483695921e-05
1.133616084927112905e-05
1.128736554314933082e-05
1.123417720581274860e-05
1.121221530223663455e-05
1.113498572809749689e-05
1.110837338943281451e-05
1.105180389523969428e-05
1.098287395063499441e-05
1.096690349695636622e-05
1.080626220465016290e-05
1.078649814616847975e-05
1.048745733003004338e-05
1.041494634701000314e-05
1.032546114543654940e-05
1.025329027283628158e-05
1.020013571673408908e-05
1.009877585054557651e-05
1.003240855810224767e-05
9.731895299307566073e-06
9.698247805274499069e-06
9.616061923029420183e-06
9.546799020240828468e-06
9.510135975188069651e-06
9.461181374578826452e-06
9.198418505550937750e-06
9.125461186123121047e-06
9.056280487584724692e-06
9.007347507221937662e-06
8.959060815271985840e-06
8.920554313593634946e-06
8.785550819454429581e-06
8.756786876607491177e-06
8.725492084626331119e-06
8.647704363135605809e-06
8.601446110639510836e-06
8.579871053048722745e-06
8.554581878388115498e-06
8.413904268883502639e-06
