4.534095806028382632e-05
3.717703508612057301e-05
3.624255323234206139e-05
3.136084886054829742e-05
2.972139848446847418e-05
2.905159371908089123e-05
2.783392624427295418e-05
2.721142927745005767e-05
2.462796642198585698e-05
2.420310739674636448e-05
2.213003482793038533e-05
2.177498981031050193e-05
2.075515302736419441e-05
2.063094665410153400e-05
1.940177488938922283e-05
1.923236644336260063e-05
1.756423085707265163e-05
1.658259851850406357e-05
1.637146381449965129e-05
1.613270569296681149e-05
1.605892696361006889e-05
1.591903469768372282e-05
1.574002342896929700e-05
1.537344316674718909e-05
1.454451912923991073e-05
1.424285258492481978e-05
1.377721920625852419e-05
1.336626728443286152e-05
1.318383468639996612e-05
1.292070904495069623e-05
1.253114727023881578e-05
1.238687372589222069e-05
1.218044108365481358e-05
1.201901881873503900e-05
1.192290111690061460e-05
1.157085885244561288e-05
1.133106173518395314e-05
1.116772544195528470e-05
1.099664227324245155e-05
1.064567071624988452e-05
1.044826166954160574e-05
1.032735010787088790e-05
1.009315213134050585e-05
9.982636730292420314e-06
9.827179685992845022e-06
9.687347213315757407e-06
9.619939790577805775e-06
9.406921703844269231e-06
9.206588676682764543e-06
8.927135383206389496e-06
8.839338941457888993e-06
8.697651871871484429e-06
8.573139352926315810e-06
8.466727972115656428e-06
8.371571921219904709e-06
8.223346248663552643e-06
8.089153113366855951e-06
7.946575080833910386e-06
7.891897198147140621e-06
7.619185688103559523e-06
7.532908816701615303e-06
7.395197824365663793e-06
7.266490479789370853e-06
7.226812166949021088e-06
6.997602856750977627e-06
6.922815214440537968e-06
6.582573185415059605e-06
6.565870849211495365e-06
6.446761119641685837e-06
6.379430098190863610e-06
6.245132791570045317e-06
6.139228376032595563e-06
6.058792619160443211e-06
5.979697626184351818e-06
5.903036560854412000e-06
5.838552399130115385e-06
5.728056702810250656e-06
5.679318906276976979e-06
5.547648770111374384e-06
5.385656304125047314e-06
5.329942805643153544e-06
5.240012574419340491e-06
5.085619781972302906e-06
4.954108644534415262e-06
4.905742213776919816e-06
4.877331197385092796e-06
4.698405756837023459e-06
4.671468250415876130e-06
4.569551107741621429e-06
4.498816896249880129e-06
4.391667909986774089e-06
4.324481334436796366e-06
4.266856659554303632e-06
4.192758458132363069e-06
4.130857526124539253e-06
4.067698781140864709e-06
4.010548150055823219e-06
3.928065978726580379e-06
3.840599559105700297e-06
3.808562738005419725e-06
