8.977544997590446510e-05
7.312166109735298799e-05
6.334461860787669711e-05
5.880231977788364034e-05
5.218225044306890108e-05
5.167671021026690328e-05
4.558699783868308710e-05
4.176784371480966873e-05
3.822488494403018333e-05
3.709899011242805632e-05
3.616391452235012048e-05
3.451903739546479619e-05
3.334280212624998377e-05
3.294450510368176224e-05
3.100681132575979751e-05
2.971290821726942276e-05
2.751363942250149809e-05
2.662523243872244095e-05
2.480613462600562134e-05
2.426257107928675731e-05
2.407776323163632188e-05
2.395408122261891658e-05
2.222787454863946565e-05
2.146931607814417484e-05
2.125471874281949293e-05
2.068932949139855250e-05
1.967947003850255497e-05
1.942318085252822522e-05
1.916678572581429578e-05
1.887519790945665671e-05
1.869830713040265957e-05
1.857223954436808337e-05
1.709183272978650992e-05
1.678496379697543274e-05
1.646749193428088465e-05
1.617012946915978477e-05
1.610270901802930173e-05
1.546354621152824137e-05
1.525353740650543822e-05
1.445238569877416472e-05
1.411024970161389539e-05
1.393144191009043254e-05
1.378751222139963596e-05
1.357007964811591283e-05
1.340860544791625989e-05
1.295386066664596004e-05
1.262524419331081573e-05
1.254317722635364876e-05
1.220677119725280988e-05
1.213512893054147491e-05
1.197117753538418299e-05
1.189618824284183390e-05
1.175182132874879676e-05
1.163458504199482559e-05
1.150220497339778520e-05
1.131453921672414181e-05
1.100644530059264331e-05
1.088312191093719378e-05
1.057698286448661133e-05
1.042514922329314019e-05
1.039278280873539839e-05
1.026080745766399456e-05
1.009100875794384874e-05
1.004424928759393195e-05
9.885499714990317113e-06
9.717150413287799262e-06
9.610953691340251242e-06
9.472579142895368553e-06
9.439840411612043957e-06
9.358368086312183847e-06
9.270940023967221480e-06
9.203725607635133998e-06
9.057704811037528951e-06
8.965653301177747627e-06
8.884830685108557723e-06
8.849479369103242890e-06
8.640674642042314634e-06
8.584790774416140664e-06
8.470348141833228072e-06
8.422685822793812466e-06
8.265656849408677275e-06
8.124915978449861805e-06
8.042414274937666500e-06
7.960017120678237359e-06
7.841003295504118186e-06
7.759730161142256686e-06
7.619184986819998407e-06
7.543304033321989378e-06
7.415689900444510391e-06
7.351547983135930932e-06
7.308774076933075184e-06
7.259776250539488377e-06
7.196198037271846963e-06
7.215767820221042737e-06
7.147818741555230622e-06
7.104706130078530046e-06
7.068678408288216724e-06
7.002917043829944478e-06
6.971580463582539551e-06
6.888440983101476339e-06
