6.504484568944831615e-05
6.093937434332078693e-05
5.598125887007737028e-05
4.948235377763903837e-05
4.635689117839179841e-05
4.559885541505123821e-05
4.278329622189435132e-05
4.128184837244340202e-05
4.090804192635532710e-05
3.800164320342005444e-05
3.665776660748364780e-05
3.384789248901750068e-05
3.399776010832112683e-05
3.327449723558054356e-05
3.319628430499526873e-05
3.232064279584772720e-05
3.177804453190772915e-05
3.083600292807412520e-05
3.071643971531412272e-05
2.993601125528414910e-05
2.986785178793947184e-05
2.848744744485040746e-05
2.673916218933458701e-05
2.661382542485959100e-05
2.615442242885008257e-05
2.604756449897156038e-05
2.570462886511352393e-05
2.561583123266793400e-05
2.527088113934342531e-05
2.518490610504988989e-05
2.498642591737722788e-05
2.392842202477203723e-05
2.367597298445393451e-05
2.349123505417952267e-05
2.313783208510543360e-05
2.300992598883199510e-05
2.294252148924590516e-05
2.261874669028156871e-05
2.248366351880245063e-05
2.223156424765934601e-05
2.094120431797384714e-05
2.083504250621172544e-05
2.070814672483836999e-05
2.054549332383745944e-05
2.051426864844825833e-05
2.045963657517503763e-05
2.015448859872803609e-05
1.994982428460922546e-05
1.983467063511575246e-05
1.972639593431842976e-05
1.959158598888665224e-05
1.924963329970168981e-05
1.875106819563991122e-05
1.858972632081356990e-05
1.845915598622317245e-05
1.838822624681663134e-05
1.817081841519097474e-05
1.813554431301542147e-05
1.782933826215444016e-05
1.778244073980608469e-05
1.773742628439268940e-05
1.772232963225852509e-05
1.766102681238846989e-05
1.759645763291055919e-05
1.735773015914271540e-05
1.693110025078022263e-05
1.679413773699387749e-05
1.674514765230906331e-05
1.669089924525087195e-05
1.636092557607976843e-05
1.618488395170440165e-05
1.590513246997802863e-05
1.579592652818637469e-05
1.575181070332943152e-05
1.567782884104319864e-05
1.559767679604781741e-05
1.557061296136246525e-05
1.550225099320405299e-05
1.544115222283389650e-05
1.538458009869154953e-05
1.532200920523042625e-05
1.519397021317660380e-05
1.476079823571518193e-05
1.454512992167502204e-05
1.445856868797489804e-05
1.444906557472967751e-05
1.438580280106884416e-05
1.427309091209471845e-05
1.424489717314898419e-05
1.398545019333341867e-05
1.394529177086739617e-05
1.386971200549055721e-05
1.385456655997793492e-05
1.377241263133752000e-05
1.368004245425278464e-05
1.362408328674165640e-05
1.356160593406032868e-05
1.330988435219311867e-05
1.325390800973079123e-05
1.307576710014741667e-05
