-4.856470713657453595e-07
-2.896633264460594176e-07
-2.367347831725294301e-07
2.229518788762071353e-08
1.013024675487740675e-07
3.462625328459726785e-07
5.671051369337736063e-07
6.745368925520294297e-07
8.931424125674128431e-07
1.056735197201273100e-06
1.219311838919956212e-06
1.477267657599429457e-06
1.831427034490108480e-06
2.005565774319959127e-06
2.161910563428921277e-06
2.318835783869482741e-06
2.643005682890589506e-06
2.942279384131971911e-06
3.328069438662740437e-06
3.575188345038192351e-06
3.950612233900194148e-06
4.100488835942443806e-06
4.682959452194611508e-06
4.929580937466820165e-06
5.330675439847025328e-06
6.082864192674252991e-06
6.397509993165347910e-06
6.580162108909361329e-06
7.268709347729652488e-06
7.668196529043422427e-06
8.017981928602858568e-06
8.121323080165804517e-06
8.597313994772183595e-06
8.928725309918970573e-06
9.460360665836459456e-06
9.900208245616451774e-06
1.013980834209798210e-05
1.044294342453750802e-05
1.084716086546148463e-05
1.119359297262304968e-05
1.177450170558848062e-05
1.210111976762084750e-05
1.243931814029763870e-05
1.284397796482310541e-05
1.309762922204098886e-05
1.398025820770334177e-05
1.440715397099814150e-05
1.455761450083673202e-05
1.525564391458913169e-05
1.553335369108971355e-05
1.699504745679713096e-05
1.730113744198782678e-05
2.076798485041930835e-05
2.221287628842596009e-05
2.459989631676325156e-05
2.583788157724263340e-05
3.575335318425023912e-05
