6.055598105508646479e-05
5.780726754189630183e-05
5.384577278244578592e-05
4.871843984266436905e-05
4.626460080936412240e-05
4.618330046569841163e-05
4.386453994098146421e-05
4.370269221105170526e-05
4.228415427619847561e-05
4.075669276100199993e-05
4.068596557473600601e-05
3.631396267530136179e-05
3.629456034160493885e-05
3.425910968293277185e-05
3.390677815720689436e-05
3.273419527882568428e-05
3.271941291619677542e-05
3.225433521319131787e-05
3.228616382331641921e-05
3.201163172033931730e-05
3.048891409024187754e-05
3.042333902484568601e-05
3.031258519337325869e-05
3.027998299635684178e-05
2.907809304135578005e-05
2.900231488506572279e-05
2.893943460675195246e-05
2.758370200215382555e-05
2.752948331276493178e-05
2.622138908185054124e-05
2.612258303647000277e-05
2.482253731036390310e-05
2.477223017363994339e-05
2.473543193947634960e-05
2.465429944922662326e-05
2.457880038907194579e-05
2.459229906784317737e-05
2.437441908479801020e-05
2.434948778808986144e-05
2.375834978836077738e-05
2.371477746128139940e-05
2.350721464485773540e-05
2.332807906355959429e-05
2.340317787557502370e-05
2.343709008548283839e-05
2.238589027527135021e-05
2.236078226156720819e-05
2.230276851859199354e-05
2.224793001199769954e-05
2.160278096552796872e-05
2.153258216266826810e-05
2.128784968541596798e-05
2.127924401896652952e-05
2.115336013271317675e-05
2.112153610727859584e-05
2.041264942831532428e-05
2.032027124731815030e-05
1.963841554770462178e-05
1.956568072000965371e-05
1.907519781806595025e-05
1.863765841815723305e-05
1.857803725573770046e-05
1.854190934030230763e-05
1.849020580917980881e-05
1.827959761487549611e-05
1.831071092501453213e-05
1.833772941635295161e-05
1.842642645461027868e-05
1.840342110210541532e-05
1.839162244995081209e-05
1.838002114925566308e-05
1.783960121159608133e-05
1.780523356381687360e-05
1.773784396203769280e-05
1.743156147378175763e-05
1.730306205786139300e-05
1.727919836968972198e-05
1.727240379069517560e-05
1.722207631465550449e-05
1.714872981058386590e-05
1.711586531522291574e-05
1.683136573513357309e-05
1.680832528233323344e-05
1.674454579061973147e-05
1.664363912672926576e-05
1.669257848254287923e-05
1.587169499619166753e-05
1.579164826055742208e-05
1.558472903328918363e-05
1.557398037231119974e-05
1.528686601463276313e-05
1.520718921195137449e-05
1.513048452521809648e-05
1.493519938734694487e-05
1.488047020989259476e-05
1.477062251962286370e-05
1.484560475938182700e-05
1.483771805882796064e-05
1.484239043961467838e-05
1.464527100988292381e-05
