8.979507292945616511e-05
7.316518587594177624e-05
6.345861430308564176e-05
5.881369528511522232e-05
5.242715605420986949e-05
5.177296436869373861e-05
4.651045466665036475e-05
4.577737369058393509e-05
4.267198826593063000e-05
4.211242916734803462e-05
4.176900620405691412e-05
3.835546658558615444e-05
3.714933922639916089e-05
3.628054049639237161e-05
3.444480419540946100e-05
3.333511751620036901e-05
3.313159289254559062e-05
3.166122187484378853e-05
3.121381085076669888e-05
3.102291494540044436e-05
3.014872609657566696e-05
2.985858825057797656e-05
2.854107831475636919e-05
2.790443361784219331e-05
2.747892768907554220e-05
2.685235636091087282e-05
2.666580462728197439e-05
2.656051715404298463e-05
2.661202640153358657e-05
2.503371164766147696e-05
2.492404466759704141e-05
2.456855972199023533e-05
2.421282157032420416e-05
2.405718159277205948e-05
2.399782746603384100e-05
2.316160353221620514e-05
2.247422719721425379e-05
2.225628534482399707e-05
2.205157916764711564e-05
2.148813261088581907e-05
2.147092013436118681e-05
2.117866388835273211e-05
2.080264875515733429e-05
2.075107426449898125e-05
1.989915359796623178e-05
1.979682380643461693e-05
1.960712994384940607e-05
1.937037491938734080e-05
1.923692063491896351e-05
1.902376567013761073e-05
1.889629440849195999e-05
1.877874465555304240e-05
1.872007832954412484e-05
1.866065429092799734e-05
1.834991165985085508e-05
1.824827296375023118e-05
1.806914477895540483e-05
1.701959509397572219e-05
1.697782256375452012e-05
1.689970358504706109e-05
1.682309470550229867e-05
1.668599283553997116e-05
1.664460113347716207e-05
1.659213144167864698e-05
1.644786353985012767e-05
1.627955273865026151e-05
1.624102997669800292e-05
1.615717864836788305e-05
1.579321974216084444e-05
1.569134758573873146e-05
1.559058097469947227e-05
1.542914936827464339e-05
1.539079937172522922e-05
1.531237590557200164e-05
1.528733642178428477e-05
1.513725056190367957e-05
1.497336323316255283e-05
1.458520134970669001e-05
1.447216904524469210e-05
1.440966389885682082e-05
1.436150849623232924e-05
1.426330523165541833e-05
1.413652702632552120e-05
1.401016973443114552e-05
1.393775180036971067e-05
1.384631787842693907e-05
1.376298812147801689e-05
1.369032885400861928e-05
1.357772248981516099e-05
1.354839654085739418e-05
1.346857059903908280e-05
1.342219628312993503e-05
1.340427501718912895e-05
1.335880594088130459e-05
1.331122471349012026e-05
1.307583933994754685e-05
1.302310482809783572e-05
1.284792864424757205e-05
1.278147414305879791e-05
1.264191553933338176e-05
