5.689420236511729951e-05
5.184800919742263810e-05
4.547396216341826442e-05
4.534620716237526946e-05
4.148122109664169148e-05
4.084283982118697154e-05
3.730154328298298036e-05
3.607609117735888080e-05
3.621950393952487522e-05
3.276250601566455965e-05
3.124893422539129777e-05
3.117200629648682271e-05
3.037233897438844493e-05
2.996037281516480516e-05
2.929786626966968948e-05
2.895318183262130904e-05
2.791615846129863633e-05
2.720253302666480330e-05
2.691536182609513626e-05
2.605268412346807436e-05
2.586252892387589996e-05
2.534902587890104989e-05
2.454086106097554790e-05
2.428148520360103187e-05
2.420921896324186739e-05
2.408374835478741980e-05
2.326621254060711030e-05
2.210827295401494980e-05
2.185483719322731493e-05
2.158025710187903555e-05
2.137305450615201310e-05
2.125144828064837085e-05
2.120117522633578006e-05
2.105759717742936864e-05
2.071720665656626783e-05
2.067344654419984767e-05
2.044298561453103914e-05
2.029756097860689569e-05
1.942549101966699812e-05
1.936119347965523332e-05
1.926773878776322197e-05
1.879869718568603608e-05
1.876571487717513701e-05
1.854694356979469415e-05
1.746853813282025608e-05
1.736163421195506654e-05
1.721349731064853608e-05
1.701900599700313706e-05
1.664784111220958066e-05
1.652181010953386462e-05
1.645279509716296548e-05
1.640882921586696376e-05
1.624345746880941608e-05
1.615693814373298867e-05
1.613357718487129475e-05
1.598749468197118204e-05
1.590411246097615190e-05
1.593187398393894878e-05
1.581917134646001609e-05
1.565958098861022882e-05
1.543161168508639029e-05
1.531906644015324501e-05
1.526056274231410163e-05
1.498165364620317424e-05
1.458143114628950058e-05
1.452292620591199401e-05
1.448307029473547649e-05
1.442198045544773408e-05
1.444707810881292115e-05
1.432938209270942082e-05
1.428329302840959699e-05
1.391653107639034004e-05
1.375036052324955172e-05
1.366848355284346792e-05
1.358320025256963843e-05
1.323690471591556523e-05
1.317554042213767566e-05
1.306141757895741577e-05
1.291284004460703066e-05
1.280979401970721338e-05
1.273534049959461746e-05
1.265863547536192729e-05
1.258451074547910118e-05
1.249200837416314033e-05
1.242328278989929854e-05
1.237668517387713641e-05
1.232240744815325185e-05
1.230031316288760063e-05
1.220068688617402292e-05
1.218815450533319065e-05
1.210224090857956757e-05
1.202409572045416671e-05
1.179574121323063594e-05
1.166459487558697375e-05
1.150359803861246511e-05
1.143652513603055525e-05
1.134035695832207053e-05
1.127780990198739654e-05
1.122899160377032364e-05
1.118612163925467970e-05
