3.050275681605436450e-03
7.593949268953321214e-04
2.671111416205679723e-04
2.445563528362881757e-04
2.340154184104269262e-04
2.297159681416937043e-04
1.676668105122319189e-04
1.541548429483160902e-04
1.228001241704204498e-04
1.159892997708399771e-04
1.155332246347772846e-04
1.123319146982202353e-04
1.061439337223033365e-04
1.037639453450255159e-04
9.466237367802329405e-05
9.132451390529293563e-05
8.548600621631083309e-05
8.097207725406131251e-05
7.826287171558149057e-05
7.813523230340644731e-05
7.376359686939530354e-05
7.263972835551203201e-05
6.984948999630010108e-05
6.911405831438708106e-05
6.797678091927138785e-05
6.589401286233417983e-05
6.509252332958500925e-05
6.365498201284285279e-05
6.247427825816353889e-05
6.110565116208041114e-05
6.005678240254732069e-05
5.800078521938863591e-05
5.628360392825066668e-05
5.584825714430261418e-05
5.482799601739904601e-05
5.416505176358332919e-05
5.269867602408004060e-05
5.237589206822626693e-05
5.059029634820263891e-05
5.023510536730166489e-05
4.888942158858730196e-05
4.809748131543658699e-05
4.761402532743508380e-05
4.716435265518142869e-05
4.662094863115236112e-05
4.495581672033925917e-05
4.451332911467717392e-05
4.467357466825103211e-05
4.384670345691802837e-05
4.291995435249976415e-05
