4.891216772966493019e-05
2.486718409859343322e-05
2.327883270604701928e-05
1.796442386275208972e-05
1.645688207951026349e-05
1.550817899396376293e-05
1.485757130954198913e-05
1.418688480938170345e-05
1.322189254969734652e-05
1.286701259954582070e-05
1.195362547035838690e-05
1.176002902866391195e-05
1.087483902495427975e-05
1.068399082092781263e-05
1.016949343442874045e-05
9.670800801571202235e-06
9.162469977187510844e-06
8.965275270150872478e-06
8.373833447585995259e-06
8.056925493109202808e-06
7.681124913547251982e-06
7.562164209915280372e-06
7.151999989548582740e-06
6.913354252162742367e-06
6.496742616844305918e-06
6.200571870781578690e-06
5.946347664411055172e-06
5.880277311412653081e-06
5.631514956619392669e-06
5.475185881111263318e-06
5.233449608368626312e-06
5.073455504490458499e-06
4.671497763145148956e-06
4.459526356886944855e-06
4.337502873302451029e-06
4.167133150417569096e-06
3.939634796285763460e-06
3.650567584814284935e-06
3.582939110317122599e-06
3.447401735148494894e-06
3.306758423726370452e-06
3.130301962239130148e-06
2.967534190498404036e-06
2.838723377771887167e-06
2.655809060180926119e-06
2.511368762571901165e-06
2.331873560921299822e-06
2.240936738350039833e-06
2.070605154123202617e-06
2.005641082733621230e-06
