3.225443985976807481e-05
3.129619567558190483e-05
2.026958421376442022e-05
1.947940032032814025e-05
1.803476605830178853e-05
1.675225695772935395e-05
1.560125256098738789e-05
1.475644650926882276e-05
1.420667483038575769e-05
1.326222944044608642e-05
1.240692715242235941e-05
1.208454823879738914e-05
1.159444922233008487e-05
1.109277528977062841e-05
1.041095275885867868e-05
1.011999846671722666e-05
9.506938009134287444e-06
9.171746688761251120e-06
8.844112882702805776e-06
8.469945514489587304e-06
8.107405941143572861e-06
7.910729847908734935e-06
7.464971609412372407e-06
7.219836718533858922e-06
7.004228228298016800e-06
6.688045514647761560e-06
6.378644670781989976e-06
5.963550840504230598e-06
5.764007434371272188e-06
5.596801582076754265e-06
5.438688784179767590e-06
5.220647406184509881e-06
5.059033447505979435e-06
4.928077347646455094e-06
4.535689542944860182e-06
4.235225823752990997e-06
4.182447257002038573e-06
4.013096998540935647e-06
3.966340781298696064e-06
3.837976129128257359e-06
3.589689140038523173e-06
3.381874747097959945e-06
3.168189983175262751e-06
2.944136725035511462e-06
2.756251941708501371e-06
2.643601130844711287e-06
2.437972937039109813e-06
2.251682802722664003e-06
2.113579673709064233e-06
2.051357038470558747e-06
