2.491161911851410334e-04
1.526485938992693013e-04
1.555212289470812002e-04
1.273472855442352690e-04
7.605078548621511210e-05
5.712000908356751832e-05
5.503301785986388327e-05
5.400242206388502402e-05
5.179688142695741291e-05
4.317493707262093231e-05
4.042280861510254340e-05
3.892161896754212655e-05
3.828286866287351531e-05
3.686951528261399737e-05
3.474720451038780939e-05
3.383309704545655656e-05
3.331209932355548602e-05
3.196292171774752617e-05
3.069711552906106375e-05
2.970808804238277910e-05
2.927790853079719936e-05
2.860068453645112747e-05
2.791080063402365006e-05
2.663196225281491092e-05
2.600866793215639430e-05
2.521884680842014976e-05
2.476723119437852726e-05
2.390871178061751439e-05
2.336659098005554157e-05
2.264235279477556191e-05
2.208343524984164968e-05
2.157272149246926025e-05
2.109174707385029740e-05
2.075366842322925491e-05
2.038184749482278743e-05
1.991291711946148167e-05
1.936530584980007794e-05
1.897688907934476891e-05
1.857996039674803587e-05
1.824460287621336468e-05
1.780710487163513975e-05
1.730260502844191252e-05
1.708258420656524142e-05
1.691127764399917921e-05
1.651399750332287767e-05
1.602834050306905223e-05
1.583419066375690235e-05
1.566388645044660134e-05
1.511450496218675624e-05
1.475956603927133117e-05
