2.197398443485841513e-03
2.040247934501379298e-03
9.155532393510132328e-04
7.579257212286299918e-04
6.300576421869450621e-04
4.955533950883874925e-04
4.380688222593193430e-04
3.641069051563132920e-04
3.433393156791622949e-04
3.024607365012089251e-04
2.973067231926861315e-04
2.732427551556416154e-04
2.534992084774179122e-04
2.460380734885076154e-04
2.290340263217455945e-04
2.241603537069583845e-04
2.120476903343766967e-04
2.017837480873723246e-04
1.968751946335891949e-04
1.854477529421765317e-04
1.781756136193766451e-04
1.736159247359587163e-04
1.667317684967520883e-04
1.652375881518379323e-04
1.574336702101134357e-04
1.495439629976154079e-04
1.430390762346266001e-04
1.411908469049184226e-04
1.349431986150285024e-04
1.322203095449819095e-04
1.315963778987077335e-04
1.279263092886030241e-04
1.263135757468750837e-04
1.236531595860017384e-04
1.226467019034182724e-04
1.192436858020616883e-04
1.166357982540046963e-04
1.165648650818786535e-04
1.146854587293674434e-04
1.134284720323939247e-04
1.123600546192082871e-04
1.072041561028825994e-04
1.056107958769411469e-04
1.044685681075362507e-04
1.013354462239839424e-04
1.003063366634493952e-04
9.774202110362598139e-05
9.623850632884545101e-05
9.690966417028282101e-05
9.444940594155747148e-05
