1.136707793725144112e-02
3.059942408418298270e-03
1.443940077386451524e-03
1.195757802687728551e-03
8.045296404953945768e-04
5.472624832606595366e-04
5.440544710227182036e-04
4.256802911580059119e-04
3.819004708781902394e-04
3.670903971049055826e-04
3.124686510342613221e-04
2.739958131559549733e-04
2.533243794830035357e-04
2.305780618431156441e-04
2.137555088470034759e-04
2.102511786560720089e-04
2.067277201584815695e-04
2.011653546475433501e-04
1.945639128868566030e-04
1.791790960940931455e-04
1.714940113605634587e-04
1.652632200817991050e-04
1.563251516866247053e-04
1.550155507917571663e-04
1.521486078518423542e-04
1.515891637013440266e-04
1.463766023102850442e-04
1.444061789724450991e-04
1.399618001907393502e-04
1.381596587707179381e-04
1.352683205663140196e-04
1.268815588631113538e-04
1.250082298461126489e-04
1.238036832333719447e-04
1.222195389791800159e-04
1.188221421173336027e-04
1.168525009512987387e-04
1.168315415304620945e-04
1.134060899453395791e-04
1.119367885206723072e-04
1.105193102872390078e-04
1.096372027198398372e-04
1.054054240346953889e-04
1.036922199481133750e-04
1.007886024409949830e-04
9.972576871454590054e-05
9.812253031246565991e-05
9.807048406072725317e-05
9.668661436832437788e-05
9.625673683405523153e-05
