4.203340356691481002e-04
1.535772502893702673e-04
1.224558653630759754e-04
9.192033493991637913e-05
7.155707873813524009e-05
6.129166311912168585e-05
5.412716676201363410e-05
5.239778468314636097e-05
4.912142393480132548e-05
4.581394524196375867e-05
4.202552639177487329e-05
3.902427058726563142e-05
3.784612643527757473e-05
3.723579862913908297e-05
3.593061190641972275e-05
3.341069330626252537e-05
3.260155819080980572e-05
3.178082514142536503e-05
3.035540961780271320e-05
2.983704088516782934e-05
2.948861622755877040e-05
2.847766192939602556e-05
2.739687370445399665e-05
2.686083658627520007e-05
2.626189691499739961e-05
2.585423017170177358e-05
2.486470395350995319e-05
2.415570167662590268e-05
2.381510834458107714e-05
2.329737434585502166e-05
2.315353422008381936e-05
2.229692329657753389e-05
2.191178677131758778e-05
2.119865927315100392e-05
2.081890484513038500e-05
2.027639292913013098e-05
1.958553577919254352e-05
1.918513442253412209e-05
1.860850988574549146e-05
1.836970427658763367e-05
1.819955067022148491e-05
1.759568479375890271e-05
1.737937271109766608e-05
1.691179599979281776e-05
1.656679356131936549e-05
1.604755813459052369e-05
1.590288635811663441e-05
1.568417919576975869e-05
1.538058240262992239e-05
1.509346519070608469e-05
