4.891216772966501829e-05
2.486718409859338917e-05
2.327883270604710737e-05
1.796442386275214054e-05
1.645688207951019234e-05
1.550817899396403398e-05
1.485757130954197219e-05
1.418688480938168651e-05
1.322189254969741597e-05
1.286701259954574955e-05
1.195362547035848854e-05
1.176002902866392889e-05
1.087483902495426959e-05
1.068399082092787531e-05
1.016949343442885903e-05
9.670800801571144637e-06
9.162469977187502374e-06
8.965275270150862313e-06
8.373833447585993565e-06
8.056925493109199420e-06
7.681124913547246900e-06
7.562164209915288843e-06
7.151999989548542082e-06
6.913354252162738132e-06
6.496742616844244084e-06
6.200571870781572761e-06
5.946347664411061948e-06
5.880277311412653928e-06
5.631514956619397751e-06
5.475185881111286188e-06
5.233449608368659346e-06
5.073455504490473745e-06
4.671497763145160814e-06
4.459526356886969419e-06
4.337502873302481522e-06
4.167133150417598742e-06
3.939634796285766848e-06
3.650567584814295523e-06
3.582939110317120481e-06
3.447401735148490236e-06
3.306758423726365794e-06
3.130301962239141583e-06
2.967534190498417589e-06
2.838723377771882509e-06
2.655809060180946872e-06
2.511368762571909212e-06
2.331873560921291352e-06
2.240936738350039833e-06
2.070605154123208546e-06
2.005641082733621654e-06
