2.861534929132485030e-04
1.349017837628588821e-04
9.768890018491653430e-05
9.099697150203907433e-05
8.805454604294917268e-05
8.567776205864208747e-05
5.701573402318305117e-05
5.303730452175218915e-05
5.041549648905800039e-05
4.411564404897019539e-05
4.031380022662001957e-05
3.885607296840614712e-05
3.749789856198482564e-05
3.664100880697439993e-05
3.624171127430986396e-05
3.400538334747568140e-05
3.314823354294783370e-05
3.224891827916614003e-05
3.089442458839687053e-05
2.981674340081391333e-05
2.939520952197193846e-05
2.855370648674252000e-05
2.782182620872627522e-05
2.723395717572490925e-05
2.564142757359826595e-05
2.518038192126461594e-05
2.442604770039032911e-05
2.376690760587925894e-05
2.336025364711818468e-05
2.296393220791839219e-05
2.253223992866343095e-05
2.211767295708243924e-05
2.147412363640302391e-05
2.111467524052332111e-05
2.049165178424834608e-05
2.026531428896656277e-05
1.987976845045422684e-05
1.925407823098224824e-05
1.884441931361714441e-05
1.865587344482720411e-05
1.837919825133771103e-05
1.804131133641830468e-05
1.744281670227641810e-05
1.730235591061686707e-05
1.678271499468533798e-05
1.654303603089460432e-05
1.621697781098350741e-05
1.597282701551086510e-05
1.573996537253322781e-05
1.522582089553915179e-05
