1.884917662804116122e-03
1.699510429183418618e-03
1.266754002598727584e-03
9.425472990894406735e-04
6.264692908004012781e-04
5.558564223317668607e-04
4.188957580850105849e-04
3.624979877051520238e-04
3.335071543853851492e-04
3.177347172612765948e-04
2.892254837541254585e-04
2.780173468098391795e-04
2.704966630265826454e-04
2.525093514764593103e-04
2.419823961914406997e-04
2.275014749049990227e-04
2.007154393111330903e-04
1.866540147218677056e-04
1.835256462323218345e-04
1.814828180294304164e-04
1.748923667206109147e-04
1.681385697826682808e-04
1.621997025182076390e-04
1.586441445595388670e-04
1.541887721977463197e-04
1.518585471827326046e-04
1.452559225491830200e-04
1.415385708164178680e-04
1.370971987411163430e-04
1.351266188080911198e-04
1.329150223854058904e-04
1.307831030219977638e-04
1.282472079570849092e-04
1.263953557947463519e-04
1.212156542321775175e-04
1.209198583320797676e-04
1.184928965384391536e-04
1.135647766530207842e-04
1.140382169517720803e-04
1.093040363858586907e-04
1.067187916391565752e-04
1.064691025679929444e-04
1.036616750758319008e-04
1.022847995651508492e-04
1.000381499582477711e-04
9.702815469556646275e-05
9.619707644203733888e-05
9.464282773665931797e-05
9.334466613622507112e-05
9.161082079860533793e-05
