1.679174425445635339e-04
1.448421950542251385e-04
9.613412758475594992e-05
8.887662674722166109e-05
7.162107888360392432e-05
6.997387302639697252e-05
6.369285419766427484e-05
5.807876433824388994e-05
5.169965737057901310e-05
4.812328573590759085e-05
4.222641046189009527e-05
4.103122352613030444e-05
3.995821158365345618e-05
3.689588695383391054e-05
3.585386079748599519e-05
3.475422747122998922e-05
3.310773485131996514e-05
3.189929712724942743e-05
3.128508692653774132e-05
3.012609393319633057e-05
2.879420026757266603e-05
2.840443157746693452e-05
2.756898658523598651e-05
2.686105315417176080e-05
2.644134190105213388e-05
2.548716584685719447e-05
2.511998776515827618e-05
2.402594372399747543e-05
2.359256140315887197e-05
2.306007025278110389e-05
2.280848139617803626e-05
2.223945212969600586e-05
2.156644987873462043e-05
2.087897795683745850e-05
2.079075368352570409e-05
2.012852608439811886e-05
1.970276515202822596e-05
1.917069453407948385e-05
1.894399814436422444e-05
1.865643416696894329e-05
1.839881564672267425e-05
1.779420447668320784e-05
1.765963895457806096e-05
1.706950773963493507e-05
1.684087326485326667e-05
1.664606971545917074e-05
1.628025059465555092e-05
1.576383530984577916e-05
1.568246269209375211e-05
1.537347879095318375e-05
