6.130459596683765543e-05
3.548375721364265104e-05
2.799415045513578695e-05
2.260506880450035731e-05
1.748143296331808826e-05
1.709118922666035497e-05
1.609931117182468582e-05
1.439637950759254636e-05
1.334629680020631335e-05
1.278879749556182867e-05
1.161777568152575605e-05
1.121137163959656198e-05
1.088238018577150111e-05
1.032004753582594907e-05
9.790590440057219575e-06
9.148173318895279856e-06
8.948741859370615758e-06
8.501767242160590706e-06
8.250253685340082924e-06
7.834303031320458171e-06
7.516228205048237532e-06
7.300920060962548102e-06
6.994994915075521695e-06
6.700723984024480771e-06
6.582688296114561621e-06
6.268973611609334030e-06
6.059639656338923544e-06
5.826541419851754772e-06
5.405253164953217508e-06
5.256636883859047112e-06
4.953947113748418224e-06
4.719878784121593722e-06
4.582169597942511007e-06
4.391336238346960946e-06
4.329514721727571809e-06
4.093454541680636732e-06
3.878851222511638943e-06
3.768925319437295662e-06
3.532019245524519282e-06
3.410288415168275583e-06
3.282535897926189450e-06
3.206254129054509591e-06
2.951117495523336385e-06
2.760053180886452633e-06
2.534459089509112305e-06
2.411774212160974359e-06
2.355431505939250876e-06
2.185856425780246850e-06
2.026701376132076072e-06
1.913684888334957290e-06
