6.130459596683746569e-05
3.548375721364251551e-05
2.799415045513606139e-05
2.260506880450039797e-05
1.748143296331805099e-05
1.709118922666039224e-05
1.609931117182466210e-05
1.439637950759248368e-05
1.334629680020625237e-05
1.278879749556164740e-05
1.161777568152576113e-05
1.121137163959657723e-05
1.088238018577148078e-05
1.032004753582606596e-05
9.790590440057231434e-06
9.148173318895195153e-06
8.948741859370519197e-06
8.501767242160604258e-06
8.250253685340174403e-06
7.834303031320392102e-06
7.516228205048246003e-06
7.300920060962515915e-06
6.994994915075522542e-06
6.700723984024464677e-06
6.582688296114561621e-06
6.268973611609357747e-06
6.059639656338951496e-06
5.826541419851764089e-06
5.405253164953213273e-06
5.256636883859011537e-06
4.953947113748419919e-06
4.719878784121603040e-06
4.582169597942531335e-06
4.391336238346948241e-06
4.329514721727587902e-06
4.093454541680644355e-06
3.878851222511655884e-06
3.768925319437294815e-06
3.532019245524515047e-06
3.410288415168281089e-06
3.282535897926203002e-06
3.206254129054521873e-06
2.951117495523339350e-06
2.760053180886450515e-06
2.534459089509111882e-06
2.411774212160975629e-06
2.355431505939251299e-06
2.185856425780253203e-06
2.026701376132073955e-06
1.913684888334955596e-06
