7.814956936682174171e-03
1.695521723300724617e-03
7.855376890124325011e-04
5.545981663879762102e-04
5.196513730220709030e-04
4.708761429804626027e-04
2.908066339332360446e-04
2.675796824824297222e-04
2.651999279164926463e-04
2.483937098528764763e-04
2.298531962213388427e-04
2.231827956488959084e-04
1.975898600660819335e-04
1.967186531780613576e-04
1.663716425844031512e-04
1.533300675782861989e-04
1.509091101832229392e-04
1.473045984215438833e-04
1.369705321700066412e-04
1.334341748319547234e-04
1.316156122707651678e-04
1.309020235448545033e-04
1.258232332001391356e-04
1.223574559336641353e-04
1.198746769445088419e-04
1.178408135703358256e-04
1.164211469236098095e-04
1.153163270977138830e-04
1.075059526752841413e-04
1.061210238019061477e-04
1.038287746131736895e-04
1.021457956124672303e-04
1.009748116084616023e-04
9.884301873443913239e-05
9.612704604636613853e-05
9.312625670026796463e-05
9.247542576252496547e-05
9.057206193056722781e-05
8.806056774167576873e-05
8.774081728182806677e-05
8.694121823978151844e-05
8.462157240352831866e-05
8.373734849895799164e-05
8.045699152295871187e-05
8.019893451287357254e-05
7.916317013464557620e-05
7.751662857684600409e-05
7.704863747456876287e-05
7.499902754090884865e-05
7.417958161844731514e-05
