7.204162444256898478e-04
4.578804086164371548e-04
4.276301904204372548e-04
3.761347170373445124e-04
2.946052589221915510e-04
2.467264587171358998e-04
1.993104114104569317e-04
1.614147651181029313e-04
1.503008866200779411e-04
1.425425040300429139e-04
1.389799007281393851e-04
1.181352192469199691e-04
1.091122073342534255e-04
1.042770087695939153e-04
1.013144707074377214e-04
9.919448182863237120e-05
9.246070753053831374e-05
8.368632793260411115e-05
8.143854380799310446e-05
7.824886354303799379e-05
7.596410900046782438e-05
7.366178485770343086e-05
7.297945677748570229e-05
7.071452482368769700e-05
6.800787539528202095e-05
6.629933397001941484e-05
6.470387461100665866e-05
6.219268118997830217e-05
6.172882669048096579e-05
5.977898571691309815e-05
5.879530937930390905e-05
5.762524422330340311e-05
5.718312396906230158e-05
5.506068992840614494e-05
5.417178431926488315e-05
5.358789259017560037e-05
5.247065402720761283e-05
5.170636554077291935e-05
5.038547723674863379e-05
4.928583200162620418e-05
4.911718723206387547e-05
4.816157073593097735e-05
4.743168003291622263e-05
4.651651027010840017e-05
4.612416959856358066e-05
4.458752864939941464e-05
4.429620853787451354e-05
4.352082686835482270e-05
4.268179945506046081e-05
4.238126749206045664e-05
