-4.423848787086282110e-06
-4.096947022641941924e-06
-3.647810980536632701e-06
-3.152542669913509766e-06
-2.450755357542878718e-06
-2.230712770344173664e-06
-1.665135320819909639e-06
-1.229962328916628573e-06
-1.086294209067993813e-06
-8.536875618467305134e-07
-5.140397345377207650e-07
-3.438040708652393267e-07
-3.109774139803854555e-07
1.033870647015761269e-07
2.644010921361629311e-07
4.198856770712583655e-07
5.480911955392555057e-07
8.129095219498458072e-07
1.013704205318073615e-06
1.297295772512811499e-06
1.675189910582673010e-06
1.699108900226946655e-06
1.794698546561962702e-06
1.915666894764206793e-06
2.337815003129176532e-06
2.665364310349608458e-06
3.273014456144831379e-06
3.359415099368936428e-06
3.707278359846198637e-06
3.870663943793907274e-06
4.023526547792052408e-06
4.430262748493881760e-06
4.818368157588239716e-06
5.765805078404974841e-06
6.741660808014634504e-06
