1.403566988356999947e-03
9.227919468857715682e-04
7.144136877623106499e-04
4.782978824164207271e-04
4.652368296229139350e-04
4.418680144835001656e-04
4.220133486526513457e-04
3.540473542701221021e-04
3.006242275119860169e-04
2.852602820089186210e-04
2.538679506833393029e-04
2.405487458726055015e-04
2.288837003147616499e-04
2.243709624226169379e-04
2.093583856284454464e-04
2.005549692365023954e-04
1.792200635013419701e-04
1.686347370187012758e-04
1.636050548057031240e-04
1.525975452111196352e-04
1.416723553555315892e-04
1.395044915069371041e-04
1.350165049573819076e-04
1.302178048719378602e-04
1.249833733097038748e-04
1.216740369031925117e-04
1.182905351233770819e-04
1.152331002263891178e-04
1.131820945723733038e-04
1.097762243456237440e-04
1.075578571483616608e-04
1.059008585571272063e-04
1.033562004492713488e-04
1.019662147980830128e-04
1.002309412768151393e-04
9.740757985078287882e-05
9.500288053843366739e-05
9.275000724009727971e-05
9.131258703226578376e-05
8.945611444373713947e-05
8.724620660869239204e-05
8.625882672953866866e-05
8.365584333469398707e-05
8.263256161389552999e-05
8.147826895758632682e-05
7.981398344504815146e-05
7.803857255713837944e-05
7.763874748538515712e-05
7.678867220052599271e-05
7.534978669552548180e-05
