2.160486659325154025e-03
9.051555490049682665e-04
7.503597381623196023e-04
6.332743013324622057e-04
4.919571813548807718e-04
3.516980173446294282e-04
3.463660178059373043e-04
2.793714034249311488e-04
2.724971637731315208e-04
2.541387463798965257e-04
2.407173088547915338e-04
2.240996211509028589e-04
2.181459307815951289e-04
1.970414715013620553e-04
1.867502639106418880e-04
1.775301549930229897e-04
1.676200104033718466e-04
1.599596708771340559e-04
1.545436414659578125e-04
1.472145495028447603e-04
1.383506626782535004e-04
1.358931428626700122e-04
1.313641359468788064e-04
1.283245128149221727e-04
1.226365549232242029e-04
1.210135377773380165e-04
1.159536267480481875e-04
1.138904329315163698e-04
1.121222722542396011e-04
1.080885218525850291e-04
1.061711225775617453e-04
1.026818770036906587e-04
1.007080717000260691e-04
9.971441525034134275e-05
9.752406816124183835e-05
9.635736514555432223e-05
9.481231346768590363e-05
9.274619164021215886e-05
9.114679364921085580e-05
8.911222674731991852e-05
8.684438740604407715e-05
8.503518381991928923e-05
8.371497839380181289e-05
8.170173927165377706e-05
8.033860408570164281e-05
7.877984250301869711e-05
7.804952921911807024e-05
7.733845910149149394e-05
7.648940334231673222e-05
7.537858224302673694e-05
