3.045342766670512593e-03
1.447660984754705000e-03
7.578681131964966388e-04
5.524487236787030972e-04
5.431266685737561484e-04
3.820827566347642884e-04
2.707485869182178740e-04
2.478357380874598721e-04
2.404406670069559563e-04
2.303402470771665812e-04
2.123705004980687449e-04
2.026319151373711476e-04
1.832329838358422993e-04
1.812894517690955270e-04
1.793801425476678499e-04
1.703033752004317984e-04
1.647892872498130307e-04
1.502247014529686981e-04
1.406151244075464065e-04
1.366630754277786903e-04
1.334127800469841346e-04
1.276006162904601098e-04
1.268421139711162660e-04
1.242094225088183400e-04
1.225906822041854531e-04
1.176275216522539355e-04
1.168821429265491597e-04
1.122817690074423108e-04
1.091863878047994710e-04
1.082505326082563828e-04
1.052424511559869110e-04
1.040975114915842250e-04
1.003042649282097348e-04
9.875998863204146056e-05
9.477328971330829766e-05
9.412569993212778431e-05
9.131574460099823904e-05
9.080994350171358329e-05
8.896243238175368501e-05
8.838006318368842875e-05
8.597654802342334483e-05
8.563377916916859605e-05
8.509923634434994036e-05
8.405311395895481111e-05
8.162529971749780109e-05
8.096697330974152954e-05
7.911205515023652074e-05
7.706230973404665360e-05
7.582423518872404380e-05
7.500394513211861860e-05
