-5.275963185114561778e-06
-4.852147586058809630e-06
-3.538052590422255902e-06
-2.967498120634746506e-06
-2.224164870622640436e-06
-2.018642682145387769e-06
-1.864001571363468981e-06
-1.640226154630803636e-06
-1.301929699671891341e-06
-9.421244609196675583e-07
-7.449718567406865206e-07
-5.786296405835609187e-07
-4.790464355382900501e-07
-2.220771382760990795e-07
-9.747358352461269735e-09
2.089875661521786067e-07
3.584982849736955109e-07
6.481539401502047651e-07
8.438060867896792080e-07
9.434890620124272162e-07
1.365926329805338836e-06
1.495217294827870040e-06
1.661554934553062014e-06
1.924659048950387555e-06
2.019449619667427435e-06
2.400331441799584002e-06
2.855091918603657195e-06
3.074123579676586639e-06
3.844393731444445186e-06
4.204306761305833093e-06
4.561754116236008039e-06
5.176391827907150477e-06
6.217842665629928314e-06
6.518806819859397530e-06
8.867433386921752888e-06
