1.499648555061048032e-03
4.555341833699668407e-04
3.916742100034247020e-04
2.092162003632534652e-04
1.800267412830235309e-04
1.734143443749259453e-04
1.524147213449994877e-04
1.448823791815195025e-04
1.427289148923366737e-04
1.155478393999829763e-04
1.116972020861059311e-04
1.075706253782228282e-04
1.019995860468903481e-04
9.660086972799183187e-05
9.146129752684286826e-05
8.474807582952615271e-05
8.084431432612311367e-05
7.919813087830578850e-05
7.716907420828871705e-05
7.411468567624720117e-05
7.267229638462094550e-05
7.162831355838323688e-05
6.866065734681322261e-05
6.717190008399850205e-05
6.609381407854290436e-05
6.489825015635125528e-05
6.225611181303747496e-05
6.183115446463355964e-05
6.001656610862991987e-05
5.843015023144961656e-05
5.722569028518282973e-05
5.665178656578216264e-05
5.444683697553567907e-05
5.387823246627764054e-05
5.311613542771327146e-05
5.131865438766209205e-05
5.080711777971085328e-05
4.988054185850280680e-05
4.929808635177357232e-05
4.868312687405779697e-05
4.754076260514854030e-05
4.644308384609613160e-05
4.596917734562271801e-05
4.529978953336937539e-05
4.446033499726107587e-05
4.351992953759753659e-05
4.341121078490126051e-05
4.251884873644308716e-05
4.202444451844507966e-05
4.168887360140700546e-05
