-5.421412500289904982e-06
-3.886732642315641770e-06
-3.479008184407799459e-06
-3.065834321635244034e-06
-2.358813197580693694e-06
-2.181977704994555637e-06
-1.948162214783365061e-06
-1.676164186727857145e-06
-1.151440757462849334e-06
-9.509653788560366565e-07
-7.061416756570959567e-07
-5.372049574450491113e-07
-3.388053225265161817e-07
-1.067342363150412692e-07
2.262903755589499816e-07
4.144208769989986279e-07
6.210398098123770738e-07
8.730245826914358169e-07
9.987651636240665779e-07
1.192883688349445093e-06
1.336462478933693186e-06
1.628520407323989223e-06
1.946465644942498444e-06
2.148128839809910381e-06
2.371355591191145076e-06
2.673136377518916107e-06
2.987184158835890533e-06
3.437513703905983437e-06
3.765906040733530650e-06
4.265898334945105163e-06
4.540862580999271244e-06
4.999639070804159543e-06
5.719506107567493718e-06
6.867469486179615407e-06
7.286045011427292658e-06
