2.929913942266776228e-05
2.507536453595513243e-05
2.193657752518129794e-05
2.086947923340029103e-05
1.910163989083225547e-05
1.810540204420270908e-05
1.686496434579320150e-05
1.602592423112071625e-05
1.512080129113534131e-05
1.349615530224416266e-05
1.340605560393105295e-05
1.227096908265313968e-05
1.189273672317185366e-05
1.141982416239311529e-05
1.112463095388883923e-05
1.053016586111165687e-05
9.867658716302111393e-06
8.958774794572065231e-06
8.750023315751555452e-06
8.654237219510325167e-06
8.385751610089486327e-06
7.918671150692045238e-06
7.747761068197606411e-06
7.421102358552911196e-06
7.136476251076277562e-06
6.915778754469113672e-06
6.563166988089488401e-06
6.475910412812702897e-06
6.176095230344061286e-06
5.927766337325899726e-06
5.816673910038158994e-06
5.194804584314672225e-06
5.066299425016622197e-06
4.988336138686712234e-06
4.764120069286054573e-06
4.549035487813950874e-06
4.453972605664304739e-06
4.289637062086259670e-06
4.025330627089382786e-06
3.715894119475751112e-06
3.687534848900492634e-06
3.493393672544710162e-06
3.306945303331139653e-06
3.270218957880298994e-06
3.125709966670376958e-06
2.939557891632154260e-06
2.809330114748200416e-06
2.642639934565660173e-06
2.584432766955591909e-06
2.368542360694231370e-06
