9.066121341662192580e-04
7.475412430717548939e-04
3.475576468207177750e-04
2.525475086841491579e-04
2.424554915820192674e-04
2.096592986938752769e-04
1.789855262707635078e-04
1.760756538935503198e-04
1.293542170719369586e-04
1.223673963096199571e-04
1.148439359126407879e-04
1.084369005820092657e-04
1.065688969883784578e-04
1.025656485421338061e-04
9.564474249988863433e-05
8.790483830099528860e-05
8.738965458950992892e-05
8.500931018547376778e-05
8.293204374930535116e-05
7.998087984216679155e-05
7.761246282935420284e-05
7.285550031777590337e-05
7.013495471163725076e-05
6.848403617070521502e-05
6.698678223386820012e-05
6.531489424140292355e-05
6.359262744231504731e-05
6.243057356055368989e-05
6.136051630182659099e-05
6.006117136623544453e-05
5.839008351786523953e-05
5.640797940700706479e-05
5.604667723669946449e-05
5.465240230755344581e-05
5.373685639631563352e-05
5.279478232725381059e-05
5.222924314608673793e-05
5.114153416485946369e-05
5.034596719317639240e-05
4.956973076281521534e-05
4.845315223219851154e-05
4.783170604630313861e-05
4.710688520390011585e-05
4.633339124719384794e-05
4.580200302282155561e-05
4.478970111440190821e-05
4.432216809898025840e-05
4.339636453703871416e-05
4.316631967981172891e-05
4.291286074700758306e-05
