4.410354669448219959e-04
1.623015496289516215e-04
9.048100499774804116e-05
8.489540492560650642e-05
8.087404179859966841e-05
6.660411063909430949e-05
5.973190129415974242e-05
5.503705736837961372e-05
5.174737377260048749e-05
4.686979279589775918e-05
4.437554252418431718e-05
4.221238420980738998e-05
3.886734148407266002e-05
3.727242934094717180e-05
3.651017744467082191e-05
3.470369521039062160e-05
3.325281350045649801e-05
3.189751728143493391e-05
3.125558032339296240e-05
3.041818336466828337e-05
2.983118505633412394e-05
2.844507229466722423e-05
2.769503947548500271e-05
2.718331208536676607e-05
2.683307312003057758e-05
2.613309185283337562e-05
2.588830133556515334e-05
2.453159124762342049e-05
2.408145399514851097e-05
2.313032873108781910e-05
2.276390283780261188e-05
2.225126898461147481e-05
2.153623980004594826e-05
2.124380909757184557e-05
2.046919781944219637e-05
2.000955865653328663e-05
1.973361265838285657e-05
1.953986514641002100e-05
1.923666975355230768e-05
1.867321063603751450e-05
1.845761524218563079e-05
1.820001758123214670e-05
1.760609980727696931e-05
1.739453584443975586e-05
1.703076839768369883e-05
1.659861818296340583e-05
1.624875096171333013e-05
1.591568329214642478e-05
1.548634061026053717e-05
1.518265563991908330e-05
