2.596471187641937879e-05
2.437096803198237512e-05
2.177325455238673731e-05
1.842838960331671759e-05
1.736548668469365178e-05
1.633439722158188350e-05
1.542335678407068611e-05
1.498383092450369784e-05
1.354891392107937375e-05
1.285700773362912514e-05
1.214853495360592658e-05
1.160553546277309649e-05
1.098062596685412422e-05
1.031870171443705212e-05
1.005840188937900710e-05
9.567827713138065684e-06
9.053417150416578598e-06
8.636571389332131684e-06
8.315613404988438719e-06
7.973775393034241088e-06
7.582662544230508074e-06
7.113808622410920792e-06
7.002493013307021746e-06
6.710425117955706114e-06
6.535963811777293221e-06
6.440696821930263488e-06
6.112103648130175407e-06
5.748757752274449659e-06
5.519802825398897089e-06
5.310105356011937807e-06
5.112756356249167513e-06
4.938511013167158833e-06
4.708590419254122785e-06
4.542944473019314913e-06
4.326541670597484929e-06
4.062656914586778964e-06
3.839154038662526249e-06
3.736389885710904133e-06
3.616148167952932301e-06
3.385085007791066866e-06
3.217347775382493261e-06
3.072831607150951039e-06
3.012986674382140967e-06
2.881934019624675092e-06
2.660285041606925806e-06
2.460568380733789158e-06
2.315271728480545111e-06
2.193442972548010478e-06
2.080924379889939273e-06
1.991716171653655144e-06
