3.524642042157098264e-03
2.243344946884597187e-03
9.938659246398339094e-04
9.048535938250969017e-04
5.598154510249014199e-04
4.617267425530367764e-04
4.359943443439532403e-04
3.495458043170632440e-04
3.202427727130530903e-04
3.080921749005349091e-04
2.649373948834043242e-04
2.449735759595046453e-04
2.197638165002089325e-04
2.064746998097495936e-04
2.085001495000609033e-04
2.085114498699673516e-04
1.981721469261106137e-04
1.893135925985586386e-04
1.885455488535022839e-04
1.733229598928060064e-04
1.720235964596438178e-04
1.589596475080009598e-04
1.530254829187377061e-04
1.521793769253260284e-04
1.430390916894356363e-04
1.428670860842713025e-04
1.395062171896417754e-04
1.378079744993541674e-04
1.320020776949538922e-04
1.312235572544713546e-04
1.242968016103135592e-04
1.242568717477525952e-04
1.194943677656288682e-04
1.196285614569796369e-04
1.153358841388602615e-04
1.122775293313865665e-04
1.108075686543594658e-04
1.095163327724444063e-04
1.066435691730233576e-04
1.062596228187971193e-04
1.043005881881520479e-04
1.025064548042984946e-04
9.977084348602813658e-05
9.900630717107098907e-05
9.777308059009282720e-05
9.730826730886717722e-05
9.225848418427437644e-05
9.207299498335553547e-05
9.013817156234141053e-05
8.882805287016204876e-05
