3.225443985976814257e-05
3.129619567558195227e-05
2.026958421376436601e-05
1.947940032032814025e-05
1.803476605830185291e-05
1.675225695772928957e-05
1.560125256098736417e-05
1.475644650926890238e-05
1.420667483038588305e-05
1.326222944044594920e-05
1.240692715242241193e-05
1.208454823879742302e-05
1.159444922233002050e-05
1.109277528977068770e-05
1.041095275885870578e-05
1.011999846671716907e-05
9.506938009134311161e-06
9.171746688761276531e-06
8.844112882702876926e-06
8.469945514489573752e-06
8.107405941143591496e-06
7.910729847908682419e-06
7.464971609412377489e-06
7.219836718533862310e-06
7.004228228298064234e-06
6.688045514647785277e-06
6.378644670782033175e-06
5.963550840504253468e-06
5.764007434371265411e-06
5.596801582076789840e-06
5.438688784179798930e-06
5.220647406184501411e-06
5.059033447505969270e-06
4.928077347646475423e-06
4.535689542944873735e-06
4.235225823752957963e-06
4.182447257002030102e-06
4.013096998540944964e-06
3.966340781298699452e-06
3.837976129128285311e-06
3.589689140038526561e-06
3.381874747097957403e-06
3.168189983175232257e-06
2.944136725035507651e-06
2.756251941708493325e-06
2.643601130844717216e-06
2.437972937039127601e-06
2.251682802722650450e-06
2.113579673709079479e-06
2.051357038470551124e-06
