7.814956936682177641e-03
1.695521723300724617e-03
7.855376890124331516e-04
5.545981663879756681e-04
5.196513730220725293e-04
4.708761429804613559e-04
2.908066339332353941e-04
2.675796824824295595e-04
2.651999279164928090e-04
2.483937098528750127e-04
2.298531962213401980e-04
2.231827956488985376e-04
1.975898600660825027e-04
1.967186531780620623e-04
1.663716425844039644e-04
1.533300675782869849e-04
1.509091101832244028e-04
1.473045984215417691e-04
1.369705321700054757e-04
1.334341748319541542e-04
1.316156122707647883e-04
1.309020235448548014e-04
1.258232332001396234e-04
1.223574559336644064e-04
1.198746769445088555e-04
1.178408135703354597e-04
1.164211469236087253e-04
1.153163270977131512e-04
1.075059526752841278e-04
1.061210238019070693e-04
1.038287746131735676e-04
1.021457956124679079e-04
1.009748116084613313e-04
9.884301873443949830e-05
9.612704604636666708e-05
9.312625670026845252e-05
9.247542576252508744e-05
9.057206193056785122e-05
8.806056774167601267e-05
8.774081728182831072e-05
8.694121823978206054e-05
8.462157240352898274e-05
8.373734849895816783e-05
8.045699152295867121e-05
8.019893451287307109e-05
7.916317013464548133e-05
7.751662857684634290e-05
7.704863747456887129e-05
7.499902754090883509e-05
7.417958161844734224e-05
