6.208576024140949757e-05
4.599105726431899259e-05
3.708116098008260974e-05
2.350407322957333899e-05
2.020219211188381214e-05
1.823306176200974508e-05
1.574428250916704098e-05
1.470677684952827300e-05
1.425491138698122509e-05
1.306675921276622414e-05
1.238166884959122513e-05
1.152014075055783033e-05
1.120393927209819541e-05
1.059608047701645222e-05
1.038312533914174532e-05
1.005958713087606575e-05
9.462964812988623517e-06
8.819603755429306346e-06
8.632756348390759386e-06
8.370765701395734172e-06
7.868123192697733603e-06
7.590489519990029253e-06
7.296681616411153360e-06
6.972250715213295794e-06
6.577758979782858663e-06
6.446868230777795000e-06
6.274003641172856936e-06
6.061048769082950210e-06
5.563135643337124151e-06
5.335630803184593290e-06
5.120328081508525155e-06
5.058362916009520944e-06
4.882078875336406700e-06
4.705031738992229207e-06
4.485929736361464518e-06
4.293772978780716511e-06
4.036149039228114339e-06
3.772769439740410879e-06
3.720701353219572059e-06
3.535847520232370463e-06
3.280500700350461336e-06
3.247574198711870461e-06
3.109517315855415888e-06
2.913468226435445952e-06
2.742377239876314783e-06
2.649134681652282806e-06
2.425409770755555689e-06
2.296932268698715079e-06
2.207828458357805731e-06
2.053687737696728021e-06
