8.317867764182098841e-05
3.600791477444007177e-05
2.443018209272299190e-05
2.378594504757970937e-05
1.962447587057042738e-05
1.710513660770632071e-05
1.601260637386238197e-05
1.497855513442148712e-05
1.429359811011935113e-05
1.370898861401699989e-05
1.298368545878965776e-05
1.232401269792174367e-05
1.198146790391725252e-05
1.144261042214275750e-05
1.095490283173831175e-05
1.010757218200771700e-05
9.805306293095035209e-06
9.295473056471029803e-06
8.941112385200642801e-06
8.531784343267508094e-06
7.972557645289975062e-06
7.695553324385264618e-06
7.438258161891118215e-06
7.097152090862697186e-06
6.853561555520938283e-06
6.584282299123866773e-06
6.423156745204482095e-06
5.910724101711986333e-06
5.818993639564521209e-06
5.672098135436782690e-06
5.413891471625469494e-06
5.256913216838776170e-06
4.948334999999912364e-06
4.775329913407073263e-06
4.639756898425524955e-06
4.492903126096624769e-06
4.379937104639142376e-06
4.204701371094342266e-06
3.967952426778989908e-06
3.862592910544345712e-06
3.743582130869862827e-06
3.662202100491044327e-06
3.390008030803853173e-06
3.119367693035980009e-06
3.016670694033667497e-06
2.874395372683251613e-06
2.784210342056670307e-06
2.520431718622523592e-06
2.465344651448873049e-06
2.386961782335816204e-06
