7.851690676081410402e-04
2.287282009084475216e-04
1.043020174188830459e-04
8.296328358004866966e-05
8.038817341850372250e-05
6.999171447818335089e-05
5.445054402421767168e-05
4.864129234819724966e-05
4.754038053637299715e-05
4.638239352255462783e-05
4.090258379440764796e-05
4.023689676357810794e-05
3.959072430703797717e-05
3.801049208926364845e-05
3.634769449749890747e-05
3.557974012000992881e-05
3.323682591948324806e-05
3.279314047014750651e-05
3.125439434671266955e-05
3.021844832259673976e-05
2.947866897109131917e-05
2.813995813166262857e-05
2.736852966323778536e-05
2.669033900698630497e-05
2.658248362150106891e-05
2.590465136281372749e-05
2.497252535192201689e-05
2.394857099041581243e-05
2.371609114944340545e-05
2.283352888470412850e-05
2.233945875309503195e-05
2.172587725978386165e-05
2.131531890504558154e-05
2.106946687723535621e-05
2.070409765388918339e-05
2.014589582163934267e-05
1.955953581311657279e-05
1.892619490491310945e-05
1.857073717731545074e-05
1.845919237222133318e-05
1.752089011247896490e-05
1.732907487355356445e-05
1.692181928919738696e-05
1.674248314010670459e-05
1.634620484320920716e-05
1.614186837772206884e-05
1.596301299711222246e-05
1.547521287259657100e-05
1.509928842598183088e-05
1.493318268081908793e-05
