4.458395018196769158e-03
1.543328186754071686e-03
1.092416052888211522e-03
7.504833896097802331e-04
6.372711446046356839e-04
4.616553491103807922e-04
3.967609303584760934e-04
3.479190324099987034e-04
3.332193588037933672e-04
2.966422510184471410e-04
2.517274344632351745e-04
2.410567500223705897e-04
2.382464268345037316e-04
2.224810532019987010e-04
2.113423711962664295e-04
1.939932022637339438e-04
1.939437091692979074e-04
1.856866805378477652e-04
1.771483269991502700e-04
1.751849152714392819e-04
1.675630705265064504e-04
1.667885765023405112e-04
1.599406288888014036e-04
1.550642548801182909e-04
1.466600812655329130e-04
1.447140543179745674e-04
1.383288038713141675e-04
1.368388986278778053e-04
1.318336594956046211e-04
1.304239874488003609e-04
1.262547128085379582e-04
1.244492437537989926e-04
1.197732423333921836e-04
1.181300634214697858e-04
1.159899219082038063e-04
1.160181057485979746e-04
1.108485615217886952e-04
1.097323202364536868e-04
1.063438462676502165e-04
1.048475376748184671e-04
1.033082787582141648e-04
1.023630573535743457e-04
1.011504127223163032e-04
1.004504806135372380e-04
9.824528672576226553e-05
9.672109178111853740e-05
9.543676647914877201e-05
9.330616721134142979e-05
9.105165505904417775e-05
8.959798098753999599e-05
