7.851690676081410402e-04
2.287282009084471422e-04
1.043020174188828833e-04
8.296328358004868321e-05
8.038817341850370895e-05
6.999171447818344576e-05
5.445054402421793595e-05
4.864129234819730387e-05
4.754038053637290906e-05
4.638239352255437033e-05
4.090258379440737691e-05
4.023689676357814182e-05
3.959072430703730632e-05
3.801049208926332319e-05
3.634769449749883970e-05
3.557974012001013209e-05
3.323682591948332260e-05
3.279314047014747941e-05
3.125439434671275764e-05
3.021844832259672282e-05
2.947866897109148180e-05
2.813995813166261163e-05
2.736852966323768371e-05
2.669033900698637273e-05
2.658248362150106552e-05
2.590465136281379526e-05
2.497252535192182377e-05
2.394857099041576838e-05
2.371609114944340884e-05
2.283352888470429451e-05
2.233945875309505227e-05
2.172587725978379389e-05
2.131531890504578483e-05
2.106946687723540364e-05
2.070409765388919694e-05
2.014589582163946126e-05
1.955953581311669815e-05
1.892619490491306202e-05
1.857073717731546090e-05
1.845919237222141789e-05
1.752089011247897506e-05
1.732907487355360172e-05
1.692181928919746827e-05
1.674248314010661989e-05
1.634620484320920377e-05
1.614186837772204513e-05
1.596301299711224279e-05
1.547521287259663199e-05
1.509928842598181055e-05
1.493318268081913875e-05
