9.758648763209391060e-04
4.189058311337448505e-04
3.398314018437776198e-04
2.982434264230992074e-04
2.393635885140601896e-04
1.653115373967880837e-04
1.622326764507495014e-04
1.562773138473841925e-04
1.432924210788180501e-04
1.245691941932360557e-04
1.101352250482722693e-04
1.065504320013836687e-04
1.022199015928220253e-04
9.826901838981591910e-05
9.263070187411290572e-05
9.064296609975747545e-05
8.452172370143913442e-05
8.293269673363900206e-05
8.009390111921539982e-05
7.600504859383799372e-05
7.469558517022176973e-05
7.154868884854589928e-05
6.895686741740272548e-05
6.626720401164464880e-05
6.537057277580063136e-05
6.288802034322795494e-05
6.226839059873980195e-05
6.157157764616047523e-05
5.996049485710937304e-05
5.886027468824201684e-05
5.747964254736859365e-05
5.676398164775356777e-05
5.525247202909074691e-05
5.435033053846324483e-05
5.394859452555295326e-05
5.226957106561575873e-05
5.132688601496268778e-05
5.074814285159002288e-05
4.994284481736895829e-05
4.933957333478447050e-05
4.862690771344159359e-05
4.775441246728037313e-05
4.647729544120663748e-05
4.611574156233452999e-05
4.536663894868584314e-05
4.426089239938899744e-05
4.393802755676176185e-05
4.356546193300425864e-05
4.219945479209879038e-05
4.192238118695284138e-05
