2.596471187641958547e-05
2.437096803198244289e-05
2.177325455238680508e-05
1.842838960331677180e-05
1.736548668469351626e-05
1.633439722158175136e-05
1.542335678407065561e-05
1.498383092450368598e-05
1.354891392107951097e-05
1.285700773362894557e-05
1.214853495360589948e-05
1.160553546277314223e-05
1.098062596685410050e-05
1.031870171443703179e-05
1.005840188937895628e-05
9.567827713138214762e-06
9.053417150416565045e-06
8.636571389332092720e-06
8.315613404988577632e-06
7.973775393034286828e-06
7.582662544230576684e-06
7.113808622410944509e-06
7.002493013307047157e-06
6.710425117955704420e-06
6.535963811777347431e-06
6.440696821930278734e-06
6.112103648130193195e-06
5.748757752274466600e-06
5.519802825398917418e-06
5.310105356011963218e-06
5.112756356249123468e-06
4.938511013167111399e-06
4.708590419254124479e-06
4.542944473019299666e-06
4.326541670597437496e-06
4.062656914586778117e-06
3.839154038662510155e-06
3.736389885710915144e-06
3.616148167952926372e-06
3.385085007791076183e-06
3.217347775382477591e-06
3.072831607150940874e-06
3.012986674382133343e-06
2.881934019624688644e-06
2.660285041606910983e-06
2.460568380733790005e-06
2.315271728480535794e-06
2.193442972548026572e-06
2.080924379889944355e-06
1.991716171653655144e-06
