-2.293215658468697555e-05
-1.529241355110613242e-05
-4.252155966050414830e-06
-2.667351963234024608e-06
-1.662250691373577863e-06
1.770614962648757884e-06
1.857548476313218263e-06
3.095251346857684960e-06
3.694237367757255769e-06
4.732021514914303116e-06
6.392054968512137595e-06
6.505739691706414796e-06
7.322603401922119817e-06
7.789572546676955581e-06
1.170474503501632818e-05
1.215371490052594948e-05
1.319778940382876231e-05
1.491893834677905218e-05
1.763188634940561532e-05
1.876518837854678127e-05
1.880699475284086243e-05
2.316549777150390585e-05
2.437075186200730032e-05
2.632605841923479019e-05
2.758889986968982499e-05
3.104345511802461413e-05
3.483640655287108354e-05
3.689396129856501534e-05
3.865850301557229837e-05
4.042158523930434967e-05
4.347629191287142691e-05
4.376228944498217503e-05
5.142187344893272980e-05
5.613991124262921085e-05
5.675576661298265652e-05
6.023708801948433292e-05
6.570839211709507540e-05
6.869685918041779147e-05
7.029881876568652656e-05
7.458004298220529988e-05
7.828956004263231403e-05
8.141238819498295310e-05
8.445393776128548027e-05
8.646860213876487403e-05
9.797581445111697748e-05
1.053808978631269030e-04
1.094714757876890282e-04
1.471888802498206802e-04
1.557598018632024082e-04
1.636402461181469387e-04
1.812841414919498376e-04
1.885958341109527042e-04
1.960665978363432043e-04
2.182652833646874934e-04
2.277993065947458127e-04
2.399591027412957339e-04
2.694247882844785866e-04
3.240485951740604384e-04
3.412685577602881369e-04
3.656941247928258793e-04
3.757791711909915801e-04
3.893700519805699074e-04
3.999240123659425408e-04
4.551243805673413681e-04
5.318662602530567149e-04
7.014611676790375502e-04
8.774718871279893430e-04
9.492753684019566941e-04
9.723554100407314545e-04
1.000505230524962891e-03
1.508925254841826614e-03
2.457938137215328299e-03
2.550854057099245439e-03
6.726793366333006473e-03
1.220831158065365137e-02
