-1.282821805808804857e-05
-5.755859949612125835e-06
-1.950726422880045358e-06
8.735518899642079716e-08
8.782713764938167713e-07
2.146970102578331346e-06
3.218443424136646259e-06
4.201690773173646232e-06
5.683076323251122016e-06
6.265049895778530419e-06
7.148375244005470578e-06
8.961057091118385503e-06
1.009203401961159839e-05
1.080388020331327290e-05
1.290795222786957540e-05
1.347370088031429589e-05
1.596594071714156472e-05
2.015241344979285453e-05
2.238298005340529954e-05
2.394573151075493619e-05
2.658864648493859754e-05
2.989425962337748276e-05
3.072598185839516742e-05
3.305705102654021713e-05
3.495737991295813917e-05
3.560077035655953998e-05
3.982948421734479007e-05
4.373397745844745046e-05
4.605481496306766871e-05
4.862348986799051035e-05
5.142567839318210732e-05
5.344696972840313044e-05
5.733825298494953673e-05
6.439349069130822893e-05
6.963355549603067332e-05
7.189978575580454907e-05
8.033166760809788709e-05
8.430335282335016216e-05
8.696119780299241980e-05
9.732055677920730329e-05
1.042864378048065382e-04
1.170992673234232427e-04
1.184179659329874734e-04
1.313038661875830715e-04
1.427408150732131385e-04
1.677638014895000665e-04
1.993066692129052844e-04
2.143855327701977924e-04
2.532416636102290206e-04
2.632327898280866310e-04
2.847197050861256166e-04
2.957920935161448229e-04
3.079195566623766527e-04
3.182938474554203290e-04
3.329709259099947584e-04
4.614632170377333358e-04
6.133344568085505061e-04
6.345224082939410768e-04
7.245933719330100451e-04
7.699822696211603605e-04
9.745453329865396558e-04
1.423163785504464934e-03
1.946477041732035639e-03
2.385343435654341433e-03
4.860040409135743013e-03
6.428942480140220975e-03
