-7.881303208186371840e-06
-5.029083673657097047e-06
-1.912911325003689077e-06
-7.887809141690296398e-07
3.734594882154255248e-07
2.545844047040345927e-06
3.438771399981528776e-06
4.304002670488236935e-06
5.097061186018773105e-06
6.117728368360043516e-06
7.268574619096442857e-06
8.931800692765277483e-06
9.667200745732300652e-06
1.196570788174190658e-05
1.367200379415423086e-05
1.489026956450896738e-05
1.600086322477315217e-05
1.817508282371647034e-05
1.949913307964764100e-05
2.271554993117317885e-05
2.516424119589975484e-05
2.643256581075951607e-05
2.969793579744950347e-05
3.234755626760051837e-05
3.491475298165686925e-05
3.744476173160213409e-05
4.092814621927141688e-05
4.274753018856702257e-05
4.532806321809083406e-05
4.755250958478619399e-05
5.170872621981694172e-05
5.613477291945622263e-05
6.037796486298831558e-05
6.457837739052401380e-05
6.762220268370855913e-05
7.386689562060507776e-05
7.655220663881649918e-05
8.035599659258913234e-05
8.590386074827313385e-05
9.019050464684063445e-05
1.048571972553970910e-04
1.193287383376945114e-04
1.293266231997549861e-04
1.362205247605539871e-04
1.422032991770811195e-04
1.524983665617510211e-04
1.558004962512753622e-04
1.797834443307257330e-04
2.116802088492615943e-04
2.161484732733631991e-04
2.688749523507538144e-04
2.777041966679671047e-04
2.910436596037565952e-04
3.280748840193786178e-04
3.884278526758920785e-04
5.071406653093243422e-04
5.669121096060266568e-04
6.746295540017602059e-04
7.022270223054210029e-04
9.055132895880627737e-04
1.211166600243769684e-03
1.428585272038582210e-03
1.689281290879650604e-03
1.894574041516603738e-03
2.847393585809475294e-03
7.253024640579319032e-03
