-6.571472262986865448e-06
-2.891532634258479917e-06
-1.024251855577391479e-06
2.359762549010876999e-06
3.862084840369858530e-06
4.719585295752993877e-06
6.797123408013599856e-06
7.529529331340394021e-06
9.995630883321781853e-06
1.170896942277071642e-05
1.223776314329634696e-05
1.747301937125950326e-05
1.791038905996859476e-05
2.059066603596747488e-05
2.251783423296269305e-05
2.618838744547507700e-05
2.835096493403957017e-05
3.139241545136413412e-05
3.552816995702549988e-05
3.683092636584430195e-05
4.285210244803566650e-05
4.669089252365559052e-05
4.900225794139845433e-05
7.368101080415671085e-05
7.809111163830895718e-05
7.995095895767988453e-05
8.537457602632634148e-05
1.107407723017866908e-04
1.245581333518439807e-04
1.327682808652560066e-04
1.686790130278967433e-04
1.739088652583439668e-04
1.961263199508928186e-04
2.481169240424240603e-04
2.540264111014489679e-04
4.871446165280663484e-04
5.069584189930849720e-04
5.113503833648483723e-04
5.229473635247829273e-04
1.214225765142858777e-03
1.266412226256054653e-03
1.999096999359801629e-03
