-1.965757131163900362e-05
-6.136516050790033578e-06
-5.927785840857549398e-06
-4.870661589135461863e-06
-2.793411208973595564e-06
-9.094686679442082585e-07
8.773392384628290546e-07
1.041194138199933654e-06
1.938736165390412699e-06
3.718319918012051670e-06
4.023384271228050599e-06
5.074088560031367589e-06
5.131272080603207575e-06
6.412235340296800418e-06
7.280003338374999914e-06
9.522213255322031319e-06
1.009255032094714540e-05
1.196466521302093601e-05
1.561371970952657532e-05
1.871821694081655737e-05
1.947491634953778418e-05
2.152876239048887583e-05
2.384263290148360502e-05
2.688243833311644451e-05
2.785599340916452334e-05
3.009482343404797799e-05
3.015798161511382835e-05
3.212232267742157497e-05
3.504671016323743004e-05
3.750412846895450123e-05
4.074374353471712585e-05
4.209465153887566742e-05
4.423774924199195879e-05
4.724950710057242446e-05
5.122634282072049489e-05
5.537699426534044208e-05
5.912590807252058694e-05
6.156865693949559084e-05
6.449967683423135493e-05
6.602791550155436397e-05
7.136341032816645165e-05
8.100308257315477214e-05
8.338698301256008223e-05
8.731056894847549310e-05
8.978241684992221722e-05
1.001173983555439626e-04
1.143827691133302916e-04
1.205723765269342893e-04
1.216333922706774672e-04
1.253725536247597293e-04
1.305237688174836180e-04
1.536831978892119603e-04
1.682414045952171833e-04
1.886918637189415830e-04
2.132391603783079335e-04
2.304259382457435259e-04
2.493571089030356962e-04
2.630115991875790087e-04
2.641524912022327797e-04
2.883937082611495056e-04
2.982284114234064567e-04
3.074870303878469752e-04
3.187129786736345042e-04
3.346745391964533567e-04
4.478781897788786711e-04
6.170359811311254983e-04
6.347094844785052849e-04
6.506610480254576036e-04
7.126222713752454040e-04
7.774488948478735627e-04
9.784364160020507951e-04
1.436835800915323884e-03
1.475060898209732546e-03
1.971673323893052311e-03
2.387744571152173104e-03
4.033297479782739503e-03
4.886219533260510207e-03
6.400144610902344308e-03
