-1.694379681568876852e-05
-1.616527247575770087e-05
-9.501530848452561750e-06
-4.967038412330892624e-06
-3.209709910483609336e-06
-5.161166691250073778e-07
-2.223453979328823381e-07
1.625207079533298797e-06
1.958842269757736730e-06
3.137002621694182329e-06
3.636241218665109573e-06
4.561129744178537338e-06
5.843861825505948002e-06
7.050077796112451229e-06
7.443108517775146343e-06
9.233379379474727480e-06
1.083523337984166371e-05
1.224369653441565993e-05
1.493735018676875593e-05
1.780642152617292330e-05
1.820388950873005172e-05
2.117855160768466211e-05
2.224328738368366718e-05
2.596886535577032002e-05
2.708708639134211544e-05
3.069327859521942312e-05
3.134097146576541752e-05
3.563394130544656900e-05
3.569493993056674298e-05
3.840689789231259605e-05
4.005975446376517507e-05
4.015671008305631907e-05
4.445126299756368716e-05
4.739341937221155715e-05
5.060797809281012555e-05
5.311402500848094288e-05
5.332841360917522461e-05
6.199809936786143097e-05
6.297441049937953488e-05
6.787312962564382899e-05
6.802718414708140411e-05
7.705696412448253608e-05
7.805161191294480928e-05
8.416108569650301754e-05
8.638799369668655182e-05
8.756473507075651890e-05
1.057924076509998088e-04
1.179146917276478003e-04
1.317741021534438552e-04
1.342796978356300538e-04
1.453031290979066011e-04
1.490441918465056732e-04
1.662008525559860418e-04
1.769166121949149585e-04
2.009601103929516163e-04
2.079522016197542754e-04
2.163034368137869566e-04
2.459328890549815198e-04
2.828371941959959023e-04
2.917500185426741407e-04
2.940321720534063051e-04
3.179874316296162616e-04
3.996899642595004272e-04
4.978578630812649725e-04
5.064722147108598757e-04
5.756786344853442958e-04
6.129811143229082007e-04
6.774816848089684979e-04
7.246116704849960878e-04
9.017441117910169864e-04
1.215454866423476294e-03
1.259448826909200653e-03
1.422673959569437530e-03
1.691380667341674899e-03
1.925860368743914034e-03
2.836130071155406728e-03
6.197875270570847236e-03
7.243655407616495998e-03
