-5.819552820589445676e-06
-1.964555162919820590e-06
8.367575362547904671e-07
2.498444940088286718e-06
2.934825985136267243e-06
4.585351317915060361e-06
5.896542942566370615e-06
6.742053416115093779e-06
8.490174394898990492e-06
1.096088952915666465e-05
1.251156802251153678e-05
1.577815010686940906e-05
1.742694908435728668e-05
2.069552613197966255e-05
2.548175020438461555e-05
2.801941430627644762e-05
2.997198339617691368e-05
3.360605346952395730e-05
3.702850125334880376e-05
3.752714574140574830e-05
4.164064034811975197e-05
4.454404675659573914e-05
5.263108214049675430e-05
5.487328979495465642e-05
5.951370934334661821e-05
6.152252202497452869e-05
8.257253909743323360e-05
9.067981517340421881e-05
1.011114519266314405e-04
1.167739305440736148e-04
1.315222408913093333e-04
1.383056298923577806e-04
1.874637828857117071e-04
2.897795807696845597e-04
3.072082017955775931e-04
3.205452904745967834e-04
3.343795631277807255e-04
4.573919938532353038e-04
6.194101088059869326e-04
7.826709319704094414e-04
9.899400708430247230e-04
1.442471188888779041e-03
4.878244080425707223e-03
