-3.570201986099411954e-06
-7.546260819461488249e-07
1.944394696922946367e-06
3.366679859336899083e-06
4.976864942657765803e-06
5.651971265207371985e-06
6.491883678306377669e-06
7.794227797267731645e-06
9.163849296907002382e-06
1.065381864890136530e-05
1.477703267880133329e-05
1.623033456897129468e-05
1.765436622646757573e-05
2.154833369761100781e-05
2.368345816642727602e-05
2.950049723444982764e-05
3.275602876781921144e-05
3.628227243156832813e-05
3.658821172668917583e-05
3.956490050993023071e-05
4.278840134961263338e-05
4.874222300646391024e-05
5.861179872457280790e-05
6.727982335235369385e-05
6.955018230467448605e-05
7.823509038444030107e-05
8.468340802350508118e-05
8.877571091980161397e-05
1.317302448838386447e-04
1.407336891768239627e-04
1.559074405031405524e-04
1.604025508631332390e-04
1.793983697840268235e-04
2.150778717098663598e-04
2.243288285193236072e-04
2.772343346373471384e-04
3.351922375595013659e-04
5.144236598843423365e-04
5.726000793430217764e-04
1.214879744589682752e-03
1.916141246586396162e-03
2.851850310830027907e-03
