-2.922746615456485841e+01
-2.912746615456485699e+01
-2.902746615456485557e+01
-2.892746615456485415e+01
-2.882746615456485983e+01
-2.872746615456485841e+01
-2.862746615456485699e+01
-2.852746615456485557e+01
-2.842746615456485415e+01
-2.832746615456485983e+01
-2.822746615456485841e+01
-2.812746615456485699e+01
-2.802746615456485557e+01
-2.792746615456485415e+01
-2.782746615456485983e+01
-2.772746615456485841e+01
-2.762746615456485699e+01
-2.752746615456485557e+01
-2.742746615456485415e+01
-2.732746615456485983e+01
-2.722746615456485841e+01
-2.712746615456485699e+01
-2.702746615456485557e+01
-2.692746615456485415e+01
-2.682746615456485983e+01
-2.672746615456485841e+01
-2.662746615456485699e+01
-2.652746615456485557e+01
-2.642746615456485415e+01
-2.632746615456485983e+01
-2.622746615456485841e+01
-2.612746615456485699e+01
-2.602746615456485557e+01
-2.592746615456485415e+01
-2.582746615456485983e+01
-2.572746615456485841e+01
-2.562746615456485699e+01
-2.552746615456485557e+01
-2.542746615456485415e+01
-2.532746615456485983e+01
-2.522746615456485841e+01
-2.512746615456485699e+01
-2.502746615456485557e+01
-2.492746615456485415e+01
-2.482746615456485628e+01
-2.472746615456485841e+01
-2.462746615456485699e+01
-2.452746615456485557e+01
-2.442746615456485415e+01
-2.432746615456485628e+01
-2.422746615456485841e+01
-2.412746615456485699e+01
-2.402746615456485557e+01
-2.392746615456485415e+01
-2.382746615456485628e+01
-2.372746615456485841e+01
-2.362746615456485699e+01
-2.352746615456485557e+01
-2.342746615456485415e+01
-2.332746615456485628e+01
-2.322746615456485841e+01
-2.312746615456485699e+01
-2.302746615456485557e+01
-2.292746615456485415e+01
-2.282746615456485628e+01
-2.272746615456485841e+01
-2.262746615456485699e+01
-2.252746615456485557e+01
-2.242746615456485415e+01
-2.232746615456485628e+01
-2.222746615456485841e+01
-2.212746615456485699e+01
-2.202746615456485557e+01
-2.192746615456485415e+01
-2.182746615456485628e+01
-2.172746615456485841e+01
-2.162746615456485699e+01
-2.152746615456485557e+01
-2.142746615456485415e+01
-2.132746615456485628e+01
-2.122746615456485841e+01
-2.112746615456485699e+01
-2.102746615456485557e+01
-2.092746615456485415e+01
-2.082746615456485628e+01
-2.072746615456485841e+01
-2.062746615456485699e+01
-2.052746615456485557e+01
-2.042746615456485415e+01
-2.032746615456485628e+01
-2.022746615456485841e+01
-2.012746615456485699e+01
-2.002746615456485557e+01
-1.992746615456485415e+01
-1.982746615456485628e+01
-1.972746615456485841e+01
-1.962746615456485699e+01
-1.952746615456485557e+01
-1.942746615456485415e+01
-1.932746615456485628e+01
-1.922746615456485841e+01
-1.912746615456485699e+01
-1.902746615456485557e+01
-1.892746615456485415e+01
-1.882746615456485628e+01
-1.872746615456485841e+01
-1.862746615456485699e+01
-1.852746615456485557e+01
-1.842746615456485415e+01
-1.832746615456485628e+01
-1.822746615456485841e+01
-1.812746615456485699e+01
-1.802746615456485557e+01
-1.792746615456485415e+01
-1.782746615456485628e+01
-1.772746615456485841e+01
-1.762746615456485699e+01
-1.752746615456485557e+01
-1.742746615456485415e+01
-1.732746615456485628e+01
-1.722746615456485841e+01
-1.712746615456485699e+01
-1.702746615456485557e+01
-1.692746615456485415e+01
-1.682746615456485628e+01
-1.672746615456485841e+01
-1.662746615456485699e+01
-1.652746615456485557e+01
-1.642746615456485415e+01
-1.632746615456485628e+01
-1.622746615456485841e+01
-1.612746615456485699e+01
-1.602746615456485557e+01
-1.592746615456485593e+01
-1.582746615456485628e+01
-1.572746615456485664e+01
-1.562746615456485522e+01
-1.552746615456485557e+01
-1.542746615456485593e+01
-1.532746615456485628e+01
-1.522746615456485664e+01
-1.512746615456485522e+01
-1.502746615456485557e+01
-1.492746615456485593e+01
-1.482746615456485628e+01
-1.472746615456485664e+01
-1.462746615456485522e+01
-1.452746615456485557e+01
-1.442746615456485593e+01
-1.432746615456485628e+01
-1.422746615456485664e+01
-1.412746615456485522e+01
-1.402746615456485557e+01
-1.392746615456485593e+01
-1.382746615456485628e+01
-1.372746615456485664e+01
-1.362746615456485522e+01
-1.352746615456485557e+01
-1.342746615456485593e+01
-1.332746615456485628e+01
-1.322746615456485664e+01
-1.312746615456485522e+01
-1.302746615456485735e+01
-1.292746615456485593e+01
-1.282746615456485451e+01
-1.272746615456485664e+01
-1.262746615456485522e+01
-1.252746615456485735e+01
-1.242746615456485593e+01
-1.232746615456485451e+01
-1.222746615456485664e+01
-1.212746615456485522e+01
-1.202746615456485735e+01
-1.192746615456485593e+01
-1.182746615456485451e+01
-1.172746615456485664e+01
-1.162746615456485522e+01
-1.152746615456485735e+01
-1.142746615456485593e+01
-1.132746615456485451e+01
-1.122746615456485664e+01
-1.112746615456485522e+01
-1.102746615456485735e+01
-1.092746615456485593e+01
-1.082746615456485451e+01
-1.072746615456485664e+01
-1.062746615456485522e+01
-1.052746615456485735e+01
-1.042746615456485593e+01
-1.032746615456485451e+01
-1.022746615456485664e+01
-1.012746615456485522e+01
-1.002746615456485380e+01
-9.927466154564855927e+00
-9.827466154564854506e+00
-9.727466154564856637e+00
-9.627466154564855216e+00
-9.527466154564853795e+00
-9.427466154564855927e+00
-9.327466154564854506e+00
-9.227466154564856637e+00
-9.127466154564855216e+00
-9.027466154564853795e+00
-8.927466154564855927e+00
-8.827466154564854506e+00
-8.727466154564856637e+00
-8.627466154564855216e+00
-8.527466154564853795e+00
-8.427466154564855927e+00
-8.327466154564854506e+00
-8.227466154564856637e+00
-8.127466154564855216e+00
-8.027466154564853795e+00
-7.927466154564855927e+00
-7.827466154564854506e+00
-7.727466154564856637e+00
-7.627466154564855216e+00
-7.527466154564853795e+00
-7.427466154564855927e+00
-7.327466154564854506e+00
-7.227466154564856637e+00
-7.127466154564855216e+00
-7.027466154564853795e+00
-6.927466154564855927e+00
-6.827466154564854506e+00
-6.727466154564856637e+00
-6.627466154564855216e+00
-6.527466154564853795e+00
-6.427466154564855927e+00
-6.327466154564854506e+00
-6.227466154564856637e+00
-6.127466154564855216e+00
-6.027466154564853795e+00
-5.927466154564855927e+00
-5.827466154564854506e+00
-5.727466154564856637e+00
-5.627466154564855216e+00
-5.527466154564853795e+00
-5.427466154564855927e+00
-5.327466154564854506e+00
-5.227466154564856637e+00
-5.127466154564855216e+00
-5.027466154564853795e+00
-4.927466154564855927e+00
-4.827466154564854506e+00
-4.727466154564856637e+00
-4.627466154564855216e+00
-4.527466154564853795e+00
-4.427466154564855927e+00
-4.327466154564854506e+00
-4.227466154564856637e+00
-4.127466154564855216e+00
-4.027466154564853795e+00
-3.927466154564855927e+00
-3.827466154564854506e+00
-3.727466154564856637e+00
-3.627466154564855216e+00
-3.527466154564853795e+00
-3.427466154564855927e+00
-3.327466154564854506e+00
-3.227466154564856637e+00
-3.127466154564855216e+00
-3.027466154564853795e+00
-2.927466154564855927e+00
-2.827466154564854506e+00
-2.727466154564856637e+00
-2.627466154564855216e+00
-2.527466154564853795e+00
-2.427466154564855927e+00
-2.327466154564854506e+00
-2.227466154564856637e+00
-2.127466154564855216e+00
-2.027466154564853795e+00
-1.927466154564855927e+00
-1.827466154564854506e+00
-1.727466154564856637e+00
-1.627466154564855216e+00
-1.527466154564853795e+00
-1.427466154564855927e+00
-1.327466154564854506e+00
-1.227466154564856637e+00
-1.127466154564855216e+00
-1.027466154564853795e+00
-9.274661545648559269e-01
-8.274661545648545058e-01
-7.274661545648566374e-01
-6.274661545648552163e-01
-5.274661545648537953e-01
-4.274661545648559269e-01
-3.274661545648545058e-01
-2.274661545648566374e-01
-1.274661545648552163e-01
-2.746615456485379525e-02
7.253384543514407312e-02
1.725338454351454942e-01
2.725338454351433626e-01
3.725338454351447837e-01
4.725338454351462047e-01
5.725338454351440731e-01
6.725338454351454942e-01
7.725338454351433626e-01
8.725338454351447837e-01
9.725338454351462047e-01
1.072533845435144073e+00
1.172533845435145494e+00
1.272533845435143363e+00
1.372533845435144784e+00
1.472533845435146205e+00
1.572533845435144073e+00
1.672533845435145494e+00
1.772533845435143363e+00
1.872533845435144784e+00
1.972533845435146205e+00
2.072533845435144073e+00
2.172533845435145494e+00
2.272533845435143363e+00
2.372533845435144784e+00
2.472533845435146205e+00
2.572533845435144073e+00
2.672533845435145494e+00
2.772533845435143363e+00
2.872533845435144784e+00
2.972533845435146205e+00
3.072533845435147626e+00
3.172533845435141941e+00
3.272533845435143363e+00
3.372533845435144784e+00
3.472533845435146205e+00
3.572533845435147626e+00
3.672533845435141941e+00
3.772533845435143363e+00
3.872533845435144784e+00
3.972533845435146205e+00
4.072533845435147626e+00
4.172533845435141941e+00
4.272533845435143363e+00
4.372533845435144784e+00
4.472533845435146205e+00
4.572533845435147626e+00
4.672533845435141941e+00
4.772533845435143363e+00
4.872533845435144784e+00
4.972533845435146205e+00
5.072533845435147626e+00
5.172533845435141941e+00
5.272533845435143363e+00
5.372533845435144784e+00
5.472533845435146205e+00
5.572533845435147626e+00
5.672533845435141941e+00
5.772533845435143363e+00
5.872533845435144784e+00
5.972533845435146205e+00
6.072533845435147626e+00
6.172533845435141941e+00
6.272533845435143363e+00
6.372533845435144784e+00
6.472533845435146205e+00
6.572533845435147626e+00
6.672533845435141941e+00
6.772533845435143363e+00
6.872533845435144784e+00
6.972533845435146205e+00
7.072533845435147626e+00
7.172533845435141941e+00
7.272533845435143363e+00
7.372533845435144784e+00
7.472533845435146205e+00
7.572533845435147626e+00
7.672533845435141941e+00
7.772533845435143363e+00
7.872533845435144784e+00
7.972533845435146205e+00
8.072533845435147626e+00
8.172533845435141941e+00
8.272533845435143363e+00
8.372533845435144784e+00
8.472533845435146205e+00
8.572533845435147626e+00
8.672533845435141941e+00
8.772533845435143363e+00
8.872533845435144784e+00
8.972533845435146205e+00
9.072533845435147626e+00
9.172533845435149047e+00
9.272533845435143363e+00
9.372533845435144784e+00
9.472533845435146205e+00
9.572533845435147626e+00
9.672533845435149047e+00
9.772533845435143363e+00
9.872533845435144784e+00
9.972533845435146205e+00
1.007253384543514763e+01
1.017253384543514905e+01
1.027253384543514336e+01
1.037253384543514478e+01
1.047253384543514620e+01
1.057253384543514763e+01
1.067253384543514905e+01
1.077253384543514336e+01
