2.324480106615489736e-03
6.948858688235077250e-04
6.056943891424986523e-04
3.142512963737647603e-04
2.639416444743350226e-04
2.560330076736661931e-04
2.223992180064389608e-04
2.176115550311712925e-04
2.088689543755372778e-04
1.547552615306119640e-04
1.489159503251322333e-04
1.432690363851435553e-04
1.307933240657632441e-04
1.267939300410256557e-04
1.071246753300298532e-04
1.031277076066474204e-04
9.949065783645028201e-05
9.522294534662130048e-05
9.336453438932171625e-05
9.115633623931177658e-05
8.759505670207416532e-05
8.452963004095652986e-05
8.237459016215375974e-05
7.998586702385525901e-05
7.066345754066907304e-05
6.787423703577851852e-05
6.429466514069964386e-05
6.013650417767016181e-05
5.836513160801464173e-05
5.810651669010377028e-05
5.691230679465567255e-05
5.532132154307338435e-05
5.420431733614368197e-05
5.345048801925353301e-05
5.223866086415738765e-05
4.891510494895074285e-05
4.666932370598187005e-05
4.539546519079567594e-05
4.450900863348282796e-05
4.404025937704100264e-05
4.252384783004639564e-05
4.175611840348026921e-05
4.058053891309751859e-05
3.948005100814689261e-05
3.775192764193955263e-05
3.731547959037505378e-05
3.664257300161711460e-05
3.592902664421247219e-05
3.507566883098147580e-05
3.415555331337265292e-05
3.343938637055165125e-05
3.285246904480659228e-05
3.180668197307635881e-05
3.150271287352295936e-05
3.095746872868638692e-05
3.040187777317124887e-05
2.961585438473834949e-05
2.856694919095197012e-05
2.830103112653803893e-05
2.751358190784352454e-05
2.711275664124163605e-05
2.663464349700304132e-05
2.613099340156062599e-05
2.570012021509565116e-05
2.486596990023089282e-05
2.452627433476240799e-05
2.426992699723115097e-05
2.366852430048916757e-05
2.310971356478362456e-05
2.275388826865286691e-05
2.238229189929566228e-05
2.181786356558404003e-05
2.163224966072762703e-05
2.140367445963043682e-05
2.114801312907626800e-05
2.100122897273442018e-05
2.040327558627429142e-05
2.010673494582498652e-05
1.985651353145364588e-05
1.968394399108043481e-05
1.950459744837896895e-05
1.918549782173868641e-05
1.887952838399032930e-05
1.878566796463706007e-05
1.854912498455489636e-05
1.832942673302368695e-05
1.811565856628581336e-05
1.771761782245051401e-05
1.736572752688417251e-05
1.724412911058258304e-05
1.699396025415159293e-05
1.675898968149253454e-05
1.638426840994288325e-05
1.626162883357744625e-05
1.596347656156365185e-05
1.573779130494616134e-05
1.546482139410165755e-05
1.539935113894425189e-05
1.515600073310635202e-05
1.504844070056568803e-05
