1.091465287142934009e-03
7.140560826141258491e-04
6.729153514670128868e-04
5.349059788046629880e-04
3.228273499343747486e-04
2.934739147638694575e-04
2.917961992042996311e-04
2.474178587299086804e-04
1.917230005864983594e-04
1.770172123016700483e-04
1.740762518783995174e-04
1.601889380570416222e-04
1.275005747029298400e-04
1.258372647734143021e-04
1.236897160498531064e-04
1.217065185111787257e-04
1.081564830888812073e-04
1.002165275243770631e-04
9.077011429381907860e-05
8.830614948806707115e-05
8.561184243673474197e-05
8.502495098619822754e-05
7.991014154128037704e-05
7.689061183705041540e-05
6.525310994963967755e-05
5.988911553664625839e-05
5.871430038178911115e-05
5.728524046026604269e-05
5.700264483181751389e-05
5.618843939738763388e-05
5.488932621291252003e-05
5.410964645096086317e-05
5.330540360417737415e-05
5.213934155589250669e-05
5.138320415443915529e-05
5.032360700867447077e-05
4.794584140656048992e-05
4.424938615461061650e-05
4.317563793199026545e-05
4.218629807940530775e-05
4.098379819299445808e-05
4.006609098355301340e-05
3.869700283521324398e-05
3.743246847555259117e-05
3.687940446386547990e-05
3.614096149272083238e-05
3.506172445012749333e-05
3.470272457542528815e-05
3.381217592202181039e-05
3.324935527014607871e-05
3.289880537420074958e-05
3.240795698164983870e-05
3.188371193011522195e-05
3.132365048545401930e-05
3.099942031409194779e-05
3.025116064041224637e-05
2.948576316720177991e-05
2.926741473243545965e-05
2.865472471119674439e-05
2.806109966887887440e-05
2.737174307825890389e-05
2.717125107462689033e-05
2.670542935049945477e-05
2.589642991229599653e-05
2.487134670286652614e-05
2.447157269378736496e-05
2.408402942614637656e-05
2.384958294238845403e-05
2.312669420291054765e-05
2.299870714640297000e-05
2.253989123944465000e-05
2.212022832362726255e-05
2.153571820238079645e-05
2.130526712342367850e-05
2.085470879280158213e-05
2.061592521082844059e-05
2.030330172441282096e-05
2.003055517299564205e-05
1.975511566940844855e-05
1.936706881793062864e-05
1.924085486165332025e-05
1.897506375120288147e-05
1.876718456973592414e-05
1.841315417189304043e-05
1.835671179611704466e-05
1.798429631231466351e-05
1.766065128634290759e-05
1.723594491824411416e-05
1.705889712067963550e-05
1.682116253061479452e-05
1.665228192324090249e-05
1.639359068005109569e-05
1.609345556123080483e-05
1.604290262870863365e-05
1.569660302775115714e-05
1.549232559229771807e-05
1.542952917061213544e-05
1.504251635956685745e-05
1.496845545517695853e-05
1.467326617508012719e-05
