1.395661837219298743e-03
1.156861864482894037e-03
5.336091332044909418e-04
3.866374935075779615e-04
3.705792737197453868e-04
3.130926295260040289e-04
2.649507269833507590e-04
2.531493758177785205e-04
1.710336408110314224e-04
1.699630310487204783e-04
1.611342231893126049e-04
1.583943437508080257e-04
1.534015801018391817e-04
1.444295738891209131e-04
1.156296226621956352e-04
1.126460088070861286e-04
1.059168635580192623e-04
1.014344414710532141e-04
9.931950428772230060e-05
9.839954704928175985e-05
9.616260966801234186e-05
8.792142611510629484e-05
7.579767610762387284e-05
7.463733360464572264e-05
7.396386975080223236e-05
7.168913266182289003e-05
7.007328205720965170e-05
6.863032520511011330e-05
6.266680569795812479e-05
6.014985308297781031e-05
5.846290191867536154e-05
5.547330106894053235e-05
5.469609730631536885e-05
5.438463038982906843e-05
5.188383641241743296e-05
5.043308288990077049e-05
4.744361114194379348e-05
4.683836777259541240e-05
4.522157182507659441e-05
4.430385972230236079e-05
4.402391131880568524e-05
4.173230920456430959e-05
4.050188270391074226e-05
3.989115752376692009e-05
3.884100558940341416e-05
3.767820184525544922e-05
3.671421828428870333e-05
3.608624337824106282e-05
3.539431066700667370e-05
3.424059556576053090e-05
3.383562517585296433e-05
3.328470255617412747e-05
3.256567251364513873e-05
3.237916935672087687e-05
3.186652811096711709e-05
3.126634695042599174e-05
3.027727906656504792e-05
2.972540439867216310e-05
2.914017367037487698e-05
2.871805658100019514e-05
2.782692618517687311e-05
2.755370295315411272e-05
2.690965306356891702e-05
2.636701857833740581e-05
2.621092143577147252e-05
2.550725472616115227e-05
2.512708451718241871e-05
2.473094335400316470e-05
2.462443890513281908e-05
2.384277187380433714e-05
2.359305314352356405e-05
2.318092968540380036e-05
2.256851795017023933e-05
2.200157633280654359e-05
2.175266220466777348e-05
2.131283629929276504e-05
2.122708857238947598e-05
2.086929645054064913e-05
2.055282463305478256e-05
2.035258423178584820e-05
1.986789572253279507e-05
1.969530245523172813e-05
1.957646698662736002e-05
1.931729859143268833e-05
1.904161508082170709e-05
1.872836543197538108e-05
1.842718266638395321e-05
1.811445882490990617e-05
1.800531107706294096e-05
1.779122685599597323e-05
1.762266873075799594e-05
1.738704452012846384e-05
1.717850714778007386e-05
1.663702381428005652e-05
1.644118778325208004e-05
1.622941940546930790e-05
1.609339256098396689e-05
1.572422787690566632e-05
1.564668331080848815e-05
1.539418364397858308e-05
