-9.428435006318878837e-07
-8.884917177437222100e-07
-6.949710411607012080e-07
-6.259139283750659037e-07
-4.129557646721301195e-07
-3.545207323574950026e-07
-2.023770513757971910e-07
-1.137744450018588368e-07
-4.978235708342782193e-08
8.114596044530527584e-09
1.050966437066686493e-07
1.419058973276907600e-07
2.600820162516360096e-07
3.224821929146994154e-07
3.756782192139399665e-07
4.516760032657454021e-07
5.252027785060222307e-07
6.176372364027627862e-07
6.531019105825229660e-07
8.234170767017833455e-07
8.423407207444960905e-07
9.755655816295748182e-07
1.062435055351966103e-06
1.172457439723578827e-06
1.371456774322611580e-06
1.564522935089879184e-06
1.622948664771767381e-06
1.952044393142867461e-06
2.254810740783556712e-06
2.766892576768344747e-06
3.136792605826380106e-06
4.274824035999334737e-06
5.894061109687699576e-06
6.874796380304794445e-06
1.163125881095121568e-05
