2.009452594929122572e-03
1.480288541770758207e-03
1.099664790096016370e-03
8.866375609966512753e-04
8.280358990318128316e-04
6.096594906600310768e-04
4.900213014466264392e-04
4.625202729624487154e-04
4.147070588095306490e-04
3.774221279989741916e-04
3.591367214192701051e-04
3.560418804965664202e-04
3.334356566897780038e-04
3.257791203071860333e-04
3.032496636322315887e-04
2.344870905000056216e-04
2.289091176106198785e-04
2.051436931745315791e-04
1.933830115199033461e-04
1.921374870410774650e-04
1.889048057115891278e-04
1.855690906031185524e-04
1.697075025419682781e-04
1.659581268331923988e-04
1.632923890698411177e-04
1.615261102763100815e-04
1.600808745042328347e-04
1.509517848210790547e-04
1.385162232112674354e-04
1.290763397734580353e-04
1.209135156541704448e-04
1.172989269906245615e-04
1.163252320761958073e-04
1.130051696594310825e-04
1.037949026560840095e-04
9.909211533083929935e-05
9.738182074763792500e-05
9.698174486243059053e-05
9.587035172254453747e-05
9.323632013007064547e-05
8.444964721962556749e-05
8.199910737685756697e-05
8.039298408436151063e-05
7.946210474768320299e-05
7.718889622155728782e-05
7.631932653281586776e-05
7.342258813358117293e-05
7.322471306627037989e-05
7.056523812602699360e-05
6.890033227621508174e-05
6.775116876906135731e-05
6.409330652353357669e-05
6.262168025739121098e-05
6.178848071497178805e-05
6.086436050710244733e-05
5.922085370869674490e-05
5.811883926654292851e-05
5.775707664805108168e-05
5.760733857573815080e-05
5.646219822479758138e-05
5.463028099590360543e-05
5.383109244487541069e-05
5.267104525850534224e-05
5.135650475059720226e-05
5.042545768870947489e-05
4.983141666885042130e-05
4.919769619218371265e-05
4.865318029597910453e-05
4.748477494566379331e-05
4.678123327082652887e-05
4.648706130848911223e-05
4.586588530890031511e-05
4.512426778241546068e-05
4.417662469379883121e-05
4.333353373373914435e-05
4.206413495053049599e-05
4.175084041587543300e-05
4.093231527224593238e-05
4.027903563778461899e-05
3.949252910908850701e-05
3.916753785511197650e-05
3.866241708315922568e-05
3.787164457316421584e-05
3.769602293521807571e-05
3.686585161637265674e-05
3.666865277250948302e-05
3.623087700261553212e-05
3.559757904110093414e-05
3.541380049146611699e-05
3.484322370592507294e-05
3.408285157228599084e-05
3.373073026230856766e-05
3.348814774461192963e-05
3.318361088657335926e-05
3.255201770383234005e-05
3.224314867738880332e-05
3.172738496637406201e-05
3.133717034590044589e-05
3.096284173611764867e-05
3.075732551392301685e-05
