6.449978675554083902e-04
2.356411990220403057e-04
1.848961002874225312e-04
1.368600436294116756e-04
1.044646739800449186e-04
8.237154884693975363e-05
6.974748824162681042e-05
6.723198528801779383e-05
6.195388811665928340e-05
6.012476602379319382e-05
4.260316527449961035e-05
4.059834069171286468e-05
3.921129256203139871e-05
3.746882966285863868e-05
3.466923205319847099e-05
3.415962402618583012e-05
3.275985823407731405e-05
3.053603426704146846e-05
2.908801621164630694e-05
2.833748833264319593e-05
2.734398083352863971e-05
2.570890030987259110e-05
2.439539073429558558e-05
2.283535807635194971e-05
2.043072620098523322e-05
2.026701414473944425e-05
1.981618345631339819e-05
1.899721220359392796e-05
1.844733933809280320e-05
1.813295694346241736e-05
1.748078072032228580e-05
1.673353397545276628e-05
1.619622685433226079e-05
1.602410842166346352e-05
1.551585816163769820e-05
1.520748413958929590e-05
1.470009352534388372e-05
1.425952981935810465e-05
1.385510353452764311e-05
1.375970625256513950e-05
1.328184319584049526e-05
1.288351531649313459e-05
1.249764149503845091e-05
1.206240620366665439e-05
1.156243129023864586e-05
1.146292700115673581e-05
1.116878334202021744e-05
1.074374842513553115e-05
1.059121851774830158e-05
1.035631832459879240e-05
1.010555090115396343e-05
9.951668411599474672e-06
9.661044823524723342e-06
9.391276008482655872e-06
9.265460002331333051e-06
9.009595633829107014e-06
8.827778027015465567e-06
8.613848206327271687e-06
8.496710371325769649e-06
8.354592945843727559e-06
8.127143076302208288e-06
7.918491334843769948e-06
7.798776369135991055e-06
7.607657073432536158e-06
7.469965603044356896e-06
7.369734181634177104e-06
7.287347697263631593e-06
7.159717320425331212e-06
7.099724182827722104e-06
6.971161182266015212e-06
6.776145390204554140e-06
6.592274561114870284e-06
6.484484013143591407e-06
6.407004197244040888e-06
6.310540411397959930e-06
6.234975348105913380e-06
6.100792315856507293e-06
6.056212456049294783e-06
5.894448412261062027e-06
5.809133565353272554e-06
5.674081127551062121e-06
5.544587590640984890e-06
5.420816193619812572e-06
5.297095691006670601e-06
5.206184542790038067e-06
5.165371647778729781e-06
5.099672622526042678e-06
4.937821210767737153e-06
4.912986017770231418e-06
4.775304818663109218e-06
4.726763116031913484e-06
4.593493595526657027e-06
4.492098584321097163e-06
4.446865339978166659e-06
4.358533285731128563e-06
4.305402171048427243e-06
4.269046017451829899e-06
4.149569269338828698e-06
4.104913507455921676e-06
4.025730864600827146e-06
