3.795851855260555562e-04
2.349055011179063818e-04
2.299274343883686144e-04
1.904562332701042766e-04
1.133309217617007680e-04
7.536584667940676870e-05
7.468599934342320663e-05
7.177621329440411009e-05
6.723364584113690262e-05
4.603344214006723872e-05
4.435322195006696154e-05
4.347229819157175611e-05
4.146991650418429799e-05
3.867131382352015199e-05
3.528041599195998255e-05
3.387050109549802807e-05
3.286496077682367562e-05
2.938245595372022205e-05
2.844749050136019156e-05
2.743161773441215462e-05
2.654611788009704742e-05
2.567185162019875041e-05
2.505922231802642700e-05
2.359330108609835729e-05
2.217420908629045813e-05
2.142685914586274384e-05
2.088108280092161519e-05
1.936842287373801154e-05
1.850629928149583826e-05
1.769321295689663546e-05
1.696603227545251649e-05
1.691847037354415756e-05
1.617604243478692853e-05
1.563611928661333991e-05
1.533948215620691100e-05
1.486004743397199618e-05
1.436796226965315700e-05
1.393769036122298191e-05
1.358816061015914714e-05
1.314669403744944344e-05
1.279262097981929866e-05
1.264900241820564734e-05
1.240403549725888680e-05
1.223399245917990806e-05
1.180256394879988833e-05
1.158962712461011243e-05
1.120903193144490031e-05
1.078054573904136015e-05
1.056740483932434005e-05
1.033968015000842593e-05
1.025587513133099594e-05
9.746892236154726676e-06
9.594281651418841932e-06
9.549053922825510805e-06
9.288560069327971355e-06
8.950899635849742374e-06
8.909904537020233781e-06
8.750215440119946418e-06
8.494673012071213552e-06
8.329439154764669767e-06
8.175536841330748611e-06
8.052229625057602433e-06
7.978535264115090548e-06
7.777943176541884693e-06
7.630499932319498505e-06
7.473718329891747827e-06
7.253877176114427714e-06
7.208589626212240368e-06
6.995590670392340392e-06
6.890624007750872778e-06
6.784732308964678532e-06
6.538380182200673380e-06
6.461221634884131708e-06
6.351658826914079029e-06
6.317753153535190666e-06
6.194464867596797685e-06
6.050538462971402689e-06
5.983501524418831952e-06
5.852236719404719497e-06
5.714089417233495748e-06
5.643099106408530085e-06
5.598034681443036706e-06
5.418236683579831575e-06
5.333432526620327205e-06
5.279602412451428845e-06
5.102173620785729423e-06
5.063334696102601894e-06
4.914240240429449689e-06
4.855047185365989020e-06
4.783657617505510461e-06
4.736757180170551996e-06
4.616642173576457133e-06
4.538450807604174838e-06
4.491340216905444205e-06
4.364050995771235855e-06
4.249681600037669575e-06
4.201683315472000298e-06
4.082802423499924040e-06
4.013739885423281793e-06
3.921980305141767817e-06
