-9.638078065499316226e-07
-7.551681863161703893e-07
-5.964355607356500734e-07
-4.614742482322618537e-07
-3.984391419189403473e-07
-2.803147379436802317e-07
-2.367086257569409564e-07
-1.322831308063245330e-07
-8.133355722128222232e-08
3.301288309905770480e-09
4.154519382788714831e-08
7.200053490184576053e-08
1.881191950951029911e-07
2.437809918367547035e-07
3.419761471632984181e-07
3.626993575488869141e-07
4.578335218875890749e-07
5.469603021395866944e-07
6.509057564315459294e-07
7.362508226064221832e-07
8.109201496540266129e-07
1.026224466822222334e-06
1.055375851458419157e-06
1.153581595412067870e-06
1.319159113103645307e-06
1.575139877572901837e-06
1.686345293938931080e-06
1.853644587219423869e-06
2.070310591251601278e-06
2.704942888289631343e-06
4.673162065896727872e-06
6.293585724398181365e-06
6.647321325062251030e-06
1.291978385628174205e-05
2.986102730654968521e-05
