4.396077280074236668e-04
2.083542890510212955e-04
1.353915916184313334e-04
1.276708666766162995e-04
1.308439242174019987e-04
1.326570288989563622e-04
7.207411568998890804e-05
6.908162641057733779e-05
6.488752047734334364e-05
5.612273290786498132e-05
4.611163567228163736e-05
4.444430451742300658e-05
4.334973335417721099e-05
3.918782027821389311e-05
3.559722808626296890e-05
3.466786448333277019e-05
3.308899679997098715e-05
3.189974680997196394e-05
2.977048196148545907e-05
2.730171082358095346e-05
2.620925718828620403e-05
2.522289529644281721e-05
2.426312356147554300e-05
2.366459611082190746e-05
2.260585931981818489e-05
2.208648091030782087e-05
2.146019671062754817e-05
2.087014479296294363e-05
2.008740208372915495e-05
1.911266553712628394e-05
1.824926196363723570e-05
1.784861461563229978e-05
1.713322101828910625e-05
1.653938211440888283e-05
1.608145567260873656e-05
1.494272052698274564e-05
1.464943033114323740e-05
1.398495532356827247e-05
1.370927228985188553e-05
1.342668652425562475e-05
1.307166705836697223e-05
1.269209010217085320e-05
1.242408032523897158e-05
1.197444530458286464e-05
1.156464730618196773e-05
1.141113102685028005e-05
1.119918498811405599e-05
1.089085215893792941e-05
1.080923238316672662e-05
1.053228896218146530e-05
1.035621424397370434e-05
9.949265351591162892e-06
9.635140957511613514e-06
9.428200442683903204e-06
9.205707630859330756e-06
9.102644271606601873e-06
8.799804806648167267e-06
8.547694611955998186e-06
8.411668325945262988e-06
8.267644633672368678e-06
8.156175859049061559e-06
7.912783593071778376e-06
7.762535924830360040e-06
7.689159373060359476e-06
7.640321806299764159e-06
7.406813462525840476e-06
7.312307402041588281e-06
7.142606147709842811e-06
7.063626396127787677e-06
6.910172917319820414e-06
6.622649456335684834e-06
6.566067376118949621e-06
6.472969032471152768e-06
6.374532104621672322e-06
6.302329939970117917e-06
6.202201192987841772e-06
6.062010523849369800e-06
5.979237216793710288e-06
5.926921092151050347e-06
5.732678925994192928e-06
5.665565697743048632e-06
5.499664608556927962e-06
5.435306090673136383e-06
5.353522150683893297e-06
5.268466110331550431e-06
5.194278268362473263e-06
5.053089843539450355e-06
4.934054407159099263e-06
4.865669075955024995e-06
4.738792644720208663e-06
4.703613257273335281e-06
4.608212458409358601e-06
4.527564147235316056e-06
4.407089401651604344e-06
4.365445353620830511e-06
4.222570825083769408e-06
4.133103652044022404e-06
4.077674858792210438e-06
3.986831252938503150e-06
3.963350047827142697e-06
