2.892085942687619773e-03
2.604479639174003911e-03
1.954252468730104716e-03
1.464664467197081873e-03
9.414829810345724760e-04
8.482844962031230087e-04
6.412716777632504776e-04
5.366140060092538947e-04
4.924316127130285228e-04
4.375779223662800083e-04
4.314241937389924814e-04
4.321948324932044748e-04
4.176200048652740394e-04
3.668618315173798636e-04
3.371049735357270396e-04
3.226315953045559570e-04
2.848590695278362789e-04
2.584306695442684207e-04
2.530779100136107342e-04
2.308549914462101329e-04
2.242522698607110686e-04
2.120411716708651300e-04
1.997792543487992645e-04
1.953897608513164620e-04
1.937298213828690435e-04
1.910374214689213891e-04
1.908276359600898683e-04
1.853505744407077079e-04
1.848152759490575886e-04
1.810792947018820438e-04
1.766110937774934952e-04
1.566294899535875017e-04
1.436508552443498089e-04
1.341526271255444596e-04
1.321091758262079685e-04
1.275343339779754588e-04
1.219277886869090619e-04
1.182880488333885080e-04
1.160586833295436848e-04
1.139155304619850841e-04
1.113150834881693950e-04
1.108604904368241738e-04
1.094283325298060148e-04
1.074826843382698882e-04
1.054617701156714411e-04
1.035624313324957576e-04
9.857811024768565902e-05
9.761825638088231683e-05
9.515453791457252164e-05
9.392453995056475953e-05
9.331652103259316800e-05
8.981549895504419879e-05
8.698062501415879306e-05
8.434443770807932637e-05
8.327193957730228281e-05
7.865422454382260502e-05
7.868710914129509616e-05
7.586694945854902214e-05
7.454903935622592722e-05
7.146672789273661420e-05
6.973430459050157721e-05
6.882156521768165625e-05
6.765413982931074114e-05
6.621058268887733726e-05
6.556412621128951835e-05
6.373672580396784492e-05
6.305857158237383048e-05
6.153812767881536175e-05
6.012618327343845833e-05
5.926932135107618578e-05
5.874797884054596282e-05
5.862923503739107014e-05
5.772470551462876534e-05
5.613600174228947163e-05
5.603912184725969557e-05
5.444456842273396723e-05
5.423683453314293544e-05
5.347629732675048111e-05
5.143727207659203916e-05
5.174491857763420218e-05
5.174117095803408388e-05
4.998256561828871397e-05
4.963152531602491193e-05
4.932760813270848759e-05
4.817879704213954900e-05
4.784021534476671345e-05
4.721706156698881728e-05
4.638887815976124789e-05
4.597077814778188933e-05
4.565284842098075752e-05
4.481162591789498984e-05
4.417655235150437710e-05
4.400132627440473207e-05
4.295807341656474282e-05
4.264662038804030854e-05
4.202896808906901035e-05
4.190196897405361375e-05
4.063230097953860793e-05
4.021375980694215851e-05
3.998605736413427572e-05
