1.211095335539951086e-02
8.097022715283704389e-03
2.610993197338178171e-03
1.492651969827257785e-03
1.194945828116217084e-03
8.174561778432869056e-04
8.121387432715376428e-04
7.308414586771128704e-04
4.918184108034835559e-04
4.275532807724067392e-04
3.982667374025119751e-04
3.948889525342006899e-04
3.541125452826340554e-04
3.336154489514571160e-04
3.250827058720759345e-04
3.102538188222322664e-04
2.898009758563329123e-04
2.867206863249460052e-04
2.838248636843361387e-04
2.079348437368367774e-04
2.012200120198738128e-04
1.979362634154979478e-04
1.968348256835394505e-04
1.853867135692955877e-04
1.823212491242109164e-04
1.780005924929837016e-04
1.750959145706703116e-04
1.745643686103582649e-04
1.720046735392674251e-04
1.616766587647691363e-04
1.708133755835702049e-04
1.705726098803524843e-04
1.492968166227961742e-04
1.314156843941836200e-04
1.271562071041501952e-04
1.227764005279285097e-04
1.154439414602931194e-04
1.151403785865095933e-04
1.132162273886806064e-04
1.119151319426862570e-04
1.114007327797952819e-04
1.089440955873450248e-04
1.082855418094405179e-04
1.046241693606010843e-04
1.009881051750489978e-04
1.003745271513916011e-04
9.923514377912422092e-05
9.871180541391642524e-05
9.676569167917748815e-05
9.677505803291947429e-05
9.446226583948359615e-05
9.099104980811211277e-05
9.028586852128640502e-05
8.591890488591873154e-05
8.360383784159335107e-05
8.041375153552404319e-05
7.976399591837756711e-05
7.947896598872837960e-05
7.854338264926104209e-05
7.588447695792886153e-05
7.581993907742546799e-05
7.278654674945415979e-05
7.190731662323620276e-05
7.123489197687144967e-05
7.027051875971315428e-05
6.948894551349065905e-05
6.686676760086300553e-05
6.504455616366207663e-05
6.446045801933945863e-05
6.156415149456118097e-05
6.169076174250658344e-05
6.171704361740851870e-05
6.009728260581067156e-05
5.997237707347715952e-05
5.926454652994397540e-05
5.720642086901198489e-05
5.696120450240022205e-05
5.629304888169973155e-05
5.495401070135050726e-05
5.442454544469808105e-05
5.419820910162834475e-05
5.344730568563519599e-05
5.206097691678947433e-05
5.211482993170029780e-05
5.071683425378388662e-05
5.011883372733709068e-05
5.004937475979905466e-05
4.907321989249740851e-05
4.771144555588132470e-05
4.718403231309160222e-05
4.680549648172701053e-05
4.620902090874483259e-05
4.597317309929306627e-05
4.475339059310107226e-05
4.462714058532149915e-05
4.401370524407774329e-05
4.361348061914568225e-05
4.265382335935136740e-05
4.253544127976859740e-05
4.234452731660244502e-05
