2.181045691766903959e-04
1.565464445402820284e-04
1.560563842204635350e-04
1.461595677021729851e-04
1.440312774149017368e-04
9.342957252117969175e-05
9.175283162165145088e-05
7.745076310666750886e-05
6.731052981065767100e-05
6.471705479572173599e-05
5.946364055508730794e-05
5.145266253632918579e-05
4.977991837254847182e-05
4.350305549170931796e-05
3.504842603787861462e-05
3.429800193747039618e-05
3.365531678607533341e-05
3.333949749963746790e-05
3.308734235507530927e-05
3.205105482983866257e-05
3.009155828019376247e-05
2.984863920841687902e-05
2.631873267509320428e-05
2.452034590880245845e-05
2.190805780303827643e-05
2.155130388804904357e-05
2.051744827757410872e-05
2.014152059115642161e-05
1.998269335225031151e-05
1.934337134599614619e-05
1.860997935457517008e-05
1.811657749439815821e-05
1.676222826577517802e-05
1.647158845257714455e-05
1.640694058394121023e-05
1.584370950678208245e-05
1.513629317359731402e-05
1.466132851738536074e-05
1.437955189201223276e-05
1.412268169094418485e-05
1.389330452159576763e-05
1.338367345528355638e-05
1.275586555891603217e-05
1.246606419653355208e-05
1.214493992647933992e-05
1.151429516019451714e-05
1.129300452003853365e-05
1.112529933897505769e-05
1.091564450688831354e-05
1.063968088120837303e-05
1.048312510762253382e-05
9.998567330312997461e-06
9.876605227465564909e-06
9.672795623338033760e-06
9.236163685894390620e-06
9.099464826431565793e-06
8.974081444143252968e-06
8.859456114705872672e-06
8.691571769714237145e-06
8.370441500502258904e-06
8.158078232730373320e-06
7.959579547314846824e-06
7.835271389142641670e-06
7.742457258346641192e-06
7.541434686107891832e-06
7.410675903406136612e-06
7.182235999929718042e-06
7.120398821236292869e-06
7.070312528052787528e-06
6.942469715467136513e-06
6.667193896619952068e-06
6.593921657700559546e-06
6.545336079659996157e-06
6.358003561744174821e-06
6.249734428764847473e-06
6.072589204957312727e-06
6.058362829634675897e-06
5.977336861253168112e-06
5.801496324663169268e-06
5.670976212583593100e-06
5.620155669837579226e-06
5.499951710888937594e-06
5.472337688085100999e-06
5.367579457049813572e-06
5.349558503281968291e-06
5.097963310348265471e-06
5.039966495248606853e-06
4.837465308077786210e-06
4.743061609407459616e-06
4.700361735235273278e-06
4.652873674769193968e-06
4.552649221384534297e-06
4.443656632184613934e-06
4.435500058392441513e-06
4.279286173914064144e-06
4.219917977077303957e-06
4.158116030041905226e-06
4.044096926925756217e-06
3.988089104172799226e-06
3.937628459140278189e-06
