1.758650750045720121e-02
4.720970662168794303e-03
2.233073842091795949e-03
1.853011182202272478e-03
1.169245721929130805e-03
8.486067832491287627e-04
8.387954378447475814e-04
6.281260914395702267e-04
5.828838065204560749e-04
5.124784809241487256e-04
4.132780510018524227e-04
3.611822037859730534e-04
3.518509201733599945e-04
3.446637130450119681e-04
3.003817856051110846e-04
2.895990055238230202e-04
2.582765658952577287e-04
2.485783186350064050e-04
2.460158794775648122e-04
2.440659294739748529e-04
2.283120415187183598e-04
2.126995627146867818e-04
2.097048192303146996e-04
1.825786379568687548e-04
1.798177852421992020e-04
1.769316761503833134e-04
1.673033179396124297e-04
1.650414677588539426e-04
1.625802408129568204e-04
1.603545235331396408e-04
1.584307276973142035e-04
1.560926788473833448e-04
1.560802827412912459e-04
1.478533792849169050e-04
1.452263036658331559e-04
1.312715200008663112e-04
1.276483606306617077e-04
1.240041184379604895e-04
1.183153591258804090e-04
1.178057065057239069e-04
1.127992812234493149e-04
1.122673227331683564e-04
1.086411785395952366e-04
1.074535037289275642e-04
1.038770949705377359e-04
1.016561361794665380e-04
1.005006497722623932e-04
9.661310578336427786e-05
9.396655726969423150e-05
9.352156049893609730e-05
9.267740690917414161e-05
8.885957625743209627e-05
8.662146673433536708e-05
8.484133618192754784e-05
8.182164891849396000e-05
8.044406597289678693e-05
7.953278142384691805e-05
7.908363205907334870e-05
7.833010718495751453e-05
7.716486172971993818e-05
7.559169978874678115e-05
7.385686629733256728e-05
7.316455498421310601e-05
7.065051978727104171e-05
7.085789076210482693e-05
6.934985197202034714e-05
6.885526665826810239e-05
6.797461652299905852e-05
6.737242667042359285e-05
6.559048647312666137e-05
6.306767966439179513e-05
6.101582327197815507e-05
5.950824834235704129e-05
5.894876947934636234e-05
5.831140488673341847e-05
5.718787287215006116e-05
5.703060331873840722e-05
5.643392344089903791e-05
5.469663264708922928e-05
5.396239871169013821e-05
5.375140945246638570e-05
5.358529544330805885e-05
5.275386219326565689e-05
5.160818187548596268e-05
5.076882131857865781e-05
5.020589816228235904e-05
4.912543786142851970e-05
4.892512492515870167e-05
4.851286752646715930e-05
4.816845806403456914e-05
4.688951391692835894e-05
4.628804825634249968e-05
4.632988735575444380e-05
4.497330512481831317e-05
4.459218562188536455e-05
4.362396406654281612e-05
4.339008460213059521e-05
4.220039604804468362e-05
4.186499446394830056e-05
4.153359837866733211e-05
