9.628138306940279949e-05
7.057070554234161526e-05
5.707044287211769570e-05
3.294488552188277157e-05
2.415260678377004479e-05
1.822396511623290824e-05
1.522413718645003418e-05
1.391730983337883138e-05
1.218915653733201776e-05
1.092426631503837361e-05
1.055197670168669048e-05
9.641624056679888951e-06
8.520992194619534808e-06
7.513527270704162382e-06
6.980674806231824675e-06
6.623102584743024300e-06
6.184724519356738888e-06
6.067957495768767784e-06
5.612807995090839371e-06
5.424550302753072478e-06
5.072848588962804159e-06
4.966414901349554567e-06
4.808001669553439025e-06
4.589855228091764685e-06
4.331528009032993852e-06
4.206166812608437272e-06
4.104966873174802278e-06
3.916547362389725968e-06
3.764598228844628490e-06
3.681468192641577962e-06
3.394861843121959683e-06
3.367430920756648259e-06
3.182317024673002757e-06
3.062209239190585631e-06
2.959203128296881124e-06
2.847035387041675031e-06
2.760091074877070078e-06
2.704799461334835489e-06
2.558540842560302841e-06
2.460770610524750590e-06
2.351904573414137968e-06
2.232425356512379628e-06
-1.091540977997077782e-06
-1.005899145636063453e-06
2.095271503253838139e-06
2.008775181501449230e-06
1.965663156885268280e-06
-9.513280798195442953e-07
1.856448215109157362e-06
-8.676381821870316264e-07
-7.922048728429394532e-07
-7.787168766431726286e-07
1.783368486885505794e-06
1.692193681505743811e-06
1.616509274032240907e-06
1.564120492752725348e-06
-6.421358865296933343e-07
-6.001626178617266520e-07
1.493649324568187127e-06
-5.368155995113668485e-07
1.425164051838125829e-06
-4.866724136139235720e-07
-4.409047129360789044e-07
1.351383674017557678e-06
1.274297567899013438e-06
1.224481980771311325e-06
1.171750081505766572e-06
-3.035827649863072299e-07
1.062310269558124049e-06
1.024499584937336051e-06
-2.327043758894912158e-07
-2.093546224156706882e-07
9.629512907370449228e-07
9.159354184434841470e-07
-1.663149790773368020e-07
-1.387077335477107584e-07
8.504943693678083416e-07
-7.128085629809054324e-08
-3.718682026102756546e-08
-1.896930691514493210e-08
8.095626348355276230e-07
2.791647430372607869e-08
7.400489425172649019e-07
6.925251723631618598e-07
6.772872324207222340e-07
1.020655013231060633e-07
1.399201218335946244e-07
6.135383375027043954e-07
5.689628310178976273e-07
5.527304880287515510e-07
1.822647950760908444e-07
5.070470515531342996e-07
4.802928205795093239e-07
2.200459656262752394e-07
2.757813278594464215e-07
2.634268690793605764e-07
3.044762320520414138e-07
4.229674564888451781e-07
3.626533924923573335e-07
3.691368712826192799e-07
