9.695055698975610088e-05
5.395779826892125290e-05
4.047818940377454600e-05
3.266088142979882111e-05
2.029297181125869472e-05
1.904621699922423017e-05
1.524445781083553994e-05
1.142634737545196131e-05
1.083011240342846322e-05
9.431780377213607654e-06
9.043298728463184646e-06
8.663983023268114207e-06
7.949271818757587440e-06
7.555450277785173986e-06
7.313765277529449277e-06
6.667068241639323073e-06
6.215120772593743386e-06
5.869746439640164950e-06
5.569988784187611027e-06
5.358427400633707373e-06
4.995155404219005087e-06
4.804211481523369088e-06
4.657325777701463647e-06
4.408521413900094350e-06
4.185203038960582350e-06
4.106865879965029733e-06
3.777112908315261043e-06
3.673778810667056958e-06
3.571473896495239189e-06
3.413894350214110959e-06
3.310615465674225727e-06
3.229989862602377495e-06
2.982034065681780847e-06
2.880341358964726559e-06
2.858200497276653256e-06
2.635115356961694728e-06
2.530283518713269795e-06
2.424274059553767108e-06
2.353435878868977571e-06
-1.199594516202929540e-06
-1.166945361862439111e-06
2.301236882274301717e-06
2.241188711018988417e-06
2.148956341265494863e-06
2.061918569438040151e-06
-1.060656038401309649e-06
-1.024160613237229822e-06
-9.928350432602684555e-07
1.960320245172787266e-06
1.885391829416414831e-06
1.796898826305744675e-06
1.767267720184271392e-06
-8.381197045143292863e-07
1.635854878949848440e-06
-7.467837008982283025e-07
1.520649275714222011e-06
-6.837349233263528607e-07
-6.357040138611476463e-07
1.437494358773500822e-06
1.430028186895318310e-06
-5.856077868049844614e-07
1.322745900022473173e-06
1.293972248642168646e-06
1.220546177012061441e-06
-5.045473115413389565e-07
-4.595544670836732631e-07
1.147513525013819407e-06
1.093305206017617241e-06
-3.963541821816877749e-07
1.020326646489761109e-06
9.803659966417376421e-07
9.383930436300264425e-07
-3.564049024187752425e-07
-3.094594810221134789e-07
-2.491404321273700366e-07
-2.214462086151322901e-07
8.556907243370948009e-07
7.996385070982605495e-07
7.714476903770671199e-07
7.063588048540385278e-07
6.793822256552424639e-07
6.365277312782277420e-07
-1.557657040762846656e-07
5.480377564707892123e-07
5.332501816755033312e-07
5.139036479653153383e-07
-1.046429522376197316e-07
-6.780226540492113153e-08
-5.358916176966762402e-08
9.799320481166647778e-09
3.344022568725406772e-08
4.452310940647605609e-07
3.892474763494241964e-07
3.346426412280114580e-07
3.110612325777986046e-07
2.779131133694068920e-07
8.428007249810077602e-08
1.946578061739501067e-07
1.520642858975098169e-07
1.383923042875122086e-07
