3.836831486804075640e-04
1.683273127728698491e-04
1.565778047776719955e-04
1.435084940414019000e-04
9.930957644559871374e-05
9.616966772899683069e-05
8.436113606120695268e-05
7.400422234057041197e-05
7.125620449678803027e-05
6.112019209247389654e-05
5.823508557837930389e-05
5.365055798728995490e-05
4.954266391960164930e-05
4.366364702311498880e-05
4.247871999183359113e-05
3.843973161352076516e-05
3.703630098501017230e-05
3.382199494527134668e-05
3.348874579533603942e-05
3.033163904461040584e-05
2.992334231901827321e-05
2.549728716994696098e-05
2.448061314096390369e-05
2.365555536288247175e-05
2.305620296444124801e-05
2.270917394919961055e-05
2.234311087488868649e-05
2.070248049829966308e-05
2.004604208995365799e-05
1.891240164232376754e-05
1.871401990767957728e-05
1.798949143047617728e-05
1.659000361573266112e-05
1.621459387481138234e-05
1.587420104406841439e-05
1.527633675102827796e-05
1.449781976317525295e-05
1.435998596094956167e-05
1.376619823821889044e-05
1.326961907537192521e-05
1.311693479931898950e-05
1.281187059097485312e-05
1.242328763004089173e-05
1.212047500026762534e-05
1.180663292448183232e-05
1.166310185657046498e-05
1.129770536592409869e-05
1.103065681445009081e-05
1.075521304815388626e-05
1.061306137712125706e-05
1.026434053282218290e-05
1.014000087428808342e-05
9.813062434119097075e-06
9.507109681420479718e-06
9.303607989697487829e-06
9.186695658980105833e-06
9.000803850186766172e-06
8.769695001629445479e-06
8.560144655376684332e-06
8.375941405177206797e-06
8.201765508795521279e-06
8.017097419060390833e-06
7.785244066395068861e-06
7.645297412307679448e-06
7.581968293319586873e-06
7.377502644204620233e-06
7.224459280175061086e-06
7.174037027953886158e-06
7.024188143908787891e-06
6.859775740212094124e-06
6.802659661441479710e-06
6.633391019727792327e-06
6.481116888212950796e-06
6.427348514404490288e-06
6.239039811828775573e-06
6.082913490421510111e-06
5.998561165513097082e-06
5.885182960385773551e-06
5.853934316144101846e-06
5.685386695046293248e-06
5.647475906690599709e-06
5.489311672498102060e-06
5.406679642927561107e-06
5.330233468947065082e-06
5.160648052228578206e-06
5.007836149106816243e-06
4.976343038144699227e-06
4.899077343596329726e-06
4.778334898057614988e-06
4.743649906337929908e-06
4.601878059425438462e-06
4.508009842302570963e-06
4.468237282901631190e-06
4.349974988929572254e-06
4.274915955373170421e-06
4.217283021934616553e-06
4.109957822906893750e-06
4.089326750876993152e-06
4.010120288934427111e-06
3.905939154222292464e-06
