4.726017290677863615e-03
1.168003393142346292e-03
4.136935804294545791e-04
3.603399661242517741e-04
3.532511173934556976e-04
3.507772117710083147e-04
2.411293458254501194e-04
2.177865473288813868e-04
1.655666683237682008e-04
1.605632438580371305e-04
1.573428928399902128e-04
1.557243968873799100e-04
1.482329820649359235e-04
1.452161814399962876e-04
1.258802549453047568e-04
1.029067879735502537e-04
1.022441946056438340e-04
9.397711160431042690e-05
9.103091352428193729e-05
8.512527808398610461e-05
8.329330423242376229e-05
8.225816448805853374e-05
8.059463615232568992e-05
7.855461862180823261e-05
7.840276626542726202e-05
7.580989031665384833e-05
7.412254143604361594e-05
7.020954987360436398e-05
6.852108356222341484e-05
6.285365722912484492e-05
6.066807317860207626e-05
5.883668681637688045e-05
5.804138140120638915e-05
5.720910489370393929e-05
5.530641795788064175e-05
5.273175994717644986e-05
5.233804071631750358e-05
5.184814178449577426e-05
5.037336856074558280e-05
5.013158033171996733e-05
4.798157529392272963e-05
4.485794645248715061e-05
4.110983261858555747e-05
3.943010400692974400e-05
3.872859672688395581e-05
3.736824380054635955e-05
3.706799775452693745e-05
3.658087406817131520e-05
3.612783223383725931e-05
3.557539608821957988e-05
3.417885227432835161e-05
3.398953543812278379e-05
3.343350158276690805e-05
3.277652983418914240e-05
3.185022832522070433e-05
3.084239192950254501e-05
3.061460119402658394e-05
3.020449059235552513e-05
2.959080722126567392e-05
2.909964332812829465e-05
2.802074854295686621e-05
2.736948902238944844e-05
2.731760140023468570e-05
2.642385859369317323e-05
2.580736782677204384e-05
2.540099840157655924e-05
2.494114152271019775e-05
2.452285571738780097e-05
2.427380556637752647e-05
2.408438155706425600e-05
2.361902381721985570e-05
2.329516349884887239e-05
2.300152089361511554e-05
2.266161018378539795e-05
2.203595412449592132e-05
2.173642459971299076e-05
2.135201396429673440e-05
2.118085984115064931e-05
2.094116809553039967e-05
2.055768334037076902e-05
2.046306884409383755e-05
2.015362545015666069e-05
2.005229618759943092e-05
1.938663772585060612e-05
1.900107502227183859e-05
1.897475856862940440e-05
1.871408092417510029e-05
1.840241575587790715e-05
1.777926649643207636e-05
1.760544476161067358e-05
1.742952677073259971e-05
1.738132993748332843e-05
1.726384007477489802e-05
1.701017080995655990e-05
1.650418488405047904e-05
1.642139438473995441e-05
1.616538680355495390e-05
1.601359195375074416e-05
1.578327762381692175e-05
1.549526702915824549e-05
