-1.093089381416131280e-06
-7.585842329144695875e-07
-6.371608865697751420e-07
-5.054505767707633889e-07
-3.131396949795177529e-07
-2.799883686924575510e-07
-2.254825885729688950e-07
-1.527872308904281565e-07
-9.353482194339513034e-08
4.268793940386348472e-08
9.281074187233798695e-08
1.571161293318480868e-07
2.579508594486286144e-07
3.150656289660153982e-07
4.354105791458401627e-07
4.998749763391966069e-07
5.455697699061041152e-07
6.029207573753909151e-07
6.681825858114254277e-07
8.205572399216321186e-07
8.751038594767963452e-07
1.051368763396828884e-06
1.189618140205242393e-06
1.346368400038624568e-06
1.495577841201986976e-06
1.645690370008999494e-06
1.823344300071219537e-06
1.907025845574786989e-06
2.650528380036413421e-06
2.789035108232780517e-06
2.989698082508495869e-06
3.489550233704243741e-06
4.792193222476749762e-06
5.151994941307887306e-06
7.097088909306828889e-06
