-1.017234828932892761e-06
-6.780221149806371197e-07
-6.187590772120858302e-07
-4.916761640579967968e-07
-3.690987405718860718e-07
-2.708732366371830513e-07
-1.681850202868559264e-07
-1.069687308693624660e-07
-3.559899895587457600e-08
4.279004522177136314e-08
9.422336969695134623e-08
1.731700798560472872e-07
2.792489872016126289e-07
4.233204990689127660e-07
4.703539240018652392e-07
5.049205887423609167e-07
6.018874245760895781e-07
7.160491051862941422e-07
7.800324644678980044e-07
8.955017176066889629e-07
1.045405127547637552e-06
1.088670437621042721e-06
1.209330000553654182e-06
1.413189029724626087e-06
1.617843082639276091e-06
1.843101647242978097e-06
1.892114699974025546e-06
2.112883165951262414e-06
2.243981470740521882e-06
2.695237303480466677e-06
3.025537298314928191e-06
3.325742431813000068e-06
3.666205903952159972e-06
3.871620335619220987e-06
4.603828030222948501e-06
