2.165552020351594383e-03
1.431303507152740682e-03
1.086808926977767421e-03
7.265086376880967216e-04
7.119233649981244376e-04
6.715395198741586644e-04
6.520618395296959822e-04
5.348825100640961904e-04
4.498652741048085970e-04
4.329634211296355803e-04
3.756492417223348916e-04
3.521070994807403722e-04
3.425897734626834096e-04
3.232559082408111126e-04
2.942451244128543668e-04
2.904489064798717506e-04
2.467664597218021728e-04
2.367025404376910027e-04
2.233075437688296415e-04
1.981555541264763557e-04
1.912548604887814884e-04
1.782680699919978286e-04
1.746578693206706705e-04
1.681960584386012214e-04
1.632856785334630247e-04
1.585693498470596395e-04
1.418765274065876493e-04
1.352055192151624321e-04
1.284894367567029840e-04
1.246991718408793420e-04
1.240765009190115476e-04
1.213860723971564863e-04
1.102634445498625092e-04
1.089944124923650741e-04
1.014860212927633123e-04
1.009091190779132122e-04
9.700098874438092508e-05
9.271346631000402941e-05
9.162925019663077414e-05
8.991401847598866305e-05
8.747406508006196838e-05
8.661101417491529834e-05
8.408050701601686608e-05
8.365710473636651381e-05
8.220666647386050754e-05
8.000524516295055930e-05
7.879099654003596644e-05
7.064770600123813275e-05
6.803635655467345157e-05
6.371029850075280029e-05
6.290727041710907378e-05
6.144413448449994198e-05
5.994302395844468983e-05
5.951022179256950360e-05
5.848344687355687155e-05
5.751978325490895939e-05
5.695050080658846197e-05
5.572491087429064341e-05
5.525745312573219055e-05
5.469273284906085920e-05
5.412094494160857956e-05
5.281443846697805026e-05
5.200312880735655533e-05
5.177067018302147869e-05
5.135750838002388580e-05
5.047658511550075824e-05
4.967868650415816840e-05
4.881350107486678126e-05
4.807599360657583082e-05
4.686595648059139118e-05
4.634013614504850248e-05
4.563343493576483455e-05
4.476329490078492194e-05
4.401477052412288180e-05
4.232791420393316691e-05
4.205653145158802411e-05
4.107013048145898254e-05
4.051597195090395759e-05
4.026789499039998689e-05
3.933260292306123100e-05
3.890837833504595059e-05
3.837967131595035883e-05
3.813086700436054002e-05
3.714402047455917048e-05
3.680096687891948478e-05
3.611856248223762169e-05
3.582707278961979843e-05
3.561955148694984227e-05
3.513450112245313054e-05
3.461375553501691002e-05
3.439836094294362943e-05
3.395516947326924920e-05
3.372677224456914946e-05
3.311714929361622164e-05
3.298150511177289860e-05
3.226276296438595521e-05
3.201751207774299713e-05
3.182590835414244055e-05
3.160759900539047296e-05
3.090758551064159916e-05
