1.209706164321752535e-02
2.607520309375718076e-03
1.210737873540594384e-03
8.119944932840551148e-04
8.039185463181426714e-04
7.353591737496892149e-04
4.167345253242410149e-04
3.984110942216058230e-04
3.956552335584604058e-04
3.545576338517507906e-04
3.392356210027360646e-04
3.318184134805115485e-04
2.946121200685958307e-04
2.849996714492014963e-04
2.050881282729000589e-04
2.016721070994314993e-04
1.951321792823546019e-04
1.964336229882689990e-04
1.803862033398538969e-04
1.782183413127231273e-04
1.752546159824027122e-04
1.730220907853785887e-04
1.709233037143129662e-04
1.677380782996600083e-04
1.600718756074118458e-04
1.443063967635304745e-04
1.270344909180205805e-04
1.231466870101797595e-04
1.215507801517585568e-04
1.180590238401125444e-04
1.160059801953156999e-04
1.130181170055255156e-04
1.124974967584155478e-04
1.115188627442681554e-04
1.023716574051128635e-04
1.007189026404999358e-04
9.856719490080181683e-05
9.811332923324987568e-05
9.514890062337929113e-05
9.396997999819413437e-05
9.423800791029249887e-05
8.674607653314291369e-05
8.517046237697457108e-05
8.368187071769233806e-05
8.143573880394680802e-05
8.036645442827365247e-05
7.896954550874410190e-05
7.738302415354324790e-05
7.610150854088900069e-05
7.289018703043150850e-05
7.194062167585413899e-05
6.955672753795571193e-05
6.772931423578588538e-05
6.628501010203796001e-05
6.236834710276278838e-05
6.116895877817083739e-05
6.020274548317596723e-05
5.957858583625165921e-05
5.916254962275133052e-05
5.870960999720153034e-05
5.756196062128743113e-05
5.674202033710624613e-05
5.499274542371619310e-05
5.470687330570313104e-05
5.374329206070417033e-05
5.281685871546307990e-05
5.245408145787666785e-05
5.048265320269497929e-05
4.955004971731133434e-05
4.839745501602418516e-05
4.821877362321226943e-05
4.741610949622221025e-05
4.618017073756056605e-05
4.607007066890675249e-05
4.437960395128772004e-05
4.408445478333174839e-05
4.337575448354073819e-05
4.310716850334915138e-05
4.219276595790495004e-05
4.182892712931982260e-05
4.086423747183260384e-05
4.016086381648432702e-05
3.933017243658126061e-05
3.870505758711585145e-05
3.824788443314944026e-05
3.729136107402313769e-05
3.695828268577573526e-05
3.666439940585019690e-05
3.643591529560862588e-05
3.591091012852283261e-05
3.551281979615643694e-05
3.490253374603183425e-05
3.464038434544122947e-05
3.409915073525821895e-05
3.377726123755266617e-05
3.365316598328382369e-05
3.284557858469529257e-05
3.232457208734063232e-05
3.140730290956366934e-05
3.123089128779255063e-05
