1.291695761561428922e-04
5.515679638719547307e-05
3.383460624714051674e-05
3.181563277668421992e-05
2.602158996880000997e-05
2.066712105185744902e-05
1.928056277967906830e-05
1.315164241797551051e-05
1.239277060814718157e-05
1.208982580343502211e-05
9.326740007696798063e-06
8.592251355458779011e-06
8.283987859984053988e-06
8.242869605423130288e-06
7.640560476832064545e-06
7.293756213280644706e-06
6.681299473817521452e-06
6.545066451667644690e-06
6.158295462316282768e-06
5.918185189983825270e-06
5.831033397000913602e-06
5.499815395061963314e-06
5.221458883481212900e-06
5.095324693175809998e-06
4.896395757963267042e-06
4.477985056308719101e-06
4.313032400899996905e-06
4.241963693843930806e-06
3.970240583407839646e-06
3.729883347333649993e-06
3.553162965887987351e-06
3.423113802375836757e-06
3.234800649104633616e-06
3.053887444295408965e-06
3.003022684485129228e-06
2.922856972998293321e-06
2.841161098055917434e-06
2.743916661634444916e-06
2.608204712731537479e-06
2.501948218195303273e-06
2.392623977865045335e-06
2.299408447885302530e-06
2.217884908552449150e-06
2.155385157031060262e-06
2.057317761720252582e-06
-1.005127730590429953e-06
1.983252718129822557e-06
1.931607880686936582e-06
1.805354575714305401e-06
1.737224579998154611e-06
1.666566912292442250e-06
-8.645697225025358756e-07
-8.250177522913214808e-07
1.576488011735455297e-06
-7.779921968907015908e-07
-7.050452123135412356e-07
-6.729809009059427295e-07
-6.121170252648838911e-07
-5.813579655179247962e-07
-5.071991327574849583e-07
1.477541157444120705e-06
1.421117312285411510e-06
1.389528259298187904e-06
-4.364453631491262200e-07
1.295334559936831158e-06
1.258385984186396242e-06
-3.639672575072207445e-07
1.158771133844631423e-06
1.106561499719284406e-06
-3.096806732318998966e-07
-2.641062556131024265e-07
-2.142646573145929002e-07
1.037811122334033948e-06
1.005055505609965552e-06
9.451588759863770368e-07
9.142981859505478463e-07
8.444761066354508519e-07
7.949908916098225382e-07
7.696501932343083434e-07
7.191095857454033553e-07
-1.431987073453374302e-07
-1.249144634547730099e-07
-5.934743780404016111e-08
-4.004608756862890547e-08
6.540748441297378416e-07
7.875719881237436612e-09
6.107625797646241946e-07
5.744850284030436553e-07
5.659784749906430421e-08
1.086564241084522124e-07
1.390557883309952995e-07
2.024465540242530246e-07
1.865049166696994011e-07
2.580111142228292585e-07
4.848778711792046342e-07
4.526364509598393611e-07
3.175500874116092344e-07
3.476148222923586585e-07
4.140998283086115777e-07
3.792862525193752055e-07
