-1.070009030086314417e-06
-8.789837893731691861e-07
-6.350955885012556214e-07
-4.880674718454277008e-07
-3.924083808200932805e-07
-3.267488931925352927e-07
-2.315723584354574997e-07
-1.454792171413295863e-07
-8.361575208522840168e-08
1.932623677311799314e-08
5.911800130491669121e-08
1.401834034661363241e-07
2.200504296264145170e-07
3.026383176402629917e-07
3.628020805345611902e-07
4.819972108622573509e-07
5.262495124243105345e-07
5.484813309878418571e-07
6.274496146449132039e-07
7.141549805871598890e-07
8.180417013116472585e-07
9.634886039201594408e-07
1.053132433324683127e-06
1.155521050811045175e-06
1.340110318002412392e-06
1.531889255880839923e-06
1.736466100556703377e-06
1.907836262110651099e-06
2.136222163415697948e-06
2.911621744597722665e-06
4.221403698927080534e-06
4.540147563856805809e-06
6.760767636384988806e-06
1.003928150910859927e-05
1.948049156386359506e-05
