7.508663890020780981e-05
3.478504914475221208e-05
3.273506546489888012e-05
2.152622697443351449e-05
1.997997602070019044e-05
1.945297447609262907e-05
1.612842786726103607e-05
1.362287736475567376e-05
1.262244814364516244e-05
1.179047996862073474e-05
1.070804912181168669e-05
1.023583237348160252e-05
8.618879443128299068e-06
7.730129307015009863e-06
7.430092794291072000e-06
7.312193855839816545e-06
6.661425896372693010e-06
6.127063980810028148e-06
5.905204694922112358e-06
5.610097858035225918e-06
5.458959766746883701e-06
5.262219549987339580e-06
5.110492779239644030e-06
4.809659384904548104e-06
4.590345110634289045e-06
4.320499458057257642e-06
4.121545899223310923e-06
3.902535057334343300e-06
3.742307696895815386e-06
3.587044102140737299e-06
3.442937120451534285e-06
3.284850208825255197e-06
3.140779385495157392e-06
3.022611444203458249e-06
2.845716445802740710e-06
2.721939262977324882e-06
2.585822812087873355e-06
2.443652195421463176e-06
2.380288693636696308e-06
-1.208855511011927979e-06
2.295540546466352408e-06
2.233827716822758107e-06
2.137622201675754458e-06
-1.105990137470945647e-06
2.066570384735499433e-06
-1.032800629937423793e-06
-9.907657409311781820e-07
-9.256188660972612086e-07
-8.952583650775032855e-07
1.946588030729245938e-06
1.901416498265119874e-06
-8.253103524294828972e-07
1.819692806767738036e-06
1.754828341756733850e-06
1.655573154148619237e-06
-7.150159791781377835e-07
1.592629625167367785e-06
1.521953365279394159e-06
1.477488583940924457e-06
-6.637544491104229636e-07
1.402398794905194230e-06
1.332842918115137413e-06
-5.819907739388102215e-07
-5.527837406115279483e-07
-5.197048837551803832e-07
1.274554054662831898e-06
-4.391510521476050362e-07
-3.978897927988082493e-07
1.141522906111390630e-06
1.127873205939156601e-06
-3.211058900530304182e-07
1.062941004867348506e-06
9.800062649363568057e-07
-2.441615777963669175e-07
-2.190179821641781963e-07
-1.506230559284924756e-07
-1.260509158065803255e-07
9.106030654725000868e-07
8.586796005054654704e-07
8.157720834930381229e-07
7.731620235212666722e-07
7.417929151074676889e-07
7.006113825814193055e-07
6.628349334719203974e-07
-5.005844419612960533e-08
6.009044532356286782e-07
5.525906841984673303e-07
5.141608714373625268e-07
4.602650452004889964e-07
-1.283933117308232001e-08
3.172249393799089151e-08
3.727106174816281964e-07
3.269750464119420425e-07
2.965425372472149022e-07
1.031064485169897034e-07
1.311292678613392790e-07
1.585716409727571905e-07
2.379894471600351307e-07
2.276817849500315159e-07
1.976480837860782932e-07
