2.171057636098803079e-03
1.862863579865451855e-03
1.434418058258242869e-03
1.087714274123187082e-03
7.252016652008991086e-04
7.152489703417715941e-04
6.842041585127673622e-04
6.577963282280737236e-04
5.814911547398784152e-04
5.359455218203578852e-04
4.512531905142651550e-04
4.298592936349141186e-04
3.787774907150711257e-04
3.532544272615211422e-04
3.421526834411882183e-04
3.382401415172413533e-04
3.241565257253382405e-04
3.106014148605817904e-04
2.950360048648076523e-04
2.922110023595000852e-04
2.775611195476907649e-04
2.511196154893771898e-04
2.369441844366277272e-04
2.244300482417549284e-04
1.998011228955219316e-04
1.942828135808539395e-04
1.809468507440481781e-04
1.738935522062142369e-04
1.702830869186368345e-04
1.622659469876283752e-04
1.593852838868103060e-04
1.483125722030821973e-04
1.446092051140111410e-04
1.375427290845337590e-04
1.330971289558004005e-04
1.303150846936306504e-04
1.269376292883855960e-04
1.250519457238289398e-04
1.194254298932493513e-04
1.133862967095371498e-04
1.097290395612113550e-04
1.051688140254882718e-04
1.012601228179565321e-04
1.008956926570592205e-04
9.849638981458534205e-05
9.290732740018954323e-05
9.220803829934776520e-05
8.920309808020759044e-05
8.865442420283543769e-05
8.733477498051036246e-05
8.687229690070920904e-05
8.563549703774104584e-05
8.534434021625466531e-05
8.255728772999526848e-05
8.117094917824268781e-05
8.058535109584301999e-05
7.747443359054150631e-05
7.710556511995106659e-05
6.964583129047382311e-05
6.875534130886878307e-05
6.353627941674342815e-05
6.301149586100711830e-05
6.204086894595496734e-05
6.109548763787837032e-05
6.013038595168775248e-05
5.986152932295257714e-05
5.873453822168552609e-05
5.736866736704277604e-05
5.670876293114298446e-05
5.579904719621487134e-05
5.557264829392328734e-05
5.494523659679746854e-05
5.465314733404529361e-05
5.450014838302555587e-05
5.322744734163432028e-05
5.273813579842665092e-05
5.192889087039666664e-05
5.151955177629049680e-05
5.089625962408813307e-05
4.964758696261378844e-05
4.941151577102272509e-05
4.863475479008143152e-05
4.818408344442762849e-05
4.702463667332155560e-05
4.683488497165136589e-05
4.617447971991358902e-05
4.601977391944117476e-05
4.559420921325224292e-05
4.490111548704079080e-05
4.479094785333791520e-05
4.344585926331441983e-05
4.314707901593579480e-05
4.235735115623339212e-05
4.231426916294300057e-05
4.164100048272771203e-05
4.122578584138183468e-05
4.046274770571514596e-05
3.978250490068006861e-05
3.942565575919836947e-05
3.897067390942679234e-05
