7.359199921788893125e-04
2.761928385953435310e-04
1.583724960682766198e-04
1.487261774059620305e-04
1.416020800464873732e-04
1.281819321000898185e-04
1.158202081766549906e-04
1.100412571849978388e-04
1.022542094660547585e-04
9.886406329096440943e-05
9.294411435361602327e-05
9.153553784219585303e-05
9.052279646803814057e-05
8.878933007396705305e-05
8.747605103968825071e-05
8.692784148211641206e-05
8.492415113132357660e-05
8.427102655289573968e-05
8.307293942874291980e-05
8.130436759784039774e-05
8.062046498166304715e-05
7.971278339395853425e-05
7.873543680805284697e-05
7.789176425739356669e-05
7.695746614583033878e-05
7.634657323774986085e-05
7.491291410980829141e-05
7.437117791075704596e-05
7.394105912258332343e-05
7.343220259299593862e-05
7.289784600412123989e-05
7.221752763339551518e-05
7.166546060300038763e-05
7.096035149736331835e-05
7.016687510429837091e-05
6.955638502516617826e-05
6.920415587322983398e-05
6.857958366727136983e-05
6.832402322048786137e-05
6.763287629474926653e-05
6.702351907085831579e-05
6.668151311676039235e-05
6.612795551336667055e-05
6.549664440852722889e-05
6.530780660978974706e-05
6.475696585432601726e-05
6.430922784234307968e-05
6.390035082404373328e-05
6.365459695468610613e-05
6.314585865674438654e-05
