5.158428751318056438e-04
4.424915513048150481e-04
3.951135303242078842e-04
3.791513635789056321e-04
3.251260772455882527e-04
2.905997698000343729e-04
2.388578042083146680e-04
2.120708005155079608e-04
1.903246026442411668e-04
1.831401525703494596e-04
1.745105874788119705e-04
1.736514184274744264e-04
1.658663759879548552e-04
1.656398887853176185e-04
1.584412622023671281e-04
1.531745433228551387e-04
1.514331835498910507e-04
1.462151622671834634e-04
1.453006435174169337e-04
1.413414562314327741e-04
1.389432733695755804e-04
1.385118399126763990e-04
1.359107152124852560e-04
1.330532282606588840e-04
1.301483594939959203e-04
1.282373193507020366e-04
1.278467670845120213e-04
1.251754278247378151e-04
1.247644718266820000e-04
1.228000000497280473e-04
1.221652185450779291e-04
1.211292836945844514e-04
1.209880537932003910e-04
1.194141588991357982e-04
1.185680225990934209e-04
1.167963836336194443e-04
1.168218171754997786e-04
1.155335323752233257e-04
1.146784839525295422e-04
1.140644730645238984e-04
1.140658930643120904e-04
1.124424519889373854e-04
1.118486672723881589e-04
1.116151864473456483e-04
1.111326245746757977e-04
1.101670188282573033e-04
1.097285055683206372e-04
1.094539396933148708e-04
1.086357726590525086e-04
1.081300946219546365e-04
