5.451152653186883259e-05
2.714335526025800024e-05
2.454933689785571764e-05
2.135659765768880812e-05
2.100163568866144685e-05
2.060137790670521837e-05
2.033177435055330586e-05
2.000249491564588274e-05
1.985422172269584373e-05
1.963925018438795282e-05
1.922011423439874052e-05
1.899930336228819328e-05
1.873756111347967882e-05
1.864922377128377725e-05
1.851028204577006775e-05
1.840886496822584611e-05
1.813941709534788764e-05
1.801505210560296370e-05
1.794437319918694310e-05
1.760290252169104399e-05
1.745417476523504523e-05
1.734010897572062202e-05
1.719886559759253197e-05
1.714381334868601771e-05
1.696936471777013794e-05
1.673230272525840976e-05
1.669681483039165762e-05
1.654665811373822595e-05
1.641472863182759855e-05
1.627010628935664463e-05
1.618228086801389018e-05
1.601952057605178568e-05
1.588861549900445647e-05
1.574804956178198117e-05
1.565699896518215839e-05
1.559302746932675487e-05
1.552228959565613551e-05
1.539527844139271565e-05
1.533581062982861094e-05
1.514007799446720358e-05
1.500105198731018414e-05
1.493768040380901334e-05
1.488558880295051420e-05
1.479070453876281231e-05
1.472582855771836170e-05
1.465803412456016301e-05
1.455189565880374415e-05
1.445654059951584475e-05
1.438160453464389350e-05
1.424662582814155126e-05
