7.739739833101141712e-04
7.388542786764217257e-04
4.702383135025404353e-04
2.954505787935237412e-04
2.864320766719083899e-04
2.114872706480054479e-04
1.888337731690885259e-04
1.730814233839548535e-04
1.666569391689896190e-04
1.621327524292352632e-04
1.569379015587132149e-04
1.453652230873392663e-04
1.395662551723354761e-04
1.368276663846619795e-04
1.320691268917174150e-04
1.290463625913823044e-04
1.275157589490252634e-04
1.239209473751281545e-04
1.222145438504241600e-04
1.200741843464451212e-04
1.182495823820430345e-04
1.174862771824732288e-04
1.163431169821129281e-04
1.146575557983742265e-04
1.137761132406105629e-04
1.125259750312292286e-04
1.116575990113509025e-04
1.101654242757665376e-04
1.099230697787205056e-04
1.089550120830460196e-04
1.074517674721852214e-04
1.060863817930341184e-04
1.054970426256778996e-04
1.049517135850844193e-04
1.042470373731622159e-04
1.034689580209967135e-04
1.028868188113782014e-04
1.020457408807684405e-04
1.014548337133299350e-04
1.001803051542169109e-04
9.959451510674899853e-05
9.863567034642434542e-05
9.834164738903251792e-05
9.789989961088003099e-05
9.692124717955705778e-05
9.651755223228564086e-05
9.591937036960193185e-05
9.500713143725156545e-05
9.463766057921492664e-05
9.441719194396538852e-05
