2.583860271407992541e-04
1.732519678024524890e-04
1.687104846356281534e-04
1.543550289024696732e-04
1.370866364977835650e-04
1.277562136121192867e-04
1.124610331810581678e-04
1.086025813750460744e-04
1.045487266976383872e-04
9.490669139927481682e-05
9.250691698311527919e-05
9.011362878670421878e-05
8.880232556102023481e-05
8.712374424879406232e-05
8.518586900790885055e-05
8.406771517000731454e-05
8.391756335101808659e-05
8.235524459077305718e-05
8.091978615923345851e-05
8.061599132962762567e-05
7.921172469881792091e-05
7.866174282906514324e-05
7.790056949247030815e-05
7.723900989175283257e-05
7.618230817559841310e-05
7.518377149641789978e-05
7.424596476805779262e-05
7.399877962999663428e-05
7.296518852900488400e-05
7.192140908748730587e-05
7.147217539273169285e-05
7.091578951474082377e-05
7.040463684506478685e-05
6.994198756685689124e-05
6.941255885233144182e-05
6.899530943681823620e-05
6.833593589496250969e-05
6.805594735015438963e-05
6.740108254130166155e-05
6.699264256966379024e-05
6.642617418323759387e-05
6.585495522770913005e-05
6.531298180747548978e-05
6.473978034802639527e-05
6.441912229018873903e-05
6.407368866997527519e-05
6.392477120630643691e-05
6.329797246691917995e-05
6.304947331274138908e-05
6.271151860127481483e-05
