1.744471470246604578e-06
1.424354990982314129e-06
1.007171072940497695e-06
1.007171072940497484e-06
2.348598301813413602e-37
-1.243480584459992632e-37
3.007699845994814324e-38
-3.898037163812369105e-38
-8.556947115546987387e-39
3.782005947164952655e-38
3.683214500423742050e-38
-2.575493777984624368e-38
-2.175054703845603078e-38
2.962581610365004124e-39
-1.656767758140208393e-38
1.231250362085733463e-38
1.451846158559995148e-38
-5.983703344290586283e-39
-8.668069063613895786e-39
-1.686254456890111767e-39
9.477712447443086450e-39
4.474969788938489516e-39
-1.079432978193259871e-38
1.051676396462083228e-38
-6.549519304583045120e-39
1.541437667314909966e-39
1.017803165668769632e-39
5.324973236483927388e-39
4.349626431349310116e-39
-3.344883816474636116e-39
3.633328191813326648e-39
-3.465446231239694648e-39
-1.617803248459001513e-39
-3.361860434190876181e-40
1.605178896512643017e-39
9.855164555010741052e-40
-5.549239409898113258e-40
-1.297325521109742372e-39
-1.685570441921547018e-39
-9.188579148740610163e-40
6.260791548316849655e-40
-1.989898994407634137e-40
6.462998844492476506e-40
9.187227191347643228e-40
-6.234606803584545625e-40
-8.098422614205752738e-41
5.803642216200888131e-41
-1.998150119492902210e-40
2.660594285507829962e-40
1.067066701078270810e-40
