1.509358416815732786e-04
7.838266631295368774e-05
7.600603862287156059e-05
6.101586971364857001e-05
5.379659184656259454e-05
5.121621556375779462e-05
4.994463155448077869e-05
4.861225552056908078e-05
4.759994962146928512e-05
4.712916171490225440e-05
4.646786489637236327e-05
4.576800510056290913e-05
4.427701036442248530e-05
4.388309713114845427e-05
4.351608288253942905e-05
4.288914038052619575e-05
4.265927168854103529e-05
4.196123124541720396e-05
4.171804675368589327e-05
4.132415150054897612e-05
4.085064704673697418e-05
4.043990432226312730e-05
4.021751330709704119e-05
4.013748192326999981e-05
3.951029176888718733e-05
3.928604654012106417e-05
3.877637791912023581e-05
3.881066852857358729e-05
3.818962564721208752e-05
3.812457053653145375e-05
3.777058083556302252e-05
3.751655840544525374e-05
3.728090050306220247e-05
3.710807078095666186e-05
3.679414275256261949e-05
3.631249052929970894e-05
3.609724918054736778e-05
3.573696423838372316e-05
3.552537546458646054e-05
3.526193655763202532e-05
3.509304193820547620e-05
3.477765786316101680e-05
3.472513631149192360e-05
3.447348849891706472e-05
3.442305202367382667e-05
3.408144503123795009e-05
3.378604658643893498e-05
3.362664368570050474e-05
3.350167213857067504e-05
3.330145255334388492e-05
