1.313734963115904285e-05
9.724587463963422875e-06
9.136344734463396425e-06
8.767015553805657154e-06
8.463512248605439573e-06
8.103573112975945950e-06
8.002653912522804139e-06
7.938811509403843547e-06
7.776906759396970127e-06
7.683541117055661256e-06
7.541979983063541744e-06
7.348690998153842573e-06
7.277879941821402785e-06
7.205425537198128912e-06
7.169421978717275355e-06
7.007056844325879779e-06
6.952776722635126267e-06
6.841600017794498502e-06
6.735550297512951245e-06
6.689583182692667605e-06
6.539607500074065967e-06
6.441144188638358582e-06
6.411539743411670935e-06
6.328049076215347915e-06
6.290645211723157936e-06
6.208156574504422876e-06
6.138190093293654790e-06
6.048145536480606247e-06
6.005325177465301538e-06
5.918516232230955151e-06
5.869417278603483311e-06
5.819154148196621146e-06
5.736166616008999142e-06
5.687495190183304590e-06
5.659741091945465246e-06
5.569326649213796816e-06
5.537341939954065828e-06
5.495662894525093546e-06
5.428526214274470230e-06
5.378075391801195339e-06
5.333312979931283083e-06
5.280865569324491181e-06
5.233922561587441043e-06
5.167276127284336220e-06
5.132661506514134514e-06
5.090989484778826058e-06
5.020832131048085261e-06
4.983332835439255189e-06
4.953982971421247780e-06
4.906912606754876365e-06
