7.359199921788889872e-04
2.761928385953433141e-04
1.583724960682773245e-04
1.487261774059635213e-04
1.416020800464882947e-04
1.281819321000906859e-04
1.158202081766543943e-04
1.100412571849975000e-04
1.022542094660554768e-04
9.886406329096569692e-05
9.294411435361552183e-05
9.153553784219647645e-05
9.052279646803957714e-05
8.878933007396642963e-05
8.747605103968797966e-05
8.692784148211542272e-05
8.492415113132443041e-05
8.427102655289519758e-05
8.307293942874165941e-05
8.130436759784081787e-05
8.062046498166339952e-05
7.971278339395811412e-05
7.873543680805326710e-05
7.789176425739298393e-05
7.695746614583033878e-05
7.634657323774906126e-05
7.491291410980821009e-05
7.437117791075693754e-05
7.394105912258354027e-05
7.343220259299600638e-05
7.289784600412073845e-05
7.221752763339524413e-05
7.166546060300041474e-05
7.096035149736297954e-05
7.016687510429818117e-05
6.955638502516627312e-05
6.920415587323034898e-05
6.857958366727127497e-05
6.832402322048750901e-05
6.763287629474883285e-05
6.702351907085805829e-05
6.668151311676002644e-05
6.612795551336644016e-05
6.549664440852709336e-05
6.530780660978961153e-05
6.475696585432609857e-05
6.430922784234336428e-05
6.390035082404408565e-05
6.365459695468621455e-05
6.314585865674429168e-05
