1.744471470246601826e-06
1.424354990982313706e-06
1.007171072940497272e-06
1.007171072940497484e-06
1.468440764127604599e-23
2.217614467961608410e-37
3.119466099108423024e-38
3.594438408068753943e-38
-6.743287994057625810e-39
-2.684120794897093997e-38
-1.365387534061797431e-39
1.544432027604801718e-38
-1.034918373602081159e-38
6.415818122389125584e-42
9.779249226306324553e-39
1.010735120112173325e-38
-7.356484480761619738e-39
1.663741097825541874e-39
-8.228745794501507455e-39
-6.006565350382134219e-39
-2.489001167290938818e-39
2.286954302863050257e-39
5.018586064393951999e-39
1.766838979020284662e-39
6.244641311046852811e-39
-1.705867297176576457e-39
-2.268995811886956491e-39
4.019820494613290830e-39
-3.483705407373703875e-39
1.219043905244911978e-39
4.481134063039912463e-40
1.317893919964127000e-39
-2.481152116771532677e-39
-1.685815300693048878e-39
2.256366213523685123e-39
1.622107425617542256e-39
-1.806289447897483011e-39
-2.395479394763317603e-40
-1.340532338448482358e-39
5.341645380740286709e-40
9.887347425329661009e-40
-8.647862101306684754e-40
-4.984046111239072515e-40
5.656676545768495714e-40
-4.928912896513902245e-40
-3.365549043099908765e-40
1.004651469371482061e-40
-1.539802310457806959e-40
1.785762713078377352e-40
3.651109083027280180e-40
