1.057506955383304852e-04
7.310770655681482217e-05
7.104924375031046674e-05
6.562838570771349221e-05
6.061410558114739414e-05
5.909461426744723781e-05
5.761964301967464143e-05
5.176753134730275306e-05
4.853870347728790542e-05
4.713276866895638900e-05
4.656051927077485878e-05
4.608864275918486252e-05
4.521643043312181202e-05
4.460775864674124802e-05
4.376996901726679838e-05
4.301233534875770204e-05
4.269271766710092163e-05
4.210693105191745450e-05
4.160991205884478390e-05
4.098618069051951655e-05
4.091036474567156584e-05
4.049789099156855208e-05
3.982350897576500545e-05
3.977184380395811186e-05
3.953411998928856318e-05
3.911575392997158830e-05
3.879586983197087953e-05
3.866710675305975537e-05
3.798710267243499421e-05
3.786783634542944339e-05
3.758039355548822960e-05
3.746363012019494454e-05
3.715391808092362980e-05
3.669735008088642392e-05
3.665787155032360181e-05
3.634122090410586291e-05
3.612505967212690350e-05
3.587590504781105951e-05
3.566921131796500522e-05
3.540178011098504222e-05
3.529863299242502983e-05
3.510908773971517060e-05
3.480853877901978063e-05
3.464313237367839122e-05
3.441548734533484522e-05
3.425345488739327515e-05
3.393924304500625492e-05
3.373376186001918761e-05
3.356189023565215598e-05
3.341644425794083916e-05
