3.100293952550300090e-04
2.392460928812117069e-04
1.599423599074874063e-04
1.434516611231789675e-04
1.245063181547669668e-04
1.203445087381582339e-04
1.147026602137935479e-04
1.083139444322853248e-04
1.042866874532623496e-04
9.663031686263152573e-05
9.408635797344857936e-05
9.332426683494726152e-05
9.092440096034088315e-05
9.007163957822622157e-05
8.742950300019475176e-05
8.629119689781299986e-05
8.505950283126195255e-05
8.374119196138947549e-05
8.230648110890069176e-05
8.147645714127530457e-05
7.918288629546875348e-05
7.883748662099708277e-05
7.863163765479971672e-05
7.735137639872039091e-05
7.643349165858381845e-05
7.563940672949296610e-05
7.485391579317323860e-05
7.411892842212892800e-05
7.301275111392547667e-05
7.265520207771664920e-05
7.182604353601600568e-05
7.127611758070652372e-05
7.097462730259458230e-05
7.038762948956418222e-05
6.975475073811603826e-05
6.947388894572059962e-05
6.856826020439591048e-05
6.799521422575741537e-05
6.758647974403223316e-05
6.721999829583455573e-05
6.699330680535683664e-05
6.641916324303725409e-05
6.595771213293914433e-05
6.561462893683778946e-05
6.527903767797992713e-05
6.503522566106221387e-05
6.422412647422220879e-05
6.387613398293662584e-05
6.350392090922137608e-05
6.324531227993133314e-05
