3.436234149699380197e-06
3.354659380465364002e-06
3.106763750532619881e-06
2.962942570590084324e-06
2.853918729644556891e-06
2.710087289483481803e-06
2.678808562339618722e-06
2.534640147977588142e-06
2.456031825857585290e-06
2.363440819456092566e-06
2.310746668822904842e-06
2.180604585230683428e-06
2.123319872683029736e-06
2.005146722239722552e-06
2.014342145880999626e-06
1.924809390509925851e-06
1.848398617263119900e-06
1.814859562742529238e-06
1.807319733974947996e-06
1.768218966853482728e-06
1.726122066618819909e-06
1.669865215013576049e-06
1.629078215251890086e-06
1.629637028503420154e-06
1.526585417692200048e-06
1.483252296114920574e-06
1.340650370702451302e-06
1.416856808581870724e-06
1.255921785411036981e-06
1.247433502181887082e-06
1.175470281072365085e-06
1.153118436979728900e-06
1.063995419656466949e-06
1.018711490779012019e-06
9.636483909342881002e-07
9.838818387386730711e-07
9.092268907965862498e-07
1.424354990982312647e-06
1.424354990982317518e-06
1.424354990982312224e-06
1.424354990982317729e-06
1.007171072940498754e-06
1.007171072940497272e-06
1.007171072940503413e-06
1.007171072940504895e-06
1.007171072940496425e-06
1.007171072940503201e-06
1.007171072940501295e-06
1.007171072940502778e-06
1.007171072940497272e-06
