1.463040135242607185e-04
7.072732872305967995e-05
6.379916926757770042e-05
5.884257929160582428e-05
5.108694535436893576e-05
5.021009555016386607e-05
4.886053109115479466e-05
4.777849274956515212e-05
4.722716699791934536e-05
4.647095179020738594e-05
4.565611265415142004e-05
4.505250354472841736e-05
4.433510987621838196e-05
4.314276896434295365e-05
4.305426922819418674e-05
4.237940506790216906e-05
4.191331834063038298e-05
4.149160426863169341e-05
4.119308573598302067e-05
4.089952469562173131e-05
4.057805889523117052e-05
4.020540362380352741e-05
3.967262449907064964e-05
3.944058189516148584e-05
3.900438271434171196e-05
3.866172701332579002e-05
3.842400296856582630e-05
3.829254536907316275e-05
3.804223017475237887e-05
3.787228695081830350e-05
3.733878921493303041e-05
3.704335385851459730e-05
3.688460743468718650e-05
3.669374816666259100e-05
3.637672554441836027e-05
3.620224348553533974e-05
3.571301733723303040e-05
3.549100837085774116e-05
3.530440131825559073e-05
3.507651538278724982e-05
3.484761074766386208e-05
3.471972984349226649e-05
3.461812537341188103e-05
3.441354351499474043e-05
3.424360373407261320e-05
3.404469428050149933e-05
3.375668728442467767e-05
3.369853836071566870e-05
3.340949873504965584e-05
3.316918571181354925e-05
