1.168862959629302214e-04
9.016220579561586793e-05
6.844892661357886848e-05
6.493120507092778749e-05
5.454231175031274662e-05
5.234385640227950606e-05
5.098240554655144680e-05
4.928064866731828709e-05
4.823420115263767066e-05
4.675995547009695986e-05
4.604984116935828786e-05
4.558603923591268941e-05
4.462168705294472726e-05
4.400784787173281181e-05
4.336706367720866113e-05
4.293784972081373004e-05
4.210549017916223174e-05
4.187296735565037122e-05
4.135305010050825740e-05
4.100370353687894176e-05
4.068345868200052689e-05
4.052538193310764727e-05
3.994880847894929937e-05
3.957465485402413349e-05
3.932291215964797237e-05
3.885718541287957301e-05
3.869547038407846411e-05
3.849211188030753924e-05
3.806177556264884549e-05
3.791054044780924818e-05
3.753058957204634979e-05
3.713058365995460105e-05
3.688184868704095398e-05
3.649363755694714139e-05
3.634891809223136049e-05
3.625358264123313193e-05
3.593273706013905831e-05
3.561821242325836922e-05
3.551214109234957688e-05
3.528234992567447442e-05
3.503990891820851419e-05
3.471937758037715199e-05
3.449629657184590800e-05
3.435998197972583995e-05
3.419988064808248177e-05
3.387408754391222487e-05
3.373368282168143006e-05
3.360572996393844424e-05
3.341548241011406401e-05
3.321974305537023957e-05
