9.034269789661342111e-04
8.745121591286553805e-04
4.108218487042715906e-04
3.869224411174273549e-04
3.155327908912294475e-04
2.652154690916176693e-04
2.263705312803675077e-04
2.245559961107943339e-04
2.068870728667390638e-04
1.915125191802774561e-04
1.886800855654584893e-04
1.748062213376309557e-04
1.725712526242930648e-04
1.588158206321436223e-04
1.585590367216445351e-04
1.555154125614376538e-04
1.517558774394576256e-04
1.471782394933242939e-04
1.456461204734602630e-04
1.420230276469554092e-04
1.414193042293947916e-04
1.383879170526857577e-04
1.362422823581368591e-04
1.354833234625635546e-04
1.322292155416305074e-04
1.310420652528575031e-04
1.292650020415263344e-04
1.286424304507445668e-04
1.273468261482852228e-04
1.261424514953050772e-04
1.235822267047804470e-04
1.224328623035781608e-04
1.216612078542005662e-04
1.214476775235630280e-04
1.209368542661740440e-04
1.202348467072103814e-04
1.178417589415831480e-04
1.178558021498044136e-04
1.160596091237908165e-04
1.158687194196963510e-04
1.141779943045448148e-04
1.138492048734459267e-04
1.128892483528965937e-04
1.123745909499115827e-04
1.115669099979752708e-04
1.116280345736308599e-04
1.112411000255077073e-04
1.101036246580120289e-04
1.099582211193736317e-04
1.086948626221054465e-04
