2.772471450840411389e-05
2.696298064318534203e-05
2.450269670706449400e-05
2.223359609381606389e-05
2.142627526198437012e-05
2.105018831581327755e-05
2.085796625410938902e-05
2.055597560961019420e-05
2.020116308944700900e-05
1.999821642306355308e-05
1.970988652765130132e-05
1.951682921489204719e-05
1.931646134744293398e-05
1.909295986341615637e-05
1.897976210894629942e-05
1.873303751214660590e-05
1.849015119759388816e-05
1.824066600949737389e-05
1.807114723316810830e-05
1.788634142419646557e-05
1.770292894535981432e-05
1.757431107978937084e-05
1.739945398179876886e-05
1.724182987824191091e-05
1.706831231004275282e-05
1.699927573449723067e-05
1.683779912853325571e-05
1.670607235894837442e-05
1.662927021262329270e-05
1.654914595940162579e-05
1.649255655804130263e-05
1.630810698351253731e-05
1.617284147435941712e-05
1.603537223180931837e-05
1.591917797388290608e-05
1.579966986839561189e-05
1.576649245002216101e-05
1.556664472739549440e-05
1.544808816906564433e-05
1.541755999837217224e-05
1.527969730627890484e-05
1.519603688047996595e-05
1.512445095608917496e-05
1.503302668297628500e-05
1.489388437674317305e-05
1.482894386137621412e-05
1.477777389820387508e-05
1.466425648403126954e-05
1.457994987695038963e-05
1.447085672535256841e-05
