1.357932264920305157e-03
9.541991511951398259e-04
4.793912095811033044e-04
4.321839489383071564e-04
2.903442865492840809e-04
2.617462635315569120e-04
2.562475661491163317e-04
2.004819298755041725e-04
1.971792942042006240e-04
1.889914634029276643e-04
1.801798137748789551e-04
1.717801470306642942e-04
1.695082806712531836e-04
1.636793050206783548e-04
1.580220236686643719e-04
1.502135135708906010e-04
1.451277558122230510e-04
1.447049127413387569e-04
1.411130497357300224e-04
1.375057383388356060e-04
1.371817100136773007e-04
1.335804729995606667e-04
1.319866949553844785e-04
1.310871767056679207e-04
1.301176642603583489e-04
1.285020367555867577e-04
1.281994479239430371e-04
1.256422239858528695e-04
1.249199538614129254e-04
1.236369147053124906e-04
1.228567752614388850e-04
1.211116666448612750e-04
1.200061889119295592e-04
1.185477706134301524e-04
1.182907726713832363e-04
1.177182248541100358e-04
1.159123528171679076e-04
1.151926991830565217e-04
1.135137312256034463e-04
1.133719101215470648e-04
1.126114259195902425e-04
1.112555430709899972e-04
1.110514379868253064e-04
1.103324226312847053e-04
1.101077633626600246e-04
1.100787952571329856e-04
1.084566298352671179e-04
1.084399206114416221e-04
1.078957387355973486e-04
1.073185369746615180e-04
