9.742916669902081342e-06
9.176085830496745610e-06
8.746217391099212428e-06
8.578811441375228211e-06
8.316709822452383972e-06
8.115288903827494566e-06
7.785368639904915246e-06
7.733664490089322909e-06
7.630498819212335165e-06
7.574646483011182134e-06
7.501420332941310613e-06
7.356968473153339559e-06
7.209732034808417278e-06
7.128475736731853077e-06
7.015749700661796890e-06
6.943987585372157576e-06
6.861800661175510160e-06
6.759193151225887434e-06
6.729701725853437714e-06
6.606641778925957064e-06
6.501283337536463156e-06
6.466629649180574223e-06
6.386925554062484717e-06
6.320417064710580747e-06
6.263785097950712854e-06
6.157845216917228530e-06
6.084395808088933134e-06
6.026762387032906045e-06
5.998037587237831687e-06
5.921356232795336212e-06
5.873512450162464119e-06
5.787500567067589108e-06
5.764085169041648920e-06
5.670225198375208143e-06
5.638732100968300837e-06
5.624905474660766465e-06
5.503977170781908111e-06
5.463696341383435778e-06
5.440509713753358536e-06
5.373667249581554182e-06
5.334714667193862004e-06
5.272537545821009611e-06
5.221014385941541127e-06
5.172221268973217003e-06
5.152255141303116249e-06
5.129315420933789229e-06
5.081997335736647586e-06
5.027884439016280559e-06
4.984557689208878995e-06
4.907089179737871387e-06
