3.962331104236929344e-04
2.733409433131545941e-04
2.385844009441125374e-04
2.031710132597369602e-04
1.968414665088911227e-04
1.929514543646846194e-04
1.817937095079506544e-04
1.755307252957645232e-04
1.703195358097301011e-04
1.637779525174461713e-04
1.586672943249549828e-04
1.532727137623638618e-04
1.485495955205036955e-04
1.478242106989391305e-04
1.432857754219284574e-04
1.388832732270511101e-04
1.355396372718169185e-04
1.300651781963896737e-04
1.292549505804401605e-04
1.282077135592432692e-04
1.253201193470868189e-04
1.231059457792883630e-04
1.210743624320898194e-04
1.196307126447161250e-04
1.178151552904818720e-04
1.169791036617202050e-04
1.160537481557455619e-04
1.142494813041648413e-04
1.135747321004092198e-04
1.119268065676282369e-04
1.100529689426945620e-04
1.088435174698799897e-04
1.082423750223580417e-04
1.076245521962565055e-04
1.061210345417483908e-04
1.052660000415695223e-04
1.045431672114752349e-04
1.042526548951139590e-04
1.028319198922473821e-04
1.023387160000327093e-04
1.014333611943747323e-04
1.007149144433861914e-04
1.002123489494851337e-04
9.931847287875473563e-05
9.905014260926044188e-05
9.846094332886084208e-05
9.692788888575700791e-05
9.661209228911846159e-05
9.604755325758453175e-05
9.567613850467491610e-05
