2.328606205446676427e-04
9.565096510056678570e-05
6.341872766112340856e-05
5.731848192886277913e-05
5.398889114637152450e-05
5.076383198125832295e-05
5.006128270685573554e-05
4.881705335367736231e-05
4.804654815020925802e-05
4.741112642724405751e-05
4.604008174254314032e-05
4.573580085383112197e-05
4.435828675050055301e-05
4.397305905402967911e-05
4.359031737195217902e-05
4.317021155791040619e-05
4.237534878678421061e-05
4.197965961037486416e-05
4.172195797633664022e-05
4.130362382397618695e-05
4.089108076138663804e-05
4.034379892894017207e-05
4.003874073937368691e-05
3.972014705803049960e-05
3.887932082603365910e-05
3.877406546865831824e-05
3.850819509237154298e-05
3.825268842656533928e-05
3.802724200187929739e-05
3.775373061653657249e-05
3.747052075567469204e-05
3.725799036539680044e-05
3.694915334359737683e-05
3.673774061651692362e-05
3.636541478183369825e-05
3.623920089142985078e-05
3.605461988177848675e-05
3.564989649480476686e-05
3.552102849673219656e-05
3.543560803445536082e-05
3.525202498773421990e-05
3.503530393284130285e-05
3.482545580018075375e-05
3.446857654361702277e-05
3.433580607486238519e-05
3.401965342915792346e-05
3.381360199613311478e-05
3.352709495763957659e-05
3.338019300374510894e-05
3.322011526991485320e-05
