1.168862959629300723e-04
9.016220579561562399e-05
6.844892661357787915e-05
6.493120507092727250e-05
5.454231175031313286e-05
5.234385640227924856e-05
5.098240554655156877e-05
4.928064866731805669e-05
4.823420115263811112e-05
4.675995547009767137e-05
4.604984116935909423e-05
4.558603923591352289e-05
4.462168705294490345e-05
4.400784787173278470e-05
4.336706367720891185e-05
4.293784972081380458e-05
4.210549017916230628e-05
4.187296735564975458e-05
4.135305010050762721e-05
4.100370353687883334e-05
4.068345868200065564e-05
4.052538193310742365e-05
3.994880847894923161e-05
3.957465485402435033e-05
3.932291215964795204e-05
3.885718541287944426e-05
3.869547038407843701e-05
3.849211188030734950e-05
3.806177556264879128e-05
3.791054044780903134e-05
3.753058957204617361e-05
3.713058365995503473e-05
3.688184868704087944e-05
3.649363755694718205e-05
3.634891809223146891e-05
3.625358264123324713e-05
3.593273706013882791e-05
3.561821242325818626e-05
3.551214109234933293e-05
3.528234992567436600e-05
3.503990891820827703e-05
3.471937758037681995e-05
3.449629657184592833e-05
3.435998197972564344e-05
3.419988064808234625e-05
3.387408754391221810e-05
3.373368282168138263e-05
3.360572996393831549e-05
3.341548241011393526e-05
3.321974305537028023e-05
