2.366242644788684490e-05
2.255559165169513535e-05
2.196166172468943294e-05
2.150627473873314077e-05
2.144209466474193923e-05
2.101688362732766994e-05
2.095033964383158465e-05
2.042121293653491714e-05
2.007130620469192730e-05
1.982571824874004919e-05
1.958389536522377154e-05
1.937891565760725869e-05
1.925450848040052832e-05
1.907831576695855644e-05
1.902364487570077631e-05
1.873214669563426024e-05
1.843205838111452711e-05
1.829734292715870316e-05
1.809848976136125282e-05
1.796003311566710700e-05
1.781574465713526867e-05
1.767918883812504962e-05
1.751867544259288594e-05
1.756324223433874916e-05
1.737770242584441168e-05
1.723854028532568133e-05
1.710793427691732944e-05
1.684765827138653713e-05
1.673858124023671845e-05
1.649938654923512467e-05
1.643211281738082515e-05
1.632737307170971619e-05
1.622058472571584844e-05
1.606219383290327657e-05
1.599490910114655516e-05
1.594279212115992211e-05
1.583558998517413900e-05
1.574773412606977638e-05
1.549459999358127819e-05
1.543949394594936776e-05
1.538178889782036466e-05
1.526729928542022255e-05
1.510764805980769753e-05
1.507732977721510779e-05
1.495546507093520985e-05
1.486998963802179229e-05
1.463100048306875232e-05
1.460035627757129377e-05
1.458756658523281983e-05
1.453516268010017384e-05
