5.713163971790976518e-04
4.480572721737021650e-04
3.086085177495205404e-04
2.511547074393520682e-04
2.404539017625627437e-04
2.337220924818160517e-04
1.962974025294398283e-04
1.794572630432010986e-04
1.729553467945061165e-04
1.599390901779484974e-04
1.549294802228900927e-04
1.493894220999675705e-04
1.437128146442892237e-04
1.395625003590159150e-04
1.341158116142626125e-04
1.306452072707825756e-04
1.276461380051960607e-04
1.271305022706317267e-04
1.245501202984227449e-04
1.209936760218802512e-04
1.195542299403199322e-04
1.189346502206532226e-04
1.165995438501445515e-04
1.148928248082181549e-04
1.142764257198987881e-04
1.129281572845738474e-04
1.123854219814058615e-04
1.110321226259173178e-04
1.103499187700614112e-04
1.090158854760692571e-04
1.079595413315441666e-04
1.071318796732110250e-04
1.060737249045350523e-04
1.049983195266232186e-04
1.035263769850963629e-04
1.032386355620474385e-04
1.024772047614259967e-04
1.018204698585775935e-04
1.010621304384654782e-04
1.005730446192243453e-04
9.953198763164581078e-05
9.878859725994273251e-05
9.836293140888880879e-05
9.799098784924075074e-05
9.750959247947477398e-05
9.650126800650784523e-05
9.658213708742606452e-05
9.539986027694558589e-05
9.480247197343437946e-05
9.427845479687601616e-05
