1.744471470246601190e-06
1.424354990982313706e-06
1.007171072940496848e-06
1.007171072940497272e-06
7.417410107652355236e-37
-1.064070827486509726e-37
4.641219283225452737e-38
-3.724787573199324248e-38
1.780286106221408315e-38
1.417336508550005769e-38
1.427207192175642347e-38
-1.361514431153481415e-39
1.372363642388860468e-38
-1.457461824549669387e-38
-1.170424732796800351e-38
3.311519100763851167e-39
8.918540963140256021e-39
-8.913335809139311317e-39
1.331914980065938338e-39
9.173724373257246984e-39
-9.920644018534547172e-39
5.832637798951232129e-39
-5.846399622084323133e-39
-6.664475503035598339e-39
-3.934423350946182627e-39
3.438407421093224404e-39
2.407424525252157782e-40
2.278401828129859185e-39
-6.057644539415774962e-40
-2.760779469971988510e-39
3.961967030829935003e-39
-4.005697517526023044e-39
1.192067209457536845e-39
-1.847101345971083886e-39
2.292249872326513508e-39
1.115173667362702437e-39
-8.394445534600215306e-40
9.637150403752740343e-40
1.123439844470732819e-39
6.359453089337066961e-40
-1.114409476003753167e-39
-2.013530151440173066e-40
-5.302411073011439289e-40
-1.019076564867635573e-39
-1.002951809539891681e-39
-2.095307022912518228e-40
-2.199461152304737601e-40
1.595611331828870967e-40
-5.110716605728072081e-42
-2.077652788800927986e-42
