3.540497532618564199e-06
3.397027722029036945e-06
3.223773092414857852e-06
3.067624236647479929e-06
2.896462877490091613e-06
2.796666875408357186e-06
2.680804405427280279e-06
2.584484977677138911e-06
2.510442201806890589e-06
2.418265067490996849e-06
2.339582468438488571e-06
2.333147009167929689e-06
2.230661123569418522e-06
2.076364320135987215e-06
2.014342145880997932e-06
1.992824806964419210e-06
1.908425970785332304e-06
1.864977776834893265e-06
1.814859562742527332e-06
1.823901111294583792e-06
1.738428292003779548e-06
1.684545332427482958e-06
1.675366507858857773e-06
1.648105098591239173e-06
1.629637028503427989e-06
1.535383049399884225e-06
1.501908725958147749e-06
1.349545137485005877e-06
1.422956637936529080e-06
1.288755667888035125e-06
1.255921785411035498e-06
1.235563320673679403e-06
1.205226635378163229e-06
1.174150590448510760e-06
1.158083697737559043e-06
1.053403936134995486e-06
9.604775828135877971e-07
8.239280479534908567e-07
7.734908355755308143e-07
7.369374112145928973e-07
7.123789270190228272e-07
6.878287344795126032e-07
1.424354990982316882e-06
1.424354990982316035e-06
1.424354990982315188e-06
1.424354990982310953e-06
1.007171072940497484e-06
1.007171072940500448e-06
1.007171072940499389e-06
1.007171072940498754e-06
