4.068088702403768156e-04
3.681237803511703860e-04
1.729859403682835247e-04
1.598620141699608405e-04
1.460843231917563630e-04
1.206819095639251191e-04
1.063414035009677225e-04
1.034931677559555095e-04
9.993531003191703408e-05
9.424516114796441474e-05
9.382023484676923510e-05
9.139073757012722472e-05
9.050709210991952415e-05
8.888241892038882335e-05
8.791734055983728066e-05
8.589245563072445784e-05
8.500593370583063287e-05
8.296202812593040027e-05
8.244416949254151483e-05
8.108173732665707820e-05
8.012775422786236226e-05
7.916249349170756638e-05
7.867924208636924458e-05
7.756920677363868656e-05
7.658969756874722627e-05
7.549737417491392526e-05
7.513196022419518316e-05
7.456219311997299782e-05
7.380153379426529340e-05
7.261084977600421356e-05
7.220193784327204496e-05
7.119222402188900322e-05
7.051097063929973063e-05
6.971452932349565606e-05
6.898501439390718605e-05
6.863012987146682362e-05
6.796595158032082431e-05
6.778849008673461783e-05
6.720421868819556578e-05
6.685549056443372974e-05
6.648923564062790721e-05
6.639666068893973440e-05
6.525853200291583257e-05
6.482788085678851888e-05
6.459866321851556834e-05
6.436888585446384390e-05
6.381876668044533080e-05
6.333710599144002414e-05
6.314490466253175306e-05
6.280618951379156301e-05
