3.436234149699304388e-06
3.354659380465316568e-06
3.106763750532651221e-06
2.962942570590076278e-06
2.853918729644540798e-06
2.710087289483471639e-06
2.678808562339615334e-06
2.534640147977598729e-06
2.456031825857586560e-06
2.363440819456090448e-06
2.310746668822893830e-06
2.180604585230664370e-06
2.123319872683022960e-06
2.005146722239721705e-06
2.014342145881003861e-06
1.924809390509926274e-06
1.848398617263115029e-06
1.814859562742536861e-06
1.807319733974952231e-06
1.768218966853484422e-06
1.726122066618815673e-06
1.669865215013581343e-06
1.629637028503418884e-06
1.629078215251875263e-06
1.526585417692199201e-06
1.483252296114914010e-06
1.340650370702449396e-06
1.416856808581872418e-06
1.255921785411029781e-06
1.247433502181882212e-06
1.175470281072364238e-06
1.153118436979732712e-06
1.063995419656469914e-06
9.636483909342851356e-07
9.838818387386754004e-07
1.018711490779016466e-06
1.424354990982316247e-06
1.424354990982314765e-06
1.424354990982315823e-06
1.424354990982314553e-06
1.007171072940499813e-06
1.007171072940497907e-06
1.007171072940495790e-06
1.007171072940500448e-06
1.007171072940501295e-06
1.007171072940501719e-06
1.007171072940501719e-06
1.007171072940503836e-06
1.007171072940497695e-06
1.007171072940500025e-06
