1.061702541779227093e-05
9.986125872669652205e-06
8.697885530068037079e-06
8.393835460397538280e-06
8.154944575762272972e-06
8.093406411700825690e-06
7.796119216239820465e-06
7.686581505681479886e-06
7.595324910219184053e-06
7.450409215205705267e-06
7.353101553166221721e-06
7.266335740003017814e-06
7.186513584493571047e-06
7.144054572709498393e-06
6.996511839262893736e-06
6.889597433617328171e-06
6.845439687801078235e-06
6.780645500074948248e-06
6.748263526138358892e-06
6.579024065940948124e-06
6.509891286212662942e-06
6.434428490202330311e-06
6.421731402385056997e-06
6.368570834375572052e-06
6.302793907843623697e-06
6.186445549636449253e-06
6.145655714454758813e-06
6.114143488605212487e-06
6.008427199055807640e-06
5.913442814424768899e-06
5.863951639960270776e-06
5.775565613014882272e-06
5.753473917679802587e-06
5.693660416557846361e-06
5.644146164492869044e-06
5.588706653811878383e-06
5.541606957376939987e-06
5.496327653558492490e-06
5.485151217331845465e-06
5.349313096497497855e-06
5.271548761679829077e-06
5.254483038388422979e-06
5.213192475381822371e-06
5.195539805755316996e-06
5.158245021428783067e-06
5.102290652536706141e-06
5.038363095021883490e-06
4.982811468043963187e-06
4.943047671895563452e-06
4.923597140113892862e-06
