2.961462653729183083e-04
2.417430164664282027e-04
2.329913863406917439e-04
1.469741253545770528e-04
1.248694757779504031e-04
1.177384291834217289e-04
1.124404011699154846e-04
1.040386250599066072e-04
1.000250346261273966e-04
9.626602970383176373e-05
9.215339912608607354e-05
9.053961070999236456e-05
8.896207145528361819e-05
8.683324147415569412e-05
8.544891551785554953e-05
8.433682677642588652e-05
8.355252426465937024e-05
8.298202902759651504e-05
8.132984098761641284e-05
7.947689354420314301e-05
7.913650741210084404e-05
7.773756393815930434e-05
7.641821018114147907e-05
7.617149373083334388e-05
7.554916457511525905e-05
7.518007282499959297e-05
7.418037372728446895e-05
7.353850485215308354e-05
7.242888421901752256e-05
7.176463751542930811e-05
7.121461588009711063e-05
7.078069875012766112e-05
7.017419779968717488e-05
6.986027798352579100e-05
6.905522394581188183e-05
6.831359670608906198e-05
6.769001839470391605e-05
6.711746885241823518e-05
6.668140279893391747e-05
6.633827170987255189e-05
6.600298438410268315e-05
6.502734483257936033e-05
6.478214357247678748e-05
6.408301391885181894e-05
6.388171293950888204e-05
6.373135453582774192e-05
6.324431208950428399e-05
6.296683960485258190e-05
6.260377115346063776e-05
6.227664343443492176e-05
