3.364479739320694742e-06
3.282224448087949820e-06
3.000520812421252789e-06
2.921499320542728708e-06
2.842492863105719817e-06
2.711029612095627286e-06
2.595852694162134943e-06
2.517352810761489768e-06
2.397642986968005769e-06
2.338191395549320063e-06
2.298282454964943922e-06
2.180074387074196742e-06
2.164104297750641001e-06
2.028877301801452301e-06
2.014342145880994120e-06
1.948310059437070916e-06
1.870897273278003954e-06
1.826425865811425283e-06
1.814859562742532414e-06
1.791686551303636702e-06
1.757655159510326544e-06
1.699767431477211088e-06
1.629637028503427777e-06
1.627892100398029936e-06
1.540134202579748799e-06
1.478227517636355381e-06
1.368764372136939247e-06
1.317292999769011881e-06
1.255921785411037192e-06
1.249230998905219707e-06
1.195487555636972050e-06
1.169265958646599266e-06
1.123520167268462766e-06
1.026447596830279163e-06
9.741980874780354025e-07
9.831700802883597219e-07
1.424354990982310530e-06
1.424354990982307141e-06
1.424354990982325564e-06
1.424354990982319635e-06
1.007171072940501295e-06
1.007171072940500872e-06
1.007171072940499178e-06
1.007171072940503625e-06
1.007171072940504260e-06
1.007171072940505107e-06
1.007171072940506589e-06
1.007171072940502566e-06
1.007171072940500872e-06
1.007171072940498331e-06
