1.352961599132247901e-03
4.761287520546432571e-04
4.269366706640793322e-04
2.585372499250447251e-04
2.415881236131554833e-04
1.934758006497514947e-04
1.848815475045351110e-04
1.810894506438363481e-04
1.711809935609461604e-04
1.610906808464632103e-04
1.522792623733166596e-04
1.420090074852750563e-04
1.402733045659662278e-04
1.371769285892703667e-04
1.333756571884146390e-04
1.306605974830109826e-04
1.277359444195596151e-04
1.270630226872134221e-04
1.224744026662970275e-04
1.202677424737487753e-04
1.184487002485299257e-04
1.170251377691664484e-04
1.153018679881750546e-04
1.146254626207781328e-04
1.134981733276006207e-04
1.116410034698709942e-04
1.110434768737873936e-04
1.099472861173705690e-04
1.087175884417079000e-04
1.085843659449245527e-04
1.074498671081844836e-04
1.066296295539366089e-04
1.058513750894660789e-04
1.052643072749897142e-04
1.038292011601870302e-04
1.029039665508055658e-04
1.026198412887272823e-04
1.019133106012805741e-04
1.004008314187367150e-04
9.968610117161858918e-05
9.950842446704832574e-05
9.888804845452338571e-05
9.812852290726854429e-05
9.760767749603234086e-05
9.674237639057215539e-05
9.607017519457550139e-05
9.540740019247398408e-05
9.518801914951562939e-05
9.440161625254147530e-05
9.418545844578635879e-05
