2.397729959426604624e-05
2.315495575297883023e-05
2.259357208774379069e-05
2.217216854929100349e-05
2.139596408953174639e-05
2.073662493495806694e-05
2.030651035732735756e-05
2.002735049356125735e-05
1.972487833292707035e-05
1.948106722227458651e-05
1.926734071019822416e-05
1.918054808142339177e-05
1.891399147466096763e-05
1.884555792589280595e-05
1.864102754219972875e-05
1.839742145413050949e-05
1.819101198775084172e-05
1.796110005114331051e-05
1.780309601655862480e-05
1.763911245926142127e-05
1.739876019292821066e-05
1.720524943717134599e-05
1.713176800865241444e-05
1.692665350527369273e-05
1.684445128841700591e-05
1.674711007032507137e-05
1.664031387998297559e-05
1.647033047241770761e-05
1.645093227340023236e-05
1.635314539357618060e-05
1.615482420038869200e-05
1.612440520952516793e-05
1.592358026710501259e-05
1.578129071747214643e-05
1.569186888142241759e-05
1.564903379083159871e-05
1.545318290139752467e-05
1.540388631651054227e-05
1.528742917049519419e-05
1.517936079061482326e-05
1.507113034320526071e-05
1.501856696404938085e-05
1.490178293913622433e-05
1.481573584167749695e-05
1.467149326743119089e-05
1.458624751398442347e-05
1.450656137620834281e-05
1.443407730492085636e-05
1.435912829667767678e-05
1.429048487856456123e-05
