9.181461010858238761e-05
7.200297754465228716e-05
6.918405337148260132e-05
6.715047588819237051e-05
6.633334803629759317e-05
5.100279260444177308e-05
4.981620158511595558e-05
4.808685854008853640e-05
4.706362063783703511e-05
4.548082293545723079e-05
4.503733340153115092e-05
4.467270207036857214e-05
4.406011316513224851e-05
4.385900546049456604e-05
4.287755645377925716e-05
4.258924925109211192e-05
4.252101288344800611e-05
4.154249560399617954e-05
4.124535424239047593e-05
4.084874624071075120e-05
4.035731384652561135e-05
4.039328403772774996e-05
3.998888212452196463e-05
3.968459558471955828e-05
3.922431137647328011e-05
3.905966423163225517e-05
3.848418832027441995e-05
3.838099575420165002e-05
3.802353092605389925e-05
3.791942905598304431e-05
3.747749161918367665e-05
3.724430124727482421e-05
3.716081264278902892e-05
3.685301799786440998e-05
3.642302089739652489e-05
3.632250535005037567e-05
3.627445580657749153e-05
3.602175938903045123e-05
3.582329195280651359e-05
3.572182768179084063e-05
3.526779125198321153e-05
3.510728867985329785e-05
3.484956470190226860e-05
3.452016301486748894e-05
3.441723291033745952e-05
3.413406663634011121e-05
3.385101520937866309e-05
3.377178624244942109e-05
3.366778621240151240e-05
3.346619513461826989e-05
