1.352961599132258093e-03
4.761287520546484612e-04
4.269366706640825306e-04
2.585372499250458635e-04
2.415881236131585191e-04
1.934758006497514947e-04
1.848815475045351110e-04
1.810894506438372696e-04
1.711809935609468110e-04
1.610906808464632916e-04
1.522792623733169035e-04
1.420090074852749750e-04
1.402733045659659838e-04
1.371769285892695807e-04
1.333756571884175393e-04
1.306605974830116331e-04
1.277359444195614853e-04
1.270630226872122295e-04
1.224744026662991959e-04
1.202677424737497917e-04
1.184487002485296140e-04
1.170251377691662858e-04
1.153018679881750817e-04
1.146254626207787291e-04
1.134981733276016643e-04
1.116410034698697338e-04
1.110434768737863636e-04
1.099472861173703250e-04
1.087175884417077238e-04
1.085843659449249322e-04
1.074498671081848089e-04
1.066296295539369613e-04
1.058513750894648863e-04
1.052643072749894160e-04
1.038292011601869895e-04
1.029039665508053083e-04
1.026198412887274042e-04
1.019133106012813330e-04
1.004008314187364575e-04
9.968610117161848076e-05
9.950842446704819021e-05
9.888804845452418531e-05
9.812852290726889666e-05
9.760767749603289651e-05
9.674237639057220960e-05
9.607017519457525744e-05
9.540740019247425513e-05
9.518801914951543965e-05
9.440161625254113648e-05
9.418545844578589800e-05
