1.744471470246599708e-06
1.424354990982313918e-06
1.007171072940497272e-06
1.007171072940497272e-06
1.709313446978194517e-22
1.640736221242159287e-25
2.602562016348389860e-38
1.632384343760519776e-38
9.807084309864717429e-40
-1.308805627085939180e-38
3.232566882516314764e-40
-4.105452969609784975e-39
4.210758126619493753e-39
-2.161174740423860138e-39
1.402220370038579854e-39
-1.088610875010599360e-39
1.719093332265357677e-39
2.206714752825937609e-39
-2.088432794334264628e-39
1.551055346274099120e-40
1.405452061760353781e-39
1.896566039137909724e-40
-1.938610288859601477e-39
-1.353722639471670925e-39
-1.100761770676237676e-40
8.938105023039378272e-40
-5.963914026026591759e-40
-4.174650081629403637e-40
4.582091103258005805e-40
1.063149710602436083e-39
-1.287942198158768712e-40
-6.807915774479815342e-40
-5.735140351053009178e-40
6.895754234482191047e-40
5.123094093303910140e-40
5.866038389576064788e-41
-4.283998339109808156e-40
4.908403873132263095e-40
-5.716786856205030631e-41
-2.814007645613359506e-40
3.150004114709900091e-40
-1.942313848607068102e-40
3.916513363419534321e-41
-6.074967071529015435e-41
2.520733308610821137e-40
-6.877223847160669833e-41
5.832087859926450692e-41
-1.720998097163020593e-42
1.402935399213114182e-40
1.377223330374237484e-40
