3.456884250087397507e-05
2.799800673647471892e-05
2.424128611664003454e-05
2.225478076087057159e-05
2.182931569427018140e-05
2.156587313672060017e-05
2.113742589513508807e-05
2.080489254652373945e-05
2.052990685790893956e-05
2.016918693671924362e-05
1.990567071183048955e-05
1.970362927419966071e-05
1.922785964911735368e-05
1.908348462904869037e-05
1.894490108419056356e-05
1.868689396015485105e-05
1.852490894200689391e-05
1.836716968344836876e-05
1.817879018415115842e-05
1.806027525318920559e-05
1.786892333358751134e-05
1.771189888036526935e-05
1.754844452438155672e-05
1.742857964134136744e-05
1.721965516488605327e-05
1.704299532552445401e-05
1.692931917261574927e-05
1.679413796476237871e-05
1.671773712118935625e-05
1.661050685022029432e-05
1.652001565076397717e-05
1.643689659157531932e-05
1.633686259572306816e-05
1.613685230661650449e-05
1.591055139694873201e-05
1.584222700257029037e-05
1.569066707152472765e-05
1.563056389520920433e-05
1.548888199891769601e-05
1.545567841330159671e-05
1.538012466111333970e-05
1.517246298407008645e-05
1.506288111246527468e-05
1.497339089519428413e-05
1.491370811203785203e-05
1.481763834504820283e-05
1.476651720569707046e-05
1.462021353662787099e-05
1.456646604393947893e-05
1.446153650563745002e-05
