8.693188424026492380e-05
3.507482368093071593e-05
2.306504427705797583e-05
2.218966695262177628e-05
2.158245116727956241e-05
2.126898468460859478e-05
2.082353587228149560e-05
2.065280543214318592e-05
2.060624865311199506e-05
2.012800099027125449e-05
1.980139414882629780e-05
1.940766416026784127e-05
1.923288897954685469e-05
1.892286223178855424e-05
1.877834840327538205e-05
1.865893320930294119e-05
1.837663923976323607e-05
1.833406774353559156e-05
1.820604363511488461e-05
1.797851467793541881e-05
1.770672854341938561e-05
1.760443570496865871e-05
1.754417447950890497e-05
1.733574932410525960e-05
1.714435554211069662e-05
1.707021432691697345e-05
1.694135062422081191e-05
1.672856120234168789e-05
1.666410221865267238e-05
1.655734133340985782e-05
1.637345689979588449e-05
1.632879458719687185e-05
1.616438078588432341e-05
1.602211857639203218e-05
1.595325695345121384e-05
1.573660117965589188e-05
1.581468098843156374e-05
1.580912655135611916e-05
1.552036942131743028e-05
1.548069265672720606e-05
1.538598968398416134e-05
1.532818955558321137e-05
1.511664768785358656e-05
1.495616046639795853e-05
1.493336662090332810e-05
1.490854140759905434e-05
1.477443111212582393e-05
1.467544215968811291e-05
1.453695991007110710e-05
1.444977754965836218e-05
