3.591171516714065327e-06
3.459795128849001882e-06
3.328667672648941627e-06
3.056371933701711543e-06
2.964294232808261260e-06
2.825950840369158663e-06
2.769318175161408768e-06
2.687175431611621105e-06
2.519357199840000700e-06
2.463119469065532374e-06
2.408344503374966299e-06
2.341752004133625514e-06
2.279189318370475407e-06
2.108756188361429733e-06
2.019172371633597075e-06
2.014342145880991579e-06
1.979406076296968554e-06
1.886648391183655334e-06
1.873071364629973979e-06
1.814859562742528602e-06
1.799342849542654386e-06
1.754871767071402013e-06
1.696551086646201227e-06
1.676639865865863599e-06
1.629637028503426719e-06
1.537670270551798612e-06
1.482665207174640729e-06
1.452129475488733691e-06
1.403376176524645599e-06
1.332685327648367292e-06
1.257914774003413833e-06
1.255921785411041004e-06
1.193226964515410704e-06
1.169461020154663172e-06
1.061822658608993788e-06
1.046745810048639193e-06
9.429189688801405972e-07
9.195897688609505422e-07
8.147100847695450576e-07
7.759824641553176610e-07
7.396598425451203383e-07
7.183090070460894208e-07
1.424354990982321753e-06
1.424354990982314976e-06
1.424354990982319212e-06
1.424354990982316459e-06
1.007171072940498119e-06
1.007171072940496425e-06
1.007171072940496848e-06
1.007171072940495790e-06
