4.384769941414993545e-04
1.927298981159904223e-04
1.641700463065130897e-04
1.336572709345185247e-04
1.273178076006120912e-04
1.075081563063447676e-04
1.036446709456247957e-04
9.861275790963779737e-05
9.749552360812751943e-05
9.277009075949184890e-05
9.162390939392963990e-05
9.026738404771450974e-05
8.796385036928995604e-05
8.708749349669591571e-05
8.600733150927897675e-05
8.424595583483965354e-05
8.326307180191743114e-05
8.263745863381190618e-05
8.090113778143226300e-05
8.015323332744496052e-05
7.936934319947351146e-05
7.774975458979293045e-05
7.723256696064388757e-05
7.628364392912265765e-05
7.524139916376346442e-05
7.430071212615171135e-05
7.406081708826391693e-05
7.329323299372075687e-05
7.258014862953451505e-05
7.209906862606067389e-05
7.070623314200419373e-05
7.036840862815774708e-05
6.944993324197294986e-05
6.904254963224269411e-05
6.847261533272593938e-05
6.854907160606626125e-05
6.740046061188356707e-05
6.718881480327860772e-05
6.653709147484519878e-05
6.617449540379539963e-05
6.571105143454864515e-05
6.563889279070949561e-05
6.499123010770876800e-05
6.483994453126013793e-05
6.415232329467768213e-05
6.383579172676731811e-05
6.346781977481264240e-05
6.308744376886330494e-05
6.261660827761588333e-05
6.206213709219269008e-05
