3.962331104236943981e-04
2.733409433131550820e-04
2.385844009441122392e-04
2.031710132597401043e-04
1.968414665088915835e-04
1.929514543646851886e-04
1.817937095079514404e-04
1.755307252957663392e-04
1.703195358097290982e-04
1.637779525174453581e-04
1.586672943249525976e-04
1.532727137623684697e-04
1.485495955205038039e-04
1.478242106989361489e-04
1.432857754219280509e-04
1.388832732270513270e-04
1.355396372718166203e-04
1.300651781963884268e-04
1.292549505804394016e-04
1.282077135592430252e-04
1.253201193470859787e-04
1.231059457792873060e-04
1.210743624320884235e-04
1.196307126447165045e-04
1.178151552904811402e-04
1.169791036617195951e-04
1.160537481557444100e-04
1.142494813041655867e-04
1.135747321004096941e-04
1.119268065676281963e-04
1.100529689426942232e-04
1.088435174698799084e-04
1.082423750223583398e-04
1.076245521962563022e-04
1.061210345417484179e-04
1.052660000415695359e-04
1.045431672114751265e-04
1.042526548951145418e-04
1.028319198922469891e-04
1.023387160000328449e-04
1.014333611943749627e-04
1.007149144433863269e-04
1.002123489494846864e-04
9.931847287875502023e-05
9.905014260925992689e-05
9.846094332886081498e-05
9.692788888575708923e-05
9.661209228911801436e-05
9.604755325758409807e-05
9.567613850467479412e-05
