7.657677219318268077e-04
7.581819780606155945e-04
5.637727111798560356e-04
4.653896781552319204e-04
2.924353610513651981e-04
2.908565644491989508e-04
2.248758509950176494e-04
2.169297960894179481e-04
2.115951772070203481e-04
1.940228676425977627e-04
1.777840827409122703e-04
1.699575382213259188e-04
1.700009063334980645e-04
1.656522813357605070e-04
1.638051574469345263e-04
1.556530734350929492e-04
1.499287811089057923e-04
1.480231867575025856e-04
1.463873142858432741e-04
1.421294723912963891e-04
1.406187727335507726e-04
1.365266001759550909e-04
1.359390962631429247e-04
1.323172702837546201e-04
1.306448897008392787e-04
1.303564097907341525e-04
1.275324899512832373e-04
1.270002170697901995e-04
1.261051763281971602e-04
1.253578730321845084e-04
1.233366929350656227e-04
1.231114614681404142e-04
1.213283702687210398e-04
1.213407554411996948e-04
1.202036236947475823e-04
1.181552949937070295e-04
1.176832352323048717e-04
1.167451253666883790e-04
1.162415047482950816e-04
1.157469358867623742e-04
1.149548668928276749e-04
1.148489625558446096e-04
1.138047913789295068e-04
1.127492150655962056e-04
1.121354422818271522e-04
1.114762840751033128e-04
1.106342385993036023e-04
1.094868485644524304e-04
1.094926352583221706e-04
1.084789620811120160e-04
