3.736824841466049318e-04
1.312899381613173591e-04
6.351865267430985881e-05
5.961490729334447390e-05
5.646465584283606693e-05
5.405253798700310127e-05
5.077586956236259346e-05
4.877988606834492553e-05
4.844686009740623007e-05
4.736942686683121614e-05
4.616033755017661067e-05
4.521580764591000951e-05
4.452474426032982784e-05
4.413538391896984725e-05
4.334342755687929340e-05
4.268874778433158945e-05
4.253710542266049945e-05
4.220065861912531828e-05
4.156921561021765583e-05
4.080959786135902710e-05
4.067732712267533267e-05
4.006473471459781702e-05
3.982424701947963601e-05
3.945117668381354758e-05
3.935735373465536674e-05
3.923038031121819561e-05
3.876176260026064675e-05
3.834304386448341123e-05
3.810524125655181358e-05
3.799146860814342134e-05
3.763960400519483497e-05
3.728937956711317466e-05
3.699785169256042915e-05
3.660604461670358953e-05
3.646225920714010413e-05
3.640871567882470302e-05
3.595814127862458569e-05
3.579453144584778142e-05
3.587393910599767817e-05
3.526804372257621377e-05
3.513009031887698145e-05
3.487608789015519213e-05
3.477107628957951509e-05
3.440539900689627617e-05
3.423032014962264886e-05
3.411426385589561402e-05
3.388973086055144793e-05
3.369147648999384388e-05
3.348899623522497946e-05
3.328554954583917046e-05
