3.627049224935216284e-06
3.434496366891754225e-06
3.092602163250464416e-06
2.984876721799023697e-06
2.856653958530735768e-06
2.806136930564129912e-06
2.661885772606838052e-06
2.566122943518710470e-06
2.473260231630918364e-06
2.329226372182885452e-06
2.261716802696773589e-06
2.176153897073471177e-06
2.014342145881007673e-06
1.991925957169506931e-06
1.933716195210218538e-06
1.896481977113740349e-06
1.867631501618052778e-06
1.832900480016080182e-06
1.814859562742528391e-06
1.743657917915759135e-06
1.722538395609976873e-06
1.693265850803336584e-06
1.629637028503419095e-06
1.605516471163053686e-06
1.544726268881570084e-06
1.502801773926746592e-06
1.356915340932550704e-06
1.292143222585734258e-06
1.274111557971206815e-06
1.255921785411042910e-06
1.223076669861356861e-06
1.176343817685639805e-06
1.117899665910086795e-06
1.065999604727914369e-06
9.117208791492262674e-07
9.705107725291374266e-07
9.947311503734747235e-07
8.161388575966327869e-07
1.424354990982317094e-06
1.424354990982316671e-06
1.424354990982324294e-06
1.424354990982313282e-06
1.007171072940499178e-06
1.007171072940494731e-06
1.007171072940500025e-06
1.007171072940495578e-06
1.007171072940499813e-06
1.007171072940504260e-06
1.007171072940498754e-06
1.007171072940502566e-06
