1.744471470246599708e-06
1.424354990982313918e-06
1.007171072940497272e-06
1.007171072940497484e-06
6.767743480098982027e-23
9.618231971412200585e-38
2.837764024002466998e-40
-2.170628256560835523e-39
1.486769736242581267e-39
1.026158226288376523e-39
1.757548742686038829e-39
-2.005678989658414216e-39
-6.028026791252036051e-40
1.397818063017043536e-39
1.340455679781559299e-40
-9.324762044455703564e-40
-8.307427854477428547e-40
2.458230931323352889e-40
8.132573654517453005e-40
-2.235390247186457059e-40
-1.647377517773915577e-40
8.200444881798612702e-41
-3.562837044864413830e-40
-1.655302023104255606e-40
4.467986248544034417e-40
-3.713668386413941649e-40
2.933196383621311669e-40
2.217671111027389707e-40
-1.947644915129822967e-40
-2.331701868584286194e-40
2.239880718362220971e-40
2.528370373074684190e-41
1.937868010837176192e-40
-9.688668799510619075e-42
1.865611772266974707e-40
-1.832270869235295136e-40
-7.309708223813385309e-41
-3.547144008152596438e-41
1.250956182823341025e-40
-6.297522541401365446e-41
-1.024037050917427696e-40
5.674744361972625558e-41
6.640355446476897587e-41
6.181175081048361071e-41
-7.055549113334329554e-41
-2.737598425004718097e-41
-2.010418363954718011e-42
-3.408885173251680248e-41
-6.213589942490914287e-42
-1.364983071037987455e-41
