1.744471470246601614e-06
1.424354990982314341e-06
1.007171072940497907e-06
1.007171072940497695e-06
2.440976924273793892e-37
-1.007055334426094008e-37
9.589546436437421922e-39
8.277789557125767720e-39
-5.231280133800531529e-39
-6.740476482589562717e-39
3.604713298593270240e-39
5.816905298973592126e-40
-2.815529161424680015e-39
-3.347307834357560555e-40
1.372296561868902370e-39
-1.368436029661906545e-39
1.787401213195591880e-39
4.327599275642860112e-40
3.182492640480838336e-40
1.463922348806526020e-39
-8.589724311185240658e-40
-1.048257432620468226e-39
-1.179491629502634696e-39
8.493471431630075229e-40
-3.599718473956628615e-40
-7.341813066501385375e-41
-5.789334844886618372e-40
5.217057053923735839e-40
-6.175152309693762252e-40
-5.854838164297486873e-40
-5.436384024685511903e-40
6.460673523528862784e-40
1.052011938308567334e-40
6.111046449877207614e-40
1.500679239933203250e-40
-1.042701635269882268e-40
4.861297699097345487e-40
3.706468740424738048e-40
-3.715935165886590862e-40
-1.487836476838866875e-40
2.877011209387564465e-40
6.742518638471267049e-41
1.469412040015360737e-40
-1.402752700897715094e-40
9.014279767831274542e-41
3.364953138874493094e-41
-7.538086837210821855e-41
4.918382323685302540e-42
-5.862898006608907530e-41
-1.984844830531101195e-41
