1.352961599132253756e-03
4.761287520546501960e-04
4.269366706640826932e-04
2.585372499250458635e-04
2.415881236131593322e-04
1.934758006497511694e-04
1.848815475045353820e-04
1.810894506438404951e-04
1.711809935609458081e-04
1.610906808464636711e-04
1.522792623733176896e-04
1.420090074852765200e-04
1.402733045659659567e-04
1.371769285892708817e-04
1.333756571884153980e-04
1.306605974830101966e-04
1.277359444195623527e-04
1.270630226872134221e-04
1.224744026662993315e-04
1.202677424737505913e-04
1.184487002485296140e-04
1.170251377691668550e-04
1.153018679881742279e-04
1.146254626207780244e-04
1.134981733276007698e-04
1.116410034698696660e-04
1.110434768737869870e-04
1.099472861173696203e-04
1.087175884417078593e-04
1.085843659449248102e-04
1.074498671081847005e-04
1.066296295539371510e-04
1.058513750894656588e-04
1.052643072749897955e-04
1.038292011601873419e-04
1.029039665508057691e-04
1.026198412887273500e-04
1.019133106012811297e-04
1.004008314187365252e-04
9.968610117161842655e-05
9.950842446704825798e-05
9.888804845452407689e-05
9.812852290726893731e-05
9.760767749603318111e-05
9.674237639057220960e-05
9.607017519457567757e-05
9.540740019247414671e-05
9.518801914951548031e-05
9.440161625254113648e-05
9.418545844578667049e-05
