4.348783012194735510e-04
3.022633359014345318e-04
2.701415015819376062e-04
2.374103590672831414e-04
2.006550981213575788e-04
1.928190126144220648e-04
1.864043076476240503e-04
1.811850428168839842e-04
1.757179648999401247e-04
1.559868895425142678e-04
1.535567287997111779e-04
1.458758060964793701e-04
1.423229435449500273e-04
1.378722940321695540e-04
1.363681192240947550e-04
1.319379367928241883e-04
1.311444859602686384e-04
1.278988288040867091e-04
1.270348414745032400e-04
1.243244036676255414e-04
1.230769701269342556e-04
1.209258905141877521e-04
1.201951279556604955e-04
1.173724256365713854e-04
1.160218458912773854e-04
1.148517221593032520e-04
1.137241620446461992e-04
1.127963094367061123e-04
1.121962866355304095e-04
1.110040826719896931e-04
1.098571239085003513e-04
1.089624237454319772e-04
1.077774833622478730e-04
1.070770966522053549e-04
1.058615088790429843e-04
1.054197834550264009e-04
1.044829149192919460e-04
1.040289287853563103e-04
1.028675119030019646e-04
1.023667694790894844e-04
1.016287169452158789e-04
1.006335674232379231e-04
1.000556991518066022e-04
9.944329177359863899e-05
9.870343843435450235e-05
9.790317724348578555e-05
9.731431768508083473e-05
9.687061798379693368e-05
9.587175502321554279e-05
9.526936338096908552e-05
