3.591171516714056010e-06
3.459795128848996376e-06
3.328667672648924262e-06
3.056371933701694602e-06
2.964294232808240932e-06
2.825950840369165016e-06
2.769318175161412156e-06
2.687175431611603317e-06
2.519357199839985877e-06
2.463119469065517127e-06
2.408344503374948512e-06
2.341752004133613232e-06
2.279189318370496159e-06
2.108756188361424651e-06
2.019172371633586487e-06
2.014342145880983532e-06
1.979406076296971096e-06
1.886648391183655970e-06
1.873071364629983509e-06
1.814859562742530296e-06
1.799342849542662857e-06
1.754871767071416413e-06
1.696551086646198051e-06
1.676639865865860634e-06
1.629637028503428413e-06
1.537670270551794165e-06
1.482665207174644117e-06
1.452129475488734115e-06
1.403376176524654281e-06
1.332685327648370680e-06
1.255921785411041639e-06
1.257914774003412986e-06
1.193226964515421292e-06
1.169461020154673760e-06
1.061822658608991247e-06
1.046745810048645123e-06
9.429189688801413384e-07
9.195897688609507539e-07
8.147100847695468575e-07
7.759824641553180845e-07
7.396598425451233029e-07
1.424354990982309471e-06
1.424354990982315188e-06
1.424354990982317518e-06
1.424354990982313706e-06
1.007171072940499389e-06
1.007171072940500660e-06
1.007171072940498119e-06
1.007171072940494731e-06
1.007171072940495790e-06
