2.187922015998624160e-04
8.881295383267967210e-05
8.015908712142540604e-05
5.401795279924880889e-05
5.167081578100482595e-05
4.984179980656677322e-05
4.801887786191717187e-05
4.744576403877092790e-05
4.678734781385087235e-05
4.581388886271781454e-05
4.537015675754074614e-05
4.467452753614523960e-05
4.380504710943055826e-05
4.351540657205791402e-05
4.306539619643295620e-05
4.264313822965885072e-05
4.227118857986341755e-05
4.180290576660636884e-05
4.151441568875275680e-05
4.114658155237193476e-05
4.052629113375821917e-05
4.010927139577306785e-05
3.968753549205447472e-05
3.923914461869951111e-05
3.906651231377395215e-05
3.878321083966563659e-05
3.871862437727823718e-05
3.836881799978906192e-05
3.794814278110203546e-05
3.773247060228780811e-05
3.753377349751414179e-05
3.699006957708053694e-05
3.689222865972540966e-05
3.671920339675093783e-05
3.646384349117641417e-05
3.603432919280054938e-05
3.589909446461185609e-05
3.569752692537987579e-05
3.535998885024980298e-05
3.527018708133711564e-05
3.492085408198438725e-05
3.486539115992451165e-05
3.459472084483942062e-05
3.422442698161230149e-05
3.416931644524881360e-05
3.397082967564723084e-05
3.371560564234555842e-05
3.342459823568749998e-05
3.334137668525653222e-05
3.310681227873838258e-05
