1.014025278186894130e-05
9.185661164253702607e-06
8.976764924053709085e-06
8.616617726822105552e-06
8.354560508077063817e-06
8.310668427784031307e-06
7.986657924481387839e-06
7.852292803416987142e-06
7.684772568802832342e-06
7.619770671148787581e-06
7.397500274036454440e-06
7.332933266782903124e-06
7.204800697453623752e-06
7.098389936950192670e-06
7.031189144789537326e-06
6.920638323961315971e-06
6.840233127169139517e-06
6.730738177168727787e-06
6.702467941881432072e-06
6.616318303606166086e-06
6.570405330706598568e-06
6.416765211214186923e-06
6.348413485066790841e-06
6.287164891983386126e-06
6.256301910271130242e-06
6.153000391023283707e-06
6.143023389992331627e-06
6.059851223325012450e-06
5.973719812499299193e-06
5.934540289202885174e-06
5.820248506996740272e-06
5.799948871326578720e-06
5.764428055294182213e-06
5.715594818641172187e-06
5.654684456679467582e-06
5.606043821936805544e-06
5.566085922664412986e-06
5.503803326044586258e-06
5.432678188190679568e-06
5.333639474279368299e-06
5.277384744385759347e-06
5.241712126069933032e-06
5.207132919531650568e-06
5.158234557121542353e-06
5.118241224107631640e-06
5.083189085296917229e-06
5.045008017836358369e-06
4.997393822890535327e-06
4.947497967617772041e-06
4.930094674821557139e-06
