1.208204942291449127e-03
6.651519694252337744e-04
3.791153462121636653e-04
2.976549692758801596e-04
2.885704184387714085e-04
2.143466808285662373e-04
1.751372292992268097e-04
1.734414107158413639e-04
1.644701252966280017e-04
1.605673024350843235e-04
1.559909456832665341e-04
1.502975222287484191e-04
1.433728020867730394e-04
1.361253903649690977e-04
1.326413704124833120e-04
1.291131931372498001e-04
1.260285396076300704e-04
1.241744871339297456e-04
1.230226717945320065e-04
1.206876868986792988e-04
1.195213192701863482e-04
1.163252301686350416e-04
1.162439304479687043e-04
1.150566932142294994e-04
1.132864028272560346e-04
1.129334533979486725e-04
1.118845163476968330e-04
1.103550011954718049e-04
1.095732706051692431e-04
1.092094001589308027e-04
1.078789042663421164e-04
1.063954110811259540e-04
1.053685966979396057e-04
1.047443893813284759e-04
1.039846121908447562e-04
1.021080507015480410e-04
1.017951922635297330e-04
1.012913557618446694e-04
1.007851851290547776e-04
9.988719592823263693e-05
9.949050280952487593e-05
9.907632122545245853e-05
9.793494126587279532e-05
9.739530898205894468e-05
9.710379603051472034e-05
9.655417672454193960e-05
9.593805411550943886e-05
9.552219831744131065e-05
9.573341452173018669e-05
9.414278214497784759e-05
