1.459833443684670933e-04
1.277639965880877459e-04
7.127365554562328494e-05
5.862032540868065110e-05
5.640205247394895283e-05
5.060115543050971608e-05
4.897889556097285757e-05
4.695228400358264167e-05
4.612482362280393805e-05
4.562142851695918992e-05
4.485876617461654530e-05
4.431873301696763863e-05
4.410743996283703929e-05
4.340282984663735904e-05
4.282518980473468443e-05
4.262442191900433607e-05
4.225996064066426844e-05
4.193677706584115691e-05
4.141110290015618330e-05
4.115873385687237310e-05
4.077348725900434170e-05
4.038574325517465158e-05
3.986791488196025245e-05
3.935077764036958633e-05
3.914449485101132678e-05
3.901149866258975301e-05
3.860756727043471886e-05
3.849913894859262727e-05
3.798620234072933456e-05
3.774018007815657053e-05
3.753396573101468289e-05
3.717604781847329992e-05
3.703974218745410905e-05
3.674869591260434507e-05
3.643958647228499621e-05
3.609515288583713420e-05
3.600252318304304999e-05
3.585611239411683752e-05
3.549949430510144187e-05
3.518395165864169981e-05
3.504483784003665315e-05
3.483681601953660014e-05
3.460521611768091900e-05
3.436661234499625861e-05
3.419476127374563928e-05
3.411058009010124286e-05
3.399045901855234623e-05
3.364600947229224996e-05
3.352793358259266101e-05
3.334760003397156994e-05
