1.744471470246598649e-06
1.424354990982312859e-06
7.349993885005491954e-23
1.007171072940498119e-06
1.007171072940497272e-06
1.074348891475047141e-39
2.099099748496321833e-39
5.209592435621918321e-40
-3.045585579334696713e-40
-3.353741041700004229e-40
4.778206578166988563e-41
1.861442641988443849e-40
1.817730063188127600e-40
-5.715369198354791086e-41
-1.927042926149869497e-40
1.619758038452708074e-40
4.915351960738754786e-41
7.997323707444193201e-41
-1.072651778967581833e-40
2.278799885140910420e-41
5.784010509065459331e-41
7.118444330056977435e-41
3.888211495287396391e-41
2.030761532168808983e-41
1.079327543161452489e-41
-9.910474560399698943e-41
-5.990623449971401483e-41
-8.077256619914671407e-41
-7.824030639028541069e-42
-8.142096530623382527e-41
7.981682326194523878e-41
7.134870558383106340e-41
-3.806327712398511364e-41
4.535946926084199873e-41
-7.391256869566082817e-41
-1.377269407721805454e-42
-5.114174217379036443e-41
4.945073684241115829e-41
3.012881293477361421e-41
-2.487897801169788079e-41
2.479376460941424716e-41
-2.120630383421814689e-41
-5.211375860214755815e-42
-2.715097901900735064e-41
1.647793840376515519e-41
1.240366535817947918e-41
-1.871020286391416985e-41
-1.451954983225198745e-42
-1.358638331979690033e-41
-3.638378585289579505e-42
