1.672706850610079701e-03
6.761901269205692309e-04
5.176424261415875274e-04
3.886727134040075349e-04
3.310354889303745714e-04
2.513354561843434386e-04
2.323667126431779668e-04
2.026114062633328457e-04
1.962229190376835403e-04
1.923184589723205148e-04
1.826278103313834944e-04
1.755605097236434000e-04
1.639150737221326112e-04
1.629423242031863913e-04
1.562243129093812406e-04
1.543160607603384291e-04
1.488795389970873145e-04
1.483698136965507603e-04
1.402336164891694169e-04
1.391596463833800893e-04
1.380153092619341353e-04
1.347333938392908229e-04
1.342032454779203013e-04
1.300607241443569033e-04
1.289020948399689336e-04
1.281285459661973044e-04
1.278318389016163759e-04
1.265166891573293948e-04
1.243949513779015370e-04
1.239622941859010662e-04
1.219740540602526070e-04
1.204274172784264432e-04
1.202193996943868632e-04
1.192847748980466812e-04
1.182279005660871892e-04
1.165985963486205340e-04
1.163747271743037980e-04
1.158000191085231364e-04
1.157225038939178169e-04
1.139989793613421478e-04
1.125365082317657082e-04
1.119537968153475261e-04
1.117106845051810110e-04
1.104856350684909830e-04
1.100012554510049732e-04
1.094718020623633122e-04
1.086458745650585979e-04
1.077406941479719398e-04
1.074209235190942582e-04
1.069390755259525037e-04
