1.744471470246600767e-06
1.424354990982314765e-06
1.007171072940498119e-06
1.007171072940497060e-06
2.653841218491286294e-26
1.391524892441700535e-37
-4.537011072492099952e-38
1.000916034231089480e-39
-4.590389676537285533e-38
-6.602637420317865050e-40
2.700037970664104643e-38
2.379593883329405167e-38
-2.456941142928566395e-39
-1.125947521208581779e-38
-7.399668386068490345e-39
-9.862969255781933833e-39
-7.564874191721689919e-40
2.305662103300909361e-40
8.812346703656160183e-39
5.772311349589963515e-39
-5.629985119620881482e-40
-3.665968966975393818e-39
-4.162231608681535885e-39
2.323726375992550831e-39
4.157449912216941553e-39
-3.454376825252866050e-39
1.979351473500331435e-39
-1.691713746931806350e-39
1.829638949019288064e-40
-1.852561029331200563e-39
-3.342230549626369422e-40
1.789013720655763508e-39
1.756208127482133781e-39
1.992010297514088020e-39
-9.701148364601916700e-40
-4.701133473164243045e-40
-1.178383771670177012e-39
-6.406463770966308179e-41
2.787156527665075842e-40
1.237226211182694279e-39
6.124414573624490063e-40
-5.221939430470062463e-40
-7.064849702084709073e-40
1.346264240193103564e-41
5.431457373797683500e-40
-2.776344164444382834e-40
3.924610541182719990e-41
2.990052019599252648e-40
2.142452849149915926e-40
9.906793831113079673e-42
