1.744471470246601614e-06
1.424354990982312435e-06
1.007171072940497060e-06
1.007171072940497695e-06
7.247510043459623643e-38
8.710930591539053650e-38
4.019784879797604540e-39
1.269206757529371739e-38
1.203635647413073779e-38
-8.950816502372823687e-39
1.619743931928775320e-38
-1.430853123034298829e-38
-8.610516474505761837e-39
1.114691168180496589e-38
-1.086686686689831088e-38
-1.545634663899146920e-39
-5.825063864640081335e-40
9.366713695351880092e-39
5.356128532668497671e-39
3.530856050177057667e-39
1.705034271483291443e-39
-4.313056973573937462e-39
1.963407145900224041e-39
-3.690766903800279288e-39
-1.790727542076542013e-39
-9.875794949441480388e-40
-2.553547009631298239e-39
-2.051935300473552820e-39
-7.519036206871267843e-40
-2.096791983505177564e-39
2.295767423883629747e-39
1.068061732603300102e-39
1.655613972408338825e-39
-9.777271505451102023e-40
-1.051298095401546148e-41
1.537110396505358334e-39
1.048174433329741166e-39
6.252545106918401647e-41
-5.269759952660203873e-40
-8.681882681031226373e-40
5.033298173610448609e-40
9.264724968007554772e-40
-7.432553551601838391e-40
3.873297102438267255e-40
2.091967450957353156e-40
-4.205998655504977930e-40
-2.499870029951852515e-40
-7.056770122464578143e-41
2.554467699391016991e-40
1.197429508310004653e-40
