2.574291767780300310e-04
2.366884603141648584e-04
1.798487009387123221e-04
1.600526897153234742e-04
1.496759089867121190e-04
1.417437134388210699e-04
1.156499333764023215e-04
1.096701853396134333e-04
1.061603294663493306e-04
1.045523740869528864e-04
1.007839874187770876e-04
9.760330478374763146e-05
9.547007368613872594e-05
9.215359827508521782e-05
9.007721368165309925e-05
8.845263234629271868e-05
8.661541473059746301e-05
8.509452888579829757e-05
8.355251539818221056e-05
8.339081776240057399e-05
8.149398466062747612e-05
8.039882062382092912e-05
7.976218852123758796e-05
7.824278910857599572e-05
7.740297596022817622e-05
7.647720349899140039e-05
7.597578590956061877e-05
7.483460611363186848e-05
7.435323074814709579e-05
7.410669047134539427e-05
7.311234560991486018e-05
7.223594284402788332e-05
7.147062253990594269e-05
7.088693957211166744e-05
7.053474377781399594e-05
7.013831642477963294e-05
6.936250045338347746e-05
6.895102306918959552e-05
6.870839847741155599e-05
6.833111343523910058e-05
6.797406374609124731e-05
6.712957929250280213e-05
6.673941983904148822e-05
6.584274155225308559e-05
6.544173011930193024e-05
6.524375432231466557e-05
6.508064542366735869e-05
6.430488135977632574e-05
6.402079502524477515e-05
6.379443895569211341e-05
