1.206226933038322061e-05
9.503044458190298258e-06
8.848152855017340482e-06
8.672478776702416113e-06
8.524100069024389872e-06
8.306663405918957631e-06
8.120465588411589943e-06
7.811682770175563741e-06
7.664865811819274668e-06
7.543172745642954512e-06
7.396234967527807314e-06
7.346951582875455180e-06
7.303581851395883891e-06
7.192203429109263001e-06
7.110602701736701509e-06
7.053449498863589766e-06
6.881859541621743153e-06
6.825351126576824213e-06
6.759151097029343306e-06
6.708107140631706426e-06
6.642511076794020840e-06
6.425941069680806511e-06
6.371063043869747574e-06
6.282086584895035148e-06
6.249501494057083844e-06
6.154689013041990365e-06
6.130646761617995151e-06
6.054630641881781729e-06
5.991766645840066086e-06
5.892779594876071804e-06
5.865953586638357294e-06
5.794213983284574215e-06
5.752162494229921442e-06
5.705569257232452762e-06
5.646778486436143165e-06
5.556963635245630047e-06
5.513440398966058676e-06
5.467220670728177024e-06
5.428582754508378918e-06
5.376233765638630509e-06
5.347346673940973808e-06
5.289925638764149073e-06
5.245553831954204781e-06
5.193651398967272680e-06
5.157824784214787327e-06
5.060592407357126425e-06
5.025338214015218541e-06
4.984261310156537107e-06
4.958995993684835930e-06
4.900349646149136458e-06
