4.068088702403771409e-04
3.681237803511710907e-04
1.729859403682837415e-04
1.598620141699605424e-04
1.460843231917556041e-04
1.206819095639247668e-04
1.063414035009668958e-04
1.034931677559541543e-04
9.993531003191655974e-05
9.424516114796441474e-05
9.382023484677011601e-05
9.139073757012726538e-05
9.050709210992045927e-05
8.888241892038857941e-05
8.791734055983809382e-05
8.589245563072414613e-05
8.500593370582988748e-05
8.296202812593163355e-05
8.244416949254216535e-05
8.108173732665753899e-05
8.012775422786222674e-05
7.916249349170728178e-05
7.867924208636919037e-05
7.756920677363901182e-05
7.658969756874763285e-05
7.549737417491460289e-05
7.513196022419599631e-05
7.456219311997347215e-05
7.380153379426590326e-05
7.261084977600430843e-05
7.220193784327250575e-05
7.119222402188951822e-05
7.051097063929951379e-05
6.971452932349522238e-05
6.898501439390729447e-05
6.863012987146699980e-05
6.796595158032090562e-05
6.778849008673468559e-05
6.720421868819564709e-05
6.685549056443398724e-05
6.639666068893995124e-05
6.648923564062808340e-05
6.525853200291619849e-05
6.482788085678834269e-05
6.459866321851556834e-05
6.436888585446359995e-05
6.381876668044561540e-05
6.333710599143978020e-05
6.314490466253202411e-05
6.280618951379186117e-05
