1.047154980100914642e-05
9.410338963667220049e-06
9.266020532727118741e-06
8.852757857489238698e-06
8.612958153616198347e-06
8.402455174471873417e-06
8.196810249991992722e-06
7.953278740608502652e-06
7.908831574967940931e-06
7.653160113249442197e-06
7.520968327390461495e-06
7.456891024701485761e-06
7.342939616650784052e-06
7.161207011617278076e-06
7.115075243436181256e-06
7.071930437903109262e-06
6.978189315188759436e-06
6.814731098750639853e-06
6.789373963754419479e-06
6.673328822272334502e-06
6.594779507237527773e-06
6.540204492709792714e-06
6.432900783679742080e-06
6.364866813639988062e-06
6.264469183588685813e-06
6.201167467697315490e-06
6.132451899894002881e-06
6.093217539804956317e-06
6.072989222530563012e-06
5.949367003514347208e-06
5.916868057925500076e-06
5.840581765271692021e-06
5.813920537057520101e-06
5.704565927977197502e-06
5.664526808884237581e-06
5.636296709459874051e-06
5.586462000886401357e-06
5.522901216391285447e-06
5.449834629069536370e-06
5.395092925922538186e-06
5.371152635969911752e-06
5.321270515066880946e-06
5.283951727561979733e-06
5.209873620571866142e-06
5.174409356000433274e-06
5.099025237146111251e-06
5.049827340991585037e-06
5.005212678159366275e-06
4.958712746670842391e-06
4.932692950105103508e-06
