2.328606205446676156e-04
9.565096510056652821e-05
6.341872766112340856e-05
5.731848192886319248e-05
5.398889114637136187e-05
5.076383198125941393e-05
5.006128270685469877e-05
4.881705335367664402e-05
4.804654815020936644e-05
4.741112642724386100e-05
4.604008174254286249e-05
4.573580085383097967e-05
4.435828675050081050e-05
4.397305905402986885e-05
4.359031737195219258e-05
4.317021155791006738e-05
4.237534878678435291e-05
4.197965961037509455e-05
4.172195797633664022e-05
4.130362382397592946e-05
4.089108076138675324e-05
4.034379892894008398e-05
4.003874073937386987e-05
3.972014705803021499e-05
3.887932082603349647e-05
3.877406546865824370e-05
3.850819509237175304e-05
3.825268842656540027e-05
3.802724200187956844e-05
3.775373061653657927e-05
3.747052075567466493e-05
3.725799036539667169e-05
3.694915334359738361e-05
3.673774061651694395e-05
3.636541478183392864e-05
3.623920089142984401e-05
3.605461988177857484e-05
3.564989649480449581e-05
3.552102849673211525e-05
3.543560803445551668e-05
3.525202498773421990e-05
3.503530393284126220e-05
3.482545580018056401e-05
3.446857654361720573e-05
3.433580607486251394e-05
3.401965342915790313e-05
3.381360199613324353e-05
3.352709495763959015e-05
3.338019300374509539e-05
3.322011526991484643e-05
