3.627049224935229837e-06
3.434496366891753801e-06
3.092602163250419524e-06
2.984876721799042755e-06
2.856653958530728992e-06
2.806136930564142194e-06
2.661885772606860074e-06
2.566122943518724023e-06
2.473260231630909047e-06
2.329226372182885876e-06
2.261716802696779942e-06
2.176153897073482189e-06
2.014342145880993273e-06
1.991925957169481097e-06
1.933716195210203715e-06
1.896481977113733784e-06
1.867631501618042402e-06
1.832900480016078487e-06
1.814859562742534532e-06
1.743657917915755747e-06
1.722538395609976449e-06
1.693265850803335313e-06
1.629637028503429260e-06
1.605516471163053898e-06
1.544726268881567967e-06
1.502801773926742992e-06
1.356915340932544987e-06
1.292143222585727693e-06
1.274111557971200674e-06
1.255921785411031051e-06
1.223076669861353261e-06
1.176343817685630276e-06
1.117899665910074725e-06
1.065999604727908016e-06
9.117208791492249968e-07
9.705107725291372149e-07
8.161388575966309869e-07
9.947311503734743000e-07
7.547184425086833442e-07
1.424354990982315612e-06
1.424354990982316671e-06
1.424354990982313282e-06
1.424354990982320694e-06
1.007171072940498542e-06
1.007171072940499601e-06
1.007171072940503201e-06
1.007171072940501931e-06
1.007171072940502142e-06
1.007171072940499813e-06
1.007171072940498754e-06
