3.692347506407787108e-05
2.345949892364262784e-05
2.231835179541539872e-05
2.172927707480053688e-05
2.121320184204761441e-05
2.060374333527191531e-05
2.009825144405708659e-05
1.988472472943387292e-05
1.959792449345687838e-05
1.941436679050934972e-05
1.916052867346968645e-05
1.897719785134037437e-05
1.873053298266875037e-05
1.862187114423512438e-05
1.833792269780053409e-05
1.820487639939812879e-05
1.808296353267025355e-05
1.783302424237015915e-05
1.776031807579729141e-05
1.761791669971072251e-05
1.747438341220666281e-05
1.726784218738219303e-05
1.723021504153322803e-05
1.707468345201542350e-05
1.695292040216190530e-05
1.683780590129317682e-05
1.662807844327751587e-05
1.648215316918181836e-05
1.637537246452079568e-05
1.633732449849728625e-05
1.618247283303674057e-05
1.605710593316633800e-05
1.598073630684075763e-05
1.581657523953222889e-05
1.572418087718847513e-05
1.562477137742290971e-05
1.553909204354029865e-05
1.535923671738374525e-05
1.527048249063239603e-05
1.521121341763553222e-05
1.506282410092157331e-05
1.500234868812368114e-05
1.491500727126563137e-05
1.478981584115658634e-05
1.473159062393233688e-05
1.463219824438027570e-05
1.452957939376244218e-05
1.445212711517186328e-05
1.438903403600796551e-05
1.428157747608088806e-05
