3.832308031596623412e-04
3.312074365188480071e-04
2.723361527093967529e-04
2.321720231454171141e-04
2.113772550958962896e-04
2.120741954426562837e-04
1.915688678682194075e-04
1.902557935579707326e-04
1.853065565928818279e-04
1.848638171116154391e-04
1.788363630119428865e-04
1.744173307467258047e-04
1.738428511429409922e-04
1.635542073991188747e-04
1.582304012846087672e-04
1.561610010029223388e-04
1.558323230165814814e-04
1.509571582099574621e-04
1.494894476519797392e-04
1.444060891913030785e-04
1.432834450955130894e-04
1.387095265864787027e-04
1.375639078442837410e-04
1.363453664389150831e-04
1.345819311007771454e-04
1.338351080233387094e-04
1.308393230152746830e-04
1.296349704921321861e-04
1.286836818927634604e-04
1.274361956355369631e-04
1.272759068304212373e-04
1.245787037937840197e-04
1.230031519951751821e-04
1.216197676778078536e-04
1.213427258939561005e-04
1.205700160785592258e-04
1.200632696302167326e-04
1.187966003315176167e-04
1.178552275662326788e-04
1.165839211651703653e-04
1.164679858637953389e-04
1.157101388130737490e-04
1.143253383533431874e-04
1.140994975798181210e-04
1.134475099104943486e-04
1.128375856038336175e-04
1.118201431406736407e-04
1.105186909189698381e-04
1.104219354264062889e-04
1.092846268633257124e-04
