6.947723084567794007e-05
3.329109963035799697e-05
2.804583776792160101e-05
2.174462721215915004e-05
1.907248334530575515e-05
1.784516014162853401e-05
1.737391973455286223e-05
1.515454412716718483e-05
1.490293721290993442e-05
1.420675750785378739e-05
1.366649614338354967e-05
1.315210896264471737e-05
1.166364380172757968e-05
1.159164661227562474e-05
1.146646155364202134e-05
1.103743861252094673e-05
1.065192009470436367e-05
1.043376110406859219e-05
9.582825604517383066e-06
9.482527864578326691e-06
9.123796751877926323e-06
8.992284838869782265e-06
8.850494080892975935e-06
8.730727937411501439e-06
8.564453622358974701e-06
8.442248266370719849e-06
8.283496960304224122e-06
8.213673593534636237e-06
8.007808734998670834e-06
7.904387931012970219e-06
7.838107853444484748e-06
7.662400566324437592e-06
7.394735983985234301e-06
7.369672164802252185e-06
7.246837043031648142e-06
7.208276911906049837e-06
7.073013397658426746e-06
7.062101384623590366e-06
6.939948244634799021e-06
6.838306965433143839e-06
6.758762709643760842e-06
6.710412702297532890e-06
6.646700332121373224e-06
6.515200490978895415e-06
6.418762932983479010e-06
6.358585962151069272e-06
6.335944741327752796e-06
6.258510868836141290e-06
6.220844628869311936e-06
6.149693620217875411e-06
6.021980068653547981e-06
5.988732469223007557e-06
5.969967403603582163e-06
5.920770878144139332e-06
5.883397684736944853e-06
5.856229687422040677e-06
5.811909441947070124e-06
5.762123771041355753e-06
5.741633636312151808e-06
5.706913676902503865e-06
5.695675358143828022e-06
5.670670199930050410e-06
5.641258207129934225e-06
5.591508038080783540e-06
5.571994193287453102e-06
5.554349557601122769e-06
5.533622953159652569e-06
5.509783588436549274e-06
5.502086911650372935e-06
5.481079500390456449e-06
5.453853800126555732e-06
5.446129970309380817e-06
5.426848180212568994e-06
5.397396144254842328e-06
5.385319548833893877e-06
5.378036347447684691e-06
5.358782332500374670e-06
5.346008921553363873e-06
5.319118220080629121e-06
5.314092885681742935e-06
5.291175053328608421e-06
5.285368704347988468e-06
5.270641045018681005e-06
5.259866235684598124e-06
5.231875461718551251e-06
5.220424469120812900e-06
5.210117130174175790e-06
5.200295421650678228e-06
5.172818172785844247e-06
5.169101396560708460e-06
5.147330673817739611e-06
5.133176175028941328e-06
5.121828923622578344e-06
5.113782587790732047e-06
5.094103466574483726e-06
5.086817787265256398e-06
5.080676871254195404e-06
5.065294170177829745e-06
5.049272215085392558e-06
5.040634606934982951e-06
