4.666237758084904319e-06
2.667215860692886074e-06
2.199283110317403775e-06
1.821308132798841532e-06
1.764264217315369101e-06
1.535785257827421345e-06
1.469415937503958733e-06
1.433653961831058645e-06
1.427489778807722646e-06
1.406158201523014336e-06
1.365328178150710685e-06
1.332771116177012959e-06
1.307015106264934643e-06
1.272985822375954466e-06
1.259446498092500941e-06
1.242963998566996078e-06
1.227669099020336991e-06
1.219357977361000414e-06
1.213570318253847115e-06
1.210176823911661737e-06
1.201834433876185647e-06
1.189441642713548459e-06
1.180232894889963161e-06
1.175870912695256905e-06
1.169619684508926226e-06
1.162320950127241342e-06
1.160441404331852889e-06
1.156613593188344488e-06
1.151045566661921503e-06
1.148016384336647730e-06
1.144862489146740436e-06
1.140373196999663295e-06
1.133129885177290020e-06
1.129716734371112972e-06
1.127500831513958577e-06
1.122166424532921149e-06
1.119670893397829382e-06
1.116065840260479319e-06
1.109848712998539231e-06
1.105513233998892276e-06
1.104302670165508020e-06
1.099530084931461472e-06
1.096581328004491858e-06
1.093792143686196208e-06
1.090623695830726787e-06
1.089136145829262212e-06
1.084754661768504459e-06
1.080852842066215881e-06
1.078506921168137458e-06
1.076348749004462899e-06
1.072512733252805693e-06
1.070001019772724775e-06
1.069062521614199847e-06
1.063881635447805219e-06
1.062894729910602623e-06
1.060111915956889672e-06
1.057959843758338425e-06
1.056688869740149401e-06
1.052427019498263049e-06
1.050439977218346668e-06
1.047766441672078370e-06
1.044639977293130136e-06
1.042793358395924839e-06
1.041887636192525475e-06
1.038331393446314291e-06
1.037337695956966230e-06
1.033886398105092819e-06
1.032606361971132341e-06
1.028908025887520066e-06
1.027893740545356541e-06
1.023214247479404888e-06
1.022207752250281604e-06
1.020355975216500427e-06
1.016940567691436851e-06
1.014087090315368712e-06
1.013218085978833131e-06
1.011279537033596663e-06
1.009633150484138000e-06
1.008022023647194452e-06
1.006637814874712903e-06
1.003767326817988488e-06
1.001871380684032296e-06
9.996938427650484570e-07
9.979188701869804672e-07
9.965771265601432565e-07
9.945496771329791582e-07
9.914968760881592432e-07
9.895368970139105298e-07
9.876727962888270983e-07
9.862613025590375133e-07
9.849010656053071449e-07
9.829142809033856979e-07
9.809376832039627878e-07
9.778455051600258958e-07
9.765777256421408454e-07
9.753078124622408814e-07
9.744102500798235993e-07
9.721770261409232792e-07
9.692078473286779597e-07
9.680726500648933018e-07
