1.122621759776917920e-07
9.922668629009473384e-08
9.822940146300183870e-08
7.938135010979271533e-08
7.016385997763760280e-08
7.016385997763715281e-08
8.419662944053025567e-08
8.419663200010753146e-08
8.419663193275024065e-08
8.419663072031932370e-08
8.419663072031937664e-08
5.613108674273581089e-08
5.613108674273563884e-08
5.613108795516701239e-08
5.613108795516728370e-08
5.613108795516697268e-08
4.209831472026534621e-08
4.209831606741124845e-08
4.209831593269669330e-08
4.209831593269669991e-08
4.209831600005405028e-08
4.209831600005405028e-08
4.209831600005403043e-08
2.806554269779475250e-08
1.403277323490196396e-08
2.806554404494081355e-08
2.806554404494093597e-08
2.806554404494089958e-08
2.806554404494079370e-08
1.403277208982782662e-08
4.341149343201390266e-24
-1.411736495643923548e-24
-1.127989846988085113e-24
-2.173574140934221509e-24
1.112803024696921533e-24
6.647556958162157921e-24
9.807641026030009276e-24
3.086590437492833676e-25
1.403277195511315236e-08
1.403277195511315898e-08
1.403277195511317056e-08
1.403277195511314409e-08
1.403277195511311596e-08
1.403277195511315236e-08
1.403277195511312258e-08
1.403277195511313085e-08
1.403277195511313416e-08
-1.545455174920788463e-24
1.403277195511321688e-08
1.403277195511322019e-08
2.806554397758369479e-08
2.806554397758363854e-08
2.806554397758373781e-08
2.806554397758370141e-08
2.806554397758366501e-08
2.806554397758369148e-08
2.806554397758367825e-08
2.806554397758367494e-08
2.806554397758360215e-08
2.806554397758370141e-08
2.806554397758379405e-08
2.806554397758369148e-08
2.806554397758377420e-08
2.806554397758371795e-08
2.806554397758361207e-08
2.806554397758358891e-08
2.806554397758365840e-08
2.806554397758367825e-08
2.806554397758358230e-08
2.806554397758352605e-08
2.041136364602723456e-24
-4.384274541420898234e-25
-6.211311083570613867e-25
3.219109290096155575e-24
9.023267535881853808e-25
-3.876895677258198973e-25
1.267919532199428266e-24
1.403277202247044648e-08
1.403277202247043324e-08
1.403277202247038692e-08
1.403277202247047129e-08
1.403277202247046633e-08
1.403277202247041505e-08
1.403277202247046799e-08
1.403277202247044813e-08
1.403277202247045806e-08
1.403277202247047129e-08
1.403277202247044979e-08
1.403277202247048288e-08
1.403277202247039850e-08
1.403277202247047295e-08
1.403277202247045806e-08
1.403277202247049611e-08
1.403277202247040677e-08
1.403277202247043821e-08
1.403277202247047626e-08
1.403277202247040016e-08
1.403277202247041008e-08
1.403277202247039519e-08
1.403277202247039850e-08
