2.245243481160167241e-07
1.824260334631153523e-07
1.824260347429087349e-07
1.543604894855386489e-07
1.262949468550896298e-07
1.543604894181738539e-07
1.543604894181824566e-07
1.543604882057481779e-07
1.543604882057500573e-07
1.543604919104044797e-07
1.403277173283555944e-07
8.419662944054244501e-08
1.403277187428502443e-07
1.403277187428597470e-07
1.403277201573611202e-07
1.262949455079542162e-07
9.822940274279049645e-08
1.262949454405963563e-07
1.262949454405895271e-07
1.262949454405881507e-07
1.262949466530182206e-07
1.262949479328057269e-07
1.262949467877378050e-07
1.262949466530210264e-07
1.262949480001675308e-07
9.822940274279392428e-08
8.419663193274891716e-08
1.122621761797682040e-07
1.122621721383416213e-07
9.822940395521809144e-08
1.122621734854773260e-07
1.122621747652788216e-07
1.122621746305647694e-07
1.122621759776938170e-07
1.122621734854818126e-07
1.122621734181176794e-07
1.122621734181154427e-07
8.419663200010784910e-08
8.419663078767633658e-08
8.419662937317361337e-08
9.822940274279585658e-08
8.419663078767485427e-08
8.419663072031941635e-08
9.822940274278877591e-08
9.822940395522222072e-08
9.822940395522224719e-08
9.822940402257861156e-08
9.822940274279166112e-08
9.822940395522259130e-08
8.419663206746799865e-08
8.419663193275529638e-08
9.822940146300177252e-08
9.822940395522318687e-08
9.822940274279335518e-08
9.822940139564331704e-08
9.822940402257792335e-08
9.822940146300108431e-08
8.419663193275176266e-08
9.822940146299997258e-08
9.822940267543299388e-08
7.016386004499358335e-08
9.822940550443934026e-08
9.822940267543328504e-08
9.822940274279220375e-08
8.419662937317624712e-08
8.419663206746949419e-08
8.419663072031961487e-08
8.419663200010700207e-08
8.419662944053269089e-08
8.419662950788942584e-08
8.419663186539464391e-08
8.419663078767735567e-08
8.419663072031911194e-08
8.419663200010839173e-08
8.419663193275005536e-08
8.419663206746647663e-08
8.419663200010700207e-08
8.419662957524573727e-08
8.419663186539328071e-08
8.419663072032048837e-08
8.419663206746619870e-08
8.419662944053152622e-08
8.419662944053042773e-08
8.419663193275069064e-08
8.419662950788951848e-08
8.419662944053098359e-08
8.419663072032125600e-08
7.016386004499473479e-08
7.016385997763974685e-08
7.016386011235447405e-08
7.016385997763761603e-08
7.016385997763821160e-08
7.016386004499363629e-08
7.016385997764007772e-08
7.016386004499526419e-08
7.016386004499542300e-08
7.016386145949841091e-08
7.016386011235288587e-08
7.016385997763825131e-08
7.016386004499514507e-08
