4.671208066546827202e-06
4.122197256320420175e-06
2.671976231460234360e-06
2.174874452336767802e-06
1.966163822433365527e-06
1.922641800622152510e-06
1.732887992752942856e-06
1.471606565401482196e-06
1.453480151899811181e-06
1.359681055520052897e-06
1.343712344755490112e-06
1.323162219176359618e-06
1.284716324780122729e-06
1.268501403014785718e-06
1.261624419036575180e-06
1.253157128791685740e-06
1.236606392163068713e-06
1.223542891739351410e-06
1.217248081835021171e-06
1.205185799503569096e-06
1.197566084373459346e-06
1.186576849481288759e-06
1.178327569449934968e-06
1.174144297204865057e-06
1.166068003159977863e-06
1.158541783679671578e-06
1.154864482428266488e-06
1.150594724802080663e-06
1.145099684461643725e-06
1.141560073371934403e-06
1.138424384238345245e-06
1.132204828519104649e-06
1.131580906504258278e-06
1.127632705324364661e-06
1.122503991594334880e-06
1.118211277626221072e-06
1.114333764586888743e-06
1.111699297799749635e-06
1.107637648186377082e-06
1.102588625373971786e-06
1.100880706299588792e-06
1.096243465524229112e-06
1.092008049899440106e-06
1.091211514642481559e-06
1.088581814144716572e-06
1.086027537634890690e-06
1.082375313819536061e-06
1.080196849147157525e-06
1.077538549242079717e-06
1.076252941035915514e-06
1.072494809781974270e-06
1.069124471913114646e-06
1.066299296541750467e-06
1.064314650287101724e-06
1.062953589510170401e-06
1.058306563539332855e-06
1.055323900571979289e-06
1.053236101371911962e-06
1.051813193414902289e-06
1.050322094437037260e-06
1.047170328766607008e-06
1.045751503817589609e-06
1.043412016462762479e-06
1.039980320478155573e-06
1.037798784488773028e-06
1.036283311873441587e-06
1.033003171296320144e-06
1.030795649985894614e-06
1.028349570455892609e-06
1.026743359862155559e-06
1.023941021734281950e-06
1.022292761526147896e-06
1.020017702903832462e-06
1.018630555410474136e-06
1.015330011407280507e-06
1.013726811317732737e-06
1.011724889130982590e-06
1.009958118729768410e-06
1.008597583550549379e-06
1.005785298688998409e-06
1.004765444952412429e-06
1.002637334519238450e-06
9.991752205396836568e-07
9.995516083551280229e-07
9.960917158930700302e-07
9.947930477596124416e-07
9.936632990716105688e-07
9.907240727129429410e-07
9.894873447264218632e-07
9.876420324872572720e-07
9.866686822465066156e-07
9.847257446814410473e-07
9.820825860971968460e-07
9.786858144125042445e-07
9.765789404653306191e-07
9.750954202782552985e-07
9.728023306005859689e-07
9.718342722830959600e-07
9.706434886987800147e-07
9.701848310750377728e-07
