3.948114721544630540e-05
2.869723812993388602e-05
2.660790409550997223e-05
2.598968165338078599e-05
2.085892642234512761e-05
2.079233308053283762e-05
2.052744023568397203e-05
1.995091269405923254e-05
1.886350235758077479e-05
1.736263256519319622e-05
1.598518227311288348e-05
1.553198776026160885e-05
1.397417451855978890e-05
1.184639639502719604e-05
1.179995110110270281e-05
1.167099547255556492e-05
1.112980075097365771e-05
1.092544698531088916e-05
1.083192689143337745e-05
9.743939106161341333e-06
9.256458349743739626e-06
9.161059718522748964e-06
9.112401129397540894e-06
9.003186651205555846e-06
8.760789624444326055e-06
8.376248547024891310e-06
8.121611022928872263e-06
8.024854847478902505e-06
7.875567860083947230e-06
7.722258160799178557e-06
7.556646417289131227e-06
7.509872936047863247e-06
7.257260810749273371e-06
7.128775644899269887e-06
7.069292558475007311e-06
7.002805190575188396e-06
6.931155608946521762e-06
6.778202834887651218e-06
6.505742638059526201e-06
6.443337847437456482e-06
6.408516197388959988e-06
6.363552196492844600e-06
6.302051911566927541e-06
6.227637235434159404e-06
6.204730544251577165e-06
6.183535241105186672e-06
6.136734198100796718e-06
6.068775865435335375e-06
6.029997953354913114e-06
6.009914285495625116e-06
5.983579698665881001e-06
5.954919447267242569e-06
5.928266764589079849e-06
5.877257695755247607e-06
5.842032624114146906e-06
5.828763480493418371e-06
5.795459744746582794e-06
5.755379996483271104e-06
5.739312504548435923e-06
5.699516563541454236e-06
5.666626700278987202e-06
5.648224888219300270e-06
5.633871511612071154e-06
5.599572975811361470e-06
5.578228432355551422e-06
5.559922871048942806e-06
5.545652507855454883e-06
5.534237385889394627e-06
5.513875057516476958e-06
5.496854040912245149e-06
5.464989163344702549e-06
5.450620418492558249e-06
5.430568903603978219e-06
5.419498676083080609e-06
5.384849075523883022e-06
5.376762979483713820e-06
5.342581809776093803e-06
5.339575000831383624e-06
5.322272916169034175e-06
5.310003699735498990e-06
5.303419137972569349e-06
5.272569527583334890e-06
5.267430614155431442e-06
5.245429882844880189e-06
5.238332496623495477e-06
5.216210361186230278e-06
5.197393808293862812e-06
5.183782010872123750e-06
5.173785049279261464e-06
5.156775319117568442e-06
5.146808911217132060e-06
5.128093508465355490e-06
5.115795295031043528e-06
5.107783631578131384e-06
5.089694124317927908e-06
5.081640576440478724e-06
5.069881470226976307e-06
5.056791728208700529e-06
5.043888687416526167e-06
5.027340049248839681e-06
