4.959388336810315653e-04
1.964997581118602522e-04
1.796278424519399345e-04
1.147405453156831554e-04
9.993146635273914317e-05
8.086146997965581648e-05
7.592342692624875935e-05
7.332611927393985500e-05
6.908390097264574905e-05
5.916013881980251198e-05
5.801084732313492993e-05
5.033502547778130745e-05
5.017241215716607611e-05
4.568192028175914888e-05
4.264614153071555092e-05
4.172838765662920005e-05
3.978934186309293674e-05
3.731420036862118577e-05
3.692468038284263014e-05
3.485011507559543538e-05
3.269525706554496890e-05
3.080952968837306769e-05
3.046934901658115836e-05
2.982193008975322581e-05
2.930680642257884043e-05
2.785473015909403264e-05
2.751624344400692928e-05
2.645707237724750005e-05
2.635953598496563861e-05
2.559532245953449539e-05
2.523830696370328743e-05
2.409152832602055676e-05
2.401583303177756752e-05
2.346869559485620650e-05
2.333481262579033863e-05
2.324382295235583553e-05
2.285472516487459553e-05
2.192737741620627088e-05
2.111637794601546619e-05
2.076913796037661327e-05
2.054765319241002011e-05
2.040753960873161577e-05
2.016989995332992605e-05
1.991218196355251749e-05
1.971612733202231216e-05
1.953234690652205167e-05
1.938923360507613348e-05
1.931519236436372017e-05
1.898670577848991564e-05
1.882583052112335033e-05
1.841864229076242793e-05
1.805495288453285203e-05
1.771168743135127389e-05
1.761480540303078510e-05
1.750363476119276755e-05
1.723135785224441378e-05
1.711603397380524161e-05
1.704927669253920012e-05
1.686720004739903205e-05
1.680689892695905188e-05
1.675512279186345022e-05
1.651371559083109346e-05
1.637006124030496255e-05
1.619088845618400172e-05
1.612283289575310507e-05
1.603424176218310419e-05
1.589738420676286765e-05
1.565040884985468539e-05
1.562923119625917121e-05
1.551275986890607162e-05
1.542629055009345635e-05
1.533847515130004781e-05
1.522418536133349764e-05
1.519097790491909534e-05
1.502635967917550670e-05
1.493029702364132159e-05
1.488147371012346212e-05
1.480454960788823892e-05
1.475482071702785662e-05
1.464248815694095261e-05
1.454805625766497140e-05
1.438873382629305781e-05
1.428592948705822485e-05
1.426146564340828486e-05
1.414362802564358655e-05
1.409293320476641569e-05
1.401222464145456467e-05
1.394463109408678170e-05
1.388981329169126657e-05
1.381547965305252187e-05
1.376619870825226884e-05
1.370426071230629984e-05
1.365912800565229421e-05
1.362026393291126418e-05
1.351708246078803122e-05
1.350539715931672581e-05
1.344675861106343223e-05
1.338472968048911582e-05
1.332402445999315686e-05
1.329294357444261041e-05
