1.256213907698198453e-04
1.051169253831640593e-04
6.360178097107896074e-05
4.969724055753892432e-05
4.517429150958510501e-05
4.372654050463573304e-05
4.186967749032317551e-05
3.439405170400493825e-05
3.170131598708538824e-05
3.000145768819260900e-05
2.904581054863007684e-05
2.755744570741434956e-05
2.721518610873461042e-05
2.681855848782157796e-05
2.549038363736258152e-05
2.521293393481780618e-05
2.458382844270439900e-05
2.443282562209191924e-05
2.327699608892140357e-05
2.249636462591764096e-05
2.180032721002221483e-05
2.055541035978800210e-05
2.042529709705805720e-05
2.015589318450920937e-05
2.000171766710746402e-05
1.984248286403443936e-05
1.892571028733240840e-05
1.835525061998227273e-05
1.822760426980822265e-05
1.772623936373292868e-05
1.698771839568107963e-05
1.680653861934022132e-05
1.675634813213210716e-05
1.616190797363608979e-05
1.601770553726640631e-05
1.561944912773921828e-05
1.500567371580756440e-05
1.491190528911558477e-05
1.462039482410051961e-05
1.454438580603685568e-05
1.438639042294226931e-05
1.434872270946835125e-05
1.408931181023524328e-05
1.393967688316435131e-05
1.385027812237102438e-05
1.378804627328044371e-05
1.370065860508563211e-05
1.293775215084543321e-05
1.287477778179589051e-05
1.267697244801492041e-05
1.259163673362505443e-05
1.243764763995625769e-05
1.235427004449901230e-05
1.214801253462755605e-05
1.199884017393561241e-05
1.193802711146993946e-05
1.181701466744721439e-05
1.171815597542025112e-05
1.173896144037476090e-05
1.156823182839710799e-05
1.151165699932517660e-05
1.142215522346804116e-05
1.127462590433048808e-05
1.119709098519537887e-05
1.114113904072560918e-05
1.107654726092027808e-05
1.094880130115059277e-05
1.085721364004896817e-05
1.075542740878001726e-05
1.071355932281179452e-05
1.064000151026418318e-05
1.060054683185841170e-05
1.055258632256388648e-05
1.044787064057044171e-05
1.041403355523684355e-05
1.038772348557611798e-05
1.030639916867003913e-05
1.026253603968809354e-05
1.021528468684706512e-05
1.014228546576953491e-05
1.007527327885166343e-05
1.002145615257345811e-05
9.998112660232276564e-06
9.958789849830287287e-06
9.903644188359610510e-06
9.839290801505326254e-06
9.817007459050954371e-06
9.780551364989785288e-06
9.755084138890557577e-06
9.711655645504407752e-06
9.652844331261726529e-06
9.640961480836673445e-06
9.581206142512555199e-06
9.510492215884509991e-06
9.468685848102826398e-06
9.425570149878596829e-06
9.386746005326760081e-06
9.361435572984678905e-06
9.350544720768474982e-06
9.332040613322922434e-06
