4.960361270822552472e-04
3.725166664845326386e-04
1.962987559382198949e-04
1.796645408113287231e-04
1.240075280752978796e-04
1.149010834280788203e-04
1.002629287100971305e-04
8.080821934906041602e-05
7.600334279205427427e-05
7.323910774603932582e-05
6.939030548448641919e-05
5.879314242625790539e-05
5.817771317121916465e-05
5.408997455032305994e-05
5.347014222884145795e-05
5.086117499713698641e-05
5.027203441290042213e-05
4.582655091230160890e-05
4.304000288374703476e-05
4.294991018978687393e-05
4.003548665298689596e-05
3.907273034449792012e-05
3.744272529782453787e-05
3.715844999454866871e-05
3.515199282789061556e-05
3.266174732086936318e-05
3.091403349630192609e-05
3.056382444482303785e-05
3.028440177787489958e-05
3.008519397632465812e-05
2.935760056648640409e-05
2.848672200472838494e-05
2.758410351886414740e-05
2.750354069088899091e-05
2.676047435655123929e-05
2.621496571940455691e-05
2.578199148106021614e-05
2.563999406736875401e-05
2.505274399282575822e-05
2.498145673887730675e-05
2.480263262325595959e-05
2.405257304973183887e-05
2.373583326324797132e-05
2.361008914325432462e-05
2.343146749004818480e-05
2.251479628164390888e-05
2.246186781181652478e-05
2.222434279154099135e-05
2.182788097623980717e-05
2.162354958789462956e-05
2.142142526805590859e-05
2.134349045404673522e-05
2.097897236756786406e-05
2.078690185344566959e-05
2.032443534559157751e-05
2.010073559445290072e-05
1.990623793127864816e-05
1.991627498087114934e-05
1.949719603741544699e-05
1.935156122870649144e-05
1.922025985462759792e-05
1.911652694784386110e-05
1.881351242111216877e-05
1.877122848519594651e-05
1.864418830890788177e-05
1.852425567938012434e-05
1.821486025537180195e-05
1.787917015815492002e-05
1.779405643005468630e-05
1.768329499254000150e-05
1.756672040195230271e-05
1.739431121728501217e-05
1.731794420767195271e-05
1.727636488755887709e-05
1.720751441156285241e-05
1.722951655691713454e-05
1.699540311087387669e-05
1.688505505303343644e-05
1.683262751025572988e-05
1.672381438422266501e-05
1.669722704238796527e-05
1.656543841294919511e-05
1.640514132217931056e-05
1.638510249545935813e-05
1.624177610992911353e-05
1.612226869403177214e-05
1.608123325587766707e-05
1.595815136033727381e-05
1.593789113123432873e-05
1.580547968357881298e-05
1.574864040639868286e-05
1.568394923811574872e-05
1.550328427411615595e-05
1.546853982270482886e-05
1.536083159378623557e-05
1.530509504393639167e-05
1.523978516123695835e-05
1.518189435913346173e-05
1.516399484406544466e-05
1.506965100813470455e-05
