6.271753926358676712e-06
3.191633700220810399e-06
2.825635631197097654e-06
2.044987567571608973e-06
1.823134767651198693e-06
1.670562668289189795e-06
1.655944781179752484e-06
1.546095610519026709e-06
1.531464851115743397e-06
1.432468671216918161e-06
1.397422828671417994e-06
1.312882765794509717e-06
1.295972243350725176e-06
1.269248016060217018e-06
1.242818208128702810e-06
1.232366226719570514e-06
1.215001857666187469e-06
1.211546235982839930e-06
1.202858702703827696e-06
1.195094399592757586e-06
1.189442617487898289e-06
1.184339546778075913e-06
1.176046294989400395e-06
1.170277072465992305e-06
1.164484975976548576e-06
1.158942137443829485e-06
1.156359920309568666e-06
1.150576646256916772e-06
1.146030672795185850e-06
1.144981316092854752e-06
1.138412699114588296e-06
1.135482982226294664e-06
1.130051442304508583e-06
1.124936771682355660e-06
1.124228625884474071e-06
1.120139837754773127e-06
1.113235972891248101e-06
1.111271834470908979e-06
1.110127251615057128e-06
1.106175022708261334e-06
1.104546926296736123e-06
1.100993053038122648e-06
1.095374794676961828e-06
1.093587268091032302e-06
1.088460815689848288e-06
1.086837531984586228e-06
1.084319959562330372e-06
1.080219360616014639e-06
1.076668878423584420e-06
1.072854196050230327e-06
1.070130958615982048e-06
1.069138552275716998e-06
1.067261530067958228e-06
1.065199132211944383e-06
1.063478102915925566e-06
1.058952458789186591e-06
1.056818399987125128e-06
1.052955411217892082e-06
1.050927201563526426e-06
1.048495114568983221e-06
1.046632425863673179e-06
1.045485667434539316e-06
1.042469469115076066e-06
1.042193857375817513e-06
1.036164666356614708e-06
1.035493284724642263e-06
1.031497375678454649e-06
1.028165817074610839e-06
1.027237125935875883e-06
1.025981244636326029e-06
1.024641846147844381e-06
1.022192777396855991e-06
1.019732419056065243e-06
1.018288497852232401e-06
1.014986665184848672e-06
1.012888539123570149e-06
1.010691877006686887e-06
1.009861477905703507e-06
1.007208003581369096e-06
1.004699139869751897e-06
1.003438254957903058e-06
1.002552774530212918e-06
9.985803099961144466e-07
9.973548847272472442e-07
9.950669964953774101e-07
9.926709298245729581e-07
9.914460326737626762e-07
9.898472275055623471e-07
9.883626561619514194e-07
9.873011168476670357e-07
9.847740915625078174e-07
9.834634115201001783e-07
9.819800052252432933e-07
9.785545637586523314e-07
9.769235750030109774e-07
9.755821578128763379e-07
9.744434157245106729e-07
9.717914050030472108e-07
9.709979562753739016e-07
9.693107340428229728e-07
