9.025670757500258030e-08
9.822940267543279535e-08
8.180585510096896259e-08
8.324032216998315385e-08
7.992581953631319334e-08
6.508057839043089361e-08
6.264371785372763835e-08
4.089449333836327579e-08
6.126743840174665746e-08
5.421846849698974578e-08
5.565293307378315135e-08
5.517477819239921090e-08
8.896420902319014963e-09
4.720208248575451675e-08
4.114200616992933518e-08
4.114200616992912342e-08
4.162016111867016939e-08
4.209831472026508151e-08
4.162016111867005689e-08
3.846636620145254511e-08
7.016385337661534277e-09
3.199807243604454373e-08
3.169749249639657199e-08
2.618550848028469688e-08
1.728908690439305671e-08
1.403277202247044813e-08
1.403277202247047626e-08
2.758738916355681354e-08
2.618550848028460093e-08
7.263897024154342233e-09
1.984533719066157258e-08
2.710923421481579735e-08
2.710923421481596279e-08
1.984533597823012292e-08
1.984533597822998065e-08
1.355461714108609409e-08
2.710923421481601573e-08
2.710923421481571132e-08
2.710923421481589000e-08
2.430547291562829567e-08
2.430547291562842140e-08
2.430547291562814678e-08
1.984533597823053651e-08
7.468939593970216812e-09
1.403277202246979301e-08
1.040082350365750145e-08
1.355461707372924996e-08
7.016386011235116533e-09
9.922668622273772758e-09
3.631948512077113628e-09
1.307646219234552789e-08
7.263898236585757973e-09
1.307646219234544848e-08
3.631948518812945858e-09
1.215273645781416438e-08
1.215273645781407835e-08
4.781548813837905218e-10
9.237257345313691982e-10
1.215273645781416272e-08
1.215273645781409655e-08
1.215273645781413460e-08
1.215273645781417761e-08
1.401880683272499231e-09
4.781548813837952781e-10
4.781548813837819398e-10
1.401880683272518876e-09
2.806554397758367825e-08
2.806554397758354259e-08
2.806554397758354921e-08
2.806554397758356906e-08
2.806554397758354921e-08
2.806554397758343340e-08
2.806554397758338377e-08
2.806554397758356575e-08
2.806554397758353928e-08
1.403277074268157863e-08
1.355461714108656890e-08
1.355461714108667808e-08
1.355461714108665658e-08
1.355461714108655566e-08
1.355461714108656393e-08
1.355461714108659206e-08
1.355461714108665161e-08
1.403277195511302332e-08
1.403277195511309280e-08
1.355461714108662845e-08
1.355461714108659371e-08
1.355461714108665823e-08
1.355461714108663342e-08
1.355461714108664996e-08
1.355461714108656724e-08
1.355461714108663838e-08
1.355461714108661191e-08
1.403277202247042663e-08
1.403277202247042001e-08
1.403277202247048122e-08
1.403277202247037038e-08
1.403277202247045144e-08
1.403277202247039685e-08
1.403277202247041008e-08
