6.381869312409019825e-06
3.199859256746126404e-06
1.922217468207378484e-06
1.901520986581378454e-06
1.650907232322536298e-06
1.615053913432102853e-06
1.470823968118121582e-06
1.448291625632911673e-06
1.398962189440733293e-06
1.355063580865703858e-06
1.310424662093471013e-06
1.289754821745102521e-06
1.273114664831983687e-06
1.257641416461644952e-06
1.249327006529314882e-06
1.235852079826772147e-06
1.230492426076361041e-06
1.213381017420278227e-06
1.209125047097698164e-06
1.201300745209684164e-06
1.189684679693841350e-06
1.187598435342646222e-06
1.180739489930292868e-06
1.172391889231520893e-06
1.167917430653250642e-06
1.165038440452786294e-06
1.156565746827236848e-06
1.152370314783859605e-06
1.145993146497177460e-06
1.141698141289698548e-06
1.139580649166943063e-06
1.133585551009823289e-06
1.129664513903923576e-06
1.128322473935744566e-06
1.124705892094983937e-06
1.121259773923470941e-06
1.116565361321179705e-06
1.112844066962431800e-06
1.110751525739109346e-06
1.105670714239153317e-06
1.102384549416802877e-06
1.100556619378873358e-06
1.096728020322875849e-06
1.092989159739013074e-06
1.088659922323403470e-06
1.086160111222176225e-06
1.084657614953618226e-06
1.079064247875322553e-06
1.078736458999639537e-06
1.074611241059437216e-06
1.071971384197390256e-06
1.070563981809253439e-06
1.065522238792262732e-06
1.064003226917604716e-06
1.060985267076326255e-06
1.059671843496852613e-06
1.057345400950189031e-06
1.055212763519085402e-06
1.052159628395455483e-06
1.046370005861306495e-06
1.045177511339835776e-06
1.041839412618062738e-06
1.040818495589569572e-06
1.038679212685797983e-06
1.036362322302713749e-06
1.032792974368778254e-06
1.030519201014465634e-06
1.026866191892611720e-06
1.025678557216430487e-06
1.022353206967308055e-06
1.021721929250753227e-06
1.018680449934848454e-06
1.017658933200797858e-06
1.015480001331334555e-06
1.013772500773983682e-06
1.012258775039496395e-06
1.009857265191707640e-06
1.009127994154416555e-06
1.005911298214562216e-06
1.005080988099183516e-06
1.002687039645695379e-06
1.002022901303448558e-06
9.993083402773809296e-07
9.968577863818620499e-07
9.953628676729660996e-07
9.930421520738903647e-07
9.924485809470500222e-07
9.915193582979519665e-07
9.903485386682092187e-07
9.883077831604173381e-07
9.853425053971462620e-07
9.836073532032405640e-07
9.813671392217762578e-07
9.797334391082685785e-07
9.781852514766806864e-07
9.772889448456150860e-07
9.744005138031238163e-07
9.728791989116630066e-07
9.711799767142676373e-07
9.697849370420332767e-07
