4.957770978559752830e-05
4.135610035163042250e-05
3.984102951661645971e-05
2.598341767263074971e-05
1.982071203208492463e-05
1.962592759410699671e-05
1.761998312308070164e-05
1.675867170041443077e-05
1.655063101767308007e-05
1.517126137007964329e-05
1.332453745014881117e-05
1.319658684235064063e-05
1.279368188285542295e-05
1.145400876397027335e-05
1.095529536267521302e-05
1.088120313139445448e-05
1.036285194570019130e-05
9.961516608779275755e-06
9.845155457244228272e-06
9.610624997597241114e-06
9.432403149458138083e-06
9.273551821245149191e-06
8.912274467623793194e-06
8.803276958224497310e-06
8.701412071162526653e-06
8.634075856466279496e-06
8.537103217423753739e-06
8.450449850012428310e-06
8.348227590171757414e-06
8.257633038613689905e-06
8.130863195056192960e-06
8.097441738317547746e-06
7.556223659891426076e-06
7.445876124417020091e-06
7.372756838453142592e-06
6.637262998092627069e-06
6.578675513183159665e-06
6.498418852189721507e-06
6.445034643773981130e-06
6.377269396016302276e-06
6.319014822743535432e-06
6.293965127109736959e-06
6.254381953069901251e-06
6.210640602452606965e-06
6.135686725348578189e-06
6.110842166765138275e-06
6.025682496360223416e-06
6.007316319716586138e-06
5.957139160351136518e-06
5.924450206228696131e-06
5.894903455077417565e-06
5.881881706707232581e-06
5.862494629976455437e-06
5.830707002723383628e-06
5.777502675755590468e-06
5.764682849524420107e-06
5.751256578998501210e-06
5.728613990980871582e-06
5.690364410439034161e-06
5.681123758956185543e-06
5.659754615980961362e-06
5.643749592182114802e-06
5.618026437651963285e-06
5.601173480810810628e-06
5.568890267506155240e-06
5.542478770449045777e-06
5.534046189580426388e-06
5.519490239819246991e-06
5.487383183220280081e-06
5.469669436667517867e-06
5.461797483916844800e-06
5.439999612773536193e-06
5.427803871415269871e-06
5.419720097629676162e-06
5.391593263941802373e-06
5.374432065238717929e-06
5.363376574719569855e-06
5.343715018759093380e-06
5.337684252869590064e-06
5.321773487321230135e-06
5.308454186398566816e-06
5.288462990306211790e-06
5.274142039694318587e-06
5.263795378496665677e-06
5.252102459186739212e-06
5.233846089530659768e-06
5.219742695977538439e-06
5.198899786120126389e-06
5.193820584702086404e-06
5.180771754591474894e-06
5.167162998961065688e-06
5.163038187327236021e-06
5.142436584820473202e-06
5.125302501226757862e-06
5.112716257557077667e-06
5.102850100930231622e-06
5.094609706821534452e-06
5.070642997450969877e-06
5.060154520825276525e-06
5.044854434354533539e-06
