2.008999964021313108e-04
1.833455848400716490e-04
1.575487368469771548e-04
1.567290282688328141e-04
1.424335947752632711e-04
1.254511938961021928e-04
9.047610480314442663e-05
8.293812526213472822e-05
7.223187082775318988e-05
6.791465844538778648e-05
6.425974948238087050e-05
6.286120339100907911e-05
5.752992524778729273e-05
5.161563958859948940e-05
5.128525233764324727e-05
4.933062075133923030e-05
4.663920614384526491e-05
4.328566904317705029e-05
4.280622118359532746e-05
4.107620077744391008e-05
4.042606916298263495e-05
3.932667346498906026e-05
3.766015136768502365e-05
3.492530911629149160e-05
3.482249666675858268e-05
3.372113445575166540e-05
3.249753212682593759e-05
3.060098998003917383e-05
2.974236092480701674e-05
2.953062511583979543e-05
2.946904529446614724e-05
2.892628381427527753e-05
2.879471576736417071e-05
2.859081128227427941e-05
2.845845878959461358e-05
2.808460847840636072e-05
2.707825403871295180e-05
2.675140484452170835e-05
2.665730004822761966e-05
2.585264726158645665e-05
2.460898454105528576e-05
2.434173570296681562e-05
2.424739020754422447e-05
2.398476891140835954e-05
2.390468025384799884e-05
2.363860926377083594e-05
2.337886896715755372e-05
2.311083676783754951e-05
2.279464480868792560e-05
2.236096355881045809e-05
2.219218123105131505e-05
2.204716432427157420e-05
2.131875682094423039e-05
2.131120071924229965e-05
2.092808446872354358e-05
2.077650909710316386e-05
2.061362821053470981e-05
2.051647165706719088e-05
2.034076027336663686e-05
1.980509009545539930e-05
1.949978971396916950e-05
1.930899089046371147e-05
1.906490635544880852e-05
1.877761946909567217e-05
1.866047105864572809e-05
1.853175479011968054e-05
1.848732532788992000e-05
1.842800739233588258e-05
1.840293763008123040e-05
1.836716973427929704e-05
1.817927293375319411e-05
1.805440534334510144e-05
1.804689558474948782e-05
1.797516990516249635e-05
1.790778824790621696e-05
1.787639870468360389e-05
1.770516173563505121e-05
1.761292054243473600e-05
1.751172143315541161e-05
1.738496796794407491e-05
1.738486021457256216e-05
1.719420067909894709e-05
1.711544211933862478e-05
1.689550810681625159e-05
1.689522340671281383e-05
1.672292272538399875e-05
1.656581143756415925e-05
1.643017890435213824e-05
1.626207936956657412e-05
1.618720746740537290e-05
1.619740574519917906e-05
1.595635482794724113e-05
1.583876070415360905e-05
1.582326621825502197e-05
1.577491895666417049e-05
1.571870238034482172e-05
1.569402767009305314e-05
1.559238160308901497e-05
1.555489937109812398e-05
1.542457355533022044e-05
