1.389698637097042997e-05
1.014981684649929047e-05
9.057118804592535218e-06
8.108357371028931045e-06
6.853476951410358281e-06
6.772245501701867516e-06
6.623905738877455483e-06
6.065021992338915354e-06
6.024731467811819251e-06
5.697939050946739838e-06
4.939437474305021514e-06
4.573109193521395462e-06
4.506659070844099200e-06
4.236717785691277201e-06
4.175342620206854432e-06
3.959113033863706874e-06
3.779095788471621512e-06
3.622557227214479549e-06
3.565140086720248110e-06
3.548022028845696357e-06
3.387255938670774067e-06
3.290463317386999937e-06
3.210572952202418372e-06
3.143726082113095868e-06
3.095733664489816281e-06
3.034623271721589861e-06
2.992613634574369715e-06
2.952522120466418148e-06
2.936651255529808178e-06
2.877635602654638266e-06
2.857345467885575084e-06
2.819618991462603270e-06
2.808651590374160120e-06
2.792216750277805751e-06
2.785941955008420059e-06
2.759581628458247863e-06
2.741388676069181972e-06
2.736433686205150721e-06
2.724762399975727979e-06
2.717911126839453033e-06
2.699587616883740738e-06
2.690559614853646954e-06
2.676371773622678804e-06
2.672026212635635337e-06
2.662982432599298648e-06
2.656810052229574895e-06
2.644166972993717104e-06
2.637702396639150704e-06
2.629291902025279300e-06
2.621951241385217983e-06
2.614790586396698019e-06
2.608112663753261263e-06
2.594738697535566218e-06
2.584333075133379941e-06
2.581610563076816436e-06
2.574079049723307450e-06
2.569420861592704623e-06
2.563796350713352529e-06
2.555330611755415844e-06
2.547163346187378260e-06
2.542175029715845686e-06
2.537766121881605342e-06
2.532332769589027616e-06
2.521839208771755509e-06
2.514797053600289546e-06
2.511762868654226028e-06
2.504438695118255516e-06
2.500823704691014837e-06
2.491516805590141476e-06
2.481487710944939341e-06
2.477643105266084161e-06
2.474393584239020834e-06
2.469435614171884413e-06
2.463629753296167025e-06
2.454323268735590165e-06
2.450802618223891424e-06
2.443613950787427434e-06
2.440114128027156878e-06
2.435940151145131372e-06
2.431799285405638577e-06
2.424974238693279960e-06
2.417931840250670987e-06
2.415822742018953563e-06
2.413017865746414673e-06
2.407713457337081683e-06
2.404034091966649965e-06
2.400663952409469538e-06
2.393295088390869275e-06
2.388686828887571274e-06
2.385006579152028727e-06
2.383845897047687843e-06
2.377522641201949564e-06
2.371045378952680305e-06
2.369322308207895288e-06
2.366621287742117496e-06
2.363604075608940642e-06
2.359731066415319600e-06
2.353600683267743986e-06
2.348698531715622482e-06
2.344511769492795701e-06
