9.787874134715578330e-05
7.304188632439630321e-05
6.026525436411817434e-05
5.500471701266802679e-05
4.694223354886079832e-05
3.981455764391658676e-05
3.861400589174143359e-05
3.371915302209407388e-05
3.333030366600640398e-05
3.164899782443849908e-05
3.084690456406229445e-05
2.907262914305431308e-05
2.721030493790097855e-05
2.656705270163199709e-05
2.579067565314519322e-05
2.521518092739871573e-05
2.430972787658554991e-05
2.425071152320381322e-05
2.174157693144512321e-05
2.166504530801093405e-05
2.153737988539964075e-05
2.131158870249229905e-05
2.111796567755453721e-05
2.070661877531597051e-05
2.045353033150111818e-05
1.963756629023304771e-05
1.803801823499659758e-05
1.750808320334204236e-05
1.725784392216348588e-05
1.707232377464745171e-05
1.694384430171916566e-05
1.681699816926084180e-05
1.666915809847385293e-05
1.661128534288492420e-05
1.651721281282996810e-05
1.638253273072658422e-05
1.616432547332865720e-05
1.605257821859206059e-05
1.524537883954275137e-05
1.480501979486503339e-05
1.460635474722547158e-05
1.392153814877969841e-05
1.386476239000539809e-05
1.381659435922642330e-05
1.360714236530730437e-05
1.345969172261526557e-05
1.325041073189479150e-05
1.304345726820952898e-05
1.282460160244938199e-05
1.270255758019170050e-05
1.265266098176160017e-05
1.259540332580966760e-05
1.241576430538345880e-05
1.234263237169671425e-05
1.228408425697052051e-05
1.217958910041551465e-05
1.198528174797783115e-05
1.149933785547281882e-05
1.136004978605663309e-05
1.126660276975217885e-05
1.116989374002829189e-05
1.112958351619999724e-05
1.102063004124169663e-05
1.100396814766939043e-05
1.094015633834230348e-05
1.085286916155893177e-05
1.074477210161812519e-05
1.070192172401979982e-05
1.059184249641381536e-05
1.049067510189221833e-05
1.043159496767938253e-05
1.035755663715685513e-05
1.033752541279512082e-05
1.028679378365431381e-05
1.021900324381815074e-05
1.018441110371280829e-05
1.016992613552699793e-05
1.012271450582533712e-05
1.006873893582851865e-05
1.001962158829572940e-05
9.988420518556913200e-06
9.945983994362093353e-06
9.877459944003712805e-06
9.865461817306379135e-06
9.820795418772905027e-06
9.778198267698042813e-06
9.733475793152487771e-06
9.691679158268990443e-06
9.655595840987968729e-06
9.622240622166513272e-06
9.581918130324136660e-06
9.534506619763317631e-06
9.510320037930105675e-06
9.462411941233859271e-06
9.416178442677500244e-06
9.393214078625708053e-06
9.361615041000544753e-06
9.310187604033283055e-06
9.272821201625040550e-06
9.262360770761101698e-06
