1.601385734703785423e-04
6.196765607808140048e-05
2.794112903668950166e-05
2.612356240644580303e-05
2.595713697329077478e-05
2.488115779694886209e-05
1.567150620636531056e-05
1.342055447933501893e-05
1.321984356445586222e-05
1.297431993612181003e-05
1.290448606281634274e-05
1.277530960599442717e-05
1.193460051209518723e-05
1.192295084920336152e-05
1.168167243650885490e-05
1.108577967307112544e-05
1.010306220313603528e-05
8.834637766181434529e-06
8.682059278978572232e-06
8.428705647579063195e-06
8.305998281771470601e-06
7.848024435977060857e-06
7.822165267681683375e-06
7.793089170221685752e-06
7.727575343387660248e-06
7.706089557461714192e-06
7.665335262505203822e-06
7.589043529112789561e-06
7.535695071717165989e-06
7.461858306856536476e-06
7.357990006098470188e-06
7.247519173874208783e-06
7.176819948764480681e-06
7.109624795942826367e-06
7.082408461436290827e-06
7.033333932083102315e-06
6.853168629321544194e-06
6.728146258674281309e-06
6.701059983650035414e-06
6.539731357341458855e-06
6.523026221990886447e-06
6.458567490666359023e-06
6.384695932275406943e-06
6.335203067288499566e-06
6.298165505940137772e-06
6.246580770860998782e-06
6.206234367701886884e-06
6.141336798540077358e-06
6.111832841235141949e-06
6.079343923435219667e-06
6.037578559668077176e-06
5.973857721201602249e-06
5.968803812035961832e-06
5.905638854565702348e-06
5.888943839765733831e-06
5.876977423576271841e-06
5.843459707343239447e-06
5.809510716991942010e-06
5.780583639694271213e-06
5.736132867867667435e-06
5.710660226290411754e-06
5.666798428686633192e-06
5.655397307757414919e-06
5.646567186815488217e-06
5.626340604735999781e-06
5.594771261853108746e-06
5.585164528441602724e-06
5.550452267887956721e-06
5.531574431013047490e-06
5.511261659965345671e-06
5.495665174283682180e-06
5.479942708862212793e-06
5.458795877936000540e-06
5.442828996106248794e-06
5.427404706066490219e-06
5.413031515500857108e-06
5.403442546778926179e-06
5.390775868539671201e-06
5.340030353088297259e-06
5.322544592353980411e-06
5.305897431381975427e-06
5.302319936996383002e-06
5.279313199818801895e-06
5.271023478029264833e-06
5.253453835406942696e-06
5.245420056829568518e-06
5.231607956255146311e-06
5.205029911113817416e-06
5.169904017115851983e-06
5.160065243926620339e-06
5.153775306207964902e-06
5.142489934480999106e-06
5.132027826460419250e-06
5.127450743160695041e-06
5.124339781798106205e-06
5.104495030125843657e-06
5.097879472513362108e-06
5.085127080460742516e-06
5.068012406393084184e-06
5.049998008123254633e-06
