6.264371785372734718e-08
5.613108734895174582e-08
6.828382441298121151e-08
6.076368228907181616e-08
3.833824487074125447e-08
4.209831600005414954e-08
6.076368228907160440e-08
5.613108795516701901e-08
3.884200044455846411e-08
5.613108795516741605e-08
4.861094583125639943e-08
5.425105117807938651e-08
4.861094583125729279e-08
4.535463088197764817e-08
4.209831472026562414e-08
3.645820937344265030e-08
2.104915803370568709e-08
3.437313130632769675e-08
4.021828043539802957e-08
8.896420902318275463e-09
2.104915736013226282e-08
2.806554397758357568e-08
1.027270089315788228e-08
6.895037219983300037e-23
3.182561503953907737e-08
3.760071129312686625e-09
2.806554397758360546e-08
7.016385337662042993e-09
2.994557947488256697e-08
2.618550848028477629e-08
7.016386011234671510e-09
2.618550848028451490e-08
2.104915803370537276e-08
1.452779539545466446e-08
2.618550848028447189e-08
2.618550848028448182e-08
2.104915736013282200e-08
1.215273645781385998e-08
5.136350446578953546e-09
1.591280751976938318e-08
2.430547291562809715e-08
2.430547291562827913e-08
2.430547291562826589e-08
2.430547291562794164e-08
1.403277202247048453e-08
1.403277202247037865e-08
1.403277202247027277e-08
1.264318722090635337e-22
3.138116448873048742e-22
3.332570535792285667e-22
5.136350446578956855e-09
1.591280751976932031e-08
1.591280751976949898e-08
3.760071061955231205e-09
7.016386011235186016e-09
7.016386011235184362e-09
5.136350446578941139e-09
1.880035564656262662e-09
1.880035564656250255e-09
7.016386011235139694e-09
7.016386011235165337e-09
7.016386011235233166e-09
7.016386011235257981e-09
1.215273645781414949e-08
1.215273645781414287e-08
1.215273645781420077e-08
1.215273645781418588e-08
1.215273645781406843e-08
1.403277323490184319e-08
2.806554404494081686e-08
1.215273645781412798e-08
1.215273645781406677e-08
1.215273645781415611e-08
1.215273645781418423e-08
1.215273645781419416e-08
1.215273645781419250e-08
1.403277195511311266e-08
1.403277195511319703e-08
1.403277195511309446e-08
1.403277202247045475e-08
1.403277202247034887e-08
1.403277202247050273e-08
1.403277202247041505e-08
1.403277202247033729e-08
1.403277202247045310e-08
1.403277202247045475e-08
2.806554397758364185e-08
2.806554397758364185e-08
2.806554397758361869e-08
2.806554397758369148e-08
2.806554397758375766e-08
2.806554397758363193e-08
2.806554397758356244e-08
2.806554397758372788e-08
2.806554397758354590e-08
2.806554397758363854e-08
2.806554397758348965e-08
2.806554397758347972e-08
1.403277202247042001e-08
2.806554397758350619e-08
