2.515823814174720348e-07
2.272769081650565869e-07
2.193879996228026551e-07
1.935712601204357471e-07
1.916912245557853115e-07
1.814185235952705437e-07
1.617456449461822336e-07
1.519767009739882921e-07
1.646331902439686931e-07
1.660094696959518842e-07
1.655057148630631199e-07
1.519766984144102619e-07
1.417039981948261563e-07
8.745294688203078524e-08
1.557367714297259431e-07
1.435840349719155292e-07
1.589930850318608171e-07
1.285437507914495162e-07
1.571130494672051934e-07
9.584561160431649185e-08
1.304237854804598696e-07
1.355601390928312166e-07
1.427115092077419838e-07
1.506004197033603270e-07
1.490891524430482473e-07
1.122621746979024461e-07
7.805276946289302365e-08
1.398239638425993320e-07
1.346876082095089165e-07
1.393202076625661543e-07
1.271674719456838349e-07
1.365676489606785928e-07
1.351913689024814917e-07
1.276712261049967795e-07
1.295512628820866024e-07
1.079983474559179986e-07
1.239111563228333866e-07
1.290475067694095376e-07
1.281749834974621447e-07
1.225348756584198344e-07
1.052457874742352545e-07
9.772564656275696144e-08
1.028619970093348595e-07
9.446933168083438264e-08
1.206548388139738192e-07
1.136384554296725744e-07
1.103821405477506706e-07
1.052457868006628229e-07
8.181283897563012533e-08
1.103821404130363801e-07
8.043656087079665471e-08
9.722189166251324885e-08
1.052457862618054361e-07
8.933298244668569422e-08
1.093746281203271700e-07
1.061183118912573854e-07
8.369287582007602139e-08
9.121301612533824722e-08
9.772564865083268539e-08
1.042382776737472470e-07
8.745294694938804958e-08
9.497308779350963422e-08
1.047420325066338938e-07
8.369287454028723130e-08
9.722189199930006024e-08
9.910192722716967984e-08
1.023582420417350208e-07
1.028619982217675499e-07
1.023582421764498274e-07
9.121301673155485713e-08
9.960568340720280457e-08
9.960568259891424282e-08
9.446933282590840582e-08
9.772564663011505958e-08
9.822940146300081961e-08
9.634936852527903463e-08
9.497308516657575583e-08
8.745294634317149261e-08
8.557290848836761082e-08
7.718024807694928370e-08
9.446933289326495548e-08
9.446933033368766646e-08
8.506915769691731417e-08
8.094031705082823095e-08
9.121301545176569646e-08
8.933298392854688615e-08
8.933298244668671331e-08
8.557291131737468512e-08
8.231659643545222543e-08
8.043656019722182755e-08
8.369287582007510819e-08
8.419662944053033508e-08
8.318911842761147679e-08
8.094031455860804745e-08
8.231659704166706187e-08
7.855652544085288628e-08
8.043656087079550327e-08
8.043655959100624996e-08
7.855652537349597928e-08
7.805276919346333101e-08
