1.600262366702277837e-04
1.218641109523275503e-04
1.217021437086076170e-04
7.929810138644887698e-05
6.226236681186313204e-05
5.045736284166825236e-05
4.987656790747744797e-05
4.287718933700962210e-05
4.279048602235845588e-05
3.145132378748461793e-05
2.859083706245794826e-05
2.674626315817032861e-05
2.650930214141390822e-05
2.575250033270083111e-05
2.552184880739705842e-05
2.530976877939690084e-05
2.255555712208587451e-05
2.241906446188836894e-05
2.227920202696684958e-05
2.214509244917884845e-05
2.129191221970993958e-05
2.112665087509059387e-05
1.965771783999603099e-05
1.947909101027511607e-05
1.785599388879462667e-05
1.771769950758294397e-05
1.698218269639186680e-05
1.673739867204448987e-05
1.656745834534224300e-05
1.584067936617735570e-05
1.444606384872671932e-05
1.428324807595079692e-05
1.422018858892145446e-05
1.401069429047682004e-05
1.385439166652830283e-05
1.377392098264554630e-05
1.370927097872987108e-05
1.364336298410262067e-05
1.359793449718433042e-05
1.351004909786584125e-05
1.341277182369989708e-05
1.300211345418670415e-05
1.290880794573786257e-05
1.284064682235107753e-05
1.268825022960885142e-05
1.258041440202445322e-05
1.244009482931073266e-05
1.223798782774751798e-05
1.218873005262343408e-05
1.204697907464208076e-05
1.185954129596879488e-05
1.165317818944912064e-05
1.153833709643979901e-05
1.146981044092450897e-05
1.131788862265821502e-05
1.126061751890908705e-05
1.118183295022810229e-05
1.109075018347707436e-05
1.098763087463124921e-05
1.082910810765644045e-05
1.080155327804643538e-05
1.061212586122418771e-05
1.060106997946132513e-05
1.053391107534536212e-05
1.043481062253413497e-05
1.037510756139917930e-05
1.032215237814827045e-05
1.028691386182503796e-05
1.026218277660344911e-05
1.018242956108070455e-05
1.017372992339039231e-05
1.012907617138505884e-05
1.007905421249271326e-05
1.003027919186273432e-05
1.004375064327130135e-05
9.930058968339585074e-06
9.890261321407696197e-06
9.839319511375812548e-06
9.805951068140263322e-06
9.773519802375444965e-06
9.699295155963576990e-06
9.653558026875186826e-06
9.617133807844073550e-06
9.553046209764603163e-06
9.546070745221290783e-06
9.524138418622144246e-06
9.506537967122909280e-06
9.432112200971397791e-06
9.401336228629978859e-06
9.381821491147286998e-06
9.312007052233305606e-06
9.303370043461476688e-06
9.266236293217896416e-06
9.226528310613633103e-06
9.191816377725705889e-06
9.173656327304706141e-06
9.155088837674644670e-06
9.133260202036429747e-06
9.091028535136872621e-06
9.084781176342975647e-06
