1.344159495420208373e-04
9.248008334330141262e-05
8.560695303963881790e-05
7.416230929957920675e-05
7.199645527504049299e-05
6.624183603372321249e-05
6.483776909946468666e-05
6.132363189557886690e-05
5.956382170919729977e-05
5.208083017238744736e-05
5.148128931879395614e-05
4.501354688887887977e-05
4.475741541803788533e-05
4.321921563100874982e-05
4.254351173911353004e-05
3.881901439304183464e-05
3.863457083626501277e-05
3.800765381225804020e-05
3.709738038262501642e-05
3.553610295510525652e-05
3.495919394405129786e-05
3.466377327954265610e-05
3.398844901772340082e-05
3.359121421882647212e-05
3.223430764940193573e-05
3.156392379728905435e-05
3.124884183709366974e-05
3.049362291114529700e-05
2.994668161182482399e-05
2.917771467035340272e-05
2.887506461303833265e-05
2.813713116437998777e-05
2.784505929711847329e-05
2.771796849055283325e-05
2.750952716515256500e-05
2.660004076255728639e-05
2.624574283121306200e-05
2.590715279943115617e-05
2.520772896281580104e-05
2.412331776088264896e-05
2.399204525638304593e-05
2.347169528128086535e-05
2.286669841303831048e-05
2.266933489686724263e-05
2.244150148636672956e-05
2.242183975686064815e-05
2.225313099448009998e-05
2.214877158733644485e-05
2.165661591654656921e-05
2.054026573016820600e-05
2.010216102667273079e-05
2.000936731611284664e-05
1.980072226493908032e-05
1.954806156062394520e-05
1.948039747649806176e-05
1.918421132359018265e-05
1.913584311001510739e-05
1.908682017079520475e-05
1.879767746886967206e-05
1.863115305947728496e-05
1.857423438028011947e-05
1.836556116745639345e-05
1.801561197990436721e-05
1.806992309992652067e-05
1.784532896055346835e-05
1.765776412777684160e-05
1.743261871254711624e-05
1.716669872542182562e-05
1.682177417709637568e-05
1.668018816887490737e-05
1.658210972584644218e-05
1.640579947304290201e-05
1.628412568055478504e-05
1.618865585092828569e-05
1.603256884110593119e-05
1.601469049520404356e-05
1.592001890945763149e-05
1.587201185967924733e-05
1.571058425843729881e-05
1.557589239983653173e-05
1.547581521150729770e-05
1.539260684532969484e-05
1.521006426179476691e-05
1.513758689843592830e-05
1.506101637117814085e-05
1.501963248101107128e-05
1.493250063805201603e-05
1.483177732702994054e-05
1.475905712466111490e-05
1.467927273689152546e-05
1.458127592193510558e-05
1.446198941384430234e-05
1.441438345280593842e-05
1.439708027738380175e-05
1.432139507311601390e-05
1.416590020047498141e-05
1.412026439454691091e-05
1.406133956710602440e-05
1.399481781296953430e-05
1.396136458304203043e-05
