9.332485245549309926e-06
4.264122243294612326e-06
2.403814064223890238e-06
2.163609241027102813e-06
2.143886836667615301e-06
1.958955597003787484e-06
1.745340573178126950e-06
1.480453615715780993e-06
1.454655917454376732e-06
1.376986351943176529e-06
1.353020776450285240e-06
1.321004976208048849e-06
1.285339643988648937e-06
1.271877012786814084e-06
1.250936039549225409e-06
1.233643473082028549e-06
1.226397589003202273e-06
1.221371287760012588e-06
1.209716027589532651e-06
1.198639999218105043e-06
1.196976072990031333e-06
1.188547081262327941e-06
1.185275268654527316e-06
1.182926047461162932e-06
1.173980425716616490e-06
1.164661295118485232e-06
1.161844386592507284e-06
1.156716302464574837e-06
1.150322416423155872e-06
1.139254138375494063e-06
1.138099416874703984e-06
1.135540268670536833e-06
1.129271508888718103e-06
1.125530952604857658e-06
1.124321554311979835e-06
1.120251746481868120e-06
1.119177017951918257e-06
1.116836312421659833e-06
1.110218155933458130e-06
1.107926421046419559e-06
1.103412848630651512e-06
1.101243232077264073e-06
1.097291070015487009e-06
1.095541652690500662e-06
1.093142003493590206e-06
1.084830369031202916e-06
1.083728830695308456e-06
1.082115445428743936e-06
1.078778223061769072e-06
1.077851532133088178e-06
1.075620382218823711e-06
1.067773068452178901e-06
1.064445260225409434e-06
1.063147453061138110e-06
1.060710497372009171e-06
1.058252021051380822e-06
1.057333858042854809e-06
1.052289543516377481e-06
1.052178745930664894e-06
1.047153334240554208e-06
1.045652846931987437e-06
1.045432878943709922e-06
1.042589100489117943e-06
1.040258587821559525e-06
1.037389422029706473e-06
1.036302167132787298e-06
1.034045777270413474e-06
1.032473461183660713e-06
1.027353942565092423e-06
1.026970213008081457e-06
1.023120442226660545e-06
1.021238681967621307e-06
1.019991788765651548e-06
1.016669804090248066e-06
1.014767487968967274e-06
1.012167074698181323e-06
1.009866823826127002e-06
1.007750671854451692e-06
1.006834025187991458e-06
1.005144267232384422e-06
1.002380444427012949e-06
9.991227086638670409e-07
9.973433237907642239e-07
9.965782194253943380e-07
9.952626180671167206e-07
9.933464935984684503e-07
9.919896082803132570e-07
9.888763630832702077e-07
9.885044350112842109e-07
9.875598044636342442e-07
9.853491493301211408e-07
9.833965921469431733e-07
9.804759418415647627e-07
9.789038765694508690e-07
9.783403896421317524e-07
9.749078067394315146e-07
9.734358986785304161e-07
9.718316140836305996e-07
9.725504455632768401e-07
9.689968923137542485e-07
