8.561565289088831506e-08
7.723593814263795708e-08
7.656295175503279755e-08
7.556878986216811129e-08
7.489166951272918341e-08
7.410467628371754047e-08
7.149500281163865640e-08
7.068021428456837204e-08
7.012893443187514461e-08
6.479339959501688356e-08
6.112403192747508911e-08
5.835767533697853646e-08
5.613108598064941563e-08
5.446861786770016395e-08
5.370663908573324692e-08
5.049946063192413478e-08
4.829614258864717798e-08
4.740854271672311973e-08
4.677514315639015760e-08
4.466327766470455911e-08
4.411237557975390631e-08
4.361373171875196427e-08
4.335608304190855441e-08
4.080231759613107677e-08
4.098705578778832229e-08
4.098705565627012538e-08
3.906912909769285805e-08
3.941872735071721397e-08
3.761429193891992705e-08
3.566262261264595896e-08
3.969067270617781602e-08
3.969067319218644820e-08
3.969067292847706684e-08
3.492041259362755956e-08
3.483671293323778362e-08
3.437313097973630992e-08
2.967574308656499834e-08
3.120907992857165454e-08
3.147437429587096551e-08
3.137823131044361919e-08
3.218543414683106968e-08
2.757373711946704706e-08
2.472481453690460030e-08
2.253208777303022386e-08
2.220473714037823253e-08
2.128805472826819368e-08
2.807782349451803256e-08
3.211042804141348404e-08
3.211042789230750825e-08
3.211042903433155108e-08
3.211042905692684316e-08
1.903545416020232629e-08
1.984533627723364997e-08
1.984533664414320621e-08
1.702178096540986922e-08
1.480412925034686703e-08
3.291436713202723375e-09
6.929996510506495324e-09
1.296816345860818975e-09
1.112656858495852741e-09
8.199986897230954764e-09
8.387918228891088595e-09
8.546496708012786500e-09
8.672730087882122620e-09
1.031062552631673982e-08
1.070799819315870357e-08
1.114420462814432678e-08
1.187285383562296608e-08
1.284635027782827453e-08
1.260934611294885746e-08
1.240121158929256482e-08
9.608823192800082741e-09
9.608823389587917148e-09
2.806554435052459214e-08
1.226509206318333465e-08
1.226509261344465193e-08
1.226509259268846194e-08
1.226509243781718947e-08
2.806554397758351281e-08
2.806554397758351281e-08
2.806554397758350950e-08
2.806554397758344333e-08
2.806554397758350619e-08
1.403277202247038030e-08
1.403277202247039685e-08
1.403277150358196067e-08
1.403277202247042497e-08
1.403277150358197721e-08
1.403277220953668357e-08
1.403277220953679276e-08
1.403277150358197721e-08
1.403277220953670342e-08
1.403277150358197886e-08
1.403277220953674313e-08
1.403277150358195901e-08
1.403277220953673982e-08
1.403277220953671997e-08
1.628175831377049124e-24
1.403277220953673651e-08
1.403277220953672824e-08
