1.295797208138516413e-04
9.814819286927467859e-05
7.720687288964467212e-05
7.364769243415642149e-05
7.245779027932272316e-05
7.124062893365836998e-05
6.601993559731078555e-05
6.118765424092573960e-05
6.047076356268657802e-05
5.550544219459434785e-05
5.191872943563216266e-05
4.726809939613317194e-05
4.653765145727469996e-05
4.203670999250866196e-05
4.088122785170087608e-05
3.883262665413328505e-05
3.905572656978062261e-05
3.800988692743620650e-05
3.710775006605982910e-05
3.686925676907205766e-05
3.413765946365792536e-05
3.400978791901975530e-05
3.364309675322629692e-05
3.195053926778018124e-05
3.133032515718316770e-05
3.022607427108949042e-05
3.002323955749225509e-05
2.946716921751154876e-05
2.858677995509648369e-05
2.811259922580418413e-05
2.759332586580177159e-05
2.750434035516713844e-05
2.666374960091480968e-05
2.590224480952281602e-05
2.558462458722370156e-05
2.531464903691989669e-05
2.494420916304357504e-05
2.478658971907644776e-05
2.412273943788501062e-05
2.310533344400417870e-05
2.298638230065466796e-05
2.287278258276018530e-05
2.261563065420950128e-05
2.232039934989713480e-05
2.229005392387327242e-05
2.216551018050822727e-05
2.208218786874225384e-05
2.177234530994913666e-05
2.159720887774923070e-05
2.129826299913772841e-05
2.068575847720347790e-05
2.055091801772417724e-05
1.980390452985349755e-05
1.958424583416239450e-05
1.947108946066336836e-05
1.920031245041573548e-05
1.914652911351240287e-05
1.883405124690623058e-05
1.873832762158511337e-05
1.860597545756070240e-05
1.826376462158748240e-05
1.797194658305295304e-05
1.775269523024255566e-05
1.755349336861837918e-05
1.731296839250432150e-05
1.716340256467928257e-05
1.718129978381658962e-05
1.701743694175723726e-05
1.695301037553703687e-05
1.688024911833419797e-05
1.650139036568788455e-05
1.634598758296640098e-05
1.625676692784163219e-05
1.607114734992719094e-05
1.599775491133502184e-05
1.589188542482153970e-05
1.576527273417974552e-05
1.570183841305040234e-05
1.564561165508363116e-05
1.553306492618673309e-05
1.546246723668437628e-05
1.535579501299167877e-05
1.529685391048327795e-05
1.519086733734750892e-05
1.507723042330018103e-05
1.495348494288062868e-05
1.482083869405777317e-05
1.473404269243690992e-05
1.466932920096866808e-05
1.463042441754768863e-05
1.451303857576958752e-05
1.441889806434798304e-05
1.431334634443956966e-05
1.424413128405159712e-05
1.422533222579188040e-05
1.412853084124394028e-05
1.408682935077904534e-05
1.403298905182656051e-05
1.397590547172644969e-05
1.389603348093975164e-05
