1.960007703765215205e-04
9.928339627083521504e-05
8.075796281052177944e-05
7.560479831588089292e-05
6.833959204230217067e-05
4.972452602981894024e-05
4.194885006305343485e-05
3.916348971683058177e-05
3.688640618493621635e-05
3.456683503456983866e-05
3.239087620664120526e-05
3.043999895100004579e-05
2.936320292133079372e-05
2.827265818513431041e-05
2.662962350324032208e-05
2.210124804218225336e-05
2.160073119119767366e-05
2.127838323878215851e-05
2.012881890612166279e-05
1.983192239430307891e-05
1.913609299252453324e-05
1.879844481057173962e-05
1.849560196971412188e-05
1.798063464468009816e-05
1.801567344298182993e-05
1.765983784742413529e-05
1.700361338640731632e-05
1.612623676005253660e-05
1.563216186264429556e-05
1.549359465234285846e-05
1.525179762037055963e-05
1.517818927028848591e-05
1.510999107748408515e-05
1.478911204642298736e-05
1.469305681254002376e-05
1.460260702631092084e-05
1.455595076109360864e-05
1.434424086154913709e-05
1.330754450567013101e-05
1.294669001472864278e-05
1.284528337433003676e-05
1.276067666905352786e-05
1.256714373741789310e-05
1.242837769748436581e-05
1.234844931226906293e-05
1.211160926036100833e-05
1.193918062728904078e-05
1.184129405701694528e-05
1.176389773369888801e-05
1.170268473848997479e-05
1.163679406196720794e-05
1.156958076164983958e-05
1.147794462564735195e-05
1.135734049248860461e-05
1.122332699287464903e-05
1.112041142139155210e-05
1.101172677333770228e-05
1.091726075827614610e-05
1.087095607405538863e-05
1.078191656907077248e-05
1.064540481562987230e-05
1.062261276231039445e-05
1.054576437859898873e-05
1.045463920548653535e-05
1.042871025311201462e-05
1.036356764464018255e-05
1.035297279417981494e-05
1.028821950204597000e-05
1.023668021654528761e-05
1.018681895458002060e-05
1.013012407964691676e-05
1.007929632280559715e-05
1.005834178510535922e-05
1.001760437135301654e-05
9.937093492680451861e-06
9.912281800909473670e-06
9.863560041014589393e-06
9.808785789292273819e-06
9.731789139561624594e-06
9.715845244549070066e-06
9.686805623879414078e-06
9.615412447731955291e-06
9.606270974252052220e-06
9.573440050397457416e-06
9.528503356467695398e-06
9.489915798028684244e-06
9.415691747114613867e-06
9.384310520372871661e-06
9.375035313525343926e-06
9.333994579107899125e-06
9.309125995241068869e-06
9.287042117656295925e-06
9.257103733308456945e-06
9.217523940129275300e-06
9.154229055654568005e-06
9.127794287632782962e-06
9.097832811774591373e-06
9.079836721674408042e-06
9.056941311083741158e-06
9.034192921684793833e-06
