5.362068183662169248e-07
5.018214175282348207e-07
4.962694431311898664e-07
4.914970329731204792e-07
4.860810735342049891e-07
4.772518978147684709e-07
4.738681304788773165e-07
4.706261173892849300e-07
4.669890696470526894e-07
4.657116466473316896e-07
4.622607801259405464e-07
4.595428980833614637e-07
4.579431243198801261e-07
4.573414333256654818e-07
4.533236075411868668e-07
4.499104372304610224e-07
4.480782394697115237e-07
4.472153905720926269e-07
4.437747693391424605e-07
4.429345249228852333e-07
4.399453584461809194e-07
4.380333357577130978e-07
4.367078332876520431e-07
4.353265458856619724e-07
4.339801677687987038e-07
4.317723680900055306e-07
4.293898418378197843e-07
4.281659968586936621e-07
4.245531785206930304e-07
4.225363348080422867e-07
4.208279498437603974e-07
4.201308436715555980e-07
4.189485857930435221e-07
4.180553462004182438e-07
4.165651711752403004e-07
4.147309224660971555e-07
4.144209374899688938e-07
4.130233604867029487e-07
4.105932871087057582e-07
4.088235904178747878e-07
4.077707831167447373e-07
4.066176785775731503e-07
4.050440168920177973e-07
4.033117446900874860e-07
4.030682922335027044e-07
4.007760689474557938e-07
3.992373815553658828e-07
3.985876575775818623e-07
3.973338516496828650e-07
3.960550652536918265e-07
3.955525402290315355e-07
3.943792595183714851e-07
3.924496399585108585e-07
3.921118274287423413e-07
3.913975871919051668e-07
3.894153931911329509e-07
3.883657315505736940e-07
3.869375793295530989e-07
3.859986349659329838e-07
3.841521448550695469e-07
3.845244729378082780e-07
3.824221360321602778e-07
3.820586667854422166e-07
3.805767381077275127e-07
3.794778720155198842e-07
3.790165893928925034e-07
3.779549458405574441e-07
3.769601336790250355e-07
3.762522262147588765e-07
3.752802927837947478e-07
3.737217594903085839e-07
3.725160905244930258e-07
3.721863268434367759e-07
3.710874283382057606e-07
3.699549135193612511e-07
3.696176708223306231e-07
3.685408614686780897e-07
3.676007260979523948e-07
3.665830053877498582e-07
3.661001595112101358e-07
3.656735625608565880e-07
3.637731383673675946e-07
3.634282366415646441e-07
3.627952666093229172e-07
3.621332699879784627e-07
3.610914171023008983e-07
3.595154547625489871e-07
3.587678420273331009e-07
3.583362417644589221e-07
3.576883119921980722e-07
3.571333179053773551e-07
3.565012206642618466e-07
3.551792406524255170e-07
3.540895328597755646e-07
3.537746006373845451e-07
3.530395270212595955e-07
3.527545225671644977e-07
3.515687135347942699e-07
3.511331193194052518e-07
3.506621167966671945e-07
