7.041137038434067023e-08
9.822940267543206743e-08
8.882922875887453971e-08
3.219251458285626153e-08
6.339498497932107173e-08
6.544747915291497129e-08
6.076368228907073090e-08
6.076368478129084823e-08
4.861094583125653178e-08
4.861094583125659796e-08
2.710923300238427821e-08
1.452779404830873079e-08
5.281658532149573501e-08
4.009015789225510729e-08
4.573026445150956057e-08
9.427646603170975331e-09
3.532944100173766479e-08
2.976800332745085386e-08
7.511408037073379336e-09
4.209831472026502196e-08
4.162016111866992454e-08
3.645820937344242531e-08
3.696196548611757762e-08
2.793742143444104383e-08
3.645820937344246501e-08
3.169749249639673743e-08
2.129666897926745158e-08
3.169749249639642641e-08
3.320189381794687223e-08
2.242543735097203342e-08
2.067352439681520671e-08
2.430547291562822288e-08
1.761526686963663489e-08
1.403277202247050107e-08
1.984533597823005013e-08
1.403277202247029097e-08
2.854369757917823634e-08
2.710923421481579735e-08
2.793742142096937854e-08
2.430547291562821957e-08
2.430547291562834530e-08
2.347728509652282613e-08
7.263897024154371185e-09
7.263897024154319072e-09
7.016385337661623612e-09
1.766472054128335511e-08
8.520787939001197840e-09
1.704157589147388561e-08
2.207540441325051426e-08
2.129666897926712071e-08
5.383861459497993958e-09
1.403277202246985091e-08
7.263897024154358777e-09
7.263897024154307492e-09
6.007006102571756553e-09
7.263897024154252071e-09
1.040082350365754942e-08
1.027270089315788889e-08
9.922667955436382969e-09
1.355461714108664665e-08
7.016386011235173609e-09
1.355461464886635231e-08
1.578468497662705647e-08
1.578468497662700022e-08
8.520787939001244163e-09
1.040082350365755273e-08
1.040082350365754115e-08
1.215273645781416272e-08
1.215273645781412302e-08
1.215273645781412136e-08
1.403277074268169774e-08
2.806554397758358230e-08
2.806554397758367163e-08
2.806554397758357568e-08
2.806554397758359222e-08
2.806554397758367494e-08
2.806554397758355583e-08
2.806554397758357899e-08
2.806554397758355252e-08
1.215273645781420574e-08
1.215273645781421401e-08
1.215273645781415611e-08
1.215273645781408662e-08
1.215273645781410813e-08
1.215273645781413956e-08
2.806554397758361207e-08
1.403277195511309446e-08
1.403277195511310438e-08
1.403277202247040843e-08
1.403277202247040181e-08
1.403277202247039685e-08
1.403277202247041505e-08
3.631948518812928487e-09
3.631948518812907394e-09
3.631948518812910289e-09
1.403277202247040347e-08
1.403277202247037865e-08
3.631948518812908635e-09
3.631948518812907394e-09
3.631948518812908635e-09
