1.045861981223454214e-05
9.455183945155519706e-06
9.051056179672396784e-06
6.930236240217586997e-06
6.516709360127429199e-06
5.539970280632568525e-06
5.382596485037523339e-06
5.281390407813079195e-06
5.062612586266523310e-06
4.978793327832505189e-06
4.850157827612193242e-06
4.775104165827804450e-06
4.593623014976270055e-06
4.385432596115036870e-06
3.974044124312950675e-06
3.882471788006841734e-06
3.722521000233985531e-06
3.609783094526911689e-06
3.464264082198203549e-06
3.357117317599391896e-06
3.349983571547874802e-06
3.286142879332116938e-06
3.201539181085167793e-06
3.187545742745636001e-06
3.148825764200347538e-06
3.068955738645749885e-06
3.030985395014932697e-06
3.014119748236586181e-06
2.997068341419212593e-06
2.976400691122655521e-06
2.943570495788126341e-06
2.924123192758693280e-06
2.911902504680769485e-06
2.877626606052103051e-06
2.855496537813111876e-06
2.844349550103743733e-06
2.811754360455187408e-06
2.801983380787294976e-06
2.780694174969226927e-06
2.773382901549672831e-06
2.737824950524832146e-06
2.728125359755412316e-06
2.720447697150277987e-06
2.707127520184181993e-06
2.689456345621696957e-06
2.677952635111973359e-06
2.666485358934445734e-06
2.655469459676550299e-06
2.647814345993862856e-06
2.637051768522517764e-06
2.631227778795010801e-06
2.628826015945349080e-06
2.618604037094557612e-06
2.611501446449328383e-06
2.605726425720424738e-06
2.596530918191419036e-06
2.582819699842821985e-06
2.579511175094487818e-06
2.572679519864412245e-06
2.560325296321856149e-06
2.555516932164473408e-06
2.550722992962381855e-06
2.538959905089236501e-06
2.530035714985071451e-06
2.526558467597186059e-06
2.523774850063715847e-06
2.514631240457799983e-06
2.507394660479229243e-06
2.502481397753999862e-06
2.498241976998946060e-06
2.490603447388017149e-06
2.487520180521015307e-06
2.477271027373435247e-06
2.471740544155390409e-06
2.466426780797831301e-06
2.461855982433451620e-06
2.454135883859898291e-06
2.451668861193611595e-06
2.447327950065868471e-06
2.440058759836918684e-06
2.436216589807136850e-06
2.429633734161108814e-06
2.423699969998103362e-06
2.421929952290809989e-06
2.415856098364789789e-06
2.411488415575036821e-06
2.406575787786870643e-06
2.404780504817669961e-06
2.398737112350618651e-06
2.394415604530225007e-06
2.390995825728369619e-06
2.386802245371630785e-06
2.381049660483288082e-06
2.376823211830408098e-06
2.371559810513313389e-06
2.365602187469551284e-06
2.361667235805886654e-06
2.360061347060388513e-06
2.355456337930356899e-06
2.350529554524515877e-06
