9.207434798467716296e-07
8.237814470010424759e-07
6.247938253288059908e-07
5.410997210464147999e-07
5.328733497756624857e-07
5.110467963547387595e-07
5.012877743862906289e-07
4.910608600861583392e-07
4.868381407621610002e-07
4.796131118021471365e-07
4.750933710605696324e-07
4.732437501277701741e-07
4.697563337040997685e-07
4.649512224827156891e-07
4.609934266520880903e-07
4.570752189167805303e-07
4.548474343923704195e-07
4.502529109727001512e-07
4.478525939138147316e-07
4.459814306691541488e-07
4.437589656597284479e-07
4.420152906831158171e-07
4.391337695260181036e-07
4.367176649198345346e-07
4.350567891057779822e-07
4.341122294592077950e-07
4.307840924677351578e-07
4.299529744106257939e-07
4.282060858460859978e-07
4.269372175917895739e-07
4.249541681122648290e-07
4.227744747399510387e-07
4.211716417442633686e-07
4.199812649098574987e-07
4.182331719908280350e-07
4.163863480873634799e-07
4.149888858626353116e-07
4.151949333769982728e-07
4.130692303049704987e-07
4.109555652159357779e-07
4.103530444656088191e-07
4.087079172312606669e-07
4.060922396947024107e-07
4.049803122478337249e-07
4.033226117924822085e-07
4.031044519473620435e-07
4.013368373502614447e-07
4.002574397847061318e-07
3.986496178831244123e-07
3.976316302384692929e-07
3.967432711852891965e-07
3.958337115655977073e-07
3.944863173938535531e-07
3.931038794063139577e-07
3.920024658070041401e-07
3.913031296560438903e-07
3.901413423163358584e-07
3.889606537630723911e-07
3.882321893865438851e-07
3.869474206629008146e-07
3.859556383327828889e-07
3.843719432845041270e-07
3.841754347175545877e-07
3.828423048783703064e-07
3.814431016062524820e-07
3.806749041487149857e-07
3.798295106911754999e-07
3.777641381452353311e-07
3.773149073106063408e-07
3.763924605650840820e-07
3.756299270933078615e-07
3.750101249449876961e-07
3.739479599850472694e-07
3.735010492146782733e-07
3.717863914662597218e-07
3.706614882232138376e-07
3.697878764939457833e-07
3.684289720797359767e-07
3.677122927065578314e-07
3.668544187501809417e-07
3.663102312430411687e-07
3.645347146208714939e-07
3.642472047333913192e-07
3.634348392201712293e-07
3.623136407369696337e-07
3.620569498440932112e-07
3.617564043406634264e-07
3.609915907975254092e-07
3.602256711641051791e-07
3.595804636612418089e-07
3.587835850104548435e-07
3.576646014147478318e-07
3.568053483541061366e-07
3.561659248264848048e-07
3.558188435003304548e-07
3.540483151893762906e-07
3.536011884316057554e-07
3.530247110159703928e-07
3.519741458566645016e-07
3.517363177985345727e-07
