3.668382922056460240e-06
2.656031390769275118e-06
2.638293293553002324e-06
2.208407920756419307e-06
2.136913179069016118e-06
2.112009574091719759e-06
1.986179141798702699e-06
1.767306732363543647e-06
1.485872546296910222e-06
1.413676099902587007e-06
1.401350313814641675e-06
1.364971967880801095e-06
1.294209354228597972e-06
1.254641998095315253e-06
1.244390680936603683e-06
1.233914502452827243e-06
1.215608979189514642e-06
1.212191701647874200e-06
1.200433564122992964e-06
1.193239421252712307e-06
1.189585950214874973e-06
1.183059037879643194e-06
1.174422381078216199e-06
1.168243698027507823e-06
1.162120700258262865e-06
1.160296954438151399e-06
1.154901590254120044e-06
1.147744100463741780e-06
1.141903962932745058e-06
1.139486314284657033e-06
1.134485665012205838e-06
1.130580556532216008e-06
1.123140681494936564e-06
1.121234687438372052e-06
1.116655088231204807e-06
1.113504807983014748e-06
1.108948947262067209e-06
1.106393386417033757e-06
1.104313629606165949e-06
1.102817651908666479e-06
1.097557881131107868e-06
1.094033334007794219e-06
1.091100423308208789e-06
1.086126514811485839e-06
1.084185264549812734e-06
1.082905552697612588e-06
1.080513516850897510e-06
1.076833692420038597e-06
1.073919086464443826e-06
1.071230235797804342e-06
1.069444223280038084e-06
1.065430658270393917e-06
1.062843528120744275e-06
1.061042178484708241e-06
1.057753115564211110e-06
1.055756262870616321e-06
1.053184730199529004e-06
1.050529369924351873e-06
1.048965264821436910e-06
1.046866846015620237e-06
1.043852802919737140e-06
1.041822897115293328e-06
1.038376609494047470e-06
1.036952016034076121e-06
1.034932791093521837e-06
1.033036723392271773e-06
1.029877026242084736e-06
1.027929544015509975e-06
1.026024021325298768e-06
1.023683884439829295e-06
1.022290147648929604e-06
1.019715768686682387e-06
1.018030941168751558e-06
1.015506410889671758e-06
1.014127615193871303e-06
1.010589804737879387e-06
1.008168354690126995e-06
1.006803150499230453e-06
1.005314200944013120e-06
1.003649269463933193e-06
1.002235400596691932e-06
1.000640938226113599e-06
9.995178789673848656e-07
9.962214157712107474e-07
9.944186551345066861e-07
9.935337220302746834e-07
9.916101090438323619e-07
9.891984123737180835e-07
9.883210473334217460e-07
9.858610380160172556e-07
9.836974806421475008e-07
9.833915189071198969e-07
9.781471793846575051e-07
9.771868731455150356e-07
9.762495122230475979e-07
9.744313548184610032e-07
9.728411774752494371e-07
9.705808600987215800e-07
9.703350790624857613e-07
9.686154991988332868e-07
