2.422334046422681642e-07
1.913923903759942818e-07
1.834160776562425288e-07
1.940680285190893022e-07
1.805134137355035226e-07
1.768027933680027964e-07
1.741970938691437907e-07
1.651981521803621303e-07
1.031688431517847590e-07
1.353107568199269150e-07
1.553010811588146259e-07
1.469684723430966653e-07
1.251574455416181847e-07
1.354919487747733638e-07
1.328331783890832273e-07
1.099039829047159739e-07
7.457454393716860936e-08
1.303637325982400436e-07
9.863250453988140453e-08
1.378245385283770316e-07
1.285092984265361446e-07
1.346876148105237336e-07
1.175179142810959697e-07
1.332612792633799956e-07
1.263817519702031280e-07
1.287761420430826634e-07
1.262949466732232916e-07
9.555376514529111582e-08
1.170653600315233026e-07
1.231085678422759689e-07
7.506956600342153384e-08
1.011100854898896850e-07
1.201598167881358409e-07
1.209759036655869521e-07
1.185528960811518803e-07
9.364114440058883108e-08
1.067007369023719710e-07
1.079744988481908061e-07
1.157659993803129250e-07
9.947756078323200815e-08
1.148096896983732425e-07
1.121340533671920885e-07
8.913853908070783729e-08
1.018526183804617719e-07
1.103821379208141055e-07
9.798189045008221430e-08
1.092977080936531407e-07
7.301707184330019623e-08
7.356516400829851079e-08
7.668522274386745713e-08
1.004100193989030725e-07
8.162827895353640576e-08
7.746395863587984056e-08
8.484724412307481735e-08
1.033295521480238141e-07
9.712810375718998665e-08
8.401905450552939665e-08
9.998131697673425375e-08
7.206076276084104120e-08
7.271137367811246027e-08
7.518895380636166840e-08
7.361823355471374035e-08
9.585434576524540466e-08
7.813655567081093937e-08
9.797316006789623995e-08
9.000046125607982137e-08
7.424137564494640391e-08
8.860369993668465859e-08
9.509247498349675877e-08
9.271742142096947289e-08
9.291547601406310412e-08
8.782857923913062926e-08
7.665263750993524663e-08
8.875230114103344036e-08
7.406380447521956099e-08
8.782858058627790131e-08
8.720543586911094908e-08
8.664162312241495992e-08
8.594854488690752397e-08
7.792277908825133844e-08
8.419662944053041449e-08
8.324032223733984909e-08
7.693273497595330007e-08
8.158219450768463993e-08
7.728276723336577573e-08
7.427396343171909306e-08
8.071665583112165829e-08
8.043656087079517240e-08
7.283949873368264212e-08
7.822336086001721523e-08
7.717151190203555850e-08
7.503698259487224444e-08
7.797584796782970264e-08
7.223322008325317399e-08
7.509703418383152578e-08
7.330078517735202651e-08
7.431830011046555747e-08
7.427396081825638696e-08
7.326819934393983119e-08
7.296250111139594261e-08
