9.292481212933484731e-07
6.154920664509821435e-07
5.352092837488493143e-07
5.094930154465950738e-07
5.016770653356809806e-07
4.880757538763860930e-07
4.844606241475409356e-07
4.770233787632846200e-07
4.724772572695928081e-07
4.671596319244139007e-07
4.656307013227055996e-07
4.603282584505821150e-07
4.573438379390226178e-07
4.547074338749686023e-07
4.523356368847652321e-07
4.504745187134165313e-07
4.480228610315672369e-07
4.462192826809382806e-07
4.441762520471151562e-07
4.409553532895082681e-07
4.395801188010184390e-07
4.370318591977993027e-07
4.333073376578418205e-07
4.321370728545976100e-07
4.314829946648213947e-07
4.299988721032827475e-07
4.289604131556506821e-07
4.269657504021885078e-07
4.251777280968305996e-07
4.244758258491299849e-07
4.216880102621450442e-07
4.184731151427463711e-07
4.172210719516348396e-07
4.158911526366389600e-07
4.149829815370736693e-07
4.131919054891370007e-07
4.120441483436326255e-07
4.109780342238128988e-07
4.092094435629084380e-07
4.077878023431849226e-07
4.066536086450237590e-07
4.052844738768912423e-07
4.043719050215593069e-07
4.030985583495584933e-07
4.015965970592321008e-07
4.007793729177153762e-07
3.999211329432523702e-07
3.980957799163793087e-07
3.976528147677604118e-07
3.963092021820853461e-07
3.946309512396360393e-07
3.935557836599661319e-07
3.916400256332790112e-07
3.912169499910595465e-07
3.900749693263310075e-07
3.889722832980559567e-07
3.879443022406054326e-07
3.867190472310808536e-07
3.856751720701894971e-07
3.849939900201042506e-07
3.840696939166200610e-07
3.828950484617760557e-07
3.820938305956487345e-07
3.798576757455365872e-07
3.791447139436769605e-07
3.780732410909264465e-07
3.769171410543157972e-07
3.759026800877974581e-07
3.753679045122346242e-07
3.746606779519327519e-07
3.735272123089867483e-07
3.728247234495255791e-07
3.720368143105241033e-07
3.710645684374433784e-07
3.700752794957326661e-07
3.694433371743722537e-07
3.686474762268310409e-07
3.675759123910035975e-07
3.662982261619665313e-07
3.659139051570864452e-07
3.651114998234468414e-07
3.636915670722519264e-07
3.635128624637132259e-07
3.623906958826446850e-07
3.612423532625228104e-07
3.602327107415838310e-07
3.596306477821807855e-07
3.588341614666297598e-07
3.580308556770122739e-07
3.568819376918566590e-07
3.559268369433728290e-07
3.554628802905016484e-07
3.544801518851618180e-07
3.533493210226813151e-07
3.531569679230894946e-07
3.526441795176881461e-07
3.517563318679161207e-07
3.514129291053132263e-07
3.502632159877907948e-07
3.494363280607295675e-07
