2.344470172838934324e-07
2.197090624537002400e-07
1.875334144764480477e-07
1.570602270614772620e-07
1.759082846115603427e-07
1.742058241166163084e-07
1.372148891972416497e-07
1.594678718459983404e-07
1.338099730570841574e-07
7.427396397731277408e-08
1.669828944106918321e-07
1.659856173970458224e-07
1.519528461155108439e-07
1.420301786315747307e-07
1.355124305883059402e-07
1.461402814861815830e-07
1.338099711710858380e-07
1.355124318680927583e-07
1.420301798440147267e-07
1.338099700260060841e-07
1.163722800447310966e-07
1.362176133960226659e-07
1.379200734194609133e-07
1.379200726785281071e-07
1.379200752381101342e-07
1.362176159556067841e-07
8.008652887607964211e-08
1.214796578249041318e-07
1.023395067424694397e-07
1.262949461141644734e-07
1.115569912166089742e-07
7.497914759332373924e-08
1.238873025420638299e-07
1.197771986771025785e-07
1.197771999568910112e-07
1.180747393272353731e-07
1.139646346539885378e-07
1.033367826783973538e-07
1.190720169470951869e-07
1.139646347213452463e-07
9.341411337581514304e-08
1.057444272608512450e-07
1.139646346539848055e-07
1.122621747652587443e-07
1.098545287009459244e-07
8.249417211138423629e-08
1.139646335089136146e-07
1.081520721127352655e-07
1.023395068098214630e-07
9.822940543707983923e-08
8.760155063248753663e-08
1.057444259810606020e-07
1.040419679783390672e-07
1.047471495062710526e-07
9.993186330508958493e-08
9.993186202529825374e-08
1.057444273282049491e-07
1.040419668332645940e-07
8.589909121526124049e-08
1.023395079548963067e-07
9.000919595586804005e-08
9.582175984426916672e-08
9.582175991162831041e-08
9.582175923805616993e-08
9.171165658552382378e-08
8.419662944053078507e-08
9.822940146300077991e-08
9.752421973299504269e-08
9.752421919413418835e-08
9.752421858792161508e-08
9.752421872263546878e-08
8.830673721221890041e-08
9.411930143740789726e-08
8.589909202354830670e-08
7.427396397731493136e-08
7.427396471824474647e-08
8.419662944053356440e-08
8.760155184491755361e-08
7.427396397731478578e-08
8.178898795651299911e-08
8.930401119478362080e-08
8.349144730638135593e-08
9.000919460872221061e-08
8.589909182147606369e-08
8.419662930581370205e-08
8.830673344020708131e-08
8.589909134997549124e-08
8.178898782179941011e-08
8.008652732685984913e-08
8.419662944053067919e-08
8.178898795651448142e-08
7.427396411202812332e-08
8.008652793307291209e-08
7.838406858320632874e-08
7.427396411202908947e-08
7.427396404467167954e-08
7.597642400075447575e-08
7.597642272096524891e-08
7.597642272096579154e-08
7.597642265360838161e-08
