1.570964322511042081e-05
1.292775808904008333e-05
9.139356999054997513e-06
6.826818856796453447e-06
6.490204976726702150e-06
6.185355751798710775e-06
6.110940800014436826e-06
5.580615635931385201e-06
5.354617490638585836e-06
5.043539798432039980e-06
4.985973156375726688e-06
5.018994436245784685e-06
4.672482272938434378e-06
4.309817331337201369e-06
4.231864338929123255e-06
4.210407298188976822e-06
3.900543044887626197e-06
3.651331475703541354e-06
3.602224847012521296e-06
3.527153395688475059e-06
3.427797014961966845e-06
3.362968855670406698e-06
3.289712743948844811e-06
3.282326468488449367e-06
3.239514685445777641e-06
3.190475446462780120e-06
3.137953586196859188e-06
3.090182332621197807e-06
3.004380941368593361e-06
2.904213168646851521e-06
2.889141554468880350e-06
2.862050053048513457e-06
2.847887744479748333e-06
2.812573201262903843e-06
2.805711629460876372e-06
2.795062217429820289e-06
2.775388591003196646e-06
2.768124220980425386e-06
2.745110160399955610e-06
2.732440753963979617e-06
2.721963237814855746e-06
2.701435435871972548e-06
2.690434236192098389e-06
2.682122992337779467e-06
2.678134692528315083e-06
2.666178065912285332e-06
2.656501098968547298e-06
2.647859685162703452e-06
2.644852537828533285e-06
2.633110165483654292e-06
2.628985735571640274e-06
2.622460133961895272e-06
2.607450016754978648e-06
2.604732094653979293e-06
2.598362903711432055e-06
2.590256339506304325e-06
2.586901461970077045e-06
2.579728004652104823e-06
2.568923061804656938e-06
2.565807481652602456e-06
2.554931893124021142e-06
2.551353330389471409e-06
2.546558565927672856e-06
2.536726855308967025e-06
2.528970230657198948e-06
2.525924437132004001e-06
2.518634980347863469e-06
2.515354199510569510e-06
2.509862430690219809e-06
2.506542752373714458e-06
2.498952332519423058e-06
2.493477682145355585e-06
2.488479105064066914e-06
2.483332284849949510e-06
2.476490433754609634e-06
2.473836467910226870e-06
2.468118624515602017e-06
2.462512744253369783e-06
2.454507527848312234e-06
2.450671359573895388e-06
2.441468714741665494e-06
2.438601954138467791e-06
2.433811346513758695e-06
2.427572530873952863e-06
2.423071039476475318e-06
2.421705817011190435e-06
2.417448569625480715e-06
2.410911903493634868e-06
2.402519644495562530e-06
2.401206468124222191e-06
2.395473678415448693e-06
2.390046265813753441e-06
2.384938017853725752e-06
2.383286291089489925e-06
2.376397520657837261e-06
2.371088634068828316e-06
2.369172946494292030e-06
2.362067034065099844e-06
2.360993495815129603e-06
2.353781533175947854e-06
