5.613143137784697231e-07
5.214352078166695889e-07
5.122899875006294491e-07
4.911280764581196091e-07
4.867007575421428327e-07
4.803218409678026996e-07
4.732397964080327335e-07
4.707694919665064476e-07
4.678170974590043688e-07
4.656434349935777423e-07
4.635074464693602252e-07
4.567759720670871711e-07
4.541279183238544402e-07
4.533536890712240965e-07
4.490663940439099554e-07
4.471940980361032033e-07
4.446025453171231712e-07
4.427586778805131361e-07
4.407945988482239500e-07
4.377792135615927409e-07
4.372267197904995476e-07
4.362577291617200145e-07
4.340273605198408304e-07
4.325817176813433049e-07
4.287433063336747476e-07
4.273182068158786997e-07
4.249714659824107227e-07
4.239240897554302086e-07
4.224810725259772114e-07
4.210928230380752334e-07
4.190869505917571518e-07
4.176066965674433302e-07
4.156276859928289598e-07
4.136736056117431546e-07
4.125874890850025762e-07
4.120007168184371546e-07
4.100941132833659578e-07
4.087107517720149808e-07
4.064984938457131440e-07
4.043520631600868019e-07
4.032820165013604454e-07
4.021390803157703599e-07
4.016790530454696684e-07
4.005601479804019760e-07
3.994654413315866070e-07
3.979604073003551224e-07
3.974717938284830489e-07
3.963621677629874889e-07
3.935087001474116621e-07
3.930936263605247038e-07
3.920577850957288481e-07
3.908438844434117209e-07
3.900811069650331053e-07
3.896265519386612769e-07
3.881783133919701020e-07
3.872489457663457149e-07
3.867473661098896272e-07
3.854054042407097821e-07
3.842633141945423240e-07
3.827892022888862170e-07
3.814306741337916645e-07
3.810961028482642547e-07
3.799838007882404025e-07
3.783825667048985636e-07
3.772328845204881173e-07
3.767141888921095406e-07
3.760443629027541810e-07
3.754949602668185834e-07
3.746892579165354220e-07
3.734152452460812569e-07
3.719872578719548670e-07
3.716299629903991707e-07
3.712311553815540682e-07
3.697468729452660260e-07
3.686404620994816697e-07
3.683830732239099277e-07
3.676582165079493383e-07
3.663692811874943992e-07
3.652195696916444972e-07
3.644359996017590376e-07
3.634377781339480073e-07
3.623615716772298981e-07
3.617411812884668685e-07
3.613988871614766995e-07
3.600115973353763181e-07
3.591185600550204212e-07
3.586817003218256740e-07
3.579705518737758509e-07
3.574933653843317080e-07
3.570485355365439319e-07
3.556300307666948022e-07
3.546089281616514199e-07
3.539522649876595509e-07
3.530901519039442033e-07
3.521283236186609222e-07
3.519647669929702260e-07
3.511629505637472612e-07
3.504145473125916355e-07
3.493819543285556264e-07
3.485401869332474638e-07
