4.911470133771617930e-08
6.314747457261857340e-08
5.613108741630949323e-08
3.508193059503588777e-08
3.508192938260419657e-08
2.806554397758347311e-08
4.209831600005434145e-08
4.209831593269675285e-08
2.806554404494085656e-08
2.806554397758359884e-08
2.806554397758347311e-08
4.209831593269730210e-08
4.209831472026561753e-08
1.984533597823006668e-08
3.508192998881896022e-08
2.806554404494113780e-08
2.806554391022648670e-08
3.508192998881887419e-08
2.806554397758356906e-08
2.104915803370559775e-08
2.104915736013252421e-08
3.508192870902998483e-08
3.508192992146148412e-08
3.508192998881884772e-08
3.508192998881874846e-08
7.016386011235092545e-09
2.104915803370574334e-08
2.104915796634835988e-08
1.403277134889742422e-08
2.104915796634836650e-08
2.104915796634835327e-08
2.104915803370565731e-08
1.403277195511308619e-08
2.104915803370574665e-08
2.104915803370568378e-08
1.403277202247051762e-08
1.403277202247042663e-08
1.403277202247028104e-08
1.403277202247043986e-08
1.403277202247048122e-08
1.403277202247044317e-08
1.403277202247048618e-08
1.403277202247047129e-08
1.403277202247047791e-08
1.403277202247047460e-08
1.403277202247037369e-08
1.403277323490176378e-08
2.806554397758351612e-08
2.806554397758338046e-08
2.806554397758349958e-08
2.806554397758360546e-08
2.806554397758377751e-08
2.806554397758348303e-08
2.806554397758371795e-08
2.806554397758378744e-08
7.016386011235225721e-09
7.016386011235242265e-09
7.016386011235261290e-09
1.403277195511314740e-08
1.403277195511321523e-08
1.403277195511323508e-08
7.016386011235278661e-09
7.016386011235206696e-09
7.016386011235197597e-09
2.806554397758364185e-08
2.806554397758359553e-08
2.806554397758355583e-08
2.806554397758360215e-08
7.016386011235157892e-09
2.806554397758382714e-08
7.016386011235138040e-09
7.016386011235180226e-09
7.016386011235181880e-09
7.016386011235212486e-09
7.016386011235200906e-09
1.403277202247039354e-08
1.403277202247044482e-08
1.403277202247054574e-08
1.403277202247061192e-08
1.403277202247049611e-08
1.403277202247049611e-08
1.403277202247033398e-08
1.403277202247040843e-08
1.403277202247043159e-08
1.403277202247044979e-08
1.403277202247037203e-08
1.403277202247048784e-08
7.016386011235229030e-09
7.016386011235307612e-09
7.016386011235270389e-09
7.016386011235283624e-09
7.016386011235196770e-09
7.016386011235199251e-09
7.016386011235228203e-09
7.016386011235233993e-09
7.016386011235200906e-09
7.016386011235221585e-09
7.016386011235190152e-09
7.016386011235216622e-09
7.016386011235205869e-09
