1.187269332053309104e-04
1.065752944828634571e-04
1.014882962240164140e-04
5.858803676197021980e-05
5.678122571474048821e-05
4.602302943126215860e-05
4.557025345174825574e-05
3.902882933226797314e-05
3.497641385341608756e-05
3.241979108791255982e-05
3.094706285002573481e-05
3.043470556575499173e-05
2.446035731337529160e-05
2.417880461456817072e-05
2.409289885647297922e-05
2.381323768477701893e-05
2.311414395454496607e-05
2.232365946438216999e-05
2.108801261518889435e-05
2.080964410701376832e-05
2.005640732348622861e-05
1.950096904312478889e-05
1.912673651407422240e-05
1.858270124315058249e-05
1.731234175868711853e-05
1.688948266240169503e-05
1.632685406773390306e-05
1.624173135819725227e-05
1.615770628728959712e-05
1.573402159270197010e-05
1.548896444537425552e-05
1.531890175949072273e-05
1.507149333108808135e-05
1.496722695569610447e-05
1.473913457191614511e-05
1.454688556268648245e-05
1.437193542714354441e-05
1.422070137920369966e-05
1.424805341793341666e-05
1.394252879425186522e-05
1.364567964073492338e-05
1.348879587477420293e-05
1.334137592633820330e-05
1.297871440175950053e-05
1.290682945180160660e-05
1.261231283195564459e-05
1.245014599744029229e-05
1.219658167000278932e-05
1.197054430446848861e-05
1.191005549549151430e-05
1.177873811564352806e-05
1.164760713451044738e-05
1.160749396358501903e-05
1.148351057180019769e-05
1.147666549940516641e-05
1.136378744523774820e-05
1.127509532268360940e-05
1.124597382449725779e-05
1.113252463155643523e-05
1.109310055550194086e-05
1.100974089585462197e-05
1.092384506532156994e-05
1.089830032845838102e-05
1.084485563493707162e-05
1.081825851809449830e-05
1.075293213708798216e-05
1.068880041716092120e-05
1.060830496293751781e-05
1.052562031806365270e-05
1.046348512572995520e-05
1.035809849193721116e-05
1.030680564085200870e-05
1.019585430596125261e-05
1.016722845172027850e-05
1.015252020233695480e-05
1.012306998116034838e-05
1.009302001131763019e-05
9.994593157973050745e-06
9.955978606039336796e-06
9.919260392862296001e-06
9.872890632954281568e-06
9.818645236238809592e-06
9.759909432814644790e-06
9.721240516737432178e-06
9.706895787354492014e-06
9.642682830132155556e-06
9.566995352122510741e-06
9.518071118769525225e-06
9.488805004706094758e-06
9.454327450003436939e-06
9.409472633385449554e-06
9.368109034709425336e-06
9.353961445330399963e-06
9.337614104039618793e-06
9.307631883141098087e-06
9.274944302810929760e-06
9.215877677949221072e-06
9.189356962070587494e-06
9.167965587471303462e-06
9.134767884613450217e-06
