8.497421954444585876e-05
7.181710770069099691e-05
5.899792470200667521e-05
5.118957773290080639e-05
5.083597394035886658e-05
4.445786738529627663e-05
4.262271870035405115e-05
3.632830590279009325e-05
3.474087125533016596e-05
3.417652554943373074e-05
3.403659660399039667e-05
3.322141579818953212e-05
3.006227737266708568e-05
2.796069271661321719e-05
2.740944017131404829e-05
2.689211352748295620e-05
2.451048414486741963e-05
2.317542101926564496e-05
2.217699804303456171e-05
2.193684440136322488e-05
2.127726053524322728e-05
2.150547318052584047e-05
2.145088846984969972e-05
1.921010600880626004e-05
1.896077736335861506e-05
1.818716645102504218e-05
1.799240734962467343e-05
1.778526862166618399e-05
1.738717274422517563e-05
1.717402828083181379e-05
1.707836321745687911e-05
1.688321683869117536e-05
1.646188528641076871e-05
1.625208282270582954e-05
1.614486670518153105e-05
1.583926231977619337e-05
1.539570580969411474e-05
1.468385977315533463e-05
1.433932383418413473e-05
1.427988431432845812e-05
1.414593595740973635e-05
1.391207467127756707e-05
1.382841168550642698e-05
1.327120037186965874e-05
1.323802766552969885e-05
1.309070282845628179e-05
1.287134102586445807e-05
1.259628212933096105e-05
1.231926483287225617e-05
1.215775962521959102e-05
1.176144804528800080e-05
1.161089302465726472e-05
1.153610950419583585e-05
1.142509507084243716e-05
1.132748027189466381e-05
1.129320708411242796e-05
1.120475854774450759e-05
1.117825140973916288e-05
1.110236409131140411e-05
1.107228474679891406e-05
1.103409811653765193e-05
1.099552843215737345e-05
1.096287427307001051e-05
1.088147388148128617e-05
1.082712574359904876e-05
1.073910097255541554e-05
1.069266603576136727e-05
1.064145014794267418e-05
1.057257372525066721e-05
1.050188275890233966e-05
1.044631845092122123e-05
1.038959901166205655e-05
1.036268857110139752e-05
1.026477695205157986e-05
1.022285910781569102e-05
1.019407072819824389e-05
1.011315875376628338e-05
1.006853817711653324e-05
1.004907573110905148e-05
1.000923309649308796e-05
9.960609081367418529e-06
9.897019696058649137e-06
9.800047053358465707e-06
9.781167746201667684e-06
9.744662349341691145e-06
9.732078322007951408e-06
9.675577909707921729e-06
9.631706063829081896e-06
9.577420678850492050e-06
9.558058349031277133e-06
9.513679201560072910e-06
9.458981529972231830e-06
9.426326019989798982e-06
9.375385622072740429e-06
9.326499390059661711e-06
9.300131036635298894e-06
9.270216544808767883e-06
9.236722663243871539e-06
9.201436939659310077e-06
9.179675806197134293e-06
