1.166402752893003800e-07
9.822940267543295417e-08
8.882922875887491029e-08
1.863789744176985642e-08
6.076368228907137941e-08
6.076368478129125851e-08
5.588357633603266405e-08
1.815974256038562149e-08
4.861094583125655825e-08
5.565293186135152633e-08
4.861094583125642590e-08
4.886719093101313172e-08
1.452779404830867950e-08
3.156936993978279507e-08
6.768874930959035947e-09
1.089584554296734351e-08
4.089449333836234273e-08
4.209831472026534621e-08
3.645820937344247824e-08
3.696196548611739233e-08
3.846636741388341574e-08
3.645820937344198194e-08
2.067352441028677273e-08
2.080164695342906966e-08
2.242543735097209298e-08
1.452779406178030674e-08
3.320189381794666708e-08
3.282626085462951171e-08
3.121933761501284330e-08
1.403277202247036045e-08
2.430547291562822288e-08
2.443359545877047348e-08
6.768874930958729890e-09
1.578468497662707301e-08
1.403277202247036542e-08
2.793742143444122581e-08
2.710923421481602234e-08
2.758738916355705839e-08
2.443359545877076796e-08
7.263897037625843740e-09
7.263897024154386901e-09
2.009284827093791538e-08
2.430547291562825596e-08
2.430547291562843133e-08
1.984533719066158912e-08
1.122901072328269995e-08
1.766472054128339482e-08
1.984533597823017917e-08
1.984533597823012292e-08
7.016385337662448311e-09
1.815974255365013461e-08
1.984533597822993433e-08
2.067352439681534898e-08
1.403277202247077239e-08
1.766472054128323269e-08
1.766472054128330879e-08
8.520787939001287176e-09
8.520787939001237545e-09
1.027270089315780452e-08
1.040082350365749814e-08
1.578468497662703662e-08
7.692599520415955237e-09
9.922668622273769449e-09
1.451092683649686120e-08
7.016386011235266253e-09
1.355461714108655401e-08
6.538231129851478833e-09
1.215273645781419416e-08
1.215273645781421566e-08
1.215273645781415776e-08
3.631948518812904499e-09
3.631948518812878029e-09
3.631948518812884647e-09
1.403277074268157036e-08
1.215273645781413791e-08
1.215273645781412633e-08
1.215273645781413625e-08
1.215273645781412136e-08
1.215273645781411640e-08
1.215273645781411144e-08
1.403277195511302994e-08
1.403277195511311596e-08
2.806554397758367163e-08
2.806554397758355913e-08
2.806554397758375104e-08
2.806554397758335068e-08
2.806554397758354259e-08
2.806554397758355252e-08
1.403277202247033233e-08
1.403277202247037203e-08
2.806554397758352274e-08
2.806554397758356244e-08
2.806554397758350950e-08
1.403277202247040016e-08
1.403277202247041670e-08
1.403277202247046137e-08
3.631948518812893746e-09
3.631948518812886301e-09
3.631948518812882579e-09
1.403277202247043655e-08
