1.974229885613029817e-05
1.786076523074403758e-05
1.015346101540821567e-05
8.351580888636085244e-06
7.796283271982498280e-06
6.429917742300413187e-06
5.819437068614423222e-06
5.142023373756408087e-06
4.832237785678920025e-06
4.484040163423690829e-06
4.274800817637832779e-06
4.171281680070354364e-06
4.110741918074168850e-06
4.102020274880395380e-06
4.023707759421089717e-06
3.944548161438988159e-06
3.902027618675685907e-06
3.860726297512959913e-06
3.616413646915535003e-06
3.383661186189282131e-06
3.346949621846184212e-06
3.206346051462909418e-06
3.146511623472775027e-06
3.127276166296342786e-06
3.062092908143084596e-06
3.026789530834365466e-06
3.002406235322501128e-06
2.960725635728875886e-06
2.931634905271896205e-06
2.922064385611483487e-06
2.894073609218900249e-06
2.875108380421059358e-06
2.849947228636274874e-06
2.835179617447049637e-06
2.823771691379140291e-06
2.808338570493062339e-06
2.796971840747626843e-06
2.779049851711077048e-06
2.762366973561777195e-06
2.743827699060443944e-06
2.734014015468358095e-06
2.726444651961566768e-06
2.714438083006244731e-06
2.701225170801906107e-06
2.688073830276844121e-06
2.673663082704523926e-06
2.666916040257069407e-06
2.657885446923453037e-06
2.646342079896272497e-06
2.636738163766707269e-06
2.633459281308200413e-06
2.627093926313279796e-06
2.620633732743786321e-06
2.614279821360310101e-06
2.606704766519403243e-06
2.602090538853557452e-06
2.593203009767399373e-06
2.589951367707346266e-06
2.583762763756698432e-06
2.576406324474728171e-06
2.564083885292746477e-06
2.557229183085255068e-06
2.554291231796486153e-06
2.549594572855462954e-06
2.540822557659434494e-06
2.526497517622973321e-06
2.524153042813443039e-06
2.516785100311801655e-06
2.509651732748873806e-06
2.506021070557825624e-06
2.500711023455920046e-06
2.494210461236542338e-06
2.486317265597265030e-06
2.477698204441185430e-06
2.474953542275763700e-06
2.470970956265241833e-06
2.467331517483073427e-06
2.460850431592025094e-06
2.457071690795147263e-06
2.451746626261665534e-06
2.451081442092592499e-06
2.442647782070542624e-06
2.435720990165236163e-06
2.433777393863805833e-06
2.426280303619935558e-06
2.419994650690106528e-06
2.417546551262132267e-06
2.415630318538592968e-06
2.411408532319495679e-06
2.405557320824224118e-06
2.398699052295333662e-06
2.395846294134595236e-06
2.390619580983823170e-06
2.386108081889414555e-06
2.383557018549256899e-06
2.380609920509507796e-06
2.375303527875171941e-06
2.369052654538572658e-06
2.364503591701244581e-06
2.359958281560323758e-06
