6.011707756776617966e-04
2.636016376558146784e-04
2.148185167093432833e-04
1.611243421789532333e-04
1.015646746567837728e-04
9.943766984836323645e-05
8.301667221978225881e-05
8.077868158789009594e-05
7.866687353560773515e-05
6.249069383534355587e-05
5.506349469072415278e-05
5.118040472328517387e-05
4.667642680611383283e-05
4.621941167015863422e-05
4.492559272192027923e-05
4.288342711248318081e-05
4.158947391642688545e-05
3.785865883297815228e-05
3.648786179243542616e-05
3.475507196257488472e-05
3.412871929818446704e-05
3.275963613143546686e-05
3.095033778359797423e-05
3.080068117384025746e-05
3.040757332570481839e-05
2.987210519390562680e-05
2.746515193168072593e-05
2.710516045429531976e-05
2.561392842280930151e-05
2.518977768569314151e-05
2.476028006656620789e-05
2.378439673615055893e-05
2.358223518703768024e-05
2.350892330759406601e-05
2.273240275049242965e-05
2.249091662392338698e-05
2.241878950697455145e-05
2.209081388207818417e-05
2.197734403405831813e-05
2.171417529785351280e-05
2.144877121592469468e-05
2.138982657779926359e-05
2.092454779644546765e-05
2.064081346390464394e-05
2.040383267495275276e-05
1.995504273788646982e-05
1.915684589382463533e-05
1.898157424835601330e-05
1.887695946039113500e-05
1.878586569418439511e-05
1.856251241833887638e-05
1.841959050344060342e-05
1.780613274452637492e-05
1.745055151126790235e-05
1.716867706045735697e-05
1.706671634719327991e-05
1.698035197903670327e-05
1.684549281672428358e-05
1.669412687549453949e-05
1.658388025069879528e-05
1.647497491261212135e-05
1.644120567039558794e-05
1.626740323807906839e-05
1.619317311187366430e-05
1.608273745098313536e-05
1.599269910642983633e-05
1.585655749125023471e-05
1.578506451458440158e-05
1.567705208980670016e-05
1.560077011057460088e-05
1.551071478126515407e-05
1.544098029895530022e-05
1.535536554939899640e-05
1.528434891195232719e-05
1.515227375861746802e-05
1.504359627798911192e-05
1.488976725553894637e-05
1.482147802927046876e-05
1.468307888103749139e-05
1.453864270282662636e-05
1.447055969279227216e-05
1.439884982235622033e-05
1.427822111222120210e-05
1.422217891943630269e-05
1.408003547199081203e-05
1.401061709614116431e-05
1.394707040425980835e-05
1.387995736496662724e-05
1.382639916131921634e-05
1.378532258246367170e-05
1.373629182662457741e-05
1.369577451531409528e-05
1.365346207140123693e-05
1.358882914960831110e-05
1.350671404388747455e-05
1.345629282978567087e-05
1.340775753754602391e-05
1.337913170457005081e-05
1.334313483735157314e-05
1.330019327476990986e-05
