-2.078462107770794011e-06
-1.987005374783785848e-06
-1.631235610863965928e-06
-1.483882650050901864e-06
-1.374385854257247780e-06
-1.212293980040137923e-06
-1.016301373659753452e-06
-8.758736022591168124e-07
-8.399859861019545936e-07
-8.399859861019542760e-07
-7.722976732979915143e-07
-6.205864047281918480e-07
-4.920283750758254638e-07
-3.835433954044852701e-07
-3.558400900749145561e-07
-2.571766167119279104e-22
-1.855967122132673811e-22
-1.365894975343856344e-22
-1.351728771777155511e-22
-8.167981791291182569e-23
-7.303392721535558880e-23
-3.429897486500731216e-23
-1.146892338203081856e-23
-1.941385821213333676e-38
-6.800697109218819746e-39
-3.558310496676454658e-39
0.000000000000000000e+00
0.000000000000000000e+00
0.000000000000000000e+00
0.000000000000000000e+00
4.357464445616997578e-40
2.204246447804847810e-39
1.030895640378320416e-38
1.843103770464237032e-38
1.845834467663568090e-23
3.281285514207594173e-23
5.334317616833463919e-23
7.115947724233202366e-23
1.155985517882869291e-22
1.277623529900526169e-22
1.612970930548016672e-22
2.511301982558694125e-22
3.558400900749144502e-07
3.835433954044851113e-07
4.920283750758250403e-07
6.205864047281916362e-07
7.722976732979915143e-07
8.399859861019537466e-07
8.399859861019541701e-07
8.758736022591164948e-07
1.016301373659753452e-06
1.212293980040138982e-06
1.374385854257247991e-06
1.483882650050902499e-06
1.631235610863966351e-06
1.987005374783785001e-06
2.078462107770793164e-06
