-2.058635615452996812e-06
-2.013562841225246252e-06
-1.619981235695233378e-06
-1.481413388116551293e-06
-1.400471895846098655e-06
-1.140518059151327199e-06
-1.076028209683604395e-06
-8.596581867735006875e-07
-8.399859450302414592e-07
-8.399859426443111124e-07
-8.036800522841719147e-07
-5.702532639573909034e-07
-5.251452275267365550e-07
-3.720077990892716780e-07
-3.626144534251835892e-07
-2.486358656151801764e-22
-1.877005941422658124e-22
-1.613872085999039048e-22
-1.594846723526403096e-22
-9.173665910427187438e-23
-4.309064759423816636e-23
-3.927389764389656633e-23
-3.640654730390430007e-23
-1.143619673224311616e-23
-5.573029693799078901e-24
-7.426237769361702322e-39
0.000000000000000000e+00
0.000000000000000000e+00
3.622271631530683741e-71
9.992162945509356063e-56
1.531404487544536176e-54
1.898947537805460748e-39
6.702784325218491489e-39
1.348894871944790234e-38
8.630101388790395700e-35
5.377434877248508043e-24
4.741537059717573334e-23
4.926493561117894042e-23
1.054840561654329140e-22
1.508858708878830057e-22
2.268011838135974941e-22
2.584270185773817577e-22
3.626144534251837480e-07
3.720077990892716780e-07
5.251452275267367668e-07
5.702532639573907975e-07
8.036800522841726559e-07
8.399859426443112183e-07
8.399859450302414592e-07
8.596581867735008993e-07
1.076028209683604606e-06
1.140518059151327834e-06
1.400471895846100349e-06
1.481413388116551082e-06
1.619981235695235284e-06
2.013562841225244981e-06
2.058635615452995965e-06
