-6.245253298219106020e-05
-6.185534676804519674e-05
-6.102056265852397513e-05
-6.092004458702805243e-05
-6.018528678003406713e-05
-5.974667377403192892e-05
-5.905182447993164785e-05
-5.873928945989621186e-05
-5.818366445082869676e-05
-5.785566872302581420e-05
-5.754122289501397976e-05
-5.716345483585651350e-05
-5.642501979083528732e-05
-5.623731713480387487e-05
-5.600079556193474951e-05
-5.551120943650462883e-05
-5.531892107744385033e-05
-5.496736447142482632e-05
-5.456696654435950122e-05
-5.431663961244179997e-05
-5.407417770862579364e-05
-5.383177930466845177e-05
-5.377314441286023899e-05
-5.339224243679421828e-05
-5.321588551782239671e-05
-5.291959012588146261e-05
-5.249986554304909180e-05
-5.196121746377418743e-05
-5.178441514716640394e-05
-5.165555890193907200e-05
-5.132243689690365213e-05
-5.116384393345137926e-05
-5.102734116178537051e-05
-5.074791033748091444e-05
-5.049755101010549788e-05
-5.042564336194002925e-05
-5.004410400338394585e-05
-4.993510057376629051e-05
-4.949645754596366344e-05
-4.924189351079398395e-05
-4.889881444823075891e-05
-4.877259775764028807e-05
-4.862643944053014598e-05
-4.836304722429720385e-05
-4.832202248045817814e-05
-4.797013417802744315e-05
-4.788764256973269718e-05
-4.776075937627162504e-05
-4.756736499308306007e-05
-4.733058540776620372e-05
-4.722564465936002215e-05
-4.672829246894668860e-05
-4.653045756276852091e-05
-4.641790399497611121e-05
-4.633807775446470071e-05
-4.611984202526035889e-05
-4.597974971246256333e-05
-4.578296908212790167e-05
-4.556126044872062090e-05
-4.531150415219559728e-05
-4.506850245736204269e-05
-4.490707074046096977e-05
-4.484659238377743161e-05
-4.461017413788200599e-05
-4.451768069163797780e-05
-4.436992667283873917e-05
-4.411574671014811426e-05
-4.406855332230413911e-05
-4.385692761499447573e-05
-4.369820920336569794e-05
-4.349119250957468840e-05
-4.343203162131480620e-05
-4.338493354756833381e-05
-4.303051455554952225e-05
-4.273901863589082305e-05
-4.258742774946355281e-05
-4.253650297659598156e-05
-4.237151337583995841e-05
-4.221933979624005836e-05
-4.208580111589788395e-05
-4.193802277671476985e-05
-4.175763903731214164e-05
-4.165036988446788556e-05
-4.152656894952207948e-05
-4.145325187918369990e-05
-4.121334705948814287e-05
-4.114782299254536694e-05
-4.106805541698534573e-05
-4.100711190630708559e-05
-4.081735073103540004e-05
-4.061560686932871210e-05
-4.054782458111069797e-05
-4.032501567342705172e-05
-4.023099936887226957e-05
-4.015491952962174578e-05
-3.999579633079442290e-05
-3.986393189927636845e-05
-3.974785816397735676e-05
-3.955103645019111976e-05
-3.948907112265100274e-05
-3.927610673453171646e-05
-3.916218878288412982e-05
-3.902658146176100532e-05
-3.888504850372253419e-05
-3.879182095542755518e-05
-3.860301058827458377e-05
-3.851260154202928895e-05
-3.832294160854520085e-05
-3.825023565784291827e-05
-3.816349755204769239e-05
-3.798085439385962925e-05
-3.792672465775582164e-05
-3.776090604850165815e-05
-3.772444083863943040e-05
-3.764968407285054850e-05
-3.755171499989514680e-05
-3.740183324665623330e-05
-3.724573401727112497e-05
-3.703042254106595496e-05
-3.700498947673635212e-05
-3.679999947494782354e-05
-3.665236072199045265e-05
-3.658421672375299885e-05
-3.655234621735059042e-05
-3.639691045908307991e-05
-3.623406776600803436e-05
-3.617007492493133180e-05
-3.610784027867817259e-05
-3.599475077915378641e-05
-3.573943366929881334e-05
-3.555442377190649422e-05
-3.550581877635504500e-05
-3.539996646047179627e-05
-3.529985487722270390e-05
-3.522348191068682999e-05
-3.512366887900420209e-05
-3.507237616992878951e-05
-3.492028182183405563e-05
-3.483017707770605831e-05
-3.474444265369138238e-05
-3.462722493465312368e-05
-3.457901539815498901e-05
-3.455233800698736635e-05
-3.441689262064985707e-05
-3.421476719544010593e-05
-3.416447653185528317e-05
-3.406786961106535828e-05
-3.404108167827879316e-05
-3.390066662754949130e-05
-3.375927001556628201e-05
-3.368093950621583549e-05
-3.359089904876125525e-05
-3.347885259398615478e-05
-3.335830086524692924e-05
-3.325049483153942018e-05
-3.317620365521005519e-05
-3.306917071509085854e-05
-3.297255185856980299e-05
-3.293125960594813482e-05
-3.291774976816928637e-05
-3.273933973028445146e-05
-3.261275488856669422e-05
-3.258527249881328243e-05
-3.248219075850353502e-05
-3.239312233835309104e-05
-3.221736684139797033e-05
-3.219344181110404710e-05
-3.207586421876774328e-05
-3.200959093325848073e-05
-3.184120158423839233e-05
-3.176366451400003334e-05
-3.162426107717582956e-05
-3.157840766430186028e-05
-3.145116811210021675e-05
-3.134833562800338162e-05
-3.131397385108722456e-05
-3.122649476372515645e-05
-3.111400422214798177e-05
-3.108632047366357751e-05
-3.094529498669617830e-05
-3.083852301227247319e-05
-3.074205609580522473e-05
-3.066360230179609195e-05
-3.063507803775688729e-05
-3.055995229233813534e-05
-3.052377187806790381e-05
-3.047019784750437552e-05
-3.020369060705557689e-05
-3.017945701857068273e-05
-3.008331804066993089e-05
-2.997166200937962180e-05
-2.995195547989712529e-05
-2.984019157488885553e-05
-2.975616908750592686e-05
-2.971170436612951686e-05
-2.967316370523129831e-05
-2.959230023078615899e-05
-2.948817643657218989e-05
-2.942496258307212043e-05
-2.938560907718488116e-05
-2.932508143101072249e-05
-2.918681183076524572e-05
-2.917675916384358478e-05
-2.904868760321667129e-05
-2.889420067761702207e-05
-2.888749350944025982e-05
-2.875741520676264437e-05
-2.874039127255899245e-05
-2.860352151078778143e-05
-2.854186214453850306e-05
-2.849763126222749337e-05
-2.840622090960197399e-05
-2.838050129501183786e-05
-2.828430122618044891e-05
-2.818473995544850045e-05
-2.813792208709566195e-05
-2.803786395705876302e-05
-2.799930696550415689e-05
-2.789881222135923746e-05
-2.772776912220154926e-05
-2.771878211043561735e-05
-2.767039610144156458e-05
-2.754194800366616797e-05
-2.745914404724490902e-05
-2.729396990471028879e-05
-2.725948140383789266e-05
-2.725228286275825694e-05
-2.715984946406394194e-05
-2.710437563707741255e-05
-2.701218758502418245e-05
-2.687148783021837381e-05
-2.682751055580550765e-05
-2.681389296449329879e-05
-2.670458078516763645e-05
-2.663445718917994637e-05
-2.653014754279622641e-05
-2.642518858917224824e-05
-2.636597953742592231e-05
-2.632001301162483023e-05
-2.623886703954734847e-05
-2.615662991324410217e-05
-2.612512537254568667e-05
-2.607825428269914503e-05
-2.598312574088565858e-05
-2.594393003786096613e-05
-2.580759581186581271e-05
-2.578326433136413651e-05
-2.574027801223812990e-05
-2.563997474321092360e-05
-2.553189794505112938e-05
-2.542466525345900538e-05
-2.542160228785407368e-05
-2.534836919474701457e-05
-2.532033488745749487e-05
-2.525093323026940262e-05
-2.521949831051257068e-05
-2.507857108314920754e-05
-2.502508405832613129e-05
-2.494430495456099686e-05
-2.492060369421074598e-05
-2.486968844055401681e-05
-2.477371213423102130e-05
-2.472456886718720469e-05
-2.470744667809401059e-05
-2.460452432904204430e-05
-2.451968031013605551e-05
-2.443921625529708403e-05
-2.431247757276743145e-05
-2.424298280182847487e-05
-2.417041778277770350e-05
-2.414997694944924440e-05
-2.404298825734646198e-05
-2.400740275491618168e-05
-2.390875457969575391e-05
-2.388731930372480801e-05
-2.386253553519736086e-05
-2.381733325294884941e-05
-2.371813501506479425e-05
-2.371694197124771201e-05
-2.362997412356082069e-05
-2.359271266601234494e-05
-2.347295083864752127e-05
-2.344992456791694579e-05
-2.341452264388098976e-05
-2.326644040190239929e-05
-2.322305674005131478e-05
-2.322070518064554416e-05
-2.312202028263402487e-05
-2.308560506000749860e-05
-2.298198368032786234e-05
-2.294144593925117253e-05
-2.290043643912919189e-05
-2.282275545164056413e-05
-2.274811135264858460e-05
-2.268463358020046208e-05
-2.261149802256981608e-05
-2.260529620730137402e-05
-2.249140886115995390e-05
-2.247771169370099676e-05
-2.240468843989140569e-05
-2.238898495330707931e-05
-2.233723086390924416e-05
-2.226466766406598731e-05
-2.211272307847950548e-05
-2.208129318054135830e-05
-2.205117249265256990e-05
-2.199098690302540808e-05
-2.187799288096393960e-05
-2.178531119466478637e-05
-2.175841832719519113e-05
-2.170747693504435910e-05
-2.166068735355462040e-05
-2.161821304779344241e-05
-2.157105155335297043e-05
-2.148478607523272410e-05
-2.146697975410987084e-05
-2.142228097504105398e-05
-2.134705598481024348e-05
-2.131317496385013081e-05
-2.121757525474094732e-05
-2.119587717391598810e-05
-2.116703397880046833e-05
-2.103032075874969041e-05
-2.100848256158833072e-05
-2.095492500973611174e-05
-2.090233098402225444e-05
-2.088132441817368637e-05
-2.083362534507169692e-05
-2.075754322684394106e-05
-2.070649362215753439e-05
-2.065597494768823625e-05
-2.059491131407487530e-05
-2.055331739233329623e-05
-2.046689876254236963e-05
-2.043467190664341950e-05
-2.037835715564499453e-05
-2.030186297512732305e-05
-2.028897330079413677e-05
-2.019024077202054767e-05
-2.012625303311728621e-05
-2.008219149036708293e-05
-2.005317884897197121e-05
-1.991076318660930477e-05
-1.984785728434871225e-05
-1.980211299820341627e-05
-1.978965313710320521e-05
-1.974541958386414161e-05
-1.968089395688874042e-05
-1.963761495750214884e-05
-1.959485160724125415e-05
-1.954176560303319150e-05
-1.947533524305546939e-05
-1.944066895752399491e-05
-1.937129647703761013e-05
-1.933116421546265446e-05
-1.923284566780352305e-05
-1.919808311082133733e-05
-1.913934123771341377e-05
-1.911254452583764784e-05
-1.908179647461389868e-05
-1.905560959602393780e-05
-1.898360704993311889e-05
-1.892432732810574893e-05
-1.884939759698914778e-05
-1.880355499995632114e-05
-1.874645154110898040e-05
-1.868189330969814826e-05
-1.864651476235004916e-05
-1.861545186833871683e-05
-1.856970574764992419e-05
-1.849989899738770240e-05
-1.845831065592877518e-05
-1.839316958948719307e-05
-1.836472357676409707e-05
-1.832082588610494154e-05
-1.827112412750923391e-05
-1.818602001100159230e-05
-1.815561847740267213e-05
-1.807208401996649667e-05
-1.801596193058498693e-05
-1.798097608058600697e-05
-1.793682623912263760e-05
-1.785300229212983432e-05
-1.783913332950398895e-05
-1.775780033070080687e-05
-1.768902405794298810e-05
-1.765288006219905940e-05
-1.762250332659764341e-05
-1.754592354972683621e-05
-1.752026132222381732e-05
-1.744736742281183852e-05
-1.740425962005517490e-05
-1.734744176758182409e-05
-1.731208474888758800e-05
-1.728285432978207735e-05
-1.726293485595450813e-05
-1.722995385373965330e-05
-1.717886697058549226e-05
-1.715457137055420450e-05
-1.711522813314941696e-05
-1.703601955585476967e-05
-1.701270940173251609e-05
-1.697476676002507154e-05
-1.692162098287250407e-05
-1.686939696265554040e-05
-1.682186223275830290e-05
-1.675937053346363592e-05
-1.667898430740947334e-05
-1.664027032962269034e-05
-1.657275627769712046e-05
-1.653740503680638924e-05
-1.648131148631962409e-05
-1.643969276213029412e-05
-1.636604284838029925e-05
-1.635811828882420243e-05
-1.632540579183160503e-05
-1.629608098281437514e-05
-1.627793355050760607e-05
-1.624430176251645620e-05
-1.614434583598550345e-05
-1.609174051585682055e-05
-1.606759170458257199e-05
-1.603566748807438671e-05
-1.594194447750902114e-05
-1.590892858432731109e-05
-1.583779124315492392e-05
-1.579909962740095626e-05
-1.575949532237954045e-05
-1.574259828217318877e-05
-1.569425127751990882e-05
-1.563632230192662018e-05
-1.559534648874482622e-05
-1.554766011044194681e-05
-1.553546624570276800e-05
-1.550570449375120952e-05
-1.546316463327211056e-05
-1.541361976950025696e-05
-1.537780302658423942e-05
-1.533971021117763186e-05
-1.529734083858025248e-05
-1.525378646646263436e-05
-1.521962074480053487e-05
-1.518830396753033623e-05
-1.513101674194599616e-05
-1.507517461349424395e-05
-1.506995149555501034e-05
-1.500678187679049683e-05
-1.497366635439341718e-05
-1.490419646293483854e-05
-1.483722419729149157e-05
-1.474662936857778764e-05
-1.471943404059100779e-05
-1.470064277916211255e-05
-1.467210333694409183e-05
-1.463584832864201168e-05
-1.457697127626570485e-05
-1.455431345356450100e-05
-1.447507062856534312e-05
-1.441901967401720021e-05
-1.437987778955830225e-05
-1.435638702196753326e-05
-1.428288172124070575e-05
-1.427954776389718150e-05
-1.425906550500049224e-05
-1.421925508893645177e-05
-1.410461114961376105e-05
-1.410091860086218095e-05
-1.400231881183208145e-05
-1.396905746636411181e-05
-1.392680538037490762e-05
-1.389419295352596601e-05
-1.387600674861489692e-05
-1.385526318210026392e-05
-1.383310961092455900e-05
-1.379645934031977639e-05
-1.372980242703622998e-05
-1.370005500987705103e-05
-1.364313840305755033e-05
-1.360887034656471523e-05
-1.359813352702181412e-05
-1.354193716818783722e-05
-1.347597294228414961e-05
-1.344847769810429629e-05
-1.343261962439799873e-05
-1.333815339072106915e-05
-1.330468682288231496e-05
-1.324157209517143829e-05
-1.319007470797834505e-05
-1.316776634343755683e-05
-1.315527390097525494e-05
-1.309489850938793026e-05
-1.307618409356889534e-05
-1.302214681846188666e-05
-1.300438933351268078e-05
-1.297421482237612328e-05
-1.293591153551362057e-05
-1.286340380830941923e-05
-1.279641042215635117e-05
-1.277289347126622824e-05
-1.276174515634454848e-05
-1.269412400110241504e-05
-1.263564980394717185e-05
-1.259202824284967786e-05
-1.256943275439735110e-05
-1.251134882546470805e-05
-1.250062305107981516e-05
-1.247252975089308712e-05
-1.243948228263597602e-05
-1.237023148132728243e-05
-1.235650072957874011e-05
-1.227697370896641659e-05
-1.223853496597367062e-05
-1.219148400363233103e-05
-1.215298372885414188e-05
-1.214716512412383584e-05
-1.206342599123164862e-05
-1.202777512990934678e-05
-1.199141530022646198e-05
-1.194762612272047126e-05
-1.192531410469864496e-05
-1.190224132470193845e-05
-1.185762321976515560e-05
-1.182751402883892209e-05
-1.182142074200446649e-05
-1.176799507296863865e-05
-1.175480059296303084e-05
-1.172701873233403453e-05
-1.171134700674240706e-05
-1.168014913747930295e-05
-1.163042876937935993e-05
-1.156076812222204175e-05
-1.149859470922499872e-05
-1.148308883047628974e-05
-1.148008748123337474e-05
-1.144107405573843913e-05
-1.140601064058141548e-05
-1.135030880197651934e-05
-1.127281875502653526e-05
-1.125403234704179078e-05
-1.120589620908205955e-05
-1.119162350064331881e-05
-1.116901786638607035e-05
-1.110728813176612243e-05
-1.105947936997517439e-05
-1.104488683717103916e-05
-1.098417095331333421e-05
-1.097124080185609469e-05
-1.094633486997488906e-05
-1.092082639911482490e-05
-1.089208416118995128e-05
-1.083402855396298125e-05
-1.080073107858310856e-05
-1.076999180629107476e-05
-1.073992513822176572e-05
-1.070235687365504103e-05
-1.067056768196957398e-05
-1.064604887801889547e-05
-1.062016011125633866e-05
-1.054834758401783015e-05
-1.049476454757205314e-05
-1.045377302866906091e-05
-1.043424076123682780e-05
-1.041273154455821624e-05
-1.040180766944581023e-05
-1.037559382423383093e-05
-1.031320864939228481e-05
-1.028340378872658768e-05
-1.023374340202025219e-05
-1.019570734203751362e-05
-1.016879904094986091e-05
-1.014292825962195854e-05
-1.008654488036972742e-05
-1.007950662261616597e-05
-1.003885471803119876e-05
-1.001170194698172079e-05
-9.982897962201356436e-06
-9.961612712673890096e-06
-9.904909374701677160e-06
-9.861986556021745581e-06
-9.849438410045114120e-06
-9.846678275065355541e-06
-9.816342703173235116e-06
-9.782750692960563344e-06
-9.723412176951549255e-06
-9.683746605395036368e-06
-9.663979983220234550e-06
-9.629814168946637505e-06
-9.592339151599078322e-06
-9.544902858716578726e-06
-9.516177575807211508e-06
-9.490995834395191038e-06
-9.480396632505472379e-06
-9.413797860751687367e-06
-9.378121964763247513e-06
-9.337274236297059198e-06
-9.321028945735251344e-06
-9.308820058252056091e-06
-9.288946295556250798e-06
-9.244224570590970993e-06
-9.190407394164529012e-06
-9.173768301817088051e-06
-9.121634304237845128e-06
-9.079342207378954014e-06
-9.065454606399291903e-06
-9.050160105702987153e-06
-9.014187963704869990e-06
-8.947495425736216596e-06
-8.873339267028110966e-06
-8.853827441871762663e-06
-8.819966177958790329e-06
-8.779807230119357489e-06
-8.749338895749159543e-06
-8.732668987102636354e-06
-8.698478288089459210e-06
-8.687791071971885150e-06
-8.643905045237907766e-06
-8.594651382081372007e-06
-8.569830787747441850e-06
-8.561195920925401178e-06
-8.516434285382452383e-06
-8.488669126827887206e-06
-8.469840978862101650e-06
-8.441837329232996316e-06
-8.400346350823330912e-06
-8.375426184613967177e-06
-8.369867160945374736e-06
-8.317095548212074927e-06
-8.283227820747196844e-06
-8.247037958708627585e-06
-8.184386435431734353e-06
-8.168275587719469637e-06
-8.129377152519292777e-06
-8.095484976856282929e-06
-8.078245254621646004e-06
-8.029575553145464252e-06
-8.009504273919946255e-06
-7.982456570130156800e-06
-7.960318837948198622e-06
-7.936728260158280163e-06
-7.904602705875915560e-06
-7.876667683163507099e-06
-7.840844979223199283e-06
-7.791911258189312565e-06
-7.767861192340029126e-06
-7.748732789150796708e-06
-7.705014956263590264e-06
-7.658004883686344254e-06
-7.619852954492913782e-06
-7.606155294315618822e-06
-7.559955107015695870e-06
-7.538513585072704601e-06
-7.516554220316935707e-06
-7.500145840532412551e-06
-7.476042536052670423e-06
-7.441865300456359935e-06
-7.406130112238533036e-06
-7.367138357368008142e-06
-7.334386749692958215e-06
-7.313754928142915790e-06
-7.298112152749952475e-06
-7.255669483402864319e-06
-7.212344146169758333e-06
-7.207918613092144185e-06
-7.181460487962493814e-06
-7.129605372197888815e-06
-7.103207163320032621e-06
-7.084563949995719724e-06
-7.015991914986745455e-06
-7.001546320722034710e-06
-6.972074546811963575e-06
-6.940482355912018507e-06
-6.901752581553871850e-06
-6.861873773821199232e-06
-6.841459612119489331e-06
-6.814125100380546179e-06
-6.791021689912894925e-06
-6.770552462193265554e-06
-6.738964299348075873e-06
-6.710677119651704271e-06
-6.693858872992750856e-06
-6.659757004654108969e-06
-6.645899658084723203e-06
-6.605963351783337427e-06
-6.567272168061495908e-06
-6.556326495953296080e-06
-6.551666906161122087e-06
-6.479418500605575134e-06
-6.459855445011714284e-06
-6.444112537746635729e-06
-6.424373410783962618e-06
-6.413871358876835996e-06
-6.390144231415379094e-06
-6.350750544513081309e-06
-6.316971054948460130e-06
-6.273688434992220259e-06
-6.253798594867108407e-06
-6.198608820610121700e-06
-6.196334796177286416e-06
-6.165293485836445937e-06
-6.121382371629572548e-06
-6.100934773663122759e-06
-6.094769268839345679e-06
-6.035536959074176355e-06
-6.001257416234909490e-06
-5.996308758056809956e-06
-5.960768559874082672e-06
-5.930970394968397115e-06
-5.894604360724829812e-06
-5.870325428992590327e-06
-5.840532974255390383e-06
-5.813679237003518457e-06
-5.800836987028500148e-06
-5.768821921170544092e-06
-5.732056171994642068e-06
-5.715965792860557091e-06
-5.686585400197216677e-06
-5.681217883205628779e-06
-5.640721319250563346e-06
-5.624178552969662561e-06
-5.619269786461332275e-06
-5.592958208093928840e-06
-5.577963003105691443e-06
-5.511732954374185273e-06
-5.504388654891419067e-06
-5.477519974870341918e-06
-5.456737678271247351e-06
-5.416681650833530698e-06
-5.415009004754352171e-06
-5.359125866212538021e-06
-5.350318745680848433e-06
-5.311424814876757977e-06
-5.293476771075597614e-06
-5.273848458624738081e-06
-5.227663559123934043e-06
-5.182120615419903705e-06
-5.150577653470614481e-06
-5.145208069682955714e-06
-5.105688906629610895e-06
-5.084202315726444670e-06
-5.080268981465058687e-06
-5.042015427096369819e-06
-5.016634451523352960e-06
-4.992625298660797014e-06
-4.954793408407277364e-06
-4.920979702020282456e-06
-4.910398037976828891e-06
-4.873956013847124261e-06
-4.853777594913503697e-06
-4.823911071636366240e-06
-4.804055903810444625e-06
-4.780861319387891343e-06
-4.755271959583617191e-06
-4.744035873935660360e-06
-4.720895330462626295e-06
-4.681930951777956728e-06
-4.635311148209103320e-06
-4.629162291345319431e-06
-4.601836764349182225e-06
-4.594729975138603626e-06
-4.568152541036593781e-06
-4.557708213325804066e-06
-4.524307621098235114e-06
-4.511562742052485425e-06
-4.479081616613123359e-06
-4.450447970902183196e-06
-4.416974146123091930e-06
-4.396177637992981409e-06
-4.368422322627373425e-06
-4.352745590944185350e-06
-4.334001571802837533e-06
-4.329427444609895515e-06
-4.278466559440752026e-06
-4.270047189598129521e-06
-4.217252483825605503e-06
-4.206648546580272849e-06
-4.176576567825815806e-06
-4.161521947648453676e-06
-4.161073803716019616e-06
-4.112051671022457919e-06
-4.085670323073711067e-06
-4.070915705418152178e-06
-4.057399836569368919e-06
-4.012425546373438225e-06
-3.994810176617535219e-06
-3.985621909360446579e-06
-3.943109351612372770e-06
-3.925487860662328467e-06
-3.885081400978786965e-06
-3.866747773286862260e-06
-3.851932780015716937e-06
-3.824535145062928921e-06
-3.811823495496020239e-06
-3.780413830498416028e-06
-3.767966434116523959e-06
-3.725086317378237845e-06
-3.691499434511169560e-06
-3.678810471064462396e-06
-3.644262076871206483e-06
-3.625854296994185968e-06
-3.599869759565999836e-06
-3.582697410965208173e-06
-3.535274618693133725e-06
-3.488252742026258880e-06
-3.461686901272794642e-06
-3.440708105566912387e-06
-3.409531655119190962e-06
-3.381171397674810635e-06
-3.378355640143070791e-06
-3.357718688721195276e-06
-3.330522415363384566e-06
-3.311690698353516315e-06
-3.297769659390082551e-06
-3.279400668493392230e-06
-3.231140913438484754e-06
-3.215042601436183832e-06
-3.208674875603867047e-06
-3.190726760435178725e-06
-3.158231124094175167e-06
-3.141875033767202106e-06
-3.132632230423384446e-06
-3.067708734574265891e-06
-3.050143090834449909e-06
-3.033961414864670382e-06
-3.021944510259378980e-06
-2.976990345102186966e-06
-2.965561129476359425e-06
-2.933556383026599402e-06
-2.916118987345701959e-06
-2.894383629419446470e-06
-2.881795793754212505e-06
-2.854985180074098663e-06
-2.826604673862673917e-06
-2.781483257214831383e-06
-2.760665347755114486e-06
-2.741473978112409082e-06
-2.717086207297265199e-06
-2.704581846374657405e-06
-2.678735687028767186e-06
-2.666533800372401009e-06
-2.647714275262491572e-06
-2.624247631180960853e-06
-2.616258875998574181e-06
-2.590274389850236590e-06
-2.582622465116133427e-06
-2.570008847376667050e-06
-2.562876799991827584e-06
-2.514588672004428731e-06
-2.492364774137992220e-06
-2.475738720133547160e-06
-2.450835059712777078e-06
-2.425442078195059895e-06
-2.396215478837597907e-06
-2.357724264731805789e-06
-2.349939643975100160e-06
-2.322153807456246903e-06
-2.317209125077508158e-06
-2.306595403281223430e-06
-2.293177199979253415e-06
-2.244635532909571725e-06
-2.233901965815669163e-06
-2.198427132169919625e-06
-2.157170961119822424e-06
-2.152676314533051810e-06
-2.126707467495983940e-06
-2.107559310390840423e-06
-2.086436355892169957e-06
-2.047894877813935412e-06
-2.034960155271617194e-06
-2.006676740574213481e-06
-2.000515026426613470e-06
-1.963962700862625519e-06
-1.929735833362888177e-06
-1.924908667204335877e-06
-1.899638946294322585e-06
-1.870448541096252296e-06
-1.857574379396184553e-06
-1.835970550518256664e-06
-1.803976000474091097e-06
-1.789491658772653923e-06
-1.759587750850174685e-06
-1.750978072972064877e-06
-1.732151702116361193e-06
-1.715306733948204977e-06
-1.703205395640979729e-06
-1.674622331003174926e-06
-1.650932142948162608e-06
-1.642239314853815371e-06
-1.613541829191054738e-06
-1.568841340393734532e-06
-1.562608418360754846e-06
-1.529082900210326449e-06
-1.514703682532251039e-06
-1.501630098394783281e-06
-1.489063591217002665e-06
-1.473657968113566964e-06
-1.452557214816639589e-06
-1.440553685505842615e-06
-1.395517088906290912e-06
-1.374927438413662266e-06
-1.361000506519448997e-06
-1.335841068916815213e-06
-1.321870788910524754e-06
-1.311914338607553452e-06
-1.284617261791106738e-06
-1.260128460451758161e-06
-1.229202237845585564e-06
-1.222530242167697866e-06
-1.197159036586530087e-06
-1.174685155536716914e-06
-1.164912218659111189e-06
-1.147070215218045815e-06
-1.104998002765164420e-06
-1.077541354489772172e-06
-1.069519143675512771e-06
-1.059942053038802351e-06
-1.036997516261355057e-06
-1.010672443279226321e-06
-1.000755953671074564e-06
-9.703766642818081857e-07
-9.467427629815479000e-07
-9.369404875747381034e-07
-9.142034234495926969e-07
-8.908747627784731991e-07
-8.867517597098729527e-07
-8.738113503169072005e-07
-8.587335625905613412e-07
-8.373301715825874405e-07
-7.947449285098714998e-07
-7.805325989110941181e-07
-7.709688471965042065e-07
-7.551170169763589730e-07
-7.352398131646737610e-07
-7.068024684878561520e-07
-6.959885472461497305e-07
-6.798884128140316357e-07
-6.624527927702301101e-07
-6.422931315308452277e-07
-6.295245440871644094e-07
-6.084862083781654033e-07
-5.882800566547605071e-07
-5.625686015812374446e-07
-5.274187331556828594e-07
-5.125381765207688360e-07
-4.872265130366703918e-07
-4.817319563284791267e-07
-4.635914242012213204e-07
-4.551287320284016294e-07
-4.403061621088022333e-07
-3.995894170157880021e-07
-3.856676264991699123e-07
-3.742777319395471713e-07
-3.536968510743794019e-07
-3.141839999799096254e-07
-2.969742157943532504e-07
-2.677475279441719839e-07
-2.402076773612979288e-07
-2.258072899532673375e-07
-2.230002268175028352e-07
-1.933070972680663464e-07
-1.810380991595790995e-07
-1.572306965100599434e-07
-1.460359041427714207e-07
-1.422197676454364729e-07
-1.244366640781821369e-07
-1.025220212622162871e-07
-6.738648909887127642e-08
-3.797852621252863306e-08
-3.073511786074742099e-08
-2.031161147513643681e-08
6.100132806157846156e-09
1.454949843632052810e-08
2.351196497661825218e-08
3.515262404434197934e-08
4.825769203454058298e-08
7.574461095539181654e-08
8.364766103711900551e-08
1.088033991731683982e-07
1.195952738673729257e-07
1.636745872792584236e-07
1.679161443323909743e-07
1.838999748266847383e-07
2.084253291362888627e-07
2.247537309559888090e-07
2.385913394926463341e-07
2.592824146672138330e-07
3.007076016419249550e-07
3.136624867159796218e-07
3.258373099404625778e-07
3.485391928499860781e-07
3.662252044294237717e-07
3.766451423956509237e-07
4.000413563211240303e-07
4.254329036482694275e-07
4.472014708690842519e-07
4.628275119409257486e-07
4.786111681221481041e-07
4.866011161678761611e-07
5.058491735781946005e-07
5.349252928856598808e-07
5.446618559132790372e-07
5.608434336433105092e-07
5.817337137782177449e-07
6.108631109007720632e-07
6.152406183143557516e-07
6.282057484239395331e-07
6.465161958832654794e-07
6.589276199920656114e-07
6.706923703225681988e-07
6.846282644869948293e-07
7.169373759184305388e-07
7.272733152395296758e-07
7.574159108703461017e-07
8.032908650903170086e-07
8.082980681357035038e-07
8.106301848541814082e-07
8.224849843541470338e-07
8.493175874913581146e-07
8.784346524350356443e-07
9.008273281823579836e-07
9.144441420998676376e-07
9.586536139307672380e-07
9.764603504337349161e-07
9.826188478658171668e-07
9.919498297725995037e-07
1.013352467477394499e-06
1.035747930633375347e-06
1.073311914535262329e-06
1.077493152801191095e-06
1.093817146908116894e-06
1.108811513724437233e-06
1.148334965805169162e-06
1.159185958610977300e-06
1.190732795718295530e-06
1.201557909563867880e-06
1.228073444106409954e-06
1.261049051997311234e-06
1.264939460797075523e-06
1.282085048273109625e-06
1.297795835919719300e-06
1.308839144251108824e-06
1.327892398552978873e-06
1.335567755860235223e-06
1.384856058325180735e-06
1.414374104898131523e-06
1.427560647501176448e-06
1.457956001827585083e-06
1.481048113340538401e-06
1.495973569857286808e-06
1.501989698442506828e-06
1.541175647727817109e-06
1.544835594586703472e-06
1.569394648912343660e-06
1.580228307519977230e-06
1.613746348295947483e-06
1.652364150432156660e-06
1.660513257901378945e-06
1.669661450982204585e-06
1.696521829046315832e-06
1.727479513222930695e-06
1.754531359601751510e-06
1.773390596584519032e-06
1.793737791705615556e-06
1.823135736546289448e-06
1.829616612312532433e-06
1.846928207014727563e-06
1.864234035232804237e-06
1.880312834212252895e-06
1.912384303254053154e-06
1.932273124525373490e-06
1.945782650195073833e-06
1.987020913528812983e-06
2.002990512443112179e-06
2.009454338609893948e-06
2.027672535796679044e-06
2.049294162847607036e-06
2.064626443629921879e-06
2.086463357725918470e-06
2.101822845210538199e-06
2.120089649047069910e-06
2.141278319076499315e-06
2.165506211666457844e-06
2.174871848458757358e-06
2.194567193823128432e-06
2.213739407939644977e-06
2.255303015651470255e-06
2.267378697816333723e-06
2.289496158791569753e-06
2.307307926814447669e-06
2.367898401157367542e-06
2.384677333500834121e-06
2.386483078261931983e-06
2.403213274445304069e-06
2.431256169732651365e-06
2.472015840538237425e-06
2.495048578143998640e-06
2.506163134464621424e-06
2.533172319009943121e-06
2.586443416059096928e-06
2.588292685244538303e-06
2.599227367262156161e-06
2.643812260420712795e-06
2.673986594617995672e-06
2.685810808391055636e-06
2.727719898731354210e-06
2.740133694599015631e-06
2.752151261525809472e-06
2.769482630262900186e-06
2.779546613747237458e-06
2.811544540578593694e-06
2.836066586651498317e-06
2.848571011360050953e-06
2.875739392186329049e-06
2.884808708916148434e-06
2.893761165127626038e-06
2.951785741788437854e-06
2.966904173073599243e-06
2.985842826985093377e-06
3.018497546239073966e-06
3.031910786813626485e-06
3.074028458210659023e-06
3.091038959174343209e-06
3.123835426173149658e-06
3.160204413555336038e-06
3.164657630302774252e-06
3.173071292834097694e-06
3.217621092190155270e-06
3.231977884621474387e-06
3.253793909674611675e-06
3.277627570052372498e-06
3.309457223834855764e-06
3.329741490285182456e-06
3.367547452493132124e-06
3.395450484334314047e-06
3.423927233041113235e-06
3.442775199720236161e-06
3.451529463838563202e-06
3.477548637431641942e-06
3.509330398995216656e-06
3.533944742740331408e-06
3.569706871497677529e-06
3.574720899056278513e-06
3.585252527599126793e-06
3.615857347892552437e-06
3.655261133917732997e-06
3.659897404503950090e-06
3.666701187007904666e-06
3.704807137698786971e-06
3.727231670017143497e-06
3.750271196169927119e-06
3.763729889740805660e-06
3.799543952833066205e-06
3.824869667079209208e-06
3.850848755834483710e-06
3.883488299871494596e-06
3.892600862003779208e-06
3.907858391048897347e-06
3.959473293515364867e-06
3.979289950985717999e-06
3.984385885019977974e-06
3.993778378179461623e-06
4.032918871510249595e-06
4.090239048820863452e-06
4.092048253203323033e-06
4.120259589224898274e-06
4.137851055091625063e-06
4.153135721138870602e-06
4.181777321399847545e-06
4.215454628182947970e-06
4.237388908023240331e-06
4.261842944376355728e-06
4.289434193870110161e-06
4.307050860951914116e-06
4.341365012872958278e-06
4.370503655394298221e-06
4.395913457479372924e-06
4.399538404284979948e-06
4.441603298184093996e-06
4.470638466282377501e-06
4.511278031460293736e-06
4.515186344541548821e-06
4.531887753068218035e-06
4.558068939424115869e-06
4.590695698784681375e-06
4.598106632630544445e-06
4.616435766740969074e-06
4.665626827454415250e-06
4.705590475632185331e-06
4.714672276056367245e-06
4.729123952063089370e-06
4.748745125561086542e-06
4.800169803403119128e-06
4.827052793609694404e-06
4.852116486490310500e-06
4.876207178980232684e-06
4.894886785603961759e-06
4.920655517424310628e-06
4.957703752699462909e-06
4.984990029752416678e-06
5.007767906084925200e-06
5.032845513829399145e-06
5.068484228002085195e-06
5.115261156829143702e-06
5.144344878761632947e-06
5.173319692519669059e-06
5.195993260841041462e-06
5.204570535770747948e-06
5.218021171128729196e-06
5.242645899090062635e-06
5.252189695114896500e-06
5.293435052055363445e-06
5.320368484197063427e-06
5.333435588742610271e-06
5.359320062522238815e-06
5.378383783331084190e-06
5.415878319607583421e-06
5.431284551074110683e-06
5.449519772751778398e-06
5.481591580262579061e-06
5.490554537574339307e-06
5.529711685277840048e-06
5.595165399072349928e-06
5.616150618661120146e-06
5.626023893459961088e-06
5.635318253479605409e-06
5.682566068292163441e-06
5.716286815547873553e-06
5.752343906485688472e-06
5.772972737139833420e-06
5.812438479539362590e-06
5.836565342700443740e-06
5.862342807391266258e-06
5.865621821287880735e-06
5.915118318723619482e-06
5.922991830890370635e-06
5.944880585839909206e-06
5.990132754467041747e-06
6.030688878895063333e-06
6.052044582948459186e-06
6.081959687205031468e-06
6.089091125387164953e-06
6.119240780079353347e-06
6.156516534094265762e-06
6.184538530015780691e-06
6.210975780201593986e-06
6.231802004621849511e-06
6.239526586234915084e-06
6.257164934824325746e-06
6.283828051041075260e-06
6.361414332857653565e-06
6.375447893879023651e-06
6.390461450525848829e-06
6.443898449387558260e-06
6.463168367504576186e-06
6.490754202754207731e-06
6.515168187229063763e-06
6.524341630744121805e-06
6.564395712187657503e-06
6.589551936068489929e-06
6.615404173680381764e-06
6.659482976838990808e-06
6.665833740495310756e-06
6.697090910565828242e-06
6.740457471778789705e-06
6.755810534552899129e-06
6.775412925519073379e-06
6.797219536724224650e-06
6.820629438921547947e-06
6.846825752325594868e-06
6.870107746204283618e-06
6.899440369119165433e-06
6.946715601359496949e-06
7.009138372431991262e-06
7.055840293480065036e-06
7.068754274079512594e-06
7.093393096392222920e-06
7.131028667210061536e-06
7.146134266443822040e-06
7.149555343331164914e-06
7.193650533654232438e-06
7.217175725607681813e-06
7.231724846533310013e-06
7.282060938296055473e-06
7.310517579669561821e-06
7.351025982472375899e-06
7.376267167031091206e-06
7.412615413461655703e-06
7.432974841584603854e-06
7.480485518147253268e-06
7.497076989441820047e-06
7.525125768150628339e-06
7.575802676893415970e-06
7.614609939663490715e-06
7.647885443516411319e-06
7.660376953111241790e-06
7.681041073590144839e-06
7.687916663044260543e-06
7.766515805229386410e-06
7.781320840258866545e-06
7.815819880043043565e-06
7.828978309048143563e-06
7.873128687101255629e-06
7.885850716795245047e-06
7.933289022964083704e-06
7.982590509722858559e-06
8.007111517180860296e-06
8.013900145987191956e-06
8.024251614110587360e-06
8.061083999625443065e-06
8.104479023183758615e-06
8.122016246500529741e-06
8.181649373419799692e-06
8.211759500926705640e-06
8.229545127565602493e-06
8.272884426232237021e-06
8.292153621575683607e-06
8.312374682083672968e-06
8.344537993155941698e-06
8.368707659575861236e-06
8.407279699558174496e-06
8.443005218731947819e-06
8.505614241783689944e-06
8.533859722046228461e-06
8.563731500801095151e-06
8.614733003142266220e-06
8.631196620389277354e-06
8.667256708987527853e-06
8.674292483039473483e-06
8.732729769409304255e-06
8.750778045792560273e-06
8.774691480208327371e-06
8.815322712437958727e-06
8.823024619723926558e-06
8.877777052617183911e-06
8.882307532992077460e-06
8.909833060910170657e-06
8.970126332565038854e-06
9.007090825305899792e-06
9.036843159251767830e-06
9.068516935497024318e-06
9.108980737739902182e-06
9.131202527056665109e-06
9.200642539302256816e-06
9.225297037427875041e-06
9.245204878165236780e-06
9.276749797873448260e-06
9.297616942918680475e-06
9.307319429899703876e-06
9.352547305103694407e-06
9.386624997237784159e-06
9.426214532871159246e-06
9.473810988506622561e-06
9.496599859858154775e-06
9.545642794592816067e-06
9.589032397941382786e-06
9.617297533380284404e-06
9.659009694812269856e-06
9.688599588680415283e-06
9.706008610490423193e-06
9.738005440673064259e-06
9.788519580638144297e-06
9.814459168374964457e-06
9.862288786534090888e-06
9.890446862443702273e-06
9.914916157744774671e-06
9.938564303544031279e-06
9.983049149758098145e-06
1.000664087178682899e-05
1.002532234494470190e-05
1.010482258306032874e-05
1.013332359202676969e-05
1.014571553310583807e-05
1.021785774770054640e-05
1.024849472326076653e-05
1.031790674534047182e-05
1.032586599747595279e-05
1.035853523070540323e-05
1.037938233530627448e-05
1.042441669877268452e-05
1.043835456547756323e-05
1.049605337056303235e-05
1.053175848326303673e-05
1.057929370565103716e-05
1.061578343390504751e-05
1.065062416399282915e-05
1.067339645908474662e-05
1.068425687192799264e-05
1.070314983313280618e-05
1.075407621458537726e-05
1.078493425129577513e-05
1.080409898329243203e-05
1.086549432414339478e-05
1.088441745175006569e-05
1.089048343573639129e-05
1.094241311197910684e-05
1.098516118037470332e-05
1.100932332908998541e-05
1.104941596347096220e-05
1.109225039739663931e-05
1.111254697178644144e-05
1.116463984132317251e-05
1.117550283124255782e-05
1.123511828695986267e-05
1.124749817915967392e-05
1.127592376942694785e-05
1.134272866953604858e-05
1.139025952522277862e-05
1.140742789880757267e-05
1.145581571388079844e-05
1.150960417372355046e-05
1.151695461862468292e-05
1.154296678094603548e-05
1.156195946950248011e-05
1.164758864337752478e-05
1.168410273498062999e-05
1.172027854350956150e-05
1.174878469709922815e-05
1.176824109692815100e-05
1.181583560750635345e-05
1.185530597286312560e-05
1.189622114109411897e-05
1.193455115458146832e-05
1.195962925426032313e-05
1.204601279170468977e-05
1.206808319753295954e-05
1.210142838681017445e-05
1.213109356741792251e-05
1.218373311615178680e-05
1.223557432335701203e-05
1.223774451666295053e-05
1.225329840937460425e-05
1.226717328779960104e-05
1.232387881851675352e-05
1.239721341016143158e-05
1.243482357175187218e-05
1.247282361698189366e-05
1.249987378029069803e-05
1.257637501582856433e-05
1.261688486080630505e-05
1.265067574679500116e-05
1.268620227145741988e-05
1.272917464346500124e-05
1.274536273019730456e-05
1.278163771694032914e-05
1.281386376672498598e-05
1.284537371918759147e-05
1.288593556570650922e-05
1.292613378951214943e-05
1.297705615741562457e-05
1.301643609327620809e-05
1.303130440028959627e-05
1.309724907162388250e-05
1.315358405381985527e-05
1.318681998629676559e-05
1.322637737431146205e-05
1.325951240693139591e-05
1.330361478218105121e-05
1.332360095089491324e-05
1.336009016978828826e-05
1.340822526257532443e-05
1.348886180872798341e-05
1.350206536861062226e-05
1.353601806304444685e-05
1.359484739280112187e-05
1.362736252891084902e-05
1.364725450463056934e-05
1.366680225619312932e-05
1.368923638508867705e-05
1.380184901542737827e-05
1.382645302834043351e-05
1.384177415439855380e-05
1.387447949453957464e-05
1.394708968866854078e-05
1.395942377067019974e-05
1.400193214296605596e-05
1.402993448192195403e-05
1.407166791424484817e-05
1.410800251489903302e-05
1.415269686312064903e-05
1.424223483374548918e-05
1.425526579862910020e-05
1.431190089177000810e-05
1.432854593769264192e-05
1.434187113738694802e-05
1.439237727588429084e-05
1.441551238948067619e-05
1.446317406674070365e-05
1.451947786437887342e-05
1.463532709199774340e-05
1.468397942241612657e-05
1.472439623319218182e-05
1.477076116946245898e-05
1.479280337867568605e-05
1.486191418367119764e-05
1.487853650804193725e-05
1.492162682591299458e-05
1.496182349662510115e-05
1.503753927225352603e-05
1.505212345677212624e-05
1.508442848627491062e-05
1.514023737775345768e-05
1.515340619946542997e-05
1.521628993716285366e-05
1.524043213459450756e-05
1.529691662587530742e-05
1.532070748799136087e-05
1.534194655806575192e-05
1.540594910968340938e-05
1.546529679422848459e-05
1.549255675412366273e-05
1.556490567701165686e-05
1.558575661781970130e-05
1.563250009289338148e-05
1.571424443076981981e-05
1.574563757629824750e-05
1.577393696378761296e-05
1.583472637866047898e-05
1.589296492663730352e-05
1.593347442272714196e-05
1.602209083046063543e-05
1.605358006020655322e-05
1.613464275933960374e-05
1.614080017277851550e-05
1.618764253144230710e-05
1.620121699262953586e-05
1.624285884819737875e-05
1.632715739549630950e-05
1.639700641788117237e-05
1.645601055592470834e-05
1.651094231726892602e-05
1.652534536443561614e-05
1.656133281870402285e-05
1.660928440023346907e-05
1.665723473673329607e-05
1.666869690149875571e-05
1.672975364305154193e-05
1.679068088649153019e-05
1.686833806101775956e-05
1.690430617062208495e-05
1.690928676977031443e-05
1.699857401778421810e-05
1.702936947893100058e-05
1.705361853382693780e-05
1.709541446218186474e-05
1.716909254948193088e-05
1.720013429421407314e-05
1.722270264769901589e-05
1.728790158462010089e-05
1.732241246042755877e-05
1.735870098394195929e-05
1.738510561155874435e-05
1.745980258821062974e-05
1.748078091812033206e-05
1.755357537127678969e-05
1.763371572845030445e-05
1.767281499855987692e-05
1.771217563297563047e-05
1.777236890516185238e-05
1.781035258963833720e-05
1.789334156825774733e-05
1.792283524397759439e-05
1.798044030731242772e-05
1.802214509907026902e-05
1.805035629495432668e-05
1.813389800541312380e-05
1.816556826465385549e-05
1.818881004786270300e-05
1.828883230862969278e-05
1.832938831466865878e-05
1.839602430820967561e-05
1.843950760450461677e-05
1.847232951186390600e-05
1.855217598898887258e-05
1.858889274823420331e-05
1.862657391084103183e-05
1.865804190308472106e-05
1.875516085906223831e-05
1.880492984563863224e-05
1.881919413164249074e-05
1.887768135042744926e-05
1.893428397506129228e-05
1.898745348464905269e-05
1.900169253569787239e-05
1.906038840868520641e-05
1.915803479422929775e-05
1.923987844947132669e-05
1.927834595609298726e-05
1.931995774989500258e-05
1.938207554377714109e-05
1.942155162132031340e-05
1.943618593594713514e-05
1.951239468896798666e-05
1.954719468880888175e-05
1.957404909771548262e-05
1.963730923253352958e-05
1.968444702735649369e-05
1.976900793528834827e-05
1.981669883749860621e-05
1.985187970780004783e-05
1.993689247911148478e-05
1.995660985482778076e-05
2.003420225216155342e-05
2.007474264858294413e-05
2.009881055585269877e-05
2.013967479033289907e-05
2.021325635563540034e-05
2.028929653118665820e-05
2.031032336023315873e-05
2.038155590866367949e-05
2.044388480496871387e-05
2.052885378430102041e-05
2.058012378386864593e-05
2.065072761191690535e-05
2.069445666924516275e-05
2.073612093583733929e-05
2.076980329398868031e-05
2.082859647889463204e-05
2.089133246335776460e-05
2.094674271856648110e-05
2.100552078155963699e-05
2.107929619038795705e-05
2.114735654019055919e-05
2.123040530603290853e-05
2.126619220213903037e-05
2.133408465257964013e-05
2.138126570833779279e-05
2.142123397996236888e-05
2.146963951434597675e-05
2.152136967640864512e-05
2.160805718529330534e-05
2.167646750116019390e-05
2.170695288183804882e-05
2.170821436616666281e-05
2.179125295227974667e-05
2.185084787535415400e-05
2.198660392938923098e-05
2.204923749665467199e-05
2.208857893050933887e-05
2.213283876764337806e-05
2.214451789842675704e-05
2.221061776424100974e-05
2.228142014485263696e-05
2.235806835167433853e-05
2.246403986871371480e-05
2.250860695673979707e-05
2.255810611207251809e-05
2.260151302567901937e-05
2.273215930332510404e-05
2.275474854020053623e-05
2.282332736858237818e-05
2.283987870839063286e-05
2.290654894530670891e-05
2.294839930883172196e-05
2.307163677623103151e-05
2.309563450353453021e-05
2.316894400167422642e-05
2.322435648967361647e-05
2.327117112422177179e-05
2.335381873222302769e-05
2.342118626530445493e-05
2.351620120331423278e-05
2.356066070353978939e-05
2.357030801988470374e-05
2.369486219850154622e-05
2.372746236023208965e-05
2.380035635308321715e-05
2.383686979187861436e-05
2.396614131200149237e-05
2.397971429704072430e-05
2.403672752690327920e-05
2.412041044230325547e-05
2.417387058116074718e-05
2.423183087500296726e-05
2.427839862034549966e-05
2.430758867978582562e-05
2.442052415527175090e-05
2.448036080729408231e-05
2.453069388346648346e-05
2.456365114361000040e-05
2.459333991906284406e-05
2.468356832769608264e-05
2.483600659142337139e-05
2.490752579788085863e-05
2.501032361388038578e-05
2.504659855347846285e-05
2.512923988893431859e-05
2.517353528536053580e-05
2.526068828337566947e-05
2.535576365241657445e-05
2.542864004224645115e-05
2.545267476907844511e-05
2.548772502073036735e-05
2.552702962838396600e-05
2.560780933022084989e-05
2.571489652140586816e-05
2.576006840805779711e-05
2.584259934732373174e-05
2.590767095294530044e-05
2.596189430041503731e-05
2.604250852117174101e-05
2.611941627216628518e-05
2.625399748004923620e-05
2.630004439170960647e-05
2.637916149128795897e-05
2.639895527388109962e-05
2.647124723080124863e-05
2.660652063499914166e-05
2.665424526243012564e-05
2.671075895688557539e-05
2.673087917904799047e-05
2.684775277058468253e-05
2.692862108431675540e-05
2.701435924324411969e-05
2.706440084915686672e-05
2.708699221722594779e-05
2.712264947651247659e-05
2.720960894301054160e-05
2.725818615228625894e-05
2.736750166289377267e-05
2.737968643236099496e-05
2.748628449009520567e-05
2.749457440981418243e-05
2.760811518615528213e-05
2.769095179528348861e-05
2.784185743151885558e-05
2.791492404709468119e-05
2.801697441424624873e-05
2.810499513271936219e-05
2.818428330462560168e-05
2.823058886579912912e-05
2.832604631762263922e-05
2.833503859303498955e-05
2.840503924247149219e-05
2.857631132823500750e-05
2.861565098965180570e-05
2.872886989360902969e-05
2.880774666616158170e-05
2.885531672524808673e-05
2.893795398388224771e-05
2.898308677027794755e-05
2.909785019812776696e-05
2.918102878545569899e-05
2.924807479521343421e-05
2.937267543570970513e-05
2.950637123022406661e-05
2.952828799779128402e-05
2.958155811816718793e-05
2.968983529664613117e-05
2.982406262242646137e-05
2.986324220408054437e-05
2.992056095322188325e-05
3.009665835407768277e-05
3.013535034836785224e-05
3.016915596061262107e-05
3.023642299503780009e-05
3.039188148503142237e-05
3.041422954671498341e-05
3.052178575656082490e-05
3.055961726474936113e-05
3.064873432626697753e-05
3.073304393527074408e-05
3.079495772284158111e-05
3.090746671322933668e-05
3.092910838913244195e-05
3.107576503779684875e-05
3.117377802075994007e-05
3.127921122887036273e-05
3.134396115211549272e-05
3.142073276828139704e-05
3.151569068327421744e-05
3.157022362793727158e-05
3.173134170076662478e-05
3.180316341222048915e-05
3.190842497872619428e-05
3.193464876646278923e-05
3.198240964420322229e-05
3.216326802586693269e-05
3.229571090852728562e-05
3.237512404702382697e-05
3.238418740461990566e-05
3.250103904049956514e-05
3.263722287653352596e-05
3.271229894619126212e-05
3.276095614091158105e-05
3.281144162991445670e-05
3.292394378254818256e-05
3.298765964269928335e-05
3.321367818230659967e-05
3.329812029903508896e-05
3.344967339188949538e-05
3.352103342102941890e-05
3.360686730254698363e-05
3.367842066205612431e-05
3.381726116789937793e-05
3.399292475474146729e-05
3.405768643295659407e-05
3.414007545331675315e-05
3.425749083240183667e-05
3.438293348682293279e-05
3.441521426376190632e-05
3.452448254753478428e-05
3.459474940031404233e-05
3.468069593515738213e-05
3.476411741744948961e-05
3.490798515844621773e-05
3.500093899854759492e-05
3.521723727455805921e-05
3.527294639632642281e-05
3.538744627049259764e-05
3.546432222499259682e-05
3.557903998548575379e-05
3.579914507091869810e-05
3.587589034541669434e-05
3.598701915070205367e-05
3.605753496674594119e-05
3.616660049906783516e-05
3.636868950780789301e-05
3.639516384013305640e-05
3.647210506299390095e-05
3.655222580938088993e-05
3.674886675120500991e-05
3.684639066053158572e-05
3.688953971984276428e-05
3.712526569473895702e-05
3.715617881682568044e-05
3.733245865760172021e-05
3.737882208543048487e-05
3.757327460537941146e-05
3.763649930926604237e-05
3.782775822622826568e-05
3.801526184126893722e-05
3.809684335581965079e-05
3.820554423367761895e-05
3.826579583019454393e-05
3.846862477709437050e-05
3.858877240353598520e-05
3.867728161889372803e-05
3.872901877611038791e-05
3.895536842879172932e-05
3.910456024472491044e-05
3.924556006138143485e-05
3.947548950520199493e-05
3.955614686855731291e-05
3.963430697885227761e-05
3.970557865881018625e-05
3.992696482421634004e-05
4.003132191633360668e-05
4.009121023224100524e-05
4.028899749384222954e-05
4.041271253847238321e-05
4.052809996682109177e-05
4.061713856796999938e-05
4.080693309070714642e-05
4.084682109129113829e-05
4.106435521675063846e-05
4.110952850556410994e-05
4.123369375200667105e-05
4.137505985017987539e-05
4.172305920227935695e-05
4.180949639539853984e-05
4.201208122544121230e-05
4.220415484088330414e-05
4.232683945185902551e-05
4.239083090010414503e-05
4.254127934697534558e-05
4.270846458129719128e-05
4.285665257426695356e-05
4.302591462473193780e-05
4.322484764788096811e-05
4.330429967826725208e-05
4.344628547905709826e-05
4.362804972482250889e-05
4.382409533726365654e-05
4.399918827402197975e-05
4.420998684209276677e-05
4.443275504039526157e-05
4.451881135886919942e-05
4.464966402201774932e-05
4.480939173563143187e-05
4.495368930869043705e-05
4.505191848356191825e-05
4.525976261865918268e-05
4.534251909662846859e-05
4.539231168462072135e-05
4.563478800285155951e-05
4.592123791349510075e-05
4.607006937553615659e-05
4.634977113859353184e-05
4.640579573851671893e-05
4.668847824866789243e-05
4.680361792981695352e-05
4.721592899841807689e-05
4.730688501640075165e-05
4.743789525918603906e-05
4.755753759454670445e-05
4.807195662542332711e-05
4.809575566877797188e-05
4.820052544800948376e-05
4.856897482339410512e-05
4.878357237219070364e-05
4.890778051337973535e-05
4.920110805978877687e-05
4.930978621020146662e-05
4.937108898462986439e-05
4.943827356736312233e-05
4.992889795701043875e-05
5.012110707246101514e-05
5.023668149730371697e-05
5.033497469722363792e-05
5.049636200144615893e-05
5.066093018096693253e-05
5.094312813683387660e-05
5.112950266783607091e-05
5.148927852149900368e-05
5.160642315771153508e-05
5.192895656177233884e-05
5.221436334221085657e-05
5.245922988849466805e-05
5.295394800113097122e-05
5.329791585711179003e-05
5.363768250335380179e-05
5.397162271291680336e-05
5.407827191296641972e-05
5.432173635786946575e-05
5.458742118030993225e-05
5.480592041987237314e-05
5.497352976076204264e-05
5.525616287646567250e-05
5.568924053238835404e-05
5.639118918324606392e-05
5.668964296504740001e-05
5.718929236434907036e-05
5.723357174009760691e-05
5.745852289126655854e-05
5.793152351606940782e-05
5.803748993801690096e-05
5.884761220737325734e-05
5.933613342749048750e-05
6.003044100668998063e-05
6.019886363918234044e-05
6.058277202333199905e-05
6.125363699066829260e-05
6.205409133245459209e-05
6.294680035869030979e-05
8.081094991876123861e-05
