-6.905987524472560197e-06
-6.750587241207384149e-06
-6.403029960734124074e-06
-6.170439909201167006e-06
-5.953254741824728314e-06
-5.865786712929290747e-06
-5.786283739369770929e-06
-5.716942893044370032e-06
-5.526894178600414463e-06
-5.478042044500263111e-06
-5.467992848104015954e-06
-5.176630551678097401e-06
-5.142658380534045929e-06
-5.038748149683612122e-06
-4.923604223348373993e-06
-4.860560808170134000e-06
-4.661941227262957082e-06
-4.597864630009828414e-06
-4.494272283142774013e-06
-4.411755874272009035e-06
-4.319327111199728749e-06
-4.287725164519198011e-06
-4.212491074566018254e-06
-4.138540470644289587e-06
-4.062153345559510471e-06
-3.974934223023915127e-06
-3.884911659760489798e-06
-3.852434513311060038e-06
-3.750908714115511586e-06
-3.713123316983369627e-06
-3.647728635647724863e-06
-3.568250203367240122e-06
-3.547392817554034303e-06
-3.457766646043421538e-06
-3.359016255552270708e-06
-3.324035957166374797e-06
-3.251852609952179044e-06
-3.237990272920580851e-06
-3.171559051515146014e-06
-3.101441490349022059e-06
-3.045140190326491990e-06
-2.987791313021549941e-06
-2.947257294252864342e-06
-2.882498507801453807e-06
-2.819719054183018153e-06
-2.794788883436631851e-06
-2.749379488361031292e-06
-2.735591852343854502e-06
-2.586305455246669235e-06
-2.564749079063826508e-06
-2.505876753646861556e-06
-2.441822112511869444e-06
-2.424689176300167688e-06
-2.316505121138122717e-06
-2.294958260721669787e-06
-2.275326946788113513e-06
-2.215297503631008350e-06
-2.126485162400034661e-06
-2.111549382053781311e-06
-2.085890104559262297e-06
-2.008631343277060674e-06
-1.954751937010771231e-06
-1.897802713734887540e-06
-1.887721039028466159e-06
-1.841091012676567403e-06
-1.765192717394020035e-06
-1.713937069915230232e-06
-1.671734275197526122e-06
-1.648575493234313578e-06
-1.636693954216937866e-06
-1.541780474585045979e-06
-1.501251933703365939e-06
-1.483713614296429897e-06
-1.436840501319556743e-06
-1.420812298474274023e-06
-1.394641941617203845e-06
-1.311720074863802558e-06
-1.293081638161268980e-06
-1.242526192031520743e-06
-1.235965348499386044e-06
-1.186774405939251565e-06
-1.160663366225006520e-06
-1.130707266267244957e-06
-1.087445529502824004e-06
-1.081934637102801993e-06
-1.024034446882144871e-06
-9.799428137928598025e-07
-9.596724728697120266e-07
-9.196558299511129956e-07
-8.931589814799868315e-07
-8.420667276540558210e-07
-8.098323729874237560e-07
-8.017020807152654449e-07
-7.737209574211194761e-07
-7.388241725591659819e-07
-6.991803723550344595e-07
-6.703008392241863670e-07
-6.501554984945515888e-07
-5.736006552989081281e-07
-5.483094421894181185e-07
-5.123366309540620700e-07
-4.642345527937518919e-07
-4.395333592319910227e-07
-4.061056741273252571e-07
-3.953231740360421468e-07
-3.751005235454603214e-07
-3.255016349679160312e-07
-2.786785580153546575e-07
-2.487510909276247811e-07
-2.183407722078601147e-07
-1.844745003790890151e-07
-1.708163641586610593e-07
-1.435300492561559001e-07
-1.180440351165467996e-07
-9.670584158756508814e-08
-7.248901818171728085e-08
-5.969131583949769527e-08
-4.830625781254675034e-08
-1.531549212519557225e-08
1.323488980144390592e-22
8.566438490839040456e-09
2.300197107911391005e-08
4.712317362029813236e-08
5.872503108808416524e-08
8.109653611514592273e-08
1.260860387660283944e-07
1.523753701414176878e-07
1.760590555004228990e-07
1.951371882221605187e-07
2.045590457860082236e-07
2.426739190030863403e-07
2.733351582374320134e-07
3.258225400212163664e-07
3.576408483493550571e-07
3.821232241551975375e-07
4.247810464199096008e-07
4.333450926305176508e-07
4.477733449031073217e-07
4.794144742808178980e-07
5.317659704131233221e-07
5.646495250473281127e-07
6.200293588428062275e-07
6.224130988068408511e-07
6.534168871242815651e-07
6.945094947602876752e-07
7.365630742623489271e-07
7.811850265206632433e-07
8.148277885702949163e-07
8.342165327044210088e-07
8.731650188146250528e-07
8.943659425664070980e-07
9.394405600673669853e-07
9.572007050010431588e-07
1.002975613940495535e-06
1.046758752680647258e-06
1.076634195487673552e-06
1.105345998428922049e-06
1.155201427837985533e-06
1.168102523764566274e-06
1.224747132498300143e-06
1.273168676872321565e-06
1.300638309547725000e-06
1.316687021112148711e-06
1.345545012230699680e-06
1.378816404186029650e-06
1.403043375041129441e-06
1.426379548030391482e-06
1.462876763583866260e-06
1.528316128011933106e-06
1.579959609054337619e-06
1.604245290828445864e-06
1.657175199051244985e-06
1.666029646938095325e-06
1.721953935090473565e-06
1.737425651570655269e-06
1.767561738093770503e-06
1.824395604723942748e-06
1.877747569207086544e-06
1.934756627227335161e-06
1.969722591763747864e-06
2.018689902379914865e-06
2.061339604792721354e-06
2.164829393658220209e-06
2.182052705122616595e-06
2.196044374480803483e-06
2.246958448887206323e-06
2.260580137131373385e-06
2.371319808250327802e-06
2.383723967807899976e-06
2.394672287497449400e-06
2.553836463159794285e-06
2.612077598485618596e-06
2.637346820952397222e-06
2.717731761733021207e-06
2.772863671948746137e-06
2.800780470753125820e-06
2.879484604840970493e-06
2.929674272503324699e-06
2.974167008353463893e-06
3.035590514245930826e-06
3.072952418183007432e-06
3.155833561586350521e-06
3.171814385379437140e-06
3.230145676246918880e-06
3.274184435508588970e-06
3.375701764794167688e-06
3.433786053278054838e-06
3.473015068972449790e-06
3.563583914604361768e-06
3.585617101411053775e-06
3.611699958893115491e-06
3.786320960992322683e-06
3.869590357105123394e-06
3.938287279502831123e-06
4.023587631679765568e-06
4.088320473919314860e-06
4.197405598969498681e-06
4.201014346166287223e-06
4.308601471048756557e-06
4.383381343554668529e-06
4.461980829945899935e-06
4.497046014184663074e-06
4.596308214870867483e-06
4.705949212639732138e-06
4.797862021321424045e-06
4.848219804068797567e-06
5.035508820690200269e-06
5.162034594255711415e-06
5.233062236409346189e-06
5.281411056812419192e-06
5.420004161792395028e-06
5.667605734114345639e-06
5.839993935300647263e-06
6.018268173085737628e-06
6.066062912118167415e-06
6.334245610870062418e-06
6.338107713819009560e-06
6.741877804775733252e-06
6.879344252463349412e-06
7.160107832966982865e-06
