-6.255917867331267190e-05
-6.118218361385633578e-05
-6.025965720556851723e-05
-5.934245491784862582e-05
-5.924482359442223881e-05
-5.899511998002541309e-05
-5.890735345840235489e-05
-5.774328522056834055e-05
-5.759863254132041523e-05
-5.733449356900191638e-05
-5.707602730950258723e-05
-5.693987060287212035e-05
-5.623011685963475039e-05
-5.588435992542145988e-05
-5.575380311817419764e-05
-5.541718730333334691e-05
-5.503854586997572376e-05
-5.454837838467401011e-05
-5.395909741588626691e-05
-5.390493080786750742e-05
-5.373529777943611185e-05
-5.343047143933502073e-05
-5.324323168604386312e-05
-5.301839936281197135e-05
-5.294521350655108442e-05
-5.251467708381922706e-05
-5.221694019922032046e-05
-5.176908041993421276e-05
-5.138641099000850431e-05
-5.118179584458910621e-05
-5.109344831850891051e-05
-5.084703239525527736e-05
-5.047837408612481584e-05
-5.028272443981627205e-05
-4.996410789283851450e-05
-4.989277716054186265e-05
-4.965272342186923449e-05
-4.934257763920699781e-05
-4.931175360448528897e-05
-4.914095682750898241e-05
-4.884457533269519696e-05
-4.858212073957164412e-05
-4.834734525875148260e-05
-4.826609744722925623e-05
-4.779704816398522071e-05
-4.774570721847933323e-05
-4.772844455318016435e-05
-4.760329649515905679e-05
-4.721707073880508464e-05
-4.710715480969667959e-05
-4.704405144063479778e-05
-4.668137637432976267e-05
-4.652796045161171248e-05
-4.644403330615643497e-05
-4.624679585939371135e-05
-4.614267198092975584e-05
-4.596608920639938138e-05
-4.568448770320693292e-05
-4.540422592910828140e-05
-4.528988962292107177e-05
-4.493506358175583651e-05
-4.492507691132000583e-05
-4.454081569269299350e-05
-4.434557312387851151e-05
-4.416891881448166673e-05
-4.415931169025622818e-05
-4.343772376551581314e-05
-4.337097103625182698e-05
-4.336967755171615321e-05
-4.324712893641199728e-05
-4.318863349372392983e-05
-4.298678024206219417e-05
-4.288113031563186634e-05
-4.282658795783890937e-05
-4.260847653353099467e-05
-4.247452329849083028e-05
-4.240105140537810564e-05
-4.237204222653254642e-05
-4.229784171853772962e-05
-4.215414287085308417e-05
-4.203214333857583138e-05
-4.191974797866861613e-05
-4.177744139609053240e-05
-4.167216109651040941e-05
-4.154297637235092620e-05
-4.121606452616627706e-05
-4.105253704721241193e-05
-4.096015127543230612e-05
-4.077879307875392247e-05
-4.060921650151903421e-05
-4.056969743703695312e-05
-4.054778562853850535e-05
-4.028718338567725837e-05
-4.024382246055075579e-05
-3.989878719373552649e-05
-3.988865323917180209e-05
-3.969557436737597905e-05
-3.949336954787938125e-05
-3.937833253552860822e-05
-3.910329772772490136e-05
-3.900768474250106404e-05
-3.891384575057241148e-05
-3.885561442884824729e-05
-3.874616307288843592e-05
-3.858594165298598452e-05
-3.843179197417489210e-05
-3.841601303798146053e-05
-3.838545268886257075e-05
-3.810401520359001429e-05
-3.808890742081839551e-05
-3.801764701911746782e-05
-3.790508528332493446e-05
-3.778796987935758114e-05
-3.762224715867035430e-05
-3.757041135356523217e-05
-3.751162851517558772e-05
-3.739340918062186616e-05
-3.730418585502210782e-05
-3.718115660606829140e-05
-3.691228575688737225e-05
-3.678948957981779705e-05
-3.675555416945557345e-05
-3.661401044538177481e-05
-3.646596599314005617e-05
-3.636660849145763037e-05
-3.628922551253248047e-05
-3.613708878171776625e-05
-3.590924832606143973e-05
-3.583948231979610890e-05
-3.570313166800963891e-05
-3.561584209993365216e-05
-3.545219319629136777e-05
-3.541765107055996957e-05
-3.526378174139726011e-05
-3.509840413404314029e-05
-3.509038167212331352e-05
-3.494639782343927123e-05
-3.492701369121418428e-05
-3.465708502077189355e-05
-3.457688315499421314e-05
-3.451619451664929479e-05
-3.429356585367723364e-05
-3.417549934995422589e-05
-3.406503730768402132e-05
-3.398914404635282425e-05
-3.388278008200997274e-05
-3.381037230364805803e-05
-3.378503747886666536e-05
-3.360717733068833328e-05
-3.358293196021894939e-05
-3.351191361022760976e-05
-3.350692601721150666e-05
-3.332251809543991246e-05
-3.325143906121233163e-05
-3.311945699772705416e-05
-3.303920870526619037e-05
-3.293023086412213578e-05
-3.280137819556342820e-05
-3.279785102829835345e-05
-3.261241109453674053e-05
-3.254020335232350226e-05
-3.246081923039527027e-05
-3.240576720212400653e-05
-3.226575594801526879e-05
-3.218463076294927970e-05
-3.207982093479108877e-05
-3.207699428908632243e-05
-3.200868011951601950e-05
-3.195888946722812369e-05
-3.174324458991473235e-05
-3.166698745905518222e-05
-3.163029792054353456e-05
-3.138348527432427220e-05
-3.134557517603162562e-05
-3.132893148213301940e-05
-3.125983871515323001e-05
-3.116787316119815207e-05
-3.105069805377251639e-05
-3.100648859891590506e-05
-3.100280117048838954e-05
-3.091441893201653457e-05
-3.081104524545319055e-05
-3.060993895605338262e-05
-3.049571035336885475e-05
-3.047884408527294539e-05
-3.046016325952442604e-05
-3.030350219303845727e-05
-3.027424597823705180e-05
-3.013777987393528683e-05
-3.002597222725215018e-05
-2.999801955026746818e-05
-2.985854712160893433e-05
-2.982576224769295333e-05
-2.967133669587641463e-05
-2.964435672770190542e-05
-2.955411030492806582e-05
-2.953001964771462812e-05
-2.950088361991752290e-05
-2.943917896100892894e-05
-2.942470621296861921e-05
-2.924759163791468820e-05
-2.912195612938889020e-05
-2.909576771221327436e-05
-2.895153766439499514e-05
-2.893851274572371423e-05
-2.886223321955006901e-05
-2.880328616500761282e-05
-2.872218388355724279e-05
-2.855101832832876175e-05
-2.851525682246054265e-05
-2.848185014868960595e-05
-2.836892733073774559e-05
-2.824363896542214162e-05
-2.812760273973802716e-05
-2.806886660326884399e-05
-2.803147764460292975e-05
-2.794831551175245725e-05
-2.791987520690455683e-05
-2.784356227483005995e-05
-2.772281857678191938e-05
-2.755365050916255671e-05
-2.754585589304195097e-05
-2.751065649553772376e-05
-2.740758487793880903e-05
-2.728701120194814675e-05
-2.718860942848435285e-05
-2.717271256097618655e-05
-2.717269913416861158e-05
-2.708962277579698424e-05
-2.704946808333851959e-05
-2.698172075505353540e-05
-2.692568738967911318e-05
-2.685503563061728143e-05
-2.673352344643032457e-05
-2.665236445505959502e-05
-2.649551819551218884e-05
-2.645965375428949878e-05
-2.627928894794655332e-05
-2.621030700984208365e-05
-2.607760516335303760e-05
-2.604891933934777449e-05
-2.601694121134497659e-05
-2.598509164931151513e-05
-2.589059237106261383e-05
-2.585095394432818813e-05
-2.578577661002162661e-05
-2.576712843317281111e-05
-2.573659809474554259e-05
-2.568127011306096390e-05
-2.562723976404779200e-05
-2.549265811726084496e-05
-2.543276124873487888e-05
-2.538173204098579197e-05
-2.527359830600283178e-05
-2.516770214769232904e-05
-2.514803844935280919e-05
-2.510836378379871611e-05
-2.506727765737925504e-05
-2.497792868703781891e-05
-2.492974149395304166e-05
-2.482048366826868080e-05
-2.476760260665586118e-05
-2.462646509310195813e-05
-2.453056671827097177e-05
-2.444986149346084381e-05
-2.440887109008124924e-05
-2.433168563529378067e-05
-2.423382716255467108e-05
-2.418807768892652623e-05
-2.411941709699014596e-05
-2.407758398159137627e-05
-2.406192301977589884e-05
-2.398748879874652710e-05
-2.391323779990746411e-05
-2.383670001745664260e-05
-2.381090681471881556e-05
-2.369371481613161473e-05
-2.368435188372225634e-05
-2.358656918799647981e-05
-2.354571231027435197e-05
-2.344439601897658844e-05
-2.342784418359121994e-05
-2.333865345533227333e-05
-2.328834727376454563e-05
-2.328047076853465309e-05
-2.322564059894701515e-05
-2.313180934335880726e-05
-2.307568769523880985e-05
-2.306883729997697541e-05
-2.296834704240951347e-05
-2.290808946121464565e-05
-2.281083508450446317e-05
-2.279841331854248515e-05
-2.275000723407431577e-05
-2.266429112994393892e-05
-2.263607714452040782e-05
-2.255546952460952688e-05
-2.244897280573717537e-05
-2.242525113100664509e-05
-2.232624491284550329e-05
-2.227742262224917809e-05
-2.227448533446138170e-05
-2.222453886215977766e-05
-2.221941264430769229e-05
-2.212245628902990502e-05
-2.203794090521901561e-05
-2.193942953517893449e-05
-2.174694723815501099e-05
-2.174478506556408507e-05
-2.165949355718175477e-05
-2.165671609643268100e-05
-2.163639439863060699e-05
-2.155042631263383402e-05
-2.146859556599212425e-05
-2.141219810698868339e-05
-2.140453017034421785e-05
-2.123236051270671273e-05
-2.122794609543148843e-05
-2.117918397017815697e-05
-2.115491167885383706e-05
-2.105463767889305613e-05
-2.101747506009295053e-05
-2.098705094444378356e-05
-2.098291113197726270e-05
-2.090959864344206474e-05
-2.085091422955795540e-05
-2.074270150754725455e-05
-2.069152378461476031e-05
-2.059865743388645290e-05
-2.054724076837232270e-05
-2.048572437986113926e-05
-2.047334588702352660e-05
-2.032396931048003092e-05
-2.026552332921249813e-05
-2.024529977753628058e-05
-2.021033675925870790e-05
-2.014497639454497079e-05
-2.012197160871657392e-05
-2.007392148488140363e-05
-2.000993579746913491e-05
-1.993454208985379566e-05
-1.993316205506453470e-05
-1.982579334093574521e-05
-1.974762840716670187e-05
-1.971506899542185693e-05
-1.971427032226071165e-05
-1.967001633137905887e-05
-1.960054763195295387e-05
-1.958725264202741296e-05
-1.957292594162250422e-05
-1.950357344685016479e-05
-1.947575918321960495e-05
-1.937942965958185787e-05
-1.929048113066443991e-05
-1.928246827990639413e-05
-1.914768544445249072e-05
-1.914617050249037077e-05
-1.911512633386461976e-05
-1.901986675979276271e-05
-1.894639491247197412e-05
-1.892847938781112382e-05
-1.887113553555934105e-05
-1.887071519590636059e-05
-1.879138481758803618e-05
-1.872887486122937708e-05
-1.868489751079923752e-05
-1.865081300793495377e-05
-1.844857920528404288e-05
-1.844703733583450211e-05
-1.834690907674395999e-05
-1.833183474228515237e-05
-1.829613242267841253e-05
-1.829058554779117540e-05
-1.817046906442566830e-05
-1.816064537568727765e-05
-1.811583619322495813e-05
-1.806438899159438989e-05
-1.805275001195268613e-05
-1.798269806121863642e-05
-1.796932627677271690e-05
-1.793065471068085816e-05
-1.786006514167087802e-05
-1.774720969885234926e-05
-1.774458208378034416e-05
-1.774250502567675548e-05
-1.756520318168731427e-05
-1.755554609373414051e-05
-1.751510977452946029e-05
-1.747294114206578099e-05
-1.745840189809076329e-05
-1.742086316185238707e-05
-1.734056286396224987e-05
-1.730752368740390591e-05
-1.728324222657553902e-05
-1.723917219072844428e-05
-1.718348760121474669e-05
-1.710769060175146202e-05
-1.707713578970336394e-05
-1.705677432646065478e-05
-1.703296545211395118e-05
-1.697639173705728038e-05
-1.691504773555495638e-05
-1.689638320818749137e-05
-1.685678099317057221e-05
-1.677608737548423501e-05
-1.674529530175288884e-05
-1.674007070541507321e-05
-1.663842692939990244e-05
-1.661573490350374329e-05
-1.654912404307716105e-05
-1.648058200425699802e-05
-1.646051188159931096e-05
-1.641979394260421925e-05
-1.640422403052592585e-05
-1.635636928731063820e-05
-1.628771502858985322e-05
-1.625875803042495186e-05
-1.623656081884092972e-05
-1.616775041907531844e-05
-1.613214372910804308e-05
-1.608203790213065567e-05
-1.607838918875486670e-05
-1.593219738046228510e-05
-1.585410535216477787e-05
-1.582943837413713811e-05
-1.581104089958923522e-05
-1.574055100367222223e-05
-1.573520156574744833e-05
-1.569161107369464205e-05
-1.567328037874866797e-05
-1.562504363476265661e-05
-1.555229076248555687e-05
-1.555008463421902107e-05
-1.553540205330042150e-05
-1.549711832429891392e-05
-1.540903085680526437e-05
-1.536255458234708264e-05
-1.535954529289334155e-05
-1.530317507041725845e-05
-1.525885673164544375e-05
-1.525197438105312248e-05
-1.520259691604165980e-05
-1.509120566105627827e-05
-1.507048784421932088e-05
-1.502602867665585089e-05
-1.498860391198207398e-05
-1.493864242131116183e-05
-1.485376157114923749e-05
-1.481483299886787893e-05
-1.481377176257059888e-05
-1.473879016529398992e-05
-1.472725137861662392e-05
-1.465602278733152416e-05
-1.463443934082599011e-05
-1.458101652408026065e-05
-1.449021075383754546e-05
-1.445634076575263826e-05
-1.444358120377323497e-05
-1.441123770725148055e-05
-1.430946291413308995e-05
-1.427232586377987513e-05
-1.424390086032763007e-05
-1.421204806751221229e-05
-1.420915746459791898e-05
-1.415257406443002822e-05
-1.405942431977958820e-05
-1.404666108602285569e-05
-1.401688768250067906e-05
-1.396300160574681092e-05
-1.387097647711167617e-05
-1.385251621448312354e-05
-1.379425951297375997e-05
-1.377278597570347286e-05
-1.368511388502393962e-05
-1.365010635302804657e-05
-1.358435720799015547e-05
-1.354215247390931400e-05
-1.351212942285223371e-05
-1.348714697673093623e-05
-1.340213035976659583e-05
-1.339312969560708331e-05
-1.334277340745505337e-05
-1.333021733620366999e-05
-1.331864756042603597e-05
-1.320888118229977216e-05
-1.320689200262686804e-05
-1.319422795086507198e-05
-1.316978039659765727e-05
-1.313288319948560633e-05
-1.306795445874187872e-05
-1.306641640483737567e-05
-1.301379525590340221e-05
-1.299119436173852252e-05
-1.290073191503875582e-05
-1.286471696980114989e-05
-1.282828178405686095e-05
-1.280991119703920049e-05
-1.278057778553601205e-05
-1.276007170729094988e-05
-1.267015659004019904e-05
-1.265631514618905600e-05
-1.265606866395993162e-05
-1.258747502705340661e-05
-1.258420427563729243e-05
-1.253845333397254662e-05
-1.250137145387141983e-05
-1.243543377216832121e-05
-1.242756921817263904e-05
-1.238044084283469655e-05
-1.232919997155155360e-05
-1.227647632134365745e-05
-1.225164879268237282e-05
-1.223411363848410731e-05
-1.219154945415380690e-05
-1.217514822079900842e-05
-1.215022314618843777e-05
-1.211181394410693155e-05
-1.209850447544928037e-05
-1.205215717692027003e-05
-1.202708239993059678e-05
-1.198815498290625857e-05
-1.196045121906931637e-05
-1.187682373404655236e-05
-1.182601568978490011e-05
-1.173378001032587000e-05
-1.172773327614432295e-05
-1.167140358896795925e-05
-1.159441757478228735e-05
-1.156073934529498771e-05
-1.150082237627929294e-05
-1.148941981833870238e-05
-1.146650032659279002e-05
-1.145903926547700525e-05
-1.142237635685042563e-05
-1.138054468357750380e-05
-1.131363221779601177e-05
-1.130666604170131241e-05
-1.127261127557830984e-05
-1.121705686034594470e-05
-1.118633952973883516e-05
-1.116447416827617160e-05
-1.110197921896634894e-05
-1.107276564854596610e-05
-1.100667483466849702e-05
-1.098535215752448606e-05
-1.091619773561234524e-05
-1.090932754584575918e-05
-1.086196855739149578e-05
-1.084999592847735636e-05
-1.084244392838463326e-05
-1.079374123456921203e-05
-1.078696933032477079e-05
-1.071070071315384082e-05
-1.070389561739198038e-05
-1.066635113016991695e-05
-1.066441028512705648e-05
-1.060965818542186780e-05
-1.060217923895643675e-05
-1.059653832169289295e-05
-1.057045274416992365e-05
-1.049893360957513010e-05
-1.043939202594411280e-05
-1.041990870422863387e-05
-1.040670155667363340e-05
-1.037978285027790597e-05
-1.029055747853865314e-05
-1.021679369682058621e-05
-1.021543085424878286e-05
-1.018199779576224985e-05
-1.013732095658500046e-05
-1.010450619097550857e-05
-1.009019401852058950e-05
-1.003516697653959951e-05
-1.003033917379281017e-05
-1.002211389631725508e-05
-9.995829619742946205e-06
-9.905720960685107873e-06
-9.861957399008925955e-06
-9.832898164713876007e-06
-9.799295991835576717e-06
-9.762898314191527461e-06
-9.759095905180086139e-06
-9.703453992518486980e-06
-9.693580297164934920e-06
-9.644322912913091598e-06
-9.604135992416883562e-06
-9.584031182489494290e-06
-9.561229340795766445e-06
-9.523799605694360690e-06
-9.477093183548340134e-06
-9.471501773103237483e-06
-9.444598173889068020e-06
-9.384570924977977347e-06
-9.374830110886149531e-06
-9.369988891391429711e-06
-9.357685911873547225e-06
-9.314931040369210126e-06
-9.244524307349447193e-06
-9.130466438809025403e-06
-9.122510554741628449e-06
-9.090627910668907494e-06
-9.078002733661482559e-06
-9.043156682329975523e-06
-9.001175923386542968e-06
-8.970021167209448279e-06
-8.939910979736575474e-06
-8.933743395251336365e-06
-8.917599567333817998e-06
-8.862596853781431076e-06
-8.823879938447983217e-06
-8.777723988989013485e-06
-8.748284171548090482e-06
-8.721999669862814077e-06
-8.715303184892741304e-06
-8.642249319062475347e-06
-8.632024197839652859e-06
-8.594545786230435640e-06
-8.589567104980007793e-06
-8.575014570611393650e-06
-8.548036320075361980e-06
-8.498683977016299718e-06
-8.480611119029487710e-06
-8.434103894568366097e-06
-8.420569460497866559e-06
-8.346751054055545852e-06
-8.328149548978049986e-06
-8.252672295687949752e-06
-8.250074416294323146e-06
-8.233097518196302950e-06
-8.193414270605496919e-06
-8.192264618268993610e-06
-8.159619164732266166e-06
-8.115074627929450942e-06
-8.073638500532187819e-06
-8.043461589087396485e-06
-8.034721045409473855e-06
-8.000277696100706145e-06
-7.965995089857355653e-06
-7.896284186303997711e-06
-7.876726308609001911e-06
-7.859187982019599382e-06
-7.794891412794385913e-06
-7.791738673148456367e-06
-7.774671545732812124e-06
-7.711164486905009062e-06
-7.698638420729442223e-06
-7.670046966976163703e-06
-7.657720349866831058e-06
-7.606981170003908484e-06
-7.583131009285300618e-06
-7.548125758893737752e-06
-7.467341433793465219e-06
-7.462163548696849570e-06
-7.448252701891744176e-06
-7.388975929851061578e-06
-7.384203227245445074e-06
-7.342726179787230101e-06
-7.314211234314388226e-06
-7.299042062095337184e-06
-7.249643283058295775e-06
-7.238714057816030163e-06
-7.165984891033641624e-06
-7.128067728973626494e-06
-7.105519475318698274e-06
-7.083061229909409158e-06
-7.033342811858513248e-06
-7.029681430916253736e-06
-7.015866864392473672e-06
-6.961347596305002188e-06
-6.961278039791695665e-06
-6.928122501713928484e-06
-6.881634331652117558e-06
-6.878609469457387657e-06
-6.815654792258316395e-06
-6.771931784477627913e-06
-6.745018121443396962e-06
-6.698293978186099768e-06
-6.680157684225856498e-06
-6.654603614867079225e-06
-6.640693726860458537e-06
-6.612774216830367668e-06
-6.598544163335589178e-06
-6.591518682879003487e-06
-6.566387629582532774e-06
-6.552835548697333383e-06
-6.552418154659547008e-06
-6.498525153492062394e-06
-6.471762035719083592e-06
-6.428118643602917515e-06
-6.405659336508613017e-06
-6.353754332727013446e-06
-6.343078150445781613e-06
-6.300708892067948290e-06
-6.284911753277635722e-06
-6.272426354661012614e-06
-6.232713626429728337e-06
-6.196831532224128453e-06
-6.190220827987656398e-06
-6.144868012964173191e-06
-6.139475545226826061e-06
-6.101050588984933964e-06
-6.099440213849995518e-06
-6.039626511458581819e-06
-5.974591709240533466e-06
-5.940679076547099903e-06
-5.917911417211496433e-06
-5.877095053718070248e-06
-5.868753838936031630e-06
-5.838247833688527293e-06
-5.818928036560604464e-06
-5.798724244548729459e-06
-5.787830106433752477e-06
-5.726826643282206961e-06
-5.717271491307685046e-06
-5.710281967691275134e-06
-5.673845704019182313e-06
-5.649394997106631310e-06
-5.630953626890093646e-06
-5.575922750324306886e-06
-5.569345073047768111e-06
-5.557398762522397296e-06
-5.505384441229437976e-06
-5.466658734191070433e-06
-5.426272903190665951e-06
-5.408129999375208515e-06
-5.390286436297471417e-06
-5.346353807607947739e-06
-5.341568233375572809e-06
-5.313892628609775634e-06
-5.283096681760477618e-06
-5.277651000692229644e-06
-5.275560612972941638e-06
-5.244119069678113337e-06
-5.235966415456914313e-06
-5.213847861687659285e-06
-5.175297457480918004e-06
-5.149316149616176667e-06
-5.120894176183469466e-06
-5.111233245362037633e-06
-5.072290862149009834e-06
-5.069468128807477273e-06
-4.996486566931291668e-06
-4.987944401410188144e-06
-4.978385447821583730e-06
-4.956728462028894440e-06
-4.924111109505467293e-06
-4.916779987874107950e-06
-4.855766717276419487e-06
-4.814705560793939744e-06
-4.771495139512820236e-06
-4.755280826846725190e-06
-4.747899334792550323e-06
-4.718085650220584341e-06
-4.700947122120446186e-06
-4.625824233298236868e-06
-4.624147623930774831e-06
-4.609568194844986002e-06
-4.590087930154253539e-06
-4.568474853984039375e-06
-4.513496814521245176e-06
-4.504922523236831599e-06
-4.496728683843951064e-06
-4.462052820571914503e-06
-4.452282533837135134e-06
-4.437917303509246460e-06
-4.430131480468508323e-06
-4.368313044703372403e-06
-4.338751047963006002e-06
-4.324841673668372047e-06
-4.320563793538083641e-06
-4.291308858118718070e-06
-4.270647219633000115e-06
-4.209902082525594803e-06
-4.170037732162422765e-06
-4.162145898547744635e-06
-4.127126580061552310e-06
-4.083589240167880338e-06
-4.077578766877569317e-06
-4.044665293136309404e-06
-3.977768190455074667e-06
-3.959756763011819226e-06
-3.951912777830305202e-06
-3.935501464125269469e-06
-3.927599576561008174e-06
-3.898546990141648068e-06
-3.881497793327954173e-06
-3.881131710879693726e-06
-3.851761794195659758e-06
-3.832566327844356201e-06
-3.828499842381709382e-06
-3.804553321320317726e-06
-3.772866805055383341e-06
-3.736663116715244127e-06
-3.725307118737554282e-06
-3.685746728261792707e-06
-3.668570924703806767e-06
-3.650292324355018313e-06
-3.635722094362892287e-06
-3.603865889914004196e-06
-3.575948252538811264e-06
-3.550522492351251003e-06
-3.512171247287753192e-06
-3.495026622196301796e-06
-3.487071935754381500e-06
-3.425766863149564055e-06
-3.400175826620420132e-06
-3.378555417043628223e-06
-3.345306284504582506e-06
-3.337294166122200615e-06
-3.325443294379696166e-06
-3.318466908311379366e-06
-3.305942000660822360e-06
-3.267587660614127667e-06
-3.248014473315397329e-06
-3.195278365743244207e-06
-3.179028360195407469e-06
-3.146416380063160048e-06
-3.109301831625859516e-06
-3.079535581247748789e-06
-3.065785348141598648e-06
-3.056506233999169314e-06
-3.029467699096118545e-06
-3.000313296170244566e-06
-2.989904423926198773e-06
-2.962456512986342569e-06
-2.953108706719422956e-06
-2.911183510782878963e-06
-2.910242231044692091e-06
-2.856082715507454624e-06
-2.817860583572607407e-06
-2.815170581467551670e-06
-2.807627265666911954e-06
-2.797495588234911869e-06
-2.761666582692879590e-06
-2.729784082044094590e-06
-2.710588894852379511e-06
-2.688163279954180750e-06
-2.661902835200251394e-06
-2.626637518437943473e-06
-2.593963450572537352e-06
-2.589435331729345431e-06
-2.549530319565806024e-06
-2.534772644210873234e-06
-2.503927749221231919e-06
-2.494645733576564310e-06
-2.474365072805753973e-06
-2.446439214110148736e-06
-2.430510565910796696e-06
-2.421246002213479840e-06
-2.410356552413780443e-06
-2.384223075079482536e-06
-2.336223602573149113e-06
-2.323561479847530792e-06
-2.320497800199637321e-06
-2.293971735951303167e-06
-2.276986077850673673e-06
-2.270080551336556203e-06
-2.248386795262936390e-06
-2.218209955202930040e-06
-2.200976982882208866e-06
-2.176530005857495644e-06
-2.160662320561337229e-06
-2.114957122777968603e-06
-2.106277352481447242e-06
-2.091588343717108444e-06
-2.071508542138958564e-06
-2.056437367107719762e-06
-2.041554525032765527e-06
-2.028199002666763897e-06
-1.987952031685995486e-06
-1.950455400131505888e-06
-1.949032344743129860e-06
-1.904058586664081266e-06
-1.899703993014323727e-06
-1.884323796899637115e-06
-1.873762161498211461e-06
-1.826136629408659059e-06
-1.825035076674882469e-06
-1.812891096523175970e-06
-1.766475947257399589e-06
-1.744282961400474101e-06
-1.726538927983977819e-06
-1.683319100965104555e-06
-1.668016244776651720e-06
-1.640547082720529965e-06
-1.610981574902367686e-06
-1.605004767387230978e-06
-1.602122376639859215e-06
-1.572914872498809403e-06
-1.570040268098850189e-06
-1.478502826861827640e-06
-1.466389334531097820e-06
-1.445811814951489543e-06
-1.434450522747945840e-06
-1.426156852337495165e-06
-1.404992016500338276e-06
-1.389377818113892464e-06
-1.369297470353084725e-06
-1.348717388382449852e-06
-1.304334960470307129e-06
-1.291015453062096884e-06
-1.267981624747545345e-06
-1.256611458894806686e-06
-1.236480224029009803e-06
-1.228054468750522169e-06
-1.199298055660742805e-06
-1.188978916544657784e-06
-1.177030459927708147e-06
-1.160859186885621590e-06
-1.155102453652809210e-06
-1.149451496274356287e-06
-1.099437117510723890e-06
-1.095071217532951217e-06
-1.062755641441715121e-06
-1.062046678922301861e-06
-1.032172897019971221e-06
-1.019027396150471767e-06
-9.922323508269896460e-07
-9.874668790063196021e-07
-9.679795761814326707e-07
-9.410969333240813385e-07
-9.201438704603851597e-07
-8.991163165657832777e-07
-8.842737576971347306e-07
-8.557038223388301329e-07
-8.404568488387791382e-07
-8.050074086977228507e-07
-7.799485223729653137e-07
-7.671842433745411915e-07
-7.539246667799243291e-07
-7.298305674543230718e-07
-7.081684097274228095e-07
-6.953504724114274682e-07
-6.848693358913424458e-07
-6.579387179888295766e-07
-6.555311272880721528e-07
-6.454880999118565155e-07
-6.358715457395497950e-07
-6.198719889507581830e-07
-5.681173606972545331e-07
-5.190593773959112004e-07
-5.088247862089573335e-07
-4.873277579632770754e-07
-4.746412626501272138e-07
-4.735292791215079459e-07
-4.517804595029099408e-07
-4.486494526084360030e-07
-4.178063311554757947e-07
-3.967579376387560635e-07
-3.798060602951900414e-07
-3.566165729976840887e-07
-3.355115615631869815e-07
-3.161029905036633913e-07
-2.949004687864524401e-07
-2.810731082022612634e-07
-2.679882516496620030e-07
-2.422404439974383605e-07
-2.220134471537386217e-07
-1.926565590760565352e-07
-1.836786208601853418e-07
-1.397082961872426262e-07
-1.177541298791125217e-07
-1.049752468546102039e-07
-8.770463805445445176e-08
-6.091917821806641038e-08
-4.772709855936863302e-08
-2.617011628064886174e-08
-1.408222847508285000e-08
-8.482524750047033956e-09
-1.963653003695422006e-09
2.249936682243328343e-08
6.202254479818953265e-08
8.456821788679852327e-08
8.603088204869812774e-08
9.147172793692406974e-08
9.182584781670107332e-08
1.049180117844197163e-07
1.675641783725120551e-07
1.834743617129052055e-07
2.026130272896355126e-07
2.238975748542406690e-07
2.247240991865133822e-07
2.428647532976421121e-07
2.578798258686836694e-07
2.737999868496714339e-07
3.011397944905030708e-07
3.412425773878800849e-07
3.623270446772188423e-07
3.902438888265073812e-07
4.164213720843362844e-07
4.365296831388538134e-07
4.623715774641528596e-07
4.756742578287413311e-07
4.876773238298818142e-07
4.973580935339476718e-07
5.240397722736772381e-07
5.241837114505611647e-07
5.301995545353721438e-07
5.477777968204841796e-07
5.625744274014684237e-07
5.725645961650670634e-07
6.046138184908411322e-07
6.294438458890795321e-07
6.497898713232421779e-07
6.692288840994188439e-07
6.773813455191152094e-07
6.786238749174350919e-07
7.205256173906312563e-07
7.372323724563865596e-07
7.544854515641262631e-07
7.706704440587495973e-07
8.204939220890063246e-07
8.453561935004397722e-07
8.506130001485960436e-07
8.739846546210239530e-07
8.778813210456178041e-07
9.067225353816699157e-07
9.328054146582805887e-07
9.510338227641597275e-07
9.872679625466821492e-07
9.899407380136639246e-07
9.933643445792819458e-07
1.016355317223124925e-06
1.040537083163866761e-06
1.045607261796853201e-06
1.067414832986704609e-06
1.099326794799053615e-06
1.131364834810540015e-06
1.132202639746864185e-06
1.134730144227735174e-06
1.173046401038121677e-06
1.189278737401019110e-06
1.208430902343616721e-06
1.241397425348160785e-06
1.256432992952281644e-06
1.281212064381164024e-06
1.323917562514764060e-06
1.330046120241329834e-06
1.344301906540501801e-06
1.360131929418179743e-06
1.364767854021400190e-06
1.386906705581990284e-06
1.396912928881743312e-06
1.408873171616544010e-06
1.417704058538473984e-06
1.449911838074119871e-06
1.475207757142885090e-06
1.500476151136987741e-06
1.516651622507759696e-06
1.559398843190199328e-06
1.582811571566553291e-06
1.595328575564925446e-06
1.607429936582213834e-06
1.619898315373865171e-06
1.628018557399751690e-06
1.645953991564355676e-06
1.696818747882780203e-06
1.726593115197190780e-06
1.731765196323606230e-06
1.780414587732867738e-06
1.787523443642180627e-06
1.817897858014285692e-06
1.826275657702476492e-06
1.841064660208611681e-06
1.883560049153903430e-06
1.885085050387838325e-06
1.919860868009506634e-06
1.936122704553175371e-06
1.949735641928158538e-06
1.984348378499691149e-06
1.989617314851939275e-06
2.041915806888190109e-06
2.046362422790179526e-06
2.092530590829849276e-06
2.099935250196899767e-06
2.113867969575290332e-06
2.156922394299231087e-06
2.183658212818570502e-06
2.199708839072468187e-06
2.221678250103014377e-06
2.242824984436201999e-06
2.270424530382034880e-06
2.281753580189806607e-06
2.299171435012053469e-06
2.299780178234614442e-06
2.312116706588728234e-06
2.316537233584935156e-06
2.343935994434146774e-06
2.361794818804485247e-06
2.396422686919022241e-06
2.433763470034841156e-06
2.443382987647255980e-06
2.457241781217913838e-06
2.465841815867270605e-06
2.476967829355790092e-06
2.498207533716048804e-06
2.559586434248985911e-06
2.559740978712734204e-06
2.606799272706622918e-06
2.643384203200347800e-06
2.652262894927331959e-06
2.675633424482554634e-06
2.690425777698742802e-06
2.701316181204302668e-06
2.733074075622662615e-06
2.740236054645915732e-06
2.762820197714234208e-06
2.794510599213971219e-06
2.803647347796381277e-06
2.886222652537543630e-06
2.902116077570261444e-06
2.914191345236936959e-06
2.923682003298566089e-06
2.948042704811122444e-06
2.966067215193536486e-06
2.968567162972587305e-06
3.014940956442376136e-06
3.055980592970279155e-06
3.062070531354450059e-06
3.077762809720950900e-06
3.132410337139921777e-06
3.144644363700940540e-06
3.170220861623720673e-06
3.181807537959631889e-06
3.202197127767201231e-06
3.205160080554627288e-06
3.217877017218669700e-06
3.266342865738346684e-06
3.278924894305188036e-06
3.326017897839108552e-06
3.351016869567108328e-06
3.367590062824254863e-06
3.393662183715007980e-06
3.409855377886478822e-06
3.414375231461037403e-06
3.444080810332194715e-06
3.469539306927721784e-06
3.499149535613721425e-06
3.513430971319587553e-06
3.540100253665477113e-06
3.560590706444388857e-06
3.568228628684983338e-06
3.616493156357531092e-06
3.648534617686092439e-06
3.664256415826688681e-06
3.681634219563970390e-06
3.711630747415321013e-06
3.726959692528971609e-06
3.751764892883919893e-06
3.762062499509700771e-06
3.769997558908423928e-06
3.819781702330188004e-06
3.838048732506174706e-06
3.866292247307163030e-06
3.904913903081468279e-06
3.914739966977638125e-06
3.930272136746967883e-06
3.962358877029626852e-06
3.982409082781055747e-06
4.004653517458956976e-06
4.017206843280181340e-06
4.048836460123680158e-06
4.076886231780350715e-06
4.098615720391457424e-06
4.139910947894285486e-06
4.186127603455662119e-06
4.220834320159617725e-06
4.221896211812171711e-06
4.247054862372724478e-06
4.247335826905597778e-06
4.301027709929006700e-06
4.303813512290026706e-06
4.343968368233826690e-06
4.358340816155644095e-06
4.374032230351669645e-06
4.400014881052318997e-06
4.411493289438911017e-06
4.480513863978447271e-06
4.481326500525297405e-06
4.541512233949485249e-06
4.542555803735780472e-06
4.572919260327359458e-06
4.599923875432455312e-06
4.640961055563179485e-06
4.658290540480957091e-06
4.676140693569422261e-06
4.701191154005300602e-06
4.748013714082798837e-06
4.780169403474062807e-06
4.786135960873126443e-06
4.819512821111134115e-06
4.831274583194777381e-06
4.837717983333922391e-06
4.847765654227666061e-06
4.934564495831795463e-06
4.934934702625055955e-06
4.959241743009537809e-06
4.985995389277517952e-06
4.994989026224209869e-06
5.007014430111552250e-06
5.018365288515879875e-06
5.041670894854955274e-06
5.080680298797827757e-06
5.126653770076704116e-06
5.162073243899417400e-06
5.166123177641886733e-06
5.211812993888395080e-06
5.233738397087815950e-06
5.286588416298314665e-06
5.319450521006510336e-06
5.339488101910375140e-06
5.371857042836695755e-06
5.381424426857629472e-06
5.421261562699874726e-06
5.424427792255072238e-06
5.490463469825374879e-06
5.514052743845608724e-06
5.532841715234419344e-06
5.554710969631771199e-06
5.569629507297679985e-06
5.583138647266343654e-06
5.647384025298259245e-06
5.668039195400629401e-06
5.710465905329517934e-06
5.746124085141525594e-06
5.758741290043856067e-06
5.768147243380380735e-06
5.790149491005903724e-06
5.795507612673878144e-06
5.839581924888092057e-06
5.866218942713878676e-06
5.902952856963467094e-06
5.928674639089512426e-06
5.988533421483855215e-06
6.003423562486377023e-06
6.005195864255965672e-06
6.036901031089261808e-06
6.051745381175034478e-06
6.111355803445993685e-06
6.135246950554749396e-06
6.167242667769145608e-06
6.209027030601784913e-06
6.238771552296954106e-06
6.278319262100349988e-06
6.310049710367457134e-06
6.314953261261669086e-06
6.364701122027069337e-06
6.384983632198532436e-06
6.390919411524823609e-06
6.432688345520447341e-06
6.454445407772789296e-06
6.471887784232057779e-06
6.495454079551747811e-06
6.551441108235756489e-06
6.556367169888730942e-06
6.594970672313432560e-06
6.595369679889316207e-06
6.604880589616613582e-06
6.666732710425704696e-06
6.701910847333527070e-06
6.750216897817141119e-06
6.768396448279084754e-06
6.793118969750338111e-06
6.832961864244054962e-06
6.846241104339847208e-06
6.860390503851783487e-06
6.877089074747269139e-06
6.892491416874001485e-06
6.940743259610745273e-06
6.990455093012723994e-06
7.030134829212151962e-06
7.049658507178951771e-06
7.130818896969412607e-06
7.169094546955897024e-06
7.191819079448922990e-06
7.234685195830289786e-06
7.238325511169249584e-06
7.239656769496235625e-06
7.267119146762533839e-06
7.292416550744393677e-06
7.331627043267843869e-06
7.356980245139485416e-06
7.391216522101475463e-06
7.413867993769762909e-06
7.415571866253404307e-06
7.471887506492011560e-06
7.481870300729579696e-06
7.504781298093826947e-06
7.513954139371398695e-06
7.552013940272590479e-06
7.592003468701019490e-06
7.608685692653715330e-06
7.684153473261247984e-06
7.694434314629454891e-06
7.756050006274266165e-06
7.761926244513746740e-06
7.791269745162020561e-06
7.823983001413125529e-06
7.838385142183019983e-06
7.850802290002413956e-06
7.873176772114669076e-06
7.924745351704041494e-06
7.989731079958940088e-06
8.020539981616388195e-06
8.023244307506895436e-06
8.075555868164150563e-06
8.097346024062944335e-06
8.185083119915967937e-06
8.207982792717248295e-06
8.224776508850938959e-06
8.225388819821495163e-06
8.262954981298971694e-06
8.291841581629452124e-06
8.315089569619163275e-06
8.351020892869293123e-06
8.394499258534600936e-06
8.407569026272306546e-06
8.495726255734379983e-06
8.507758180851592115e-06
8.536294041674309161e-06
8.564373921746486174e-06
8.569898272941263220e-06
8.599207496065436532e-06
8.674029796510460559e-06
8.702365023634142825e-06
8.708647458891998467e-06
8.724976027259761149e-06
8.836215209438411336e-06
8.859679006043381992e-06
8.869619929372473782e-06
8.911219371047125081e-06
8.919453997089346511e-06
8.933149789549811785e-06
8.995607629995286097e-06
9.019470145526450685e-06
9.047391082631106064e-06
9.095790579171177774e-06
9.097407155600493992e-06
9.124142498771398223e-06
9.160141695310116471e-06
9.209191561351284095e-06
9.220888525919931859e-06
9.276223412845204230e-06
9.286331644889475592e-06
9.294754755153559260e-06
9.327873501686774732e-06
9.377814843662474607e-06
9.405705965093745307e-06
9.424977642113228370e-06
9.444961865417463828e-06
9.492961373830088856e-06
9.493617028243974689e-06
9.534430086047597123e-06
9.545523258858723491e-06
9.591386036667023981e-06
9.660935459771074522e-06
9.665493195667141808e-06
9.702601075434528593e-06
9.728174604186632781e-06
9.781832231958838560e-06
9.782707026520209758e-06
9.840221632235353130e-06
9.875170549328463830e-06
9.890066204124605521e-06
9.954180825094935165e-06
9.966786473867314698e-06
9.971063507121436567e-06
1.001867758882739609e-05
1.006354159589617577e-05
1.016434016440041602e-05
1.018156705539583002e-05
1.022754135811539322e-05
1.025123133662497347e-05
1.028015555761577928e-05
1.033969796980752904e-05
1.037682849786393871e-05
1.040675564387277615e-05
1.043871270940738637e-05
1.043934421184814819e-05
1.045257577669853864e-05
1.051595166027839958e-05
1.053962348768992361e-05
1.057376528372879969e-05
1.061335295173663745e-05
1.062990834939068566e-05
1.066937208876573752e-05
1.069454336088031161e-05
1.070937246632480683e-05
1.074367331331407327e-05
1.079206607646042567e-05
1.085271544689861958e-05
1.090111574679134208e-05
1.095740190510579943e-05
1.100632115617828525e-05
1.102056444457801970e-05
1.104711679782809363e-05
1.105440037320942886e-05
1.111333868323791525e-05
1.116021658155130940e-05
1.117825178875578823e-05
1.120400869895484564e-05
1.123585844637730373e-05
1.127518947843306360e-05
1.130521314556817734e-05
1.135756481317027697e-05
1.138283068192871351e-05
1.148343795162128951e-05
1.148500117592493189e-05
1.151982380032150846e-05
1.154826182530878242e-05
1.155580305549485119e-05
1.156446512795350351e-05
1.159719117170280606e-05
1.160748522217585188e-05
1.163610849341570478e-05
1.171184387392278866e-05
1.178432653999298499e-05
1.181431788485170241e-05
1.185198796153310648e-05
1.187667044541123236e-05
1.188765325130960288e-05
1.197430297407785064e-05
1.201769807965083943e-05
1.207536418536502846e-05
1.214402942940996991e-05
1.218013005371589121e-05
1.219631057769461292e-05
1.222639462844500988e-05
1.229862574307254940e-05
1.232489157024179748e-05
1.232740994701064604e-05
1.235214094253680072e-05
1.242167749261548050e-05
1.248561913200556997e-05
1.248701597039893574e-05
1.253522878580172810e-05
1.257613695173379191e-05
1.268975338755851196e-05
1.269953305246985019e-05
1.276141342096741951e-05
1.278121275396375378e-05
1.282866648259238165e-05
1.285733056643302933e-05
1.287961228303278196e-05
1.289893927151072372e-05
1.292519896353763731e-05
1.297178503040446517e-05
1.300808529187037985e-05
1.305627098904070962e-05
1.308698078504091030e-05
1.315324846707908097e-05
1.317517330301263679e-05
1.321422901284271757e-05
1.331828718408730551e-05
1.338811144556117340e-05
1.341673746675631230e-05
1.345204150369631234e-05
1.345698387149421547e-05
1.353841548837399989e-05
1.353928672923460244e-05
1.358037328938231723e-05
1.361689961817542318e-05
1.371674918197530751e-05
1.372840646232559742e-05
1.378283831540308240e-05
1.379586991022614999e-05
1.384620426503577634e-05
1.385148023411199167e-05
1.388354177275435023e-05
1.396816362356864055e-05
1.399944438965000645e-05
1.401289097624241956e-05
1.408959393113308059e-05
1.410046688618243934e-05
1.412356004119094491e-05
1.414629314851795526e-05
1.418360835113004872e-05
1.418413433335231678e-05
1.419231338366993996e-05
1.428048818634961881e-05
1.431760295108927319e-05
1.433579156743082683e-05
1.439832681615960614e-05
1.445881024884456667e-05
1.450468401886481604e-05
1.457788052549506300e-05
1.463464133773076662e-05
1.463886178834039588e-05
1.469442005674294466e-05
1.475911459340958592e-05
1.479828058836856578e-05
1.486128345218025965e-05
1.487423675595665368e-05
1.489111618992568736e-05
1.493095920328547233e-05
1.497662172101700357e-05
1.509289520109819040e-05
1.517642638328456725e-05
1.519026762196885516e-05
1.520977212912133626e-05
1.526040324766602207e-05
1.526919346469043378e-05
1.538051172202442961e-05
1.542279848084880870e-05
1.544266806573301221e-05
1.552923802486740089e-05
1.554935503942922527e-05
1.560046348473524415e-05
1.566284525665279055e-05
1.569341525514886384e-05
1.570484827284328202e-05
1.571135568250999092e-05
1.578155238835914821e-05
1.578741361686861289e-05
1.582579198618749297e-05
1.587579965053189678e-05
1.592588391610309318e-05
1.596115604797569733e-05
1.603657217841190322e-05
1.608623768082514024e-05
1.611272928755398237e-05
1.616220831152877832e-05
1.619591718998645267e-05
1.623753230417374874e-05
1.631334529902432959e-05
1.639459501914899940e-05
1.644037918309557554e-05
1.647117959931234272e-05
1.654810961153315243e-05
1.656169385741984652e-05
1.664442544169051196e-05
1.664845667811234929e-05
1.667348882179244899e-05
1.669955367738881581e-05
1.676474845692946724e-05
1.680517991841053215e-05
1.691389415230064495e-05
1.693452341775538055e-05
1.693749924488887240e-05
1.700316022901224444e-05
1.706774932206319380e-05
1.707391090511687295e-05
1.712583142946279337e-05
1.714507780076624581e-05
1.725556897016796695e-05
1.731704201942849155e-05
1.738696252538567786e-05
1.744079376767204345e-05
1.744960590794063360e-05
1.749436640220775055e-05
1.754250404852036922e-05
1.763549194962995141e-05
1.766712702336512551e-05
1.770691059940932512e-05
1.776764708979411284e-05
1.779594648537793859e-05
1.781115274720657232e-05
1.787646154971739374e-05
1.794979368938917177e-05
1.804151423882562012e-05
1.808261727976028321e-05
1.812769598119595157e-05
1.824863083769422823e-05
1.825918462198223172e-05
1.828091911878842744e-05
1.829677191694254192e-05
1.841828247845899496e-05
1.849081207767355693e-05
1.854943882596492673e-05
1.859407133372706732e-05
1.861859755439779901e-05
1.864583594437269895e-05
1.874764420004204683e-05
1.878037708977567467e-05
1.882302830869477350e-05
1.884355255194898165e-05
1.889878880707041042e-05
1.895007965057806412e-05
1.908390394119860312e-05
1.910033456229909550e-05
1.915498904708611970e-05
1.918512860859088927e-05
1.928389570667109025e-05
1.930340756418857964e-05
1.933882938449709918e-05
1.936611698053881221e-05
1.950026412335283398e-05
1.953887193018014512e-05
1.957218393217079248e-05
1.960253840582700508e-05
1.963315489400507921e-05
1.968270754640932241e-05
1.974212735911178048e-05
1.983213400497751025e-05
1.985886718507299265e-05
1.988646568349849945e-05
1.993230570341878133e-05
2.002570567462658120e-05
2.004766775098207503e-05
2.008143621152776154e-05
2.009073194963163452e-05
2.020197161154549040e-05
2.024257852750462633e-05
2.042986576605291453e-05
2.045982852682216036e-05
2.049328036805389235e-05
2.054268672519663348e-05
2.064865435367474992e-05
2.068237589687438722e-05
2.070154677360484767e-05
2.075444760153061623e-05
2.077849450087882648e-05
2.078283757171640216e-05
2.084388349928481990e-05
2.093052161940530054e-05
2.094243500279228173e-05
2.097975230617165363e-05
2.104403514607663175e-05
2.111164990667606104e-05
2.118661873802756641e-05
2.121767344250321990e-05
2.127807611943241786e-05
2.139508722783723519e-05
2.141808279580314597e-05
2.147541552625707961e-05
2.151657040162488802e-05
2.160082890982264060e-05
2.169480620445823663e-05
2.172019879151297370e-05
2.181134623774893614e-05
2.182850486880703411e-05
2.192790073135190995e-05
2.201727909101456023e-05
2.203395530984959846e-05
2.208500203704643093e-05
2.212793564925366558e-05
2.218906323670545724e-05
2.224270165850602464e-05
2.233173617379055430e-05
2.235803903962566334e-05
2.239519414408767579e-05
2.242663196782653491e-05
2.244608439349939257e-05
2.246840702412664832e-05
2.259547906452241624e-05
2.271442432602106666e-05
2.278598791092533311e-05
2.281998563247784900e-05
2.288922026368857561e-05
2.291026878845546118e-05
2.296553145634391352e-05
2.306380304698246714e-05
2.311630388919214444e-05
2.320452945042224870e-05
2.321719779493810050e-05
2.327384676230524426e-05
2.328187230055832994e-05
2.343081929764651166e-05
2.348475428507374618e-05
2.355068832545876786e-05
2.363277408384791749e-05
2.368453907753326925e-05
2.372064196090959153e-05
2.388849120921048922e-05
2.392664110326269910e-05
2.402049908550315345e-05
2.404349884089014807e-05
2.404782224590401590e-05
2.424280058147221207e-05
2.425278597502099600e-05
2.433068105092504247e-05
2.439534139678332320e-05
2.447166509262661957e-05
2.449150239402198310e-05
2.459498296544624738e-05
2.462476160970075468e-05
2.474614868615070232e-05
2.478341428701526312e-05
2.484704947268298402e-05
2.486464039276295213e-05
2.487346031923429578e-05
2.501412062157743854e-05
2.503674883460125643e-05
2.508068205909882639e-05
2.513669204118095044e-05
2.517893642533230788e-05
2.533154954678140102e-05
2.541428615207913118e-05
2.541745910911068429e-05
2.549769354863396916e-05
2.563628431825675999e-05
2.565431037668205688e-05
2.567617768983926203e-05
2.573288895935051495e-05
2.585128423542496472e-05
2.592535433069265540e-05
2.593553547301309634e-05
2.601102290549460799e-05
2.611073709565220704e-05
2.624358663326888116e-05
2.634518661443669516e-05
2.640180023037755433e-05
2.645980736293062889e-05
2.648404700031028623e-05
2.650145978888126717e-05
2.659631034433397582e-05
2.661017002973447773e-05
2.672709811929406182e-05
2.673244085655519456e-05
2.691241523041045566e-05
2.701968693176584735e-05
2.706062380691498607e-05
2.716722281512726244e-05
2.723469405812611023e-05
2.727961645430170917e-05
2.730907936552352098e-05
2.732983814270786133e-05
2.756839224776839580e-05
2.759383085731649174e-05
2.760349662685086610e-05
2.766763958451200138e-05
2.771378332440140019e-05
2.782549071778217978e-05
2.788658238295587308e-05
2.793045075159998080e-05
2.798677418800327233e-05
2.807925415287806437e-05
2.819762189596663351e-05
2.821237529681178244e-05
2.828030529312585271e-05
2.840406637045546514e-05
2.840880466679697626e-05
2.852846298483430383e-05
2.858188621036330222e-05
2.864812376115201308e-05
2.884391030098479330e-05
2.885252329726843365e-05
2.892314751868211892e-05
2.896669277003867195e-05
2.900827768810370998e-05
2.911690352389317848e-05
2.915082890650527050e-05
2.926680501412263732e-05
2.932798347998356718e-05
2.934668497045552507e-05
2.941764366912296558e-05
2.964131956504875606e-05
2.975133717711664802e-05
2.979512152080694511e-05
2.988422874596830063e-05
3.000597490686922412e-05
3.015514621669065316e-05
3.016721579513257463e-05
3.023011701630399202e-05
3.034508567683458615e-05
3.046611220636489249e-05
3.058195882817984178e-05
3.064204533540751570e-05
3.075538047233976335e-05
3.080625960200708959e-05
3.086435354616497438e-05
3.091866693261775215e-05
3.099562290548802453e-05
3.106827476907430912e-05
3.116399286101679026e-05
3.121501382567617094e-05
3.143056240361395015e-05
3.145379561261237098e-05
3.151525997540390153e-05
3.154652191062474304e-05
3.170382982509370185e-05
3.178413093565806709e-05
3.186215218084554240e-05
3.188792226375869763e-05
3.197200734960770985e-05
3.212207582772458076e-05
3.213622333705512676e-05
3.235590477088240571e-05
3.244067110686549499e-05
3.257665138721801707e-05
3.265056633710136164e-05
3.270113439338590981e-05
3.284353374862655864e-05
3.301481181152602187e-05
3.305865102616169178e-05
3.311036210809840236e-05
3.314606890596919831e-05
3.324111409787308588e-05
3.334630035521745885e-05
3.335313246874435867e-05
3.348604501188280229e-05
3.360807707315700718e-05
3.361406923565943554e-05
3.377120694621091280e-05
3.396358735081480803e-05
3.415052967043461142e-05
3.415244236830482314e-05
3.422202828771360081e-05
3.435907205424574277e-05
3.443076819241052186e-05
3.450236008637929590e-05
3.470031805839687698e-05
3.497625460197214647e-05
3.501722867835077834e-05
3.526714479747714937e-05
3.532391453662642162e-05
3.537593068189986598e-05
3.549020101119177572e-05
3.550513207276557233e-05
3.553114266016124749e-05
3.563028310093309332e-05
3.575700049043130737e-05
3.586071821586121321e-05
3.601336356709398115e-05
3.609129388646194339e-05
3.614916005016830457e-05
3.629768338822362948e-05
3.640532905499728808e-05
3.665588625983820287e-05
3.669375323668522623e-05
3.679788004116029971e-05
3.680638322519418581e-05
3.703476907941331825e-05
3.708299994713080944e-05
3.724708693769086961e-05
3.733347968459485735e-05
3.748253508895662130e-05
3.754395879158605207e-05
3.772787743671518376e-05
3.786549398060355079e-05
3.788886091788740878e-05
3.792057377821827309e-05
3.817269506510565023e-05
3.826341296716181251e-05
3.843576027682599943e-05
3.862843972507681590e-05
3.884651195076923316e-05
3.899127472496498559e-05
3.900508853025041512e-05
3.928691355452427499e-05
3.937143831975989557e-05
3.945101829014270112e-05
3.951321671184696000e-05
3.971413610327368396e-05
3.980741897260082845e-05
4.003667234438295497e-05
4.006916774901729197e-05
4.010076561435030470e-05
4.023075666286075148e-05
4.025737284576473080e-05
4.034643114950967231e-05
4.047145859851957118e-05
4.049269375880607707e-05
4.086923009882529267e-05
4.087977480488326986e-05
4.104450707281554199e-05
4.117313225234583448e-05
4.139879363472844361e-05
4.149917989988387285e-05
4.183500639401507994e-05
4.201484741288834284e-05
4.227157854518515703e-05
4.234363693670509726e-05
4.238367471574656838e-05
4.266433522217964893e-05
4.272971147553350073e-05
4.290466904381451179e-05
4.301801704374519982e-05
4.304595772431479682e-05
4.339070953543357738e-05
4.347285448118235737e-05
4.360961526384579375e-05
4.381000550219126140e-05
4.388301258591484729e-05
4.395942342960256209e-05
4.409068605873603223e-05
4.425401332338556039e-05
4.428714276015756167e-05
4.436161148172470891e-05
4.446082202153024915e-05
4.466782763569152520e-05
4.506288141010542791e-05
4.527171836467195449e-05
4.555241681535438756e-05
4.577048719470178784e-05
4.581467964046508052e-05
4.610138035807601330e-05
4.620222566707057692e-05
4.650764056295988698e-05
4.689984264396022967e-05
4.702590310066257591e-05
4.711358456187376791e-05
4.739003221826785389e-05
4.743025762574813216e-05
4.743047297430608779e-05
4.768616705666367235e-05
4.820440001745775102e-05
4.852716249141904049e-05
4.855159649929123491e-05
4.878094743892669416e-05
4.904006382989958195e-05
4.923277745316313270e-05
4.927003803927901656e-05
4.938093363989137585e-05
4.969903797968284104e-05
4.977093664071426788e-05
5.016719765787271075e-05
5.029175391132995445e-05
5.030248671185440012e-05
5.044896967019273516e-05
5.080533078616398228e-05
5.120257341606964063e-05
5.139650281958485181e-05
5.198129774415382470e-05
5.241032124902052339e-05
5.243309323661716169e-05
5.263084570640018297e-05
5.277213221831067024e-05
5.284074393696109500e-05
5.325945800188112365e-05
5.330489844716648702e-05
5.378061040155746844e-05
5.409030690090928684e-05
5.459751076125842113e-05
5.507709663747737284e-05
5.525158054981737680e-05
5.533745286447435042e-05
5.566490813364401629e-05
5.604930305208847446e-05
5.625492946199645711e-05
5.681672533852387587e-05
5.707631965625558067e-05
5.775190053105137724e-05
5.785972493257040341e-05
5.835440963131417020e-05
5.836543945951569435e-05
5.921733056127199149e-05
5.991069650120594718e-05
6.058284055458787128e-05
6.069128820231194918e-05
6.119547189439232234e-05
6.229310178623865266e-05
6.338369690746928679e-05
1.491450053457171916e-04
