-2.058635615452995965e-06
-2.013562841225246252e-06
-1.619981235695234225e-06
-1.481413388116550235e-06
-1.400471895846099502e-06
-1.140518059151326563e-06
-1.076028209683604606e-06
-8.596581867735005816e-07
-8.399859450302408239e-07
-8.399859426443114301e-07
-8.036800522841713853e-07
-5.702532639573902681e-07
-5.251452275267364492e-07
-3.720077990892715721e-07
-3.626144534251836421e-07
-2.547926614134333070e-22
-1.821895017026569054e-22
-1.178386614286689314e-22
-1.002405903040366329e-22
-8.324204752946269526e-23
-5.780614072519946444e-23
-5.458406113219522698e-23
-4.668516543468282890e-23
-3.953353690381244519e-23
-1.732030153652842568e-23
-8.876067745035093848e-34
-1.481624019061845145e-38
-4.671544841885767818e-39
-1.165153650579050420e-39
-2.526986318017949747e-55
-1.811135815765345691e-71
0.000000000000000000e+00
0.000000000000000000e+00
1.711323259518151205e-55
5.398262138751774090e-39
1.559614632183149204e-25
2.184686299448115264e-23
7.480915458545334119e-23
8.874694123568454412e-23
1.172348132732459701e-22
1.863661391398674305e-22
2.923731140443208556e-22
3.626144534251835362e-07
3.720077990892712545e-07
5.251452275267364492e-07
5.702532639573902681e-07
8.036800522841726559e-07
8.399859426443114301e-07
8.399859450302414592e-07
8.596581867735010051e-07
1.076028209683604606e-06
1.140518059151326140e-06
1.400471895846099502e-06
1.481413388116550235e-06
1.619981235695234225e-06
2.013562841225244981e-06
2.058635615452996812e-06
