-8.764984927346015499e-06
-7.577952639506238507e-06
-7.264952013101858462e-06
-6.864876348378062442e-06
-6.503070797287053844e-06
-6.413433685073896408e-06
-6.336517547085906545e-06
-5.993320379209371497e-06
-5.794564750885671837e-06
-5.598883204178288088e-06
-5.528544736806396707e-06
-5.474954044176193698e-06
-5.265124520133361742e-06
-5.080530050689557930e-06
-4.985574253912222142e-06
-4.920321736845696541e-06
-4.801441404569241025e-06
-4.748315079828446597e-06
-4.681046022020654925e-06
-4.627443448547023198e-06
-4.526549429153512265e-06
-4.458106225554289638e-06
-4.406854555032008214e-06
-4.206489826934426021e-06
-4.107993081214362956e-06
-4.079079826655520412e-06
-4.019331074221211612e-06
-3.982636088140341749e-06
-3.936623672979405596e-06
-3.898485002256999582e-06
-3.710873431671531731e-06
-3.688986097622647597e-06
-3.616108318309127942e-06
-3.554800578565281434e-06
-3.462620262809351962e-06
-3.436113681191983817e-06
-3.352523563435080287e-06
-3.285889286711860096e-06
-3.227445504099711985e-06
-3.189434367407857540e-06
-3.153233261134494006e-06
-3.073650788046528470e-06
-3.046915239732115045e-06
-2.982306616020210294e-06
-2.904508433895386551e-06
-2.882631040812390662e-06
-2.814150356480668332e-06
-2.723657137196901400e-06
-2.654508732154292210e-06
-2.637523096650697993e-06
-2.591863961073888105e-06
-2.515364976757957365e-06
-2.489816652577630858e-06
-2.425357661464652780e-06
-2.350335169999276280e-06
-2.307848929322809433e-06
-2.282636808675480902e-06
-2.256787410913656749e-06
-2.187310503826430024e-06
-2.160735254669858325e-06
-2.085862750528390999e-06
-2.059883817791547229e-06
-1.994554429751001542e-06
-1.957360898925458802e-06
-1.947893440363519375e-06
-1.855945144596493684e-06
-1.826482002980428504e-06
-1.814723669651584285e-06
-1.740781224354642948e-06
-1.696311219429659264e-06
-1.665454857985101029e-06
-1.620273164481019455e-06
-1.599761101836244656e-06
-1.561276111399001900e-06
-1.545952293597029217e-06
-1.485784201831397142e-06
-1.408891302524787491e-06
-1.378421227849823532e-06
-1.343672454319444045e-06
-1.318074210621720458e-06
-1.288252880038618114e-06
-1.243969452767364640e-06
-1.190755291017099075e-06
-1.175726605664872027e-06
-1.108206500858054439e-06
-1.098524074363214320e-06
-1.042480890340809530e-06
-9.830646807839892901e-07
-9.435469725013274375e-07
-9.291707724147819718e-07
-9.144118847751357306e-07
-8.789387584997444117e-07
-8.291320905496668621e-07
-7.769621592757146113e-07
-7.483526613136245553e-07
-7.308666196033480238e-07
-6.747516885656602082e-07
-6.613143031527534210e-07
-6.249876380636256159e-07
-5.807949324170311115e-07
-5.504557046622680631e-07
-5.442800771522899217e-07
-5.012327587633252286e-07
-4.412913736937193556e-07
-4.044999255841111625e-07
-3.987190496361140183e-07
-3.782904384936045675e-07
-3.572770076173564456e-07
-3.224192823988468382e-07
-2.783140934410293362e-07
-2.556937241286987067e-07
-2.323433085865998665e-07
-2.075917198196362060e-07
-1.576627421607340747e-07
-1.508808970722561818e-07
-1.201430653728117216e-07
-9.427362207152647260e-08
-7.876860403816090051e-08
-6.293486939495527902e-08
-3.873093701820569699e-08
-3.062644340341389166e-08
-1.921032770826094180e-09
-1.495608433511990649e-22
1.318798577578666255e-22
1.063468226069675498e-08
2.625152994299141180e-08
5.779689641773821794e-08
8.150002632602365330e-08
1.075993535155606782e-07
1.306373614383300142e-07
1.575632582124416359e-07
1.755211542161055838e-07
2.075394346453850834e-07
2.298278998866736021e-07
2.491023112454984105e-07
2.586897330538758813e-07
2.778957842137446082e-07
3.222401271786101746e-07
3.716556250407960639e-07
3.901630972473642781e-07
4.328315072596517090e-07
4.548349787959383936e-07
4.832258095321334249e-07
5.377384938698952490e-07
5.674804998401137007e-07
5.848642145051602827e-07
6.156087950933227164e-07
6.468376349655812771e-07
6.979823234283426191e-07
7.136279805951895079e-07
7.293530253041808779e-07
7.415579786957074953e-07
8.189982225757689756e-07
8.655613918283163180e-07
8.886418445217962381e-07
9.206800326830884694e-07
9.418225446049929278e-07
1.007240125859362824e-06
1.055854481567824918e-06
1.076634223161755281e-06
1.091750819388926691e-06
1.137676465247626266e-06
1.150045525889786589e-06
1.167519193077713049e-06
1.184246582732967489e-06
1.280150160460980618e-06
1.312119564117721836e-06
1.369064440890255256e-06
1.402904452263506019e-06
1.420963922660121177e-06
1.477544622510442931e-06
1.496293386697983856e-06
1.538664715803544998e-06
1.608637607803675328e-06
1.626428919016239510e-06
1.679862450959435227e-06
1.702559124967321121e-06
1.737113742732280037e-06
1.798316408389115308e-06
1.843878179657717884e-06
1.867663861425637669e-06
1.895817182775983387e-06
1.949789224175163272e-06
1.967644343477677918e-06
2.074096955503303420e-06
2.124099291121923819e-06
2.195586147086885709e-06
2.274449351747968807e-06
2.307156207987055725e-06
2.378591164238576683e-06
2.399655982571913117e-06
2.529780456348531769e-06
2.569237114446194996e-06
2.586824653088228133e-06
2.634623412283126644e-06
2.654027366246533046e-06
2.696983685844086729e-06
2.736267750916859876e-06
2.802858005718218197e-06
2.845710492299967898e-06
2.911028495786980728e-06
2.929556423799890353e-06
3.028786136859632368e-06
3.081722534727763373e-06
3.153922406749593407e-06
3.197702714999283941e-06
3.323276604389042504e-06
3.339019241089948490e-06
3.386749882492518329e-06
3.406588308175298196e-06
3.495838012622858779e-06
3.591965551955401658e-06
3.639063775695698665e-06
3.701381075274757480e-06
3.720111511112976943e-06
3.811657447868239029e-06
3.911458519647445444e-06
3.918804385948952812e-06
3.974218937440930177e-06
4.055579894410549129e-06
4.082430280699213646e-06
4.189597992588276243e-06
4.258615746638182919e-06
4.398585424227122752e-06
4.482979334545898227e-06
4.561994938680295956e-06
4.677498124373218890e-06
4.710565698594561363e-06
4.785894537795983307e-06
4.813664082721607812e-06
4.897354676846438566e-06
5.171643874217113473e-06
5.223102790652024126e-06
5.359246708703490402e-06
5.456532388447528526e-06
5.555263361838380888e-06
5.693661871278422776e-06
5.738061092496119964e-06
5.865208131098050984e-06
6.134431046379248251e-06
6.342882522001789562e-06
6.410645213936979039e-06
6.475840725933320333e-06
6.832656809369852018e-06
6.935748045702251346e-06
