-2.276264581689456054e-05
-2.205120892730067444e-05
-2.165728927460223364e-05
-2.150451754842082314e-05
-2.130779262378439440e-05
-2.072197542504727977e-05
-2.056413435515701998e-05
-2.024099612672712058e-05
-2.006754363682475178e-05
-1.993690896146688230e-05
-1.979110594819019712e-05
-1.963269864216475472e-05
-1.935685701121275787e-05
-1.931481599713257043e-05
-1.906885481534050192e-05
-1.881466628395157145e-05
-1.863735794611899477e-05
-1.837553840979060400e-05
-1.815324748446556910e-05
-1.808010084909373767e-05
-1.806498189950483452e-05
-1.793790610956114986e-05
-1.788270952506071664e-05
-1.773448721921032305e-05
-1.745768422559518761e-05
-1.730408673578187568e-05
-1.716887004399604206e-05
-1.701882650355726013e-05
-1.698859562536755722e-05
-1.681618072250355789e-05
-1.669173985496065875e-05
-1.660170752244295565e-05
-1.641148387474595488e-05
-1.622962639758137752e-05
-1.618622762992749122e-05
-1.606275434294059318e-05
-1.600480309995965357e-05
-1.580605799346817262e-05
-1.564767088741569082e-05
-1.555929419547116764e-05
-1.535988602935235144e-05
-1.531929113129430766e-05
-1.528764245809955901e-05
-1.513914968624515638e-05
-1.507939661397268636e-05
-1.497427112993089569e-05
-1.488175928451196500e-05
-1.477067644182316978e-05
-1.469661295544276669e-05
-1.455254182969464242e-05
-1.451620496951858126e-05
-1.440949520335639793e-05
-1.428963873240328917e-05
-1.417266457889660968e-05
-1.407104383505502275e-05
-1.394459364393781052e-05
-1.390863940668410375e-05
-1.385957215289123455e-05
-1.368377314551538530e-05
-1.365099372019784860e-05
-1.354256826751521279e-05
-1.350068671552567072e-05
-1.337972343613278838e-05
-1.330933296377056115e-05
-1.326487875998320235e-05
-1.321095386790479706e-05
-1.311970153104693545e-05
-1.306000546334091585e-05
-1.294486831916134823e-05
-1.288822018081108789e-05
-1.277583257054082368e-05
-1.270832372932180809e-05
-1.258813638882852876e-05
-1.253899130012400724e-05
-1.247582413090432469e-05
-1.245745400697490270e-05
-1.224478516715873751e-05
-1.221826472327972037e-05
-1.214818541907101497e-05
-1.201993638615397403e-05
-1.190990813291634857e-05
-1.187624602766202665e-05
-1.186289003172312421e-05
-1.171200226766118261e-05
-1.161467073724830939e-05
-1.158205706069272739e-05
-1.157618696556460956e-05
-1.149757761998130044e-05
-1.140155664707192516e-05
-1.129484340970752415e-05
-1.123319912668270674e-05
-1.117705057772999911e-05
-1.112141628015354391e-05
-1.104484068739069861e-05
-1.098465032511497557e-05
-1.092904490230980773e-05
-1.090775672791780449e-05
-1.078756494855738089e-05
-1.075966604913019284e-05
-1.071705086628645778e-05
-1.062191005204087902e-05
-1.056531450236389273e-05
-1.045166760871815905e-05
-1.042549707380083263e-05
-1.041544829364786078e-05
-1.034596989416490713e-05
-1.027587631077929740e-05
-1.024583667745061663e-05
-1.019066685780334813e-05
-1.008990514147232724e-05
-1.006633111776189998e-05
-1.001101841548218361e-05
-9.826526071243620316e-06
-9.740211192352831026e-06
-9.715576639900010047e-06
-9.645492811118969683e-06
-9.549328999242787642e-06
-9.490043291530451209e-06
-9.441646744724791374e-06
-9.396877563352492557e-06
-9.291310300591397529e-06
-9.243308920198169541e-06
-9.227654774656462631e-06
-9.167085644867388724e-06
-9.063261093351020098e-06
-9.013270724475433513e-06
-8.997052344126163585e-06
-8.934988580795976001e-06
-8.874858902264415452e-06
-8.859585146761473262e-06
-8.760870970886610340e-06
-8.709388512223038001e-06
-8.657765465884822385e-06
-8.605989837802439774e-06
-8.578493755653776039e-06
-8.545601846982678600e-06
-8.408200109536794950e-06
-8.365656271192175352e-06
-8.316543968470922529e-06
-8.250077942693129424e-06
-8.217714881540472442e-06
-8.184643008308506028e-06
-8.173914981959927006e-06
-8.074180012658170480e-06
-8.058032408014622759e-06
-8.008080733049362457e-06
-7.940846051449444715e-06
-7.932146404304755703e-06
-7.826444865806933296e-06
-7.772364538876496367e-06
-7.669433260009873599e-06
-7.642963203007856185e-06
-7.601462778598277430e-06
-7.582718380486656447e-06
-7.514289149549436093e-06
-7.496783351305039658e-06
-7.423880023559607814e-06
-7.348524686635197636e-06
-7.309210174022672634e-06
-7.294562925055235530e-06
-7.234342769220857018e-06
-7.200293620124718460e-06
-7.160298895317419445e-06
-7.110724257922993763e-06
-7.063134161077175624e-06
-7.015596753801086263e-06
-6.962920395674880534e-06
-6.874335707002651654e-06
-6.861747538034875053e-06
-6.834166230663479465e-06
-6.793499272889632938e-06
-6.764224639530681901e-06
-6.643247263136730821e-06
-6.593769893831385103e-06
-6.540034434723988954e-06
-6.495955843522353522e-06
-6.461696034812683344e-06
-6.457060370178313568e-06
-6.436806897789864859e-06
-6.371481409214603114e-06
-6.317315531145380678e-06
-6.274882209491948262e-06
-6.245643949717505562e-06
-6.202887161137406377e-06
-6.130142995923637102e-06
-6.086983066677543878e-06
-6.062492790391492992e-06
-6.055618160304938538e-06
-5.971992017985490548e-06
-5.912984289666155883e-06
-5.865205057118066445e-06
-5.807354408930399916e-06
-5.770781890642455045e-06
-5.747667114745832808e-06
-5.705007090466987583e-06
-5.651772760234496953e-06
-5.638293842571938013e-06
-5.608591510109360301e-06
-5.555466735299079430e-06
-5.518591242844889297e-06
-5.492970678738947635e-06
-5.454134510868706870e-06
-5.427483411644777769e-06
-5.374300265639873203e-06
-5.285700189348867255e-06
-5.263030452106833067e-06
-5.203491183724044736e-06
-5.163696539582654106e-06
-5.110982971603265357e-06
-5.106166085944814459e-06
-5.088331803800486275e-06
-5.041036056561371960e-06
-4.977549139191255639e-06
-4.963252400256235621e-06
-4.943739441766184520e-06
-4.912712263650769172e-06
-4.906432614514420984e-06
-4.839835736184272709e-06
-4.814770224026774320e-06
-4.785689462365625029e-06
-4.753738278270552544e-06
-4.724223072885824793e-06
-4.633114953740414456e-06
-4.625989581815812638e-06
-4.583398342376661306e-06
-4.501067277767525961e-06
-4.488776163102568221e-06
-4.443407194556624460e-06
-4.400630295260834635e-06
-4.349565216135068576e-06
-4.309318090864676383e-06
-4.293577061847191736e-06
-4.269329247680501018e-06
-4.232200189518554897e-06
-4.204814525806566821e-06
-4.193034945236991717e-06
-4.138975059789062798e-06
-4.104045393465926384e-06
-4.096153352114750132e-06
-4.069155124190999355e-06
-4.005705232040614339e-06
-3.999223040622123157e-06
-3.982442978130787844e-06
-3.933522458502822107e-06
-3.898966994751643253e-06
-3.844372303628506066e-06
-3.828710124578166224e-06
-3.756135809740897714e-06
-3.704368718721420375e-06
-3.679164917793571583e-06
-3.643374626921734681e-06
-3.628796451779736424e-06
-3.582997392611181816e-06
-3.568305890279493954e-06
-3.517980324756905483e-06
-3.502926438650593232e-06
-3.499590677199487568e-06
-3.454706870668201288e-06
-3.417772745417870406e-06
-3.371180147517742212e-06
-3.353705203562185185e-06
-3.329443885923680639e-06
-3.298584302821304403e-06
-3.277142374656480297e-06
-3.258542062135413168e-06
-3.187003693527522266e-06
-3.152362387765135154e-06
-3.136384740564573155e-06
-3.071668109289841968e-06
-3.050861037659700487e-06
-2.999108722568860011e-06
-2.977149557669211861e-06
-2.913388109286693428e-06
-2.896192600441539803e-06
-2.889327212289614167e-06
-2.845697670133144622e-06
-2.815156152978901083e-06
-2.804369514019624848e-06
-2.763794927482890128e-06
-2.744350587335827327e-06
-2.706490721835957944e-06
-2.655055228603245437e-06
-2.599642880649933220e-06
-2.592005647090611951e-06
-2.543882344761784817e-06
-2.513659319768672753e-06
-2.485086230888534977e-06
-2.457651426475535280e-06
-2.438039208251536305e-06
-2.397069083428186238e-06
-2.381689923503515744e-06
-2.366118219862970943e-06
-2.356586969152083572e-06
-2.316203420339460384e-06
-2.298172450765097000e-06
-2.293218959992502570e-06
-2.231052841157042495e-06
-2.223855452911698171e-06
-2.189879316066387821e-06
-2.161596770084789814e-06
-2.109764357833019518e-06
-2.096693404735485884e-06
-2.072846000064591217e-06
-2.036149705673401854e-06
-2.006661260364811864e-06
-1.981347100694843738e-06
-1.973757856082879704e-06
-1.955480917999726600e-06
-1.920824751265607079e-06
-1.878535359977129517e-06
-1.867398212128453796e-06
-1.828470710959006251e-06
-1.797179309005596702e-06
-1.781552346609835083e-06
-1.757790742420416979e-06
-1.714953872248400304e-06
-1.685037266847365872e-06
-1.663879671882763674e-06
-1.620382622750976913e-06
-1.614710592230478368e-06
-1.597679957643054708e-06
-1.587982337946414122e-06
-1.566471211552576789e-06
-1.536112146879894872e-06
-1.503986051039885754e-06
-1.486275221210842879e-06
-1.462590456260911859e-06
-1.415401244303954486e-06
-1.411193339369197112e-06
-1.364943978026224268e-06
-1.358451559890926336e-06
-1.297812999479191022e-06
-1.277899640315975310e-06
-1.252267863209775180e-06
-1.215143898478735629e-06
-1.208177364874407547e-06
-1.184105077356696495e-06
-1.148181750557671402e-06
-1.124704087215452474e-06
-1.112656198309894506e-06
-1.090392802805652964e-06
-1.069229310802071470e-06
-1.055441705958264967e-06
-1.028848238286038863e-06
-1.006551944720440043e-06
-9.731858653371042138e-07
-9.241924052024703699e-07
-9.216169172699287042e-07
-9.107263646641005606e-07
-8.848557981442694583e-07
-8.577012607426116540e-07
-8.207270395488442861e-07
-7.929173463230000168e-07
-7.614026807657980499e-07
-7.484807052874813999e-07
-7.460894132960594761e-07
-7.261283553047382804e-07
-6.881663742571645261e-07
-6.796033972404789651e-07
-6.584586372320940291e-07
-6.361782496515790597e-07
-6.086914913214301986e-07
-5.844404046630152453e-07
-5.617093661008715076e-07
-5.480773319792781113e-07
-4.841360599472250770e-07
-4.614655342561955586e-07
-4.501743643767424293e-07
-4.323287784939363791e-07
-4.090430112834944421e-07
-3.653900248410166832e-07
-3.415381716185537596e-07
-3.210569194766816992e-07
-3.166357826294011264e-07
-3.100356937030439462e-07
-2.607799410517529000e-07
-2.343865923288159620e-07
-2.033591522812106605e-07
-1.927356999328739986e-07
-1.423684221581186481e-07
-1.173836609590325784e-07
-1.115324646887760226e-07
-9.282193405897777362e-08
-6.875560656462052638e-08
-5.190869093785883990e-08
-1.907969041228760921e-08
-2.541854262934695592e-09
0.000000000000000000e+00
6.182693214047005454e-09
1.643847635019230973e-08
6.929580463953048618e-08
7.780441426683466760e-08
1.192077707741489292e-07
1.641821329429682791e-07
1.686015031072690071e-07
1.832111172406180649e-07
2.257595594976710513e-07
2.588048515549108540e-07
2.689619003508243752e-07
2.840230619739038825e-07
3.114240469185411938e-07
3.214902481136826230e-07
3.326920155020944499e-07
3.765096060877572469e-07
3.965388997394594509e-07
4.141146666143162356e-07
4.435233057998889083e-07
4.610827115663144601e-07
4.923989829246304314e-07
5.136849455105830657e-07
5.254655121958423074e-07
5.425809171921825872e-07
5.745038118478261107e-07
5.843711655866864407e-07
6.065451825911225170e-07
6.384444699935575272e-07
6.702849952356343533e-07
7.029857110924225472e-07
7.196377103225130441e-07
7.506390508963772207e-07
7.678969256453539291e-07
7.790964911077400082e-07
8.004139143284506462e-07
8.350346655410546978e-07
8.590245637515887526e-07
8.658954440732762196e-07
8.991527757694959839e-07
9.317177081223321826e-07
9.658985419971168506e-07
9.824656692959484361e-07
1.013362247812999443e-06
1.037374732520947329e-06
1.067993207112587841e-06
1.102122591631473756e-06
1.117033244900912454e-06
1.133361651139686677e-06
1.145789203390474789e-06
1.196263698297518113e-06
1.204516975579491159e-06
1.256659431822738221e-06
1.269422245397226674e-06
1.279548048755003671e-06
1.298555425038045256e-06
1.330621382657629680e-06
1.341901661657235742e-06
1.405054087236990608e-06
1.439336244823135293e-06
1.468076193122191181e-06
1.478272231407196115e-06
1.494375415466104770e-06
1.520117063330819963e-06
1.568268945690747730e-06
1.605032213238624587e-06
1.630636841318938422e-06
1.654694037897318840e-06
1.662462243953873986e-06
1.698065348768866388e-06
1.708672656067070993e-06
1.739428856603781693e-06
1.795201931808630907e-06
1.818703078061989466e-06
1.846792326442851009e-06
1.856552102315162576e-06
1.874213492782241293e-06
1.913850516076088196e-06
1.967420819756862297e-06
1.989914901430455314e-06
2.018505502160990976e-06
2.034912401078899190e-06
2.073264745041020566e-06
2.120896281600107016e-06
2.147659999261937791e-06
2.153728829009215815e-06
2.201122797979887935e-06
2.214762029760854296e-06
2.240923731702227807e-06
2.279162793190717676e-06
2.301391978552974466e-06
2.317195757289978114e-06
2.329373449608084765e-06
2.351967778378378825e-06
2.397121105343158563e-06
2.427634105534520355e-06
2.446463256894334983e-06
2.483340940333597437e-06
2.529498972695969877e-06
2.539500707109076369e-06
2.565090163095866141e-06
2.592573689529048436e-06
2.617542739501214443e-06
2.643491315582744395e-06
2.695681601879695748e-06
2.717286613303844956e-06
2.745815920339282623e-06
2.787354980460036240e-06
2.819118154149605746e-06
2.854398078468386515e-06
2.866226917658009389e-06
2.935549477067157756e-06
2.951347643138689516e-06
2.991674174817190919e-06
3.013788884285467644e-06
3.042794461747479081e-06
3.066963052282398497e-06
3.096277960257971925e-06
3.125895394632330450e-06
3.173409593699902839e-06
3.196813564254247217e-06
3.203031986772869561e-06
3.231322741615295423e-06
3.249818769373835028e-06
3.280774892752305414e-06
3.308333018659033423e-06
3.335577537962328558e-06
3.445931558472666229e-06
3.468904050894972915e-06
3.520608694276497599e-06
3.575382089700608729e-06
3.588319454016460038e-06
3.649023206695477819e-06
3.676551504481717305e-06
3.705216661143466939e-06
3.740672938774030051e-06
3.756939893655906480e-06
3.789548905488758492e-06
3.808901094383440399e-06
3.856822083233353157e-06
3.877646182799278041e-06
3.904393510937251073e-06
3.918580383733497227e-06
3.963599665786838126e-06
3.989065041238366277e-06
4.014182226499290497e-06
4.061409578423357656e-06
4.106886376611985685e-06
4.171170055949038037e-06
4.194176427153293213e-06
4.239186011909672913e-06
4.253643432280272429e-06
4.296093213546574359e-06
4.327514221770173484e-06
4.355962771301604759e-06
4.392419121143714262e-06
4.416306711687259516e-06
4.478184130399528912e-06
4.522460737732834786e-06
4.539553585965116324e-06
4.564484602174692001e-06
4.585731710752103455e-06
4.642570379584648867e-06
4.671558676009872068e-06
4.708477509389038364e-06
4.763413049155347753e-06
4.810991516784420599e-06
4.857409708537145444e-06
4.866597555001712535e-06
4.931794214051800643e-06
4.955415227234785135e-06
4.963840098559033483e-06
5.081699896118531702e-06
5.109250574097089463e-06
5.109777359022926120e-06
5.164791456991156882e-06
5.178125088470731760e-06
5.233366426205661845e-06
5.243015609286861055e-06
5.287060263038172510e-06
5.338268624873340832e-06
5.391421899435243313e-06
5.418127569577675842e-06
5.437759034606289348e-06
5.471608701099720723e-06
5.505007234742395160e-06
5.573809519388035337e-06
5.600299948246583789e-06
5.645764946779707288e-06
5.687229775574594604e-06
5.723179749586774262e-06
5.761959742135900432e-06
5.797601941353421460e-06
5.845283640793269771e-06
5.895273101076925686e-06
5.925979694226255124e-06
6.020892632647531895e-06
6.070602630657807866e-06
6.094240767525406277e-06
6.138206349239913614e-06
6.168331700647987078e-06
6.232668278747697130e-06
6.273610994703481428e-06
6.309492398652561022e-06
6.322997800855225371e-06
6.414398375656040232e-06
6.437948220226134737e-06
6.465573699739890873e-06
6.505033140052032299e-06
6.533769689258870710e-06
6.568467663441559963e-06
6.604304300597957356e-06
6.663394304516371721e-06
6.678183303679191634e-06
6.751241519533108343e-06
6.790507388024779681e-06
6.867148044187910101e-06
6.887107276326053705e-06
6.918066749868178563e-06
6.960279211880948315e-06
7.021427071527174530e-06
7.067422219710545136e-06
7.087550144219848361e-06
7.112608786379891516e-06
7.134352808560061313e-06
7.216699494371142673e-06
7.253366793647791329e-06
7.307372960905782170e-06
7.343278145112980096e-06
7.398610674174444905e-06
7.463481586086995050e-06
7.491606273631310358e-06
7.518292514967570215e-06
7.578879568167814990e-06
7.587673151106243253e-06
7.693718781599551910e-06
7.706776596797727021e-06
7.744037062746039377e-06
7.866432762728116110e-06
7.929759820238146931e-06
7.992186980950995333e-06
8.028447429989666592e-06
8.110236572491318047e-06
8.127488717485441516e-06
8.177118998863639571e-06
8.217093773356678617e-06
8.290018026061795494e-06
8.326412276299372442e-06
8.362352096933241049e-06
8.413337324709169716e-06
8.482682921197979865e-06
8.522941073951285318e-06
8.579177134924814517e-06
8.621065310535069103e-06
8.672482946676837080e-06
8.737818101375532825e-06
8.792710739189859681e-06
8.833937373701198620e-06
8.909146908135688194e-06
8.924810311499715881e-06
9.010368105395992963e-06
9.039564641310435651e-06
9.108372594341866110e-06
9.187905640099932811e-06
9.206164974135578894e-06
9.260192596162220057e-06
9.330671314670194703e-06
9.374422546580580762e-06
9.482920588768258054e-06
9.506327692772160334e-06
9.571446975374097395e-06
9.620615587935394316e-06
9.671587769087557654e-06
9.722396951703604783e-06
9.771654341755445225e-06
9.797054228974817351e-06
9.890107856972658193e-06
9.954782560400385078e-06
9.987301920257889609e-06
1.008945228178671545e-05
1.014417625404509418e-05
1.020234501827757372e-05
1.027634092417996908e-05
1.029697715182209933e-05
1.033001955150987537e-05
1.041727697436777143e-05
1.047425578694501025e-05
1.054232486237943056e-05
1.058074174093578970e-05
1.074739503440765344e-05
1.079532188730388079e-05
1.092176935146219758e-05
1.094630203675245060e-05
1.107448830646955372e-05
1.112096324393608796e-05
1.114394652734850921e-05
1.122356617978411600e-05
1.128041226105330541e-05
1.140339810122614906e-05
1.141712556037473743e-05
1.151869841388034379e-05
1.164963818092107234e-05
1.173096974832066121e-05
1.179099342885410794e-05
1.186324700508607583e-05
1.194891896716637076e-05
1.195389702766410891e-05
1.202770088268832150e-05
1.207061473050118427e-05
1.212302296752175345e-05
1.226225435137598056e-05
1.235894440326529981e-05
1.246049717700547669e-05
1.252815083075294824e-05
1.258452701195782507e-05
1.263524447582696444e-05
1.273404115122236167e-05
1.276166108827333374e-05
1.287573144080548253e-05
1.295337750071250257e-05
1.300895788128878009e-05
1.310372908764334837e-05
1.318508440541065962e-05
1.323506197689706364e-05
1.336538679464952872e-05
1.346267395206535138e-05
1.362865656761195521e-05
1.365801097356986537e-05
1.382391087011145656e-05
1.391598568250613923e-05
1.393116374893940858e-05
1.405743911533708013e-05
1.417524233797061758e-05
1.419331777416303819e-05
1.429039345772520917e-05
1.444335890419639186e-05
1.452783142121937095e-05
1.461763477008674988e-05
1.467204274191834996e-05
1.475258723881476912e-05
1.482404678378469710e-05
1.495225315459764874e-05
1.499172717705871355e-05
1.512536954310936149e-05
1.526989854180617865e-05
1.536174722753251196e-05
1.542292063166124998e-05
1.547121820384846810e-05
1.552873210744514014e-05
1.572652263783410126e-05
1.585843722907657931e-05
1.593474818339093033e-05
1.601102019392768274e-05
1.616383138972703589e-05
1.630596866913764284e-05
1.646303516496305851e-05
1.652722416463999852e-05
1.663403055420331923e-05
1.678101611564972599e-05
1.685664210449240900e-05
1.715662681065682136e-05
1.725724652235000641e-05
1.740232720473554586e-05
1.744811695819361793e-05
1.764177089978819106e-05
1.778456792728572980e-05
1.788087827390349917e-05
1.796184688856341367e-05
1.817079371081309149e-05
1.838693586291260680e-05
1.839651048102227884e-05
1.869451251044489492e-05
1.890262588658711513e-05
1.894936321478895525e-05
1.905236322646989080e-05
1.930262604897037460e-05
1.946401445010706753e-05
1.962518135585310445e-05
1.980121286953184207e-05
2.007845867536952599e-05
2.034148438068499010e-05
2.056720464653940785e-05
2.078379826924764737e-05
2.121084477935013311e-05
2.131282078711731112e-05
2.171005702091200655e-05
2.179791509678038314e-05
2.217181210211063787e-05
