-2.237503046985882911e-05
-2.168859737652596508e-05
-2.156557394432530149e-05
-2.125135377408310809e-05
-2.095832683954234355e-05
-2.071899104348770630e-05
-2.056911251497270341e-05
-2.028438861436949580e-05
-2.023767025255153904e-05
-2.004712181604111014e-05
-1.978034217864197184e-05
-1.976476074985460360e-05
-1.961130014971826718e-05
-1.940205173858587339e-05
-1.904348873440300205e-05
-1.893882129343845718e-05
-1.869372809770087997e-05
-1.865262082655726709e-05
-1.857645307035434877e-05
-1.849778305853798060e-05
-1.833978227377597081e-05
-1.817912751233121614e-05
-1.778365803225126629e-05
-1.770247754502882420e-05
-1.765746724137484680e-05
-1.753574056963390059e-05
-1.740481247966490461e-05
-1.725985691681238560e-05
-1.710961279761264304e-05
-1.701465269176559786e-05
-1.688605464812538778e-05
-1.675727960005484216e-05
-1.666702141435581124e-05
-1.661414891217150413e-05
-1.649583764175227977e-05
-1.626708379219476267e-05
-1.621186881209476149e-05
-1.619464600992173221e-05
-1.610963981166377439e-05
-1.594756318555285519e-05
-1.584320802767950486e-05
-1.573324481163224616e-05
-1.563043000886304515e-05
-1.534387727611744780e-05
-1.524648815978927163e-05
-1.522123285233608680e-05
-1.514176333873014602e-05
-1.508904194072802647e-05
-1.506212936789431229e-05
-1.484249482024411324e-05
-1.465404027060697913e-05
-1.463746801907814913e-05
-1.455250009498283237e-05
-1.451833741448511775e-05
-1.431947943847334406e-05
-1.419111306177197589e-05
-1.410043679759134938e-05
-1.394220047989068378e-05
-1.391979513970118103e-05
-1.379985156206476419e-05
-1.373417161419821533e-05
-1.369246303797070002e-05
-1.355650527681425511e-05
-1.339142964465837137e-05
-1.335860666878157798e-05
-1.328555892151005261e-05
-1.326224759305765330e-05
-1.321608487289894479e-05
-1.316601218331816724e-05
-1.296226002990059690e-05
-1.283529769058790910e-05
-1.277757859169100886e-05
-1.275780881639860170e-05
-1.264095945137948108e-05
-1.262135025163422443e-05
-1.256200705644559475e-05
-1.241620656381897329e-05
-1.227231859226092755e-05
-1.224053215981121725e-05
-1.221999314621082673e-05
-1.207856387201438017e-05
-1.195546468318035876e-05
-1.189417888648128438e-05
-1.181098103646459281e-05
-1.178899795283747111e-05
-1.173468297004139314e-05
-1.167213045237209602e-05
-1.154914767932315572e-05
-1.144659780738610134e-05
-1.142286027158829649e-05
-1.132930261037806981e-05
-1.127387729236256395e-05
-1.119279595717652109e-05
-1.108524643289507417e-05
-1.099728852215972438e-05
-1.098469218886571943e-05
-1.092735086591328081e-05
-1.087305441036139987e-05
-1.080372435195467340e-05
-1.076676267982395365e-05
-1.066531252507755073e-05
-1.058663383000789657e-05
-1.051146600086645158e-05
-1.043136047839081907e-05
-1.029680113390617365e-05
-1.027066058569229384e-05
-1.025067854119289390e-05
-1.019940805246644676e-05
-1.008491347106711894e-05
-1.004975521121860751e-05
-1.000986944445312302e-05
-9.961366091312312863e-06
-9.897912388484342937e-06
-9.831580918920312782e-06
-9.741113468108031370e-06
-9.678014919555355392e-06
-9.671865905222220766e-06
-9.651377755064221534e-06
-9.523149262240784900e-06
-9.469383609438363760e-06
-9.401645016689728489e-06
-9.346102534552669787e-06
-9.334342999489175454e-06
-9.228117901685893644e-06
-9.208651441133730364e-06
-9.153002059990084346e-06
-9.088046256958553449e-06
-9.038751528621625727e-06
-8.981430426499365031e-06
-8.902994122133705627e-06
-8.869923695951355711e-06
-8.812195110173256710e-06
-8.732592147031631213e-06
-8.659307974490029481e-06
-8.648943238024356262e-06
-8.620161845616736170e-06
-8.500621950123520042e-06
-8.414649380458551298e-06
-8.391297736108430241e-06
-8.371812271621251425e-06
-8.341096699820788957e-06
-8.280318111831081937e-06
-8.215740264232698067e-06
-8.152494824915113375e-06
-8.132762398554860424e-06
-8.031776011011276789e-06
-8.007607968368472351e-06
-7.973242234586171208e-06
-7.953450140210326894e-06
-7.821395547311798152e-06
-7.804478646432215741e-06
-7.750056674635088245e-06
-7.741734831929411733e-06
-7.624875941541966741e-06
-7.584485357581176524e-06
-7.582968177881435340e-06
-7.535796278984177077e-06
-7.500688047848131948e-06
-7.445636086294776098e-06
-7.388437789023496724e-06
-7.361071860955880613e-06
-7.283248466427784931e-06
-7.254989136529804258e-06
-7.229603986325093838e-06
-7.173543408540937190e-06
-7.125392971793445849e-06
-7.071635844884875188e-06
-7.006684072996766356e-06
-6.951269161532657610e-06
-6.939252624765973461e-06
-6.885352158077220245e-06
-6.846252943360740399e-06
-6.778434888191901779e-06
-6.683086176540564836e-06
-6.677446997024678226e-06
-6.645000969891972631e-06
-6.608126141963513693e-06
-6.589044189057446655e-06
-6.523418060199346618e-06
-6.449570761973676412e-06
-6.425832051523982063e-06
-6.415879698263737789e-06
-6.358861041738201743e-06
-6.311287077005407943e-06
-6.259044287850647186e-06
-6.246162602932112415e-06
-6.154063845605232261e-06
-6.127393338252513395e-06
-6.069203100502204219e-06
-6.045001106220251569e-06
-5.997658736037757772e-06
-5.914335528624210326e-06
-5.845044998445128426e-06
-5.815193758756299037e-06
-5.794873291227511338e-06
-5.720208394343901780e-06
-5.691394883870021014e-06
-5.647134097479306321e-06
-5.614637040467200608e-06
-5.548903544096615624e-06
-5.530749444443452709e-06
-5.520299994447620580e-06
-5.446878647046262865e-06
-5.373601778989955344e-06
-5.332267999650737538e-06
-5.329195526153571962e-06
-5.294191769983740848e-06
-5.251376003237011370e-06
-5.229495588607382080e-06
-5.179662290681492153e-06
-5.127619513804931803e-06
-5.076632590117965090e-06
-5.033356062273841540e-06
-5.000397916593128124e-06
-4.983612608440114951e-06
-4.967958852517410859e-06
-4.908425428893765242e-06
-4.855115132650109379e-06
-4.836337923991064333e-06
-4.756664865865105716e-06
-4.754574152874181641e-06
-4.703490154099307429e-06
-4.691423709412193356e-06
-4.626728314581201084e-06
-4.608096027203204121e-06
-4.539308665022917623e-06
-4.528975428545418470e-06
-4.496279802677824400e-06
-4.447656399022373228e-06
-4.438670956375651967e-06
-4.388809374998296656e-06
-4.320262336886315495e-06
-4.286261910792163048e-06
-4.256209138368661684e-06
-4.247135169864831178e-06
-4.191793105271538557e-06
-4.152606076786017219e-06
-4.098027416152358264e-06
-4.096534755275020215e-06
-4.062266452395523635e-06
-4.030802208734126822e-06
-3.988748452646275580e-06
-3.960697788149382796e-06
-3.908815869113899277e-06
-3.866121889539518717e-06
-3.834825340049368599e-06
-3.767285902301729035e-06
-3.759469297466282821e-06
-3.740701881874584361e-06
-3.686112497062579717e-06
-3.654173940537081155e-06
-3.647189981843586338e-06
-3.614351346229692863e-06
-3.581027881295389103e-06
-3.563567248791336140e-06
-3.486249292344219207e-06
-3.462444930221202036e-06
-3.448792719916487820e-06
-3.393440113480498621e-06
-3.379617038910607408e-06
-3.344021556275117501e-06
-3.323541256624634042e-06
-3.269687647445582938e-06
-3.249164976879954322e-06
-3.233527921451513030e-06
-3.201425921342514999e-06
-3.143543530500413291e-06
-3.115477628023158113e-06
-3.074772607695793128e-06
-3.062578585391352774e-06
-3.031112205792384704e-06
-2.999493261000826543e-06
-2.944416369836493007e-06
-2.928254974628440766e-06
-2.908904962098011249e-06
-2.874627511274049811e-06
-2.832964532793040003e-06
-2.823086758518514344e-06
-2.782287648139498391e-06
-2.753782037329448975e-06
-2.702332765450219296e-06
-2.668468504731610777e-06
-2.633089704739940203e-06
-2.622273851936938277e-06
-2.604681718803876393e-06
-2.584016095860861391e-06
-2.537302366386520347e-06
-2.526933980827452425e-06
-2.510617073948217956e-06
-2.472431398190714557e-06
-2.433262562256607356e-06
-2.392906499504844723e-06
-2.362422083900194204e-06
-2.352006728956760075e-06
-2.311418796446417287e-06
-2.291880282215524856e-06
-2.287413942096464637e-06
-2.248262173864834652e-06
-2.212362678464274130e-06
-2.194695575666667096e-06
-2.155886911789246700e-06
-2.113269046720928274e-06
-2.102414117775158227e-06
-2.070224910258392948e-06
-2.050827459260506778e-06
-2.034897413582759121e-06
-2.013650666476804020e-06
-2.009499377489164231e-06
-1.965859283796734750e-06
-1.902209810630864194e-06
-1.890960314556899189e-06
-1.829778096332981138e-06
-1.794397701902787990e-06
-1.778241453264303605e-06
-1.772685325977376080e-06
-1.767068148933334658e-06
-1.725078035031561353e-06
-1.706058807515577764e-06
-1.683892445802543072e-06
-1.678397429666608562e-06
-1.643858711268556336e-06
-1.620743112296256449e-06
-1.617531638248849352e-06
-1.580044706216129433e-06
-1.532489491011463360e-06
-1.496009643593693534e-06
-1.469246806203006492e-06
-1.447651292106640652e-06
-1.394980716884151114e-06
-1.390899788789894612e-06
-1.374595401631799420e-06
-1.353584537895657689e-06
-1.334498330310068026e-06
-1.279852911299931177e-06
-1.274891991049700425e-06
-1.244053231332298166e-06
-1.219601723385828952e-06
-1.195220738738481501e-06
-1.170722705331487994e-06
-1.137832582560045017e-06
-1.131327340252643821e-06
-1.112337067776472159e-06
-1.087298921696839770e-06
-1.043126643297905719e-06
-1.036522203949238395e-06
-9.726802159347638928e-07
-9.647117732086037671e-07
-9.288918969245679581e-07
-9.222968851801705483e-07
-8.610104457351579786e-07
-8.590409681227535093e-07
-8.234093013608439681e-07
-8.046750684921859434e-07
-8.013447074098115096e-07
-7.657063421626301778e-07
-7.472894399462467037e-07
-7.164512260158702610e-07
-6.680448625324582512e-07
-6.413338453734440789e-07
-6.177324140217100717e-07
-6.058971669461538900e-07
-5.980083805913746264e-07
-5.707904379082878701e-07
-5.485366746437919103e-07
-5.348211021334689349e-07
-5.082968227416683797e-07
-5.049676410273888836e-07
-4.739946730544316427e-07
-4.265454945438187938e-07
-4.258656302251449219e-07
-4.139610641203994641e-07
-3.962595043275744580e-07
-3.530210183100781760e-07
-3.445603762423473994e-07
-3.239827273529706058e-07
-2.924425537776596122e-07
-2.696660025933836453e-07
-2.472797141222643847e-07
-2.303612418800879130e-07
-1.923992620279763322e-07
-1.689045594092925978e-07
-1.547829925798362861e-07
-1.299762983703352927e-07
-1.183949382077702030e-07
-8.408290932674937835e-08
-6.634650605646371900e-08
-4.293254032850504301e-08
-6.610058523582375558e-09
0.000000000000000000e+00
2.344376980199462107e-09
2.084471447074480783e-08
5.452070672982653787e-08
9.492895833848786108e-08
1.144483191144457839e-07
1.523613704020571213e-07
1.751828778367257391e-07
1.925087911891558274e-07
2.045599646006217208e-07
2.501309302816447704e-07
2.685032490373844168e-07
2.834002589685716860e-07
2.922608056265640417e-07
3.229975225367329402e-07
3.392556917344560429e-07
3.645152957482028536e-07
3.758728332718870377e-07
4.074115147934701897e-07
4.368556699442567866e-07
4.617909353604481587e-07
4.741535820176243380e-07
5.069202325094493261e-07
5.419720586757784787e-07
5.531627582068883901e-07
5.745830234841183010e-07
5.778846039468959665e-07
5.889177145823767365e-07
6.456885494290131724e-07
6.645774961683279543e-07
6.915462166507350800e-07
7.217382398328285429e-07
7.568901185813539177e-07
7.826875448679122703e-07
7.986960858642398504e-07
8.217513620530677528e-07
8.498481763027063390e-07
8.684710914499308595e-07
8.905419633599932967e-07
9.218823110011873409e-07
9.344772997445409382e-07
9.402392026431935398e-07
1.001259560906696994e-06
1.024503562879197646e-06
1.044843930498713564e-06
1.066980151856763246e-06
1.089095406575812087e-06
1.127795038364474069e-06
1.152466401623017049e-06
1.194112267405776277e-06
1.207389039405832142e-06
1.216858768213312631e-06
1.230287751072181641e-06
1.277028498002427436e-06
1.289120792106524034e-06
1.304901470654621820e-06
1.371152278503936108e-06
1.378645094246065101e-06
1.385735281009193802e-06
1.421328407305956004e-06
1.446672531188401772e-06
1.463631492661628390e-06
1.500205797463065936e-06
1.529755960310850362e-06
1.542791978873073693e-06
1.568602768713543717e-06
1.582930743119581090e-06
1.607052439673346076e-06
1.651531142940616833e-06
1.683305619582127198e-06
1.703115858705287889e-06
1.736629466736303270e-06
1.743617292572303067e-06
1.760605113097507410e-06
1.821419145562098617e-06
1.852552154932644401e-06
1.882546226760058705e-06
1.933855766715220724e-06
1.944031819523968075e-06
1.968190317041360178e-06
2.008184550957405749e-06
2.041745193953139291e-06
2.094023612389435977e-06
2.115308745128784749e-06
2.132178748409096674e-06
2.174307024271918908e-06
2.205696405837661262e-06
2.210067303445908531e-06
2.259887390992587040e-06
2.303899772761957908e-06
2.322890006846769294e-06
2.343837665523785749e-06
2.381796292605492081e-06
2.403634775658683095e-06
2.445356927465472607e-06
2.454128432494435733e-06
2.467125063229958885e-06
2.485168163421399068e-06
2.539667399914599936e-06
2.552602537517090869e-06
2.602332527921759456e-06
2.634421278550115743e-06
2.674344699932143244e-06
2.698256546809025083e-06
2.718538146555564662e-06
2.748256168169700764e-06
2.759778777468302299e-06
2.794240456310718445e-06
2.808179746886740232e-06
2.839858590513978362e-06
2.862615046078568734e-06
2.875006001202912314e-06
2.916875998324568565e-06
2.954179381143001269e-06
3.007420958465215271e-06
3.029644318364403536e-06
3.069031198919896473e-06
3.080636383961075496e-06
3.114749858199712399e-06
3.153653191032567683e-06
3.178771026205356883e-06
3.193129124348704993e-06
3.250420982983287012e-06
3.277007122477677801e-06
3.312788119644973303e-06
3.361718549344787077e-06
3.408743806648493458e-06
3.433802754502353312e-06
3.440183556127844979e-06
3.473476248775903879e-06
3.528041556817504861e-06
3.551761479753003132e-06
3.590246032790428340e-06
3.651491355331381928e-06
3.656533003097753559e-06
3.698628301494817276e-06
3.700593623843811719e-06
3.726538802181654009e-06
3.769126261719155025e-06
3.788240632930988744e-06
3.813961714011732741e-06
3.844060420029913988e-06
3.871269025586141161e-06
3.905209285127573340e-06
3.918250134964437630e-06
3.975741597564104375e-06
3.980385537738042240e-06
4.028230447547031499e-06
4.107785488687659208e-06
4.129680113966577881e-06
4.169029341545440773e-06
4.256445582932624769e-06
4.290600669273073937e-06
4.320520389920671159e-06
4.349800535864225369e-06
4.372037846435272537e-06
4.389198181148225169e-06
4.418831190293369655e-06
4.489659084297060168e-06
4.525101047101362925e-06
4.577733738800962412e-06
4.622143268826008754e-06
4.659475084354243431e-06
4.688357537049901564e-06
4.764675501981020277e-06
4.769708816755949005e-06
4.799830929116001210e-06
4.832522134913153963e-06
4.889932324841658013e-06
4.919799595773919825e-06
4.933074362603985527e-06
5.015041148292632971e-06
5.055348260057431219e-06
5.090398511770655774e-06
5.140462717072535160e-06
5.161553606597667616e-06
5.183744955709520261e-06
5.203680875461346677e-06
5.276152696153304406e-06
5.288324162267230450e-06
5.301954878953094415e-06
5.363619071058377537e-06
5.399336212798169929e-06
5.417551945313799532e-06
5.457505249594496567e-06
5.479344189341486723e-06
5.545028287240581149e-06
5.589037444818317753e-06
5.660624642604965210e-06
5.702027147669250161e-06
5.768636107867454837e-06
5.797902400611448760e-06
5.810640052902998876e-06
5.846577285350905988e-06
5.919980414633134644e-06
6.003893620023611427e-06
6.016677064776094095e-06
6.044485564304230563e-06
6.105004456302038461e-06
6.133150857567262970e-06
6.169885585765686140e-06
6.193751913691876253e-06
6.233888680221536552e-06
6.268938552435471820e-06
6.302283301725828549e-06
6.383796457950206577e-06
6.409523704961539744e-06
6.478231793034621307e-06
6.487581121445394447e-06
6.538657002392322213e-06
6.581322488459329277e-06
6.621150486807593805e-06
6.654951883964439198e-06
6.674951060327476032e-06
6.747996138479401789e-06
6.786468133237131609e-06
6.826334054282021575e-06
6.901939360331751878e-06
6.920102438425645686e-06
6.951838975366902180e-06
7.021396614111461085e-06
7.053969916482467704e-06
7.086394783320804261e-06
7.153444992816061750e-06
7.177423717353161541e-06
7.209245171506319878e-06
7.252698158327320129e-06
7.287330386596462381e-06
7.377821112161624305e-06
7.390319641827196057e-06
7.452753539116226633e-06
7.527474868046269415e-06
7.554600750278982184e-06
7.637415241530845337e-06
7.639051641250397835e-06
7.732096286269161156e-06
7.771812449892458071e-06
7.818404753701526405e-06
7.823701788458064697e-06
7.845245451609111231e-06
7.922438754466982314e-06
7.948541503738260042e-06
8.040864530444058968e-06
8.083460862488232643e-06
8.183700593474070814e-06
8.220529522073684718e-06
8.257009732475178746e-06
8.281116252169026573e-06
8.351573122934879921e-06
8.486818553942223001e-06
8.510873557230605371e-06
8.545426040200750168e-06
8.590541689468751514e-06
8.655253526707930797e-06
8.668009959025660098e-06
8.704150102136922105e-06
8.784553075156976236e-06
8.857529978214368380e-06
8.894367555653192065e-06
8.947853323755612363e-06
9.114423774606759753e-06
9.169105220500564177e-06
9.186353349902887054e-06
9.249602445272383564e-06
9.290534503803064037e-06
9.307362364126654596e-06
9.369793529751981647e-06
9.452314549616075285e-06
9.534047324013113597e-06
9.572092526796479060e-06
9.665015488354122521e-06
9.698153873755948555e-06
9.719136419320485837e-06
9.793800633996620035e-06
9.856231559809670739e-06
9.938780059899102827e-06
9.957762253741130911e-06
1.005362286862793530e-05
1.012142263743405276e-05
1.015310446509951349e-05
1.017519130939038915e-05
1.028769173510290685e-05
1.033458388804962948e-05
1.041568085227788151e-05
1.043902529716101937e-05
1.050343372939025598e-05
1.058008945499978581e-05
1.067954744160743403e-05
1.070493698072368768e-05
1.080517771697059595e-05
1.082762939734938173e-05
1.089999178069872179e-05
1.098929500991793550e-05
1.103767642028316462e-05
1.116246065205284326e-05
1.126171215534021528e-05
1.132297355255343993e-05
1.140364121147080554e-05
1.145249175160183245e-05
1.150373298743955503e-05
1.161362338980995758e-05
1.164276709969297705e-05
1.171881510230133226e-05
1.174455309107200241e-05
1.182434351744393400e-05
1.193269364786603237e-05
1.198756820011754367e-05
1.206259814500719033e-05
1.210959062291493549e-05
1.217021039565986712e-05
1.231322070177710586e-05
1.246313972179778194e-05
1.248209472446832221e-05
1.254408812335836959e-05
1.267594057360668624e-05
1.276176635373148809e-05
1.285631854529476480e-05
1.292652916092474370e-05
1.303806398289263100e-05
1.312009253505016859e-05
1.322570744260261985e-05
1.330311971877220130e-05
1.339646348046187358e-05
1.342986179030205665e-05
1.352182022433257601e-05
1.358508761495482967e-05
1.364118471794348489e-05
1.370549969118513615e-05
1.373327613069579849e-05
1.392166028426544612e-05
1.402273914254512872e-05
1.409375971189381937e-05
1.420559108337216758e-05
1.422932534058381268e-05
1.432099644540963900e-05
1.445633024989536456e-05
1.452754948874137510e-05
1.466175330833090485e-05
1.482842868949870883e-05
1.495190210857359162e-05
1.496740726532243287e-05
1.510661893421764320e-05
1.519754879510716391e-05
1.530871991751231581e-05
1.535829727315785617e-05
1.551206362634254359e-05
1.557865063349326158e-05
1.569373582767932617e-05
1.574963627613291454e-05
1.588187696203522599e-05
1.596652343337185776e-05
1.608919199224816436e-05
1.614797532630776083e-05
1.626182728030881440e-05
1.646366762938214549e-05
1.653881646941653043e-05
1.663968593704320316e-05
1.675395733262118329e-05
1.691661388261536024e-05
1.693313549884920002e-05
1.710321845971616311e-05
1.740737263346568063e-05
1.747794471465386558e-05
1.756057587001356521e-05
1.766805647104077240e-05
1.784272020814028380e-05
1.789257937825986712e-05
1.807180804277360247e-05
1.834226069943313916e-05
1.845775773039179117e-05
1.862418275484266166e-05
1.875950403598716697e-05
1.910158115470165862e-05
1.923770422757116092e-05
1.944736308370164266e-05
1.951184068812588805e-05
1.955451231570770241e-05
1.985046986546160013e-05
1.997526562289768468e-05
2.015601869665226012e-05
2.032344850087612541e-05
2.077580157655917049e-05
2.089961494758450344e-05
2.125013954845798218e-05
2.155799725552192645e-05
2.221475627429542041e-05
2.229727590305620349e-05
2.280441063261619462e-05
