-2.276264580665808944e-05
-2.205120894659686086e-05
-2.165728927331708476e-05
-2.150451757483839841e-05
-2.130779262042359806e-05
-2.072197542337490131e-05
-2.056413436673431035e-05
-2.024099614420179653e-05
-2.006754364870574073e-05
-1.993690897122711759e-05
-1.979110594109615050e-05
-1.963269867418145493e-05
-1.935685701474793119e-05
-1.931481599374109794e-05
-1.906885479656059563e-05
-1.881466627233688627e-05
-1.863735796959082322e-05
-1.837553842504356335e-05
-1.815324750268204263e-05
-1.808010085942082435e-05
-1.806498188867718187e-05
-1.793790612267765494e-05
-1.788270953465879933e-05
-1.773448724236156648e-05
-1.745768419952057937e-05
-1.730408671080193217e-05
-1.716887001437734971e-05
-1.701882648556142175e-05
-1.698859560851398003e-05
-1.681618073692795639e-05
-1.669173984715972925e-05
-1.660170749267802815e-05
-1.641148388210986281e-05
-1.622962638414185811e-05
-1.618622762368443827e-05
-1.606275434751151500e-05
-1.600480310009420984e-05
-1.580605800405921510e-05
-1.564767091192851260e-05
-1.555929420991158862e-05
-1.535988601814452668e-05
-1.531929113935916585e-05
-1.528764247629100441e-05
-1.513914970484101596e-05
-1.507939660983373948e-05
-1.497427112986814071e-05
-1.488175929360756742e-05
-1.477067641321169617e-05
-1.469661296158016244e-05
-1.455254183474583870e-05
-1.451620498360751744e-05
-1.440949521628986597e-05
-1.428963872813779049e-05
-1.417266459542511255e-05
-1.407104385147536969e-05
-1.394459363717219923e-05
-1.390863941745030925e-05
-1.385957215104460277e-05
-1.368377312958113025e-05
-1.365099370948059652e-05
-1.354256828216672793e-05
-1.350068670248463627e-05
-1.337972344402619863e-05
-1.330933295587697302e-05
-1.326487877995061156e-05
-1.321095389065128071e-05
-1.311970151361006428e-05
-1.306000548151082459e-05
-1.294486833561932714e-05
-1.288822016421239308e-05
-1.277583259067290795e-05
-1.270832375054900093e-05
-1.258813639270096349e-05
-1.253899130747868082e-05
-1.247582412106371105e-05
-1.245745401130133524e-05
-1.224478515268338998e-05
-1.221826471822396366e-05
-1.214818542668065394e-05
-1.201993638891005322e-05
-1.190990812345510744e-05
-1.187624601779794173e-05
-1.186289003552835704e-05
-1.171200226606020733e-05
-1.161467074044207422e-05
-1.158205706013503751e-05
-1.157618699115754913e-05
-1.149757760494873906e-05
-1.140155666600203072e-05
-1.129484341904790893e-05
-1.123319913681674783e-05
-1.117705059579647665e-05
-1.112141627975778640e-05
-1.104484067417027105e-05
-1.098465032522274865e-05
-1.092904490942663615e-05
-1.090775672630273797e-05
-1.078756495302880175e-05
-1.075966603480151245e-05
-1.071705087877756964e-05
-1.062191006018435711e-05
-1.056531450970133089e-05
-1.045166762297742339e-05
-1.042549707448563336e-05
-1.041544828996285749e-05
-1.034596989649425620e-05
-1.027587629760421829e-05
-1.024583669297162972e-05
-1.019066685915500434e-05
-1.008990513660951617e-05
-1.006633111976336430e-05
-1.001101840915426135e-05
-9.826526059229421882e-06
-9.740211199667512791e-06
-9.715576663988295531e-06
-9.645492820148130836e-06
-9.549328996951199296e-06
-9.490043276880835122e-06
-9.441646755060053615e-06
-9.396877570971128707e-06
-9.291310300630013761e-06
-9.243308932638166355e-06
-9.227654782895181108e-06
-9.167085657346662456e-06
-9.063261085989931092e-06
-9.013270714129647734e-06
-8.997052357543029944e-06
-8.934988582004024554e-06
-8.874858916747620059e-06
-8.859585128944099641e-06
-8.760870963653016733e-06
-8.709388516529670296e-06
-8.657765473717269979e-06
-8.605989837875840261e-06
-8.578493766196925577e-06
-8.545601856507050790e-06
-8.408200102011334119e-06
-8.365656272316099982e-06
-8.316543961704716620e-06
-8.250077927405209636e-06
-8.217714876842244958e-06
-8.184642997082829200e-06
-8.173914983489859938e-06
-8.074180013459987114e-06
-8.058032406008428612e-06
-8.008080740600107222e-06
-7.940846085765427726e-06
-7.932146412322232563e-06
-7.826444871486629715e-06
-7.772364537638906692e-06
-7.669433248335484455e-06
-7.642963207175193911e-06
-7.601462786898826771e-06
-7.582718374411465946e-06
-7.514289150527511813e-06
-7.496783369324543293e-06
-7.423879997613602894e-06
-7.348524684510063122e-06
-7.309210180694784194e-06
-7.294562937615973502e-06
-7.234342757087338747e-06
-7.200293624582657097e-06
-7.160298898203678283e-06
-7.110724262681604532e-06
-7.063134155967818676e-06
-7.015596761736162063e-06
-6.962920387916393315e-06
-6.874335698562833155e-06
-6.861747525931448475e-06
-6.834166220071725483e-06
-6.793499273820244321e-06
-6.764224649732628779e-06
-6.643247260034711515e-06
-6.593769906400306261e-06
-6.540034442880928941e-06
-6.495955848520785577e-06
-6.461696033863233949e-06
-6.457060372542028464e-06
-6.436806895753791624e-06
-6.371481407492854488e-06
-6.317315524224016968e-06
-6.274882220327274191e-06
-6.245643968640634108e-06
-6.202887158433526437e-06
-6.130143005301035524e-06
-6.086983050015568937e-06
-6.062492800731419843e-06
-6.055618171637603251e-06
-5.971992020880121460e-06
-5.912984286661452193e-06
-5.865205062543158312e-06
-5.807354390183632946e-06
-5.770781881831011005e-06
-5.747667129575330742e-06
-5.705007079893493090e-06
-5.651772745477787101e-06
-5.638293852032332110e-06
-5.608591522992649266e-06
-5.555466732302343778e-06
-5.518591234035281624e-06
-5.492970682950671582e-06
-5.454134510319273020e-06
-5.427483405354361279e-06
-5.374300250441484798e-06
-5.285700194036771949e-06
-5.263030452117642054e-06
-5.203491177350060821e-06
-5.163696533955970939e-06
-5.110982960232523125e-06
-5.106166103204084000e-06
-5.088331818808143190e-06
-5.041036049975311325e-06
-4.977549128955725598e-06
-4.963252404100492958e-06
-4.943739438550925379e-06
-4.912712259623150378e-06
-4.906432621659643644e-06
-4.839835738244813337e-06
-4.814770238117894152e-06
-4.785689457056441997e-06
-4.753738269035742802e-06
-4.724223090565121032e-06
-4.633114960903743292e-06
-4.625989603189650600e-06
-4.583398351671017464e-06
-4.501067282018056722e-06
-4.488776158057049605e-06
-4.443407181128573031e-06
-4.400630289247639322e-06
-4.349565214895052999e-06
-4.309318106904525953e-06
-4.293577075898523889e-06
-4.269329258459539914e-06
-4.232200195417323682e-06
-4.204814519925227434e-06
-4.193034972894831589e-06
-4.138975058520927421e-06
-4.104045372807239187e-06
-4.096153370830318338e-06
-4.069155101255290237e-06
-4.005705233704766418e-06
-3.999223062206805407e-06
-3.982442970642058596e-06
-3.933522461015456407e-06
-3.898966977538784342e-06
-3.844372328110910051e-06
-3.828710138577587116e-06
-3.756135813905505877e-06
-3.704368721463723846e-06
-3.679164917622137620e-06
-3.643374628044127875e-06
-3.628796450503292924e-06
-3.582997387641484508e-06
-3.568305890513488500e-06
-3.517980305108107293e-06
-3.502926448267800233e-06
-3.499590689421193403e-06
-3.454706871137192843e-06
-3.417772745390507854e-06
-3.371180150066466467e-06
-3.353705201435833062e-06
-3.329443870385114061e-06
-3.298584305109295401e-06
-3.277142380806791609e-06
-3.258542065576774625e-06
-3.187003681372647330e-06
-3.152362392350931296e-06
-3.136384752130535728e-06
-3.071668117315396557e-06
-3.050861022440798637e-06
-2.999108722948334583e-06
-2.977149549861749197e-06
-2.913388126281736124e-06
-2.896192613259767321e-06
-2.889327200454381090e-06
-2.845697675261802486e-06
-2.815156155895331235e-06
-2.804369514422861659e-06
-2.763794928481481834e-06
-2.744350584926989715e-06
-2.706490718453188297e-06
-2.655055239276986703e-06
-2.599642885646586505e-06
-2.592005637687032589e-06
-2.543882327115808737e-06
-2.513659325713753912e-06
-2.485086223881597222e-06
-2.457651413892087931e-06
-2.438039222186396346e-06
-2.397069087809656011e-06
-2.381689914586043931e-06
-2.366118217040555519e-06
-2.356586985270048638e-06
-2.316203417029721918e-06
-2.298172447685294098e-06
-2.293218956615619378e-06
-2.231052844487503198e-06
-2.223855462908633854e-06
-2.189879303629638532e-06
-2.161596776216200433e-06
-2.109764363389842796e-06
-2.096693406292918165e-06
-2.072846002883674837e-06
-2.036149704461160911e-06
-2.006661263870643116e-06
-1.981347097115535765e-06
-1.973757854987219293e-06
-1.955480922081214995e-06
-1.920824750356919450e-06
-1.878535345781129006e-06
-1.867398218830812902e-06
-1.828470714837108272e-06
-1.797179316399029661e-06
-1.781552341493537336e-06
-1.757790734388066644e-06
-1.714953878889786167e-06
-1.685037271823705402e-06
-1.663879667788865187e-06
-1.620382623303633724e-06
-1.614710586404466325e-06
-1.597679963288156183e-06
-1.587982345250556891e-06
-1.566471206539419490e-06
-1.536112142530642421e-06
-1.503986055758020206e-06
-1.486275222730595534e-06
-1.462590458290092787e-06
-1.415401250675963754e-06
-1.411193322431444973e-06
-1.364943982476301592e-06
-1.358451561858459782e-06
-1.297812987222859115e-06
-1.277899648430281800e-06
-1.252267857382967138e-06
-1.215143910261834252e-06
-1.208177365607172361e-06
-1.184105081807527043e-06
-1.148181739729971310e-06
-1.124704080786866698e-06
-1.112656197164776053e-06
-1.090392800490969629e-06
-1.069229312141962820e-06
-1.055441712637069993e-06
-1.028848228633934528e-06
-1.006551936569674502e-06
-9.731858688118819676e-07
-9.241923992162527388e-07
-9.216169109853286826e-07
-9.107263561743074356e-07
-8.848557940393232263e-07
-8.577012465959636243e-07
-8.207270382967789240e-07
-7.929173297998403291e-07
-7.614026810222229810e-07
-7.484807076067255839e-07
-7.460894141104113512e-07
-7.261283655604725983e-07
-6.881663783246086920e-07
-6.796033930758435918e-07
-6.584586364616860116e-07
-6.361782516175952581e-07
-6.086914900592040410e-07
-5.844404073807790077e-07
-5.617093789150409964e-07
-5.480773391628012714e-07
-4.841360601140747917e-07
-4.614655352580893691e-07
-4.501743548671607582e-07
-4.323287806016755362e-07
-4.090430158607866383e-07
-3.653900297298608324e-07
-3.415381651645893415e-07
-3.210569264620805177e-07
-3.166357770791035489e-07
-3.100356924406403882e-07
-2.607799430953059121e-07
-2.343865818553081764e-07
-2.033591532744714582e-07
-1.927357000826559994e-07
-1.423684339248632880e-07
-1.173836583102131686e-07
-1.115324611458429803e-07
-9.282193286522247732e-08
-6.875560515069300472e-08
-5.190869587151468480e-08
-1.907970051914910043e-08
-2.541854227391418823e-09
0.000000000000000000e+00
6.182684287754362089e-09
1.643846328865839276e-08
6.929580519250477555e-08
7.780440952320702482e-08
1.192077541144904909e-07
1.641821241303764301e-07
1.686014960800013765e-07
1.832111158556953734e-07
2.257595552727072387e-07
2.588048499592583825e-07
2.689618950556712797e-07
2.840230648478298155e-07
3.114240430545922995e-07
3.214902452989901805e-07
3.326920138163159787e-07
3.765096072388825925e-07
3.965388978367109492e-07
4.141146703216295738e-07
4.435233118397066254e-07
4.610827148134436390e-07
4.923989786429900561e-07
5.136849420922158004e-07
5.254655058942113120e-07
5.425809236252666374e-07
5.745038188993671380e-07
5.843711622951153488e-07
6.065451924562835902e-07
6.384444628455158362e-07
6.702849858616364519e-07
7.029857113135637915e-07
7.196377015717053400e-07
7.506390563754016873e-07
7.678969314123197288e-07
7.790964883880455401e-07
8.004139151467693883e-07
8.350346652375452169e-07
8.590245472324947173e-07
8.658954391682826991e-07
8.991527670742933457e-07
9.317177202065479475e-07
9.658985359575796602e-07
9.824656782132349603e-07
1.013362248922060126e-06
1.037374730959615309e-06
1.067993187958038458e-06
1.102122593334266631e-06
1.117033232490395563e-06
1.133361660882025008e-06
1.145789222116970143e-06
1.196263700517985126e-06
1.204516970210556094e-06
1.256659445522160584e-06
1.269422240303327442e-06
1.279548041625386323e-06
1.298555418621926322e-06
1.330621389664332595e-06
1.341901677631720203e-06
1.405054069060068018e-06
1.439336245637266516e-06
1.468076191409979724e-06
1.478272239764208250e-06
1.494375411568581554e-06
1.520117072038684791e-06
1.568268941567519245e-06
1.605032211890916817e-06
1.630636850132975442e-06
1.654694044695725977e-06
1.662462257181648287e-06
1.698065343278254405e-06
1.708672647188436065e-06
1.739428863564497918e-06
1.795201924275823335e-06
1.818703078220530529e-06
1.846792344943639187e-06
1.856552100810302878e-06
1.874213487739715033e-06
1.913850521396637139e-06
1.967420806987972754e-06
1.989914893586717194e-06
2.018505512351221271e-06
2.034912385320795648e-06
2.073264753301098674e-06
2.120896287545350805e-06
2.147659995251846649e-06
2.153728823557952323e-06
2.201122797003918362e-06
2.214762025125911608e-06
2.240923737831505597e-06
2.279162796344629185e-06
2.301391982227325464e-06
2.317195772373736704e-06
2.329373439173385514e-06
2.351967778736359089e-06
2.397121114198417076e-06
2.427634099134988657e-06
2.446463263160159566e-06
2.483340949273308524e-06
2.529498964621802373e-06
2.539500709292344872e-06
2.565090162402872911e-06
2.592573682325761668e-06
2.617542732523711507e-06
2.643491320264835478e-06
2.695681599352973597e-06
2.717286614621111632e-06
2.745815916173883332e-06
2.787354976901256959e-06
2.819118156761234904e-06
2.854398079559774068e-06
2.866226924529980914e-06
2.935549486050455040e-06
2.951347639878592263e-06
2.991674188119248738e-06
3.013788879522971111e-06
3.042794450659120693e-06
3.066963052454460958e-06
3.096277959627010306e-06
3.125895395271289754e-06
3.173409593901812624e-06
3.196813573211145872e-06
3.203031993978277300e-06
3.231322729561095859e-06
3.249818766847802784e-06
3.280774894950199635e-06
3.308333021336276294e-06
3.335577531147317881e-06
3.445931573882447800e-06
3.468904061697816825e-06
3.520608698582467513e-06
3.575382083685083229e-06
3.588319445271632175e-06
3.649023201185318009e-06
3.676551500154554202e-06
3.705216644689419952e-06
3.740672941967513668e-06
3.756939897932407271e-06
3.789548896281947001e-06
3.808901091172545595e-06
3.856822084538399689e-06
3.877646171067812430e-06
3.904393514652639970e-06
3.918580394055409382e-06
3.963599662632120665e-06
3.989065033611911166e-06
4.014182212146584868e-06
4.061409585980294232e-06
4.106886353556933860e-06
4.171170067105857862e-06
4.194176436497257549e-06
4.239186031524494493e-06
4.253643437360228016e-06
4.296093214451181830e-06
4.327514229142586474e-06
4.355962773325507824e-06
4.392419121556248953e-06
4.416306718094697844e-06
4.478184114272742422e-06
4.522460751224432321e-06
4.539553584091902962e-06
4.564484612969270563e-06
4.585731705596224069e-06
4.642570388154410690e-06
4.671558675998576884e-06
4.708477512460287505e-06
4.763413054285030951e-06
4.810991524375790758e-06
4.857409725012058241e-06
4.866597565654661260e-06
4.931794211213898915e-06
4.955415238103645946e-06
4.963840093160526592e-06
5.081699901125512013e-06
5.109250583934837585e-06
5.109777368960595331e-06
5.164791465061066775e-06
5.178125114039156497e-06
5.233366432725263429e-06
5.243015604806849587e-06
5.287060280620547004e-06
5.338268622740932846e-06
5.391421900337578194e-06
5.418127559776152778e-06
5.437759048236075226e-06
5.471608700126090231e-06
5.505007242647431784e-06
5.573809512267125065e-06
5.600299959830468309e-06
5.645764962505774350e-06
5.687229794336453159e-06
5.723179762253496384e-06
5.761959739041100388e-06
5.797601945108613283e-06
5.845283639144093235e-06
5.895273095007228194e-06
5.925979695954272640e-06
6.020892639834027082e-06
6.070602637678193116e-06
6.094240771059912135e-06
6.138206363143048883e-06
6.168331684010293184e-06
6.232668270425659410e-06
6.273610973844263416e-06
6.309492415809638579e-06
6.322997792743483908e-06
6.414398383127982981e-06
6.437948228218295476e-06
6.465573686630215412e-06
6.505033142678058899e-06
6.533769693243019774e-06
6.568467672795441361e-06
6.604304273120086574e-06
6.663394285203813001e-06
6.678183313421904354e-06
6.751241512744572951e-06
6.790507384639165274e-06
6.867148032859511894e-06
6.887107284961817183e-06
6.918066754051370204e-06
6.960279218218072744e-06
7.021427077140275524e-06
7.067422211119987807e-06
7.087550164455095318e-06
7.112608806019958066e-06
7.134352806598569329e-06
7.216699484952931663e-06
7.253366799867993024e-06
7.307372965701342210e-06
7.343278148465257827e-06
7.398610695435226838e-06
7.463481573970282760e-06
7.491606286128052450e-06
7.518292505233382035e-06
7.578879568601102835e-06
7.587673149708441532e-06
7.693718779701378180e-06
7.706776611568407834e-06
7.744037073529991911e-06
7.866432768751911194e-06
7.929759814853661824e-06
7.992186966743398307e-06
8.028447443885103178e-06
8.110236577772654871e-06
8.127488720384919998e-06
8.177119001618097542e-06
8.217093791442019581e-06
8.290018034202293725e-06
8.326412280238978584e-06
8.362352099263945377e-06
8.413337325869481187e-06
8.482682915965464326e-06
8.522941066585906937e-06
8.579177136082966054e-06
8.621065312938403118e-06
8.672482934613673367e-06
8.737818127703600427e-06
8.792710742268040091e-06
8.833937396453875776e-06
8.909146907554194993e-06
8.924810308163043038e-06
9.010368115420770195e-06
9.039564626061479379e-06
9.108372613300870738e-06
9.187905651195119131e-06
9.206164961505821289e-06
9.260192590475910005e-06
9.330671308007574148e-06
9.374422549397756440e-06
9.482920587765992766e-06
9.506327682852936959e-06
9.571446993809440843e-06
9.620615587870164309e-06
9.671587767307218066e-06
9.722396952674473947e-06
9.771654335939742420e-06
9.797054252597107659e-06
9.890107848478279761e-06
9.954782549752845506e-06
9.987301925996304046e-06
1.008945228156438455e-05
1.014417622482935404e-05
1.020234502813685934e-05
1.027634092258528556e-05
1.029697715359881870e-05
1.033001956976967971e-05
1.041727696388843397e-05
1.047425580979504707e-05
1.054232484887045276e-05
1.058074176769613040e-05
1.074739503618659543e-05
1.079532189230114309e-05
1.092176938063561149e-05
1.094630202569074241e-05
1.107448831032436509e-05
1.112096325298532380e-05
1.114394650409654849e-05
1.122356618573388210e-05
1.128041228171726708e-05
1.140339808890056437e-05
1.141712556049845337e-05
1.151869841442877729e-05
1.164963819478417429e-05
1.173096974908530496e-05
1.179099342954419076e-05
1.186324703088207122e-05
1.194891897740613173e-05
1.195389702306183162e-05
1.202770088638656221e-05
1.207061475931102622e-05
1.212302296551564231e-05
1.226225434599157508e-05
1.235894439341378486e-05
1.246049715778613141e-05
1.252815084640852607e-05
1.258452702006593954e-05
1.263524449712372579e-05
1.273404115574869398e-05
1.276166111172787426e-05
1.287573144965789162e-05
1.295337750569710681e-05
1.300895788685108282e-05
1.310372910796425831e-05
1.318508438146886849e-05
1.323506199853104067e-05
1.336538677123915927e-05
1.346267395894596095e-05
1.362865656112796204e-05
1.365801096279536065e-05
1.382391086889270659e-05
1.391598568057844301e-05
1.393116374658086567e-05
1.405743913441264327e-05
1.417524235135155110e-05
1.419331777123890257e-05
1.429039347518925485e-05
1.444335890136949394e-05
1.452783142781114397e-05
1.461763477187503295e-05
1.467204275899886930e-05
1.475258721225130598e-05
1.482404674594994102e-05
1.495225314135468163e-05
1.499172717030364274e-05
1.512536954043239857e-05
1.526989852875111395e-05
1.536174724628414768e-05
1.542292063315675441e-05
1.547121819919654282e-05
1.552873210435969388e-05
1.572652264463521340e-05
1.585843723369081840e-05
1.593474819870118299e-05
1.601102022356402048e-05
1.616383138951459663e-05
1.630596865224650144e-05
1.646303516913582402e-05
1.652722417344219889e-05
1.663403056832649248e-05
1.678101611948012417e-05
1.685664211224178130e-05
1.715662682806353139e-05
1.725724652278074300e-05
1.740232721175213640e-05
1.744811694010286104e-05
1.764177087855214673e-05
1.778456791610141528e-05
1.788087826817599452e-05
1.796184691169234286e-05
1.817079368522255919e-05
1.838693584822573989e-05
1.839651047158714158e-05
1.869451246530238919e-05
1.890262585344761176e-05
1.894936322873043994e-05
1.905236319809849513e-05
1.930262605091626339e-05
1.946401447022873838e-05
1.962518136481123342e-05
1.980121286919318813e-05
2.007845869234086786e-05
2.034148438803230635e-05
2.056720467312027752e-05
2.078379826928051564e-05
2.121084476918883450e-05
2.131282080058484360e-05
2.171005702328957722e-05
2.179791509908669462e-05
2.217181213733663073e-05
