-6.931338771770817090e-06
-6.741788706388205243e-06
-6.364235604922580629e-06
-5.974202000966538248e-06
-5.914152098310331421e-06
-5.797656962984860388e-06
-5.764802163204217701e-06
-5.438510301023243106e-06
-5.367190729008310006e-06
-5.325193005267941293e-06
-5.189246527001046209e-06
-5.050269017823330748e-06
-4.936664000412707016e-06
-4.850036124770106586e-06
-4.755014560826927440e-06
-4.674479859676045567e-06
-4.615915695337817072e-06
-4.569278394821714075e-06
-4.525582082938972800e-06
-4.422573607925274536e-06
-4.328996310399325987e-06
-4.259332983896480116e-06
-4.215005556018246487e-06
-4.063489512964703825e-06
-4.016068023979983361e-06
-3.921296629940274753e-06
-3.895765458459943011e-06
-3.860865211831250044e-06
-3.785636619313662415e-06
-3.697352735997429708e-06
-3.627349469264820370e-06
-3.613082830696798472e-06
-3.499335348718090398e-06
-3.466154290079756566e-06
-3.364561390744288975e-06
-3.306286101264876824e-06
-3.280555164189017913e-06
-3.204589520238415935e-06
-3.131942904710233551e-06
-3.069188198336413055e-06
-3.048166712876335041e-06
-2.997845648738200129e-06
-2.923114525885724649e-06
-2.875360288263283224e-06
-2.806089119251790850e-06
-2.762171040110040146e-06
-2.741067300443854019e-06
-2.699944721135676144e-06
-2.578046893500556118e-06
-2.534869090469614092e-06
-2.530395382179946145e-06
-2.491424673585542457e-06
-2.374396588655869037e-06
-2.346973976631066414e-06
-2.307503710886036321e-06
-2.229787505417155798e-06
-2.184585985940451467e-06
-2.136757564471434221e-06
-2.115060715072777270e-06
-2.081087600352616201e-06
-2.066770996094145261e-06
-2.011527413965253706e-06
-1.977312414195507947e-06
-1.924409174828702922e-06
-1.850036874355597988e-06
-1.800673185186537622e-06
-1.748873328876085242e-06
-1.705799332622559846e-06
-1.635861099290573913e-06
-1.612157905808974991e-06
-1.579209984394986140e-06
-1.557349329706687006e-06
-1.527298499577782276e-06
-1.480302344514930036e-06
-1.444204443088533576e-06
-1.404308602356975171e-06
-1.333450945462696041e-06
-1.320782178823232445e-06
-1.286284799779589953e-06
-1.202954327526225765e-06
-1.176211424753686316e-06
-1.146386218001483501e-06
-1.117187711341055350e-06
-1.068563492924593368e-06
-1.035520296101435384e-06
-1.025108575750716849e-06
-9.640175260357367945e-07
-9.396300208989461377e-07
-9.197759491574182845e-07
-8.754596278194716623e-07
-8.466467818416059515e-07
-8.320752413566039598e-07
-7.861807225844806209e-07
-7.353919052161657176e-07
-7.012057207293511154e-07
-6.858116800747962693e-07
-6.328624149955328964e-07
-6.129185233079378230e-07
-6.079763838187888756e-07
-5.865244305982038004e-07
-5.512019438874119274e-07
-5.449892080601751238e-07
-5.125758470537410883e-07
-4.299046137907918220e-07
-4.035990062009732128e-07
-3.850790522774532189e-07
-3.512270848599104017e-07
-3.401636051352867765e-07
-3.019243920422619579e-07
-2.634897072881661490e-07
-2.468666229598870791e-07
-2.047898741630011036e-07
-2.014427465668825086e-07
-1.458890852642868073e-07
-1.239870934869889176e-07
-9.348824205843459361e-08
-8.979846547377264616e-08
-5.612008699585945169e-08
-3.296820005431057338e-08
-2.883100012956873261e-09
-2.812414082764635814e-23
3.975150079044049921e-09
2.543244050024987355e-08
5.563534236772701058e-08
6.566579846293977818e-08
7.296649974969510059e-08
1.052855649907450575e-07
1.419742306917216595e-07
1.598386579795801628e-07
1.935670124458892799e-07
2.058453992160099115e-07
2.472907722965064581e-07
2.583053169726173779e-07
2.860954536414947619e-07
3.586553324674928537e-07
4.070403860695952920e-07
4.155849121216577511e-07
4.273645277837692678e-07
4.763918186193715842e-07
4.898739611671368064e-07
5.597004121799715534e-07
5.919207333370788073e-07
6.310386073634413441e-07
6.356431056813407892e-07
6.670415590894442573e-07
6.928427480356422114e-07
7.169881464317579599e-07
7.517725946351773554e-07
7.855758946800943526e-07
8.093095636410421464e-07
8.446060147782576147e-07
8.917702939740679855e-07
9.290733902088140124e-07
9.592634984468791361e-07
9.953429230366758712e-07
1.008326084816375132e-06
1.020211786707541836e-06
1.092264349918893808e-06
1.159381432755370909e-06
1.199955386114805891e-06
1.240215423858070783e-06
1.264961853420693489e-06
1.317722582345873694e-06
1.334919457634428399e-06
1.428449920081495988e-06
1.429672901672149553e-06
1.448053605162317242e-06
1.510513062226580818e-06
1.527858924283690695e-06
1.539843813352520148e-06
1.578239699208583024e-06
1.629567168967039461e-06
1.656350893069275002e-06
1.740890718186789112e-06
1.790531517763506106e-06
1.857628800680650563e-06
1.886103753621226235e-06
1.944453266274921762e-06
1.950991655636712916e-06
1.982080084353885930e-06
2.029675939220535920e-06
2.061735965777200598e-06
2.122887044969668121e-06
2.163874805656014868e-06
2.228606808906763868e-06
2.271140817983235308e-06
2.329328794916783496e-06
2.406031236902957599e-06
2.449769780531744727e-06
2.462083415249317565e-06
2.529915088285584154e-06
2.586245678261021891e-06
2.676300475074812311e-06
2.739122015723097716e-06
2.781450493354655504e-06
2.870758208080766838e-06
2.955281940375234775e-06
2.964099535481935310e-06
2.992007605798127234e-06
3.044683860855370024e-06
3.112354672842516515e-06
3.230295172576099795e-06
3.249498749372347202e-06
3.287963572024292166e-06
3.325740588167515631e-06
3.381593475323477323e-06
3.474429451865554101e-06
3.508160646699909150e-06
3.618385771339636180e-06
3.668436090315015096e-06
3.727833527017151443e-06
3.888896951322732046e-06
3.924735533107018298e-06
3.998577537346781504e-06
4.020915224697045510e-06
4.093946079813738477e-06
4.182041952179275872e-06
4.213092632333122713e-06
4.283083478617949617e-06
4.421038977888419761e-06
4.442061918442917263e-06
4.514987755479211134e-06
4.584717330678621083e-06
4.715783098833367037e-06
4.871059830820581818e-06
5.004208481884036472e-06
5.043251180499111621e-06
5.159788024766355489e-06
5.221760750396963527e-06
5.414825019974705838e-06
5.457003517293244885e-06
5.597301705329486828e-06
5.683570011361369506e-06
5.950996902998856247e-06
6.076369842719047583e-06
6.336774205363079367e-06
6.351333051452092195e-06
6.592439212833550853e-06
6.783078139377657171e-06
7.559911931089467438e-06
