-2.066513377346254960e-06
-2.003651638805697406e-06
-1.623465333380379550e-06
-1.482303136278534422e-06
-1.393009646716275509e-06
-1.168965303837464413e-06
-1.050674937021832684e-06
-8.652673207695616572e-07
-8.399859426443111124e-07
-8.399859390161985841e-07
-7.940694082794621486e-07
-5.887445078621752035e-07
-5.112459101577835655e-07
-3.763956247227799010e-07
-3.595918335236272823e-07
-2.119064972430436317e-22
-1.498496808189067817e-22
-1.199236255902424768e-22
-9.609259015544013724e-23
-8.854274176557166482e-23
-8.083599925658197361e-23
-1.234060635199749948e-23
-7.373126305536308306e-24
-3.887255916196211324e-24
-1.318846584968476718e-33
-9.497571023543365790e-39
-1.809807804703022226e-39
-1.448908652612274301e-70
0.000000000000000000e+00
8.929588994392768540e-102
5.014983538859931230e-56
9.286458348111788505e-55
3.308660754912970589e-39
1.039631236161077960e-38
8.404297076503564877e-24
1.191089162721531761e-23
4.096856650277074103e-23
5.879409001846244680e-23
8.063940998008054781e-23
1.276228067251395345e-22
1.955913923667662392e-22
2.321229870891537087e-22
3.595918335236271235e-07
3.763956247227796893e-07
5.112459101577837773e-07
5.887445078621753094e-07
7.940694082794625722e-07
8.399859390161997488e-07
8.399859426443113242e-07
8.652673207695618690e-07
1.050674937021832261e-06
1.168965303837464413e-06
1.393009646716275509e-06
1.482303136278534634e-06
1.623465333380378491e-06
2.003651638805697830e-06
2.066513377346254960e-06
