-6.179823756548458462e-05
-6.097815557143694272e-05
-6.047158106503306894e-05
-5.980923740431249295e-05
-5.923133418719113332e-05
-5.905727478994082943e-05
-5.860449092922509121e-05
-5.791400046674437469e-05
-5.777593179586441369e-05
-5.729381613369685335e-05
-5.699839722733353770e-05
-5.658076659719141703e-05
-5.592945621462333598e-05
-5.566111310629143064e-05
-5.527240527097222636e-05
-5.492638054523532679e-05
-5.474835010789064790e-05
-5.453310310360628125e-05
-5.426551779917616571e-05
-5.385595029094127274e-05
-5.355395526496355374e-05
-5.342622655126789835e-05
-5.312919127169419485e-05
-5.278070187393056362e-05
-5.249809358457283498e-05
-5.227734483207465923e-05
-5.214842182067770118e-05
-5.187898660075749869e-05
-5.151923166353968264e-05
-5.117795158374662277e-05
-5.108191803619576988e-05
-5.079287354358653705e-05
-5.058509381633027169e-05
-5.031986688149404848e-05
-5.020556345137268828e-05
-5.000365304630372194e-05
-4.973578277261219528e-05
-4.967694728829396612e-05
-4.939785230598313614e-05
-4.892661244577840320e-05
-4.847981860871711604e-05
-4.845471572920936643e-05
-4.802306441658655748e-05
-4.794437508601889905e-05
-4.787379879258567972e-05
-4.774244514074126852e-05
-4.734086047949493965e-05
-4.720197255562734500e-05
-4.711014004963351258e-05
-4.684516896857996864e-05
-4.664731805325327886e-05
-4.641862714901867946e-05
-4.615649049737764189e-05
-4.598256416323208250e-05
-4.577318883338980581e-05
-4.548557462997166676e-05
-4.528896590979531426e-05
-4.527605753121788596e-05
-4.518870048003706099e-05
-4.476944467604335387e-05
-4.464704673677651211e-05
-4.450187034824611002e-05
-4.444262459854866898e-05
-4.424902566493957735e-05
-4.411590902572241890e-05
-4.390193589432754990e-05
-4.370491419985002480e-05
-4.358907776234736861e-05
-4.337462707851310706e-05
-4.322593902735575130e-05
-4.310661555686558807e-05
-4.308350010352663187e-05
-4.293134944547209020e-05
-4.275523613976637774e-05
-4.253451039514878266e-05
-4.246253471636554698e-05
-4.224427523566729657e-05
-4.212238761658317293e-05
-4.176548237929986565e-05
-4.153965342587418255e-05
-4.142210656504653196e-05
-4.140639395429469925e-05
-4.115197213974417168e-05
-4.108156999341545159e-05
-4.100054764248824303e-05
-4.074769167559180320e-05
-4.062389349506082350e-05
-4.054772607954425001e-05
-4.026000702479164801e-05
-4.002631056225694061e-05
-4.000308005059082005e-05
-3.980006406918613242e-05
-3.963783248211659416e-05
-3.957914577434034763e-05
-3.942087380393690711e-05
-3.933303562740456149e-05
-3.914866320821252187e-05
-3.908520339561351900e-05
-3.894950208969331066e-05
-3.881505635059515655e-05
-3.878273626839910876e-05
-3.866215229192722792e-05
-3.852705930863635654e-05
-3.827337220449741813e-05
-3.824031508483748657e-05
-3.803851365627970520e-05
-3.795097916303080194e-05
-3.793453590645769885e-05
-3.782388479694041324e-05
-3.771666895355056930e-05
-3.760607009168660391e-05
-3.754955191520735936e-05
-3.731535947808123805e-05
-3.719326418076860470e-05
-3.715863525466548632e-05
-3.698209270178500223e-05
-3.681423493094583522e-05
-3.673854448462310525e-05
-3.665627862204623422e-05
-3.651964344724127636e-05
-3.646662818528787181e-05
-3.635372808681332208e-05
-3.622785618296088403e-05
-3.609391247064974018e-05
-3.592896717443447958e-05
-3.579734370427489651e-05
-3.563872339759015484e-05
-3.557530205777800471e-05
-3.554435546215342238e-05
-3.545614491188662246e-05
-3.543989276878076124e-05
-3.519847386115672496e-05
-3.508567798706937292e-05
-3.505619972580688152e-05
-3.487179631503475110e-05
-3.477164239300736245e-05
-3.460347703042453447e-05
-3.455861766945179659e-05
-3.446917948526195114e-05
-3.429229659076911863e-05
-3.428124228772038318e-05
-3.412810720533489652e-05
-3.409170864495401963e-05
-3.398454727102760025e-05
-3.394066023898247448e-05
-3.393158230007763338e-05
-3.369892018854017424e-05
-3.364104135484060498e-05
-3.350548489952664445e-05
-3.340193199419021154e-05
-3.335097536237481450e-05
-3.326147328515248914e-05
-3.314394320545046093e-05
-3.287937416520968811e-05
-3.283811428473336921e-05
-3.275988219233609859e-05
-3.275303734619525148e-05
-3.254670260538599085e-05
-3.249798823766070091e-05
-3.248327491351440510e-05
-3.231033227634100470e-05
-3.216831416351349657e-05
-3.213941511237806373e-05
-3.206396290963675193e-05
-3.204204831879926130e-05
-3.196822452756520360e-05
-3.184157999561380809e-05
-3.171910637002961156e-05
-3.170335541838564504e-05
-3.153923459659246150e-05
-3.152034894521690183e-05
-3.143672343066954454e-05
-3.136012315536884903e-05
-3.125229001683819328e-05
-3.111077615928971063e-05
-3.105177714151095879e-05
-3.100345667029659734e-05
-3.091479174923137177e-05
-3.073073093328979098e-05
-3.066765426435831738e-05
-3.057836048641440513e-05
-3.049603957984056883e-05
-3.045080610322538415e-05
-3.032146476853952804e-05
-3.020704700886355862e-05
-3.015146222137947090e-05
-3.005277296928924243e-05
-2.994184346582544356e-05
-2.985450187528401641e-05
-2.980803174811867044e-05
-2.973272751266150881e-05
-2.968273708175771814e-05
-2.966097100660647086e-05
-2.949847888122607699e-05
-2.946224227373193990e-05
-2.935779062938513248e-05
-2.931326571562637708e-05
-2.920319792038042733e-05
-2.917767424145842971e-05
-2.908125413604903240e-05
-2.903388338548218721e-05
-2.894444863256561603e-05
-2.885866248152164703e-05
-2.869715436954722165e-05
-2.868082794529300982e-05
-2.857617007153533123e-05
-2.837006741715522676e-05
-2.835069338871100923e-05
-2.821683932662944746e-05
-2.813421870645046039e-05
-2.808041775473763815e-05
-2.799761829423642374e-05
-2.786916741247798818e-05
-2.780407792297510651e-05
-2.774748350395289244e-05
-2.773182654945256190e-05
-2.766355534377241870e-05
-2.753248478180097552e-05
-2.742927802392401693e-05
-2.740050569509513501e-05
-2.735583461269029424e-05
-2.732144014710527762e-05
-2.716516590812256902e-05
-2.712859975556057554e-05
-2.707313213006355660e-05
-2.702189626145486123e-05
-2.695994693140226536e-05
-2.688768333699619861e-05
-2.678173321652396437e-05
-2.670523758061105728e-05
-2.665561996984967328e-05
-2.655688233843979041e-05
-2.654943142713865595e-05
-2.646391316822838837e-05
-2.644335210843769016e-05
-2.637278018416715290e-05
-2.623898605556459465e-05
-2.614990568244954854e-05
-2.610952525476144872e-05
-2.606060175251689295e-05
-2.591642469139109422e-05
-2.588566991573864958e-05
-2.584781156896275091e-05
-2.581589911021023016e-05
-2.574984682405217888e-05
-2.569499924174172700e-05
-2.561194520741985023e-05
-2.556253740328592771e-05
-2.549784504858674988e-05
-2.538649593710215973e-05
-2.529027116740990724e-05
-2.525594334053037304e-05
-2.522012573189014227e-05
-2.507716104311631249e-05
-2.502408983191075598e-05
-2.496978531528965263e-05
-2.491104616698674000e-05
-2.487749293604296240e-05
-2.477316680064426522e-05
-2.469127820913599397e-05
-2.458951601004303526e-05
-2.458880570023413249e-05
-2.455439872069934294e-05
-2.445707480898966747e-05
-2.442211584532532769e-05
-2.438731938173294625e-05
-2.425319402058437486e-05
-2.422132771939427260e-05
-2.413992513475061668e-05
-2.409382920523473696e-05
-2.397509828421198644e-05
-2.395549494395951510e-05
-2.384644658414392411e-05
-2.376655059662804989e-05
-2.370239033773635396e-05
-2.366013569591285360e-05
-2.357314750888078768e-05
-2.356448396595073989e-05
-2.344819588235624036e-05
-2.337935308455873321e-05
-2.325958792781570371e-05
-2.323269648342717606e-05
-2.313673832060355841e-05
-2.310247928398466205e-05
-2.308153164668393318e-05
-2.306000158441505642e-05
-2.299197124652660836e-05
-2.296473523059595778e-05
-2.290581130548522448e-05
-2.282741170344841921e-05
-2.273390283779934431e-05
-2.263467515770860731e-05
-2.259576339280327937e-05
-2.256383202820938188e-05
-2.250981075053734104e-05
-2.243551554245706365e-05
-2.236355283021664207e-05
-2.233875477803039193e-05
-2.230899322729065626e-05
-2.218718749053751618e-05
-2.212662854481395233e-05
-2.208507834902284598e-05
-2.205439842049646709e-05
-2.196462293684418938e-05
-2.193366135790683269e-05
-2.184139687008283440e-05
-2.178046302721901891e-05
-2.172686109236387114e-05
-2.168565011751932093e-05
-2.158726279593158357e-05
-2.153009793650445560e-05
-2.147856961013315289e-05
-2.142038356564532510e-05
-2.140417636300496351e-05
-2.136926839909058926e-05
-2.123433280035921789e-05
-2.117235959381596314e-05
-2.113284927124060991e-05
-2.103593179493529588e-05
-2.099643827218835744e-05
-2.096203281887385980e-05
-2.094291327318960073e-05
-2.082710520246449599e-05
-2.079858786684221761e-05
-2.076529163990189686e-05
-2.063148819118366871e-05
-2.060216628947384958e-05
-2.058759284844275295e-05
-2.052414826301735738e-05
-2.050317415142193124e-05
-2.036999735021421349e-05
-2.036334758872723852e-05
-2.024034722291943603e-05
-2.018626302943651144e-05
-2.013396941347687930e-05
-2.003375317803009903e-05
-2.001459412496505434e-05
-1.995057003495303443e-05
-1.986706305603877181e-05
-1.982872210799212570e-05
-1.977581391132828773e-05
-1.973090339176595788e-05
-1.971142805873202344e-05
-1.963293130394107758e-05
-1.959480044459898900e-05
-1.956823493469401644e-05
-1.951983404480497195e-05
-1.950101347558366076e-05
-1.935522850635715023e-05
-1.933326745538021301e-05
-1.929383259082938299e-05
-1.927546203783069514e-05
-1.924119514360107106e-05
-1.917704563735310496e-05
-1.912744155699441711e-05
-1.910638015116185469e-05
-1.904340967874578226e-05
-1.898693371259086791e-05
-1.892166742428977254e-05
-1.888856698544898408e-05
-1.884559348265947053e-05
-1.875551669205456864e-05
-1.869103273591842185e-05
-1.862300313882760158e-05
-1.855315948023749794e-05
-1.854935761145929291e-05
-1.847781953252171602e-05
-1.844632379524446464e-05
-1.837380859979803857e-05
-1.829517534562383766e-05
-1.827632680722648579e-05
-1.821836519777681539e-05
-1.815239457894185201e-05
-1.811119862606156173e-05
-1.806167819311795548e-05
-1.798484689221027975e-05
-1.794777117812677858e-05
-1.788012664026677662e-05
-1.785951884316768173e-05
-1.782829522379362602e-05
-1.778975503448865125e-05
-1.774649453743472804e-05
-1.768796381949809098e-05
-1.761507214960718434e-05
-1.755009938899544986e-05
-1.750325670986267528e-05
-1.748082088980211252e-05
-1.745068391108513044e-05
-1.742262681193745776e-05
-1.731440828848353826e-05
-1.729952333295187579e-05
-1.723469469908181731e-05
-1.714636299594923550e-05
-1.711553424868486384e-05
-1.709252245945158173e-05
-1.701870516100012682e-05
-1.697886165692121779e-05
-1.694621709437232860e-05
-1.690619025730619705e-05
-1.686811495401569906e-05
-1.683706953161462894e-05
-1.679449870056352322e-05
-1.673563286168949413e-05
-1.666453682891263358e-05
-1.664822547220193115e-05
-1.656192993600027439e-05
-1.650695477433569794e-05
-1.645262094121516784e-05
-1.643596190152715056e-05
-1.641649623424345841e-05
-1.637866212040271018e-05
-1.632437840956669031e-05
-1.628443199214643961e-05
-1.619482570149763132e-05
-1.619405375197378649e-05
-1.612269490972582410e-05
-1.610713617817150899e-05
-1.604827113210144325e-05
-1.601450734919482777e-05
-1.593060071478787811e-05
-1.587775720868217369e-05
-1.584083241684135600e-05
-1.579024477632046881e-05
-1.575982424538598364e-05
-1.571845481461225927e-05
-1.568449474565706826e-05
-1.560364663001218959e-05
-1.555509651770297839e-05
-1.551981228839838050e-05
-1.548044510371544540e-05
-1.543304197156992292e-05
-1.542697041797929164e-05
-1.541715251543853964e-05
-1.532544688641649953e-05
-1.531760358466480564e-05
-1.527322205865075500e-05
-1.521713100868471031e-05
-1.517212499238533476e-05
-1.513116787110650771e-05
-1.510668752139715477e-05
-1.505431258539770254e-05
-1.500098197778825329e-05
-1.493320860710826437e-05
-1.488952212206072963e-05
-1.486393216320798300e-05
-1.485903153256639313e-05
-1.478373409479749658e-05
-1.476095600317896998e-05
-1.470224425230488235e-05
-1.466098045824031421e-05
-1.463277664763551569e-05
-1.457714645343202619e-05
-1.448847687994067832e-05
-1.448131525243060996e-05
-1.442314434213553474e-05
-1.442148733828807456e-05
-1.437779224518962732e-05
-1.434324004672430884e-05
-1.423531107453860203e-05
-1.421057487130193501e-05
-1.419483941118597789e-05
-1.415440313439692990e-05
-1.409692072842399620e-05
-1.407731712612636160e-05
-1.401676346180926937e-05
-1.394036743932769642e-05
-1.392419364126524470e-05
-1.385866552367361264e-05
-1.383914093020580636e-05
-1.378639246583512613e-05
-1.376888701601492040e-05
-1.371559444028393283e-05
-1.368914932651505991e-05
-1.363606863496086329e-05
-1.362434891410584643e-05
-1.356286804214350188e-05
-1.353395927288227799e-05
-1.348257875703730948e-05
-1.344004854317895570e-05
-1.342126736153494050e-05
-1.338361364595544418e-05
-1.334283593932029831e-05
-1.330961764022401740e-05
-1.326174262527761796e-05
-1.325232918639407863e-05
-1.320270365559530836e-05
-1.315643456989872173e-05
-1.313020797014227188e-05
-1.309493523173740759e-05
-1.305029727917117116e-05
-1.298462693341975938e-05
-1.294181563452174019e-05
-1.289853143607340000e-05
-1.287838656500875037e-05
-1.282292941889274590e-05
-1.276333613550279002e-05
-1.272007008744232484e-05
-1.263904568343287560e-05
-1.261845753527629980e-05
-1.259839395274756717e-05
-1.253955866177879094e-05
-1.253016113803819374e-05
-1.247375449455281203e-05
-1.242976428832284325e-05
-1.239852566581137984e-05
-1.235070300064876461e-05
-1.234137271271787929e-05
-1.230666978801708925e-05
-1.225858577356566194e-05
-1.224077362984989054e-05
-1.216622775937346115e-05
-1.212766225314120899e-05
-1.209992002728862212e-05
-1.203666818309269736e-05
-1.201867036269510538e-05
-1.197354943594346561e-05
-1.194763382971563566e-05
-1.187484749016849890e-05
-1.182335417446017114e-05
-1.180435944871016542e-05
-1.177770926187292965e-05
-1.174548923965344363e-05
-1.168539254382545363e-05
-1.163861355346797488e-05
-1.163391258213769094e-05
-1.155363794820588811e-05
-1.153756068706417851e-05
-1.150571140887897424e-05
-1.147759501744644740e-05
-1.143467771499418652e-05
-1.142235925918418120e-05
-1.138137042572376230e-05
-1.135057914195627123e-05
-1.128172833416127634e-05
-1.126225202787646679e-05
-1.124133026336703000e-05
-1.121035785579009493e-05
-1.118719161324658757e-05
-1.111038203240979327e-05
-1.109522008939039707e-05
-1.106909988039120134e-05
-1.101136687820836890e-05
-1.096219563557383284e-05
-1.092192111853985575e-05
-1.089853273103296755e-05
-1.087818331208423479e-05
-1.086207147655882831e-05
-1.076717055594471875e-05
-1.075347852559659110e-05
-1.073580294723818691e-05
-1.071308031417538021e-05
-1.068328884284116283e-05
-1.062288950335396332e-05
-1.058637392356672639e-05
-1.052271647795993187e-05
-1.048955558661952577e-05
-1.047910124814017765e-05
-1.042122583520474827e-05
-1.038136167911893681e-05
-1.035449157591819998e-05
-1.031785142883689007e-05
-1.027666709423936692e-05
-1.023788993873327174e-05
-1.022165695264148645e-05
-1.020225635522063080e-05
-1.018298283128849840e-05
-1.014453241410382176e-05
-1.010541179016166094e-05
-1.009085355765332435e-05
-1.003203513353921028e-05
-9.971763681417174569e-06
-9.955318417501298237e-06
-9.921917255890375038e-06
-9.893197279942014534e-06
-9.873352278361206285e-06
-9.825856728674395738e-06
-9.785239084125747796e-06
-9.769880016833756319e-06
-9.736125771928851502e-06
-9.683286044922437394e-06
-9.672269794692745930e-06
-9.654363450792168534e-06
-9.618728926986411392e-06
-9.601645044285919388e-06
-9.525488576746203589e-06
-9.501979471599322823e-06
-9.445618651465070040e-06
-9.403655424337985141e-06
-9.386531882664211971e-06
-9.364313919840172460e-06
-9.331682893433117213e-06
-9.324964889651875374e-06
-9.287447709462587947e-06
-9.252550498911033848e-06
-9.211495451463994842e-06
-9.185473039497793330e-06
-9.161584832474971730e-06
-9.090876214631236029e-06
-9.033524512845969045e-06
-9.003976961407490892e-06
-8.973357279365659108e-06
-8.940446295884826600e-06
-8.919214607099439367e-06
-8.889938364191917380e-06
-8.860774353877795881e-06
-8.840952339622846771e-06
-8.796611593646151250e-06
-8.770321791187684368e-06
-8.759637584229277337e-06
-8.725992781790087706e-06
-8.667740489183097029e-06
-8.637647214509303609e-06
-8.613561092282623444e-06
-8.551268870407536057e-06
-8.507891499865791415e-06
-8.496047409294470135e-06
-8.487245557688454626e-06
-8.412321163907387136e-06
-8.366074560018640100e-06
-8.329335868181165218e-06
-8.320101563215479281e-06
-8.291318205091679881e-06
-8.256425120046995838e-06
-8.238719553825221516e-06
-8.190247721746601680e-06
-8.168654581753945424e-06
-8.143105042520612164e-06
-8.124338368883500817e-06
-8.087730898532271840e-06
-8.062870968138953273e-06
-8.042512263866098587e-06
-7.967087215720307735e-06
-7.951731144002926427e-06
-7.907366905946211613e-06
-7.888735498687883270e-06
-7.825182111951987175e-06
-7.814016495713185090e-06
-7.804434780660715067e-06
-7.786821440633830927e-06
-7.767394235917401800e-06
-7.744377712071898233e-06
-7.692689416162333643e-06
-7.673591014135339254e-06
-7.659864310540404108e-06
-7.620234597642715408e-06
-7.590130297751549964e-06
-7.575556105937023693e-06
-7.538213408046863397e-06
-7.482847100006660990e-06
-7.449466455779796709e-06
-7.405325823142077316e-06
-7.396535008734518358e-06
-7.385425945587791777e-06
-7.351322186669757463e-06
-7.342972680569997946e-06
-7.294169919976436941e-06
-7.269114427386452348e-06
-7.248971545706087491e-06
-7.218093428358405750e-06
-7.180197962829202380e-06
-7.163414528652457694e-06
-7.134560939383628978e-06
-7.077688781057292331e-06
-7.038415290218902547e-06
-7.030607675839884060e-06
-7.005155499827291898e-06
-6.941385960264836753e-06
-6.926825567380028533e-06
-6.896416726171777068e-06
-6.877398394036142366e-06
-6.842786078389634784e-06
-6.813033406053005716e-06
-6.800217699276144241e-06
-6.782667405750409050e-06
-6.753865676682813844e-06
-6.727686699022449030e-06
-6.676045523805348101e-06
-6.656193711688653519e-06
-6.631756741282987213e-06
-6.563816668437719157e-06
-6.553156074995980201e-06
-6.528700907293851681e-06
-6.481719076276818286e-06
-6.465110526782388672e-06
-6.447728295955433632e-06
-6.407268006483360866e-06
-6.379035881230123041e-06
-6.361659617284757181e-06
-6.317972842875817523e-06
-6.269089139657114108e-06
-6.242066015952485148e-06
-6.189982766871303385e-06
-6.182643121651793479e-06
-6.175670255144736969e-06
-6.142296177917643777e-06
-6.112657603955799162e-06
-6.072815425400660196e-06
-6.050258813145335505e-06
-6.014383197797348003e-06
-5.995683247563462348e-06
-5.978085135300280338e-06
-5.927905227872777704e-06
-5.891819395232952922e-06
-5.886173721116441127e-06
-5.873209795900211375e-06
-5.831460192161874351e-06
-5.824674009644635650e-06
-5.790008319830072641e-06
-5.750019727669614369e-06
-5.738315579084914681e-06
-5.705141122404229221e-06
-5.674214632096287694e-06
-5.622063287474602987e-06
-5.619728934267426818e-06
-5.584800902534483266e-06
-5.573945602469307228e-06
-5.544939441234815616e-06
-5.532213451685299559e-06
-5.508200436572663243e-06
-5.496656077673087158e-06
-5.427376204154776199e-06
-5.405281409168347323e-06
-5.370625678461771084e-06
-5.314681305701896781e-06
-5.308556585827675535e-06
-5.282495416215498021e-06
-5.270706178952020522e-06
-5.244798860419721608e-06
-5.231593314283082766e-06
-5.199447340955783428e-06
-5.166676727526608832e-06
-5.118975718912281418e-06
-5.101125874703381036e-06
-5.055245658250734173e-06
-5.038451477609056685e-06
-5.021679610297273062e-06
-5.012800777153077760e-06
-4.994520924066882868e-06
-4.976617190910467054e-06
-4.940916590893101197e-06
-4.919415968157803270e-06
-4.893137042686878615e-06
-4.872809628509484332e-06
-4.856407164882801392e-06
-4.842750541644052176e-06
-4.823758652317441503e-06
-4.784565997981447870e-06
-4.765939286094976080e-06
-4.706609689299214243e-06
-4.692994667665040328e-06
-4.681928800812813119e-06
-4.622081690319208220e-06
-4.616634327743475216e-06
-4.597776187781287480e-06
-4.562900541837064348e-06
-4.558429737125465943e-06
-4.531550422684616807e-06
-4.494658210990087660e-06
-4.483280208214153767e-06
-4.472762932077866447e-06
-4.438929485210507264e-06
-4.411445502459810050e-06
-4.395358042114127032e-06
-4.365914671298150892e-06
-4.321967222353297630e-06
-4.312749353642965774e-06
-4.267243998597490401e-06
-4.239763112613185429e-06
-4.234222377289410207e-06
-4.211923732209309012e-06
-4.176746159535713199e-06
-4.139393354209275531e-06
-4.125549152889736253e-06
-4.114754876246963655e-06
-4.084685025980983832e-06
-4.049405655966505683e-06
-4.029992916887649540e-06
-4.008707144811841187e-06
-3.992871009329019466e-06
-3.975940295771488273e-06
-3.923775764037999791e-06
-3.901335783320092184e-06
-3.900875632212297702e-06
-3.881533403249385306e-06
-3.843048835058766829e-06
-3.820496850648062685e-06
-3.772888977110002103e-06
-3.770235893224919006e-06
-3.752921353920242802e-06
-3.729992761921288693e-06
-3.671225233560753650e-06
-3.638586051247483222e-06
-3.609260510471719859e-06
-3.571210596427897016e-06
-3.554539035587863157e-06
-3.542223512259728993e-06
-3.524095511713074455e-06
-3.511775871787835318e-06
-3.475388556411417240e-06
-3.471994163292283188e-06
-3.450665940699412427e-06
-3.395433035511091431e-06
-3.364690687542013358e-06
-3.341331135444760971e-06
-3.325706042439653598e-06
-3.305503138337710025e-06
-3.294989651933901309e-06
-3.265666897342697685e-06
-3.236162530085595069e-06
-3.216999533834455111e-06
-3.193319790274417912e-06
-3.169085592135645241e-06
-3.155528781281557787e-06
-3.131227655431711760e-06
-3.084879316223922298e-06
-3.077367742576678290e-06
-3.057609278736810398e-06
-3.028975181560445065e-06
-3.001328031830452807e-06
-2.992754955321424157e-06
-2.978599312713030002e-06
-2.948285849146617190e-06
-2.945597743962498974e-06
-2.902916698588198727e-06
-2.868001087243744456e-06
-2.863219300871404719e-06
-2.827476321778217456e-06
-2.801574372105377030e-06
-2.792341104714210091e-06
-2.774816267020178786e-06
-2.740047006065084814e-06
-2.713859675690693868e-06
-2.701861790161200544e-06
-2.694285987314571806e-06
-2.681209649532530894e-06
-2.660096666117924066e-06
-2.637704286472157603e-06
-2.591695968102274025e-06
-2.585661517307764052e-06
-2.558464525578196235e-06
-2.508590641432145875e-06
-2.475930715511446133e-06
-2.469571456241074727e-06
-2.461811378599079579e-06
-2.418033010018602611e-06
-2.400277725148077138e-06
-2.382883256533802618e-06
-2.353885653678261603e-06
-2.331283961941696261e-06
-2.314987003906237837e-06
-2.287545169245144852e-06
-2.284616476508284733e-06
-2.254740057600403767e-06
-2.239598845510879091e-06
-2.219977110170281259e-06
-2.189214148811079587e-06
-2.173239370088283797e-06
-2.167909926728913181e-06
-2.135457075786706800e-06
-2.118005887123587779e-06
-2.091116230250459579e-06
-2.073914636819955742e-06
-2.052510069447918897e-06
-2.038975009318341410e-06
-2.015238200640048449e-06
-1.982876986109794373e-06
-1.957111187624705325e-06
-1.952378719176293949e-06
-1.927020845928581945e-06
-1.907082126262539011e-06
-1.880026033393324715e-06
-1.863535341111370443e-06
-1.845698979042452410e-06
-1.831217901863177572e-06
-1.801110002031459723e-06
-1.796079200890747454e-06
-1.771126232138210943e-06
-1.745669412219351118e-06
-1.724716306326808017e-06
-1.710121016438819549e-06
-1.680215895619425432e-06
-1.661487126734623404e-06
-1.642784584575639729e-06
-1.621791742366444438e-06
-1.584640651733899428e-06
-1.556171971212258298e-06
-1.547107871773662577e-06
-1.526716753066493174e-06
-1.502704365309313014e-06
-1.474699953634727929e-06
-1.457897889523707889e-06
-1.429591983976372627e-06
-1.410825680927116829e-06
-1.401441893625159091e-06
-1.360192038758352026e-06
-1.345682632355774996e-06
-1.338597894355031073e-06
-1.321467227076674891e-06
-1.280123784784030338e-06
-1.254176829376814369e-06
-1.250094818306284731e-06
-1.246751988079008033e-06
-1.207883630139102529e-06
-1.169583443832971953e-06
-1.159917449837282735e-06
-1.143803718706268458e-06
-1.119233400284173038e-06
-1.118429227930865272e-06
-1.108661109771728888e-06
-1.085692658806483875e-06
-1.060307015681485408e-06
-1.053211047357645982e-06
-1.023295648030949631e-06
-1.018883890709027250e-06
-9.991020821631370914e-07
-9.618248680885533202e-07
-9.478454111726146575e-07
-9.251961693099810502e-07
-9.066803463835630952e-07
-8.968479298756484123e-07
-8.587639677755610340e-07
-8.466526963249197344e-07
-8.176468252540316823e-07
-7.866466905320400058e-07
-7.735372568522017828e-07
-7.597223047546424276e-07
-7.390496915532234571e-07
-7.268790273118380635e-07
-7.180617915305233610e-07
-6.979829579319314170e-07
-6.705565893425969331e-07
-6.451258865265375565e-07
-6.400134561510778699e-07
-5.981836915108150464e-07
-5.883208634589244861e-07
-5.756724054252375468e-07
-5.494691922377824142e-07
-5.189945986500250684e-07
-5.017099850615913746e-07
-4.921700006636180666e-07
-4.669206251211638202e-07
-4.503207378629015256e-07
-4.287179815002046911e-07
-4.028962641305840401e-07
-3.955239633500054620e-07
-3.882272545773940054e-07
-3.664969677136223618e-07
-3.564887162903564214e-07
-3.261583903922531625e-07
-3.157865940094276656e-07
-3.029547583965990877e-07
-2.610362383169069733e-07
-2.478621327266760790e-07
-2.162116267250366156e-07
-1.962504543962347397e-07
-1.892978753655738104e-07
-1.590081543914576460e-07
-1.416043410467925036e-07
-1.296488919109425361e-07
-1.089041271708317400e-07
-9.477015858136676593e-08
-7.881285603813772410e-08
-4.909307638996230171e-08
-3.327145004175942421e-08
-1.609606754438730975e-08
-1.291597187980119305e-09
1.363100157853961654e-08
2.376250265021534510e-08
5.074962144169330712e-08
6.608548091232128727e-08
9.602457902300621825e-08
1.215384374959551645e-07
1.346161286111027528e-07
1.479412113156840034e-07
1.639208627126297345e-07
1.776178368269973458e-07
2.160314910220841523e-07
2.287496762575512164e-07
2.348255569006638891e-07
2.530913136122556340e-07
2.828598860484471510e-07
2.946333766080095167e-07
3.247406819774687322e-07
3.399477439145919661e-07
3.471662368969545900e-07
3.633048330953324327e-07
3.850789622925569193e-07
4.131982584298800747e-07
4.290674739206207958e-07
4.423722185834177741e-07
4.690583534955887606e-07
4.738966652813161067e-07
5.016896896190705181e-07
5.233098160053712077e-07
5.310296103722912289e-07
5.559484510123378202e-07
5.763235102003960729e-07
5.903052329224526669e-07
6.160312609103515280e-07
6.380339059115150580e-07
6.723853336092803932e-07
6.761116171204143889e-07
7.062905635693658966e-07
7.129254346441651938e-07
7.536461083584112371e-07
7.637237022284799322e-07
7.916683166371365156e-07
8.077309623404045317e-07
8.291572291412406277e-07
8.368337725545807216e-07
8.571034632943537768e-07
8.720981663997418453e-07
8.912629640417805949e-07
9.024457921495664504e-07
9.297084026790195733e-07
9.506573062725757174e-07
9.723405515097552510e-07
9.779406938087492881e-07
1.013872334037189996e-06
1.021069888649701046e-06
1.045741803769616381e-06
1.052739090706084570e-06
1.091954770722462908e-06
1.103380085082357822e-06
1.107762855715474379e-06
1.145982659362365995e-06
1.163195981984849727e-06
1.169477993398021933e-06
1.219798838408683415e-06
1.232115180863876022e-06
1.256924733767246915e-06
1.282881034233190343e-06
1.284354191284821068e-06
1.328030707893906412e-06
1.360139441591448947e-06
1.377457424634535754e-06
1.385226412743116806e-06
1.408266382115393153e-06
1.431081899580092030e-06
1.434640502563860048e-06
1.459873991034597889e-06
1.477101522551458498e-06
1.494964031123221005e-06
1.507141359096958738e-06
1.556928349023176197e-06
1.585727834832071040e-06
1.609494669339333513e-06
1.631487986459195837e-06
1.636757184686631009e-06
1.666496633114984526e-06
1.673331812077838646e-06
1.681809465122819633e-06
1.717400184427812299e-06
1.726463577177351991e-06
1.753376608228876216e-06
1.770340898658288739e-06
1.812528932624192061e-06
1.820756676253457847e-06
1.838984349242895347e-06
1.856910930357504663e-06
1.884853238011382998e-06
1.916034717735450753e-06
1.937493028627463154e-06
1.973307616312234463e-06
1.978340286844624830e-06
2.003173216278930044e-06
2.011327277591741737e-06
2.036076433625382884e-06
2.054495830404522072e-06
2.063577900772064508e-06
2.107786193888011724e-06
2.129866424629240340e-06
2.142297783451216480e-06
2.160224512837680922e-06
2.199020827925802236e-06
2.212959536762712084e-06
2.231287676372488990e-06
2.251981216514078103e-06
2.270312052517827012e-06
2.295538248143703081e-06
2.315571848162970259e-06
2.334522181726337257e-06
2.344002063504229705e-06
2.363716441364566951e-06
2.405204297880025821e-06
2.422536106110941406e-06
2.446722083422026510e-06
2.463622877379054326e-06
2.503239074700162189e-06
2.530820064302970894e-06
2.546851682763672179e-06
2.565149525928140787e-06
2.593383942759142696e-06
2.606939227867037402e-06
2.617831959211655477e-06
2.644349181207578796e-06
2.686105783613457165e-06
2.698482443632623949e-06
2.708001766419700593e-06
2.725347894423181756e-06
2.731876102714025875e-06
2.766211190555334303e-06
2.783069845920157585e-06
2.807015131442261648e-06
2.839885630087296358e-06
2.857631888817737061e-06
2.896682968196142961e-06
2.941034076514122987e-06
2.954617805991860919e-06
2.986871185436327127e-06
2.995012741545737895e-06
3.014088631885299801e-06
3.025746792160177751e-06
3.051580783954655677e-06
3.076357076773415230e-06
3.101605036952942278e-06
3.123400179235962141e-06
3.142621501227390817e-06
3.164224855364549616e-06
3.190285620353493645e-06
3.223687588982120325e-06
3.235958723208626650e-06
3.238830722113381366e-06
3.274619364106493110e-06
3.303077935297868753e-06
3.348773791747115594e-06
3.376018923260682524e-06
3.394208235228747131e-06
3.412083173410870021e-06
3.417190098381204161e-06
3.456967265098505534e-06
3.474674961530405753e-06
3.506101228997042896e-06
3.515723102114920151e-06
3.531101973919736556e-06
3.572939859868898238e-06
3.594583029053859457e-06
3.625175281287209015e-06
3.641267131480222857e-06
3.653368662535503620e-06
3.696143585901531566e-06
3.708896280105178440e-06
3.739600540333728866e-06
3.778937903506201605e-06
3.796246283331737528e-06
3.812465198508845821e-06
3.830779393043106271e-06
3.858215715870873651e-06
3.885395668215885887e-06
3.924935204993920860e-06
3.941463566020862901e-06
3.946528445340988346e-06
3.990658125304940546e-06
4.028781386746050844e-06
4.043799228292856021e-06
4.075987607777021505e-06
4.093216368428546283e-06
4.121535817655385032e-06
4.143607344939087619e-06
4.157246616566417172e-06
4.200312192545057668e-06
4.239822267156336906e-06
4.269763168315773443e-06
4.288214766889016419e-06
4.300572568343463787e-06
4.307239303584039362e-06
4.357311600659101244e-06
4.367993576679295788e-06
4.384280614576082227e-06
4.419278919917516736e-06
4.427035296514350015e-06
4.452997972560134656e-06
4.509330424706624957e-06
4.534095740872486004e-06
4.546028473232983635e-06
4.569593814299533776e-06
4.583791756859455754e-06
4.602813815425587504e-06
4.648797674878612979e-06
4.677173590084790538e-06
4.715701080691135806e-06
4.732609188871977317e-06
4.743649354388189147e-06
4.750550635053643932e-06
4.791578449602308255e-06
4.802616957497856294e-06
4.841720130338084435e-06
4.849629932247784945e-06
4.876269936719001808e-06
4.899913658278989441e-06
4.934905957161674318e-06
4.944970294723379805e-06
4.997644509901791729e-06
5.030513071849083649e-06
5.035433859708641530e-06
5.064556822718814223e-06
5.090112440148432359e-06
5.107335018554906503e-06
5.122291843871982533e-06
5.163971217228875196e-06
5.173906180542643716e-06
5.202262836202725916e-06
5.251256127240792627e-06
5.258300257783601715e-06
5.288221478952684025e-06
5.326356101061474523e-06
5.342216427074498928e-06
5.373516182683784213e-06
5.406289599495318908e-06
5.412694659326275473e-06
5.427858352098772364e-06
5.474076501582518976e-06
5.496801465962830141e-06
5.541469652654616533e-06
5.551208545040879794e-06
5.562964858069057046e-06
5.619755408284008443e-06
5.645390203189697599e-06
5.654961250432703290e-06
5.680890276427549183e-06
5.720505894796021345e-06
5.755548498834294156e-06
5.805877675808668479e-06
5.824981794285552542e-06
5.837812563673667512e-06
5.881186734676665043e-06
5.904069591552838346e-06
5.943033443733865933e-06
5.945936502712863525e-06
5.987807991655895257e-06
6.003084292670956341e-06
6.044249935808736111e-06
6.075338265500199515e-06
6.101448027351596158e-06
6.105466648805961551e-06
6.111097123428958311e-06
6.153610723483066151e-06
6.190587606355767184e-06
6.213722232198584837e-06
6.243375238038403180e-06
6.293292876682575940e-06
6.325017342186077066e-06
6.343282914533483760e-06
6.369324544020383252e-06
6.385897476400333053e-06
6.409439754179874216e-06
6.471870713863216135e-06
6.475575168991586759e-06
6.504776199329065226e-06
6.523657908291560698e-06
6.563182082571340789e-06
6.589392555835516008e-06
6.637815352370660768e-06
6.652741025941330491e-06
6.681920459186148326e-06
6.707061857890502399e-06
6.740649164514853237e-06
6.791505916654519272e-06
6.804988449955794508e-06
6.823551049952880698e-06
6.837311053591064593e-06
6.866989375192410058e-06
6.890268114012836862e-06
6.929964896107443022e-06
6.947589814388011272e-06
6.998075313312144015e-06
7.028949540663022111e-06
7.066019973611196224e-06
7.082940953367127999e-06
7.132395195705068672e-06
7.165538915309930276e-06
7.179249972886288079e-06
7.233180493071035482e-06
7.243480898516592831e-06
7.305026040414752179e-06
7.337333288332165327e-06
7.357243532946968849e-06
7.368397772335408539e-06
7.391949280790610755e-06
7.421980228509208366e-06
7.470213587931917841e-06
7.485958559254452198e-06
7.514929440767577763e-06
7.546664751411668841e-06
7.583605143997167241e-06
7.589616173202172627e-06
7.616380251743647576e-06
7.652154465292667325e-06
7.665665055036910427e-06
7.677908785581149094e-06
7.688726658744010555e-06
7.763969337635344759e-06
7.781033416157155744e-06
7.821002770314097442e-06
7.868466108458394337e-06
7.907897550714026677e-06
7.915454480131720302e-06
7.925178171301408694e-06
7.974666060753507997e-06
8.028944103916411625e-06
8.036831980079155478e-06
8.089387315633716002e-06
8.112666580777008475e-06
8.157099888291914470e-06
8.207183243630599353e-06
8.245192102542120354e-06
8.283207653684337689e-06
8.303155203163829507e-06
8.336417814857250663e-06
8.344142017203190210e-06
8.363599734737076156e-06
8.406225316428828233e-06
8.440446107510221491e-06
8.459655931086032283e-06
8.473007089510610739e-06
8.508679019830826424e-06
8.528137488302786504e-06
8.546735317079985267e-06
8.597336112635158204e-06
8.652894306838086668e-06
8.680787500984429251e-06
8.690503615778262490e-06
8.716580290329970979e-06
8.786455740151870073e-06
8.804171877148287380e-06
8.834511376089182878e-06
8.875866842898736482e-06
8.894030901504638580e-06
8.937896005440877496e-06
8.968423922074819830e-06
8.990125102963018348e-06
9.028944600591040182e-06
9.055873400166979044e-06
9.093340756166128433e-06
9.120255014966308131e-06
9.147504645322018099e-06
9.184447786672329033e-06
9.210932970331592369e-06
9.260773432381902271e-06
9.274964371271420444e-06
9.311482669757660215e-06
9.372923568841449752e-06
9.377249095312903800e-06
9.400992123831216070e-06
9.440486501354024751e-06
9.456444947790223604e-06
9.505556537259619287e-06
9.534581706905845486e-06
9.566575475132739481e-06
9.604020948892461911e-06
9.666504547671233151e-06
9.702176598118322101e-06
9.717953604488114390e-06
9.747210524420140296e-06
9.764420042023846223e-06
9.812025540259347231e-06
9.840844620536060415e-06
9.892020381661678036e-06
9.921421970778511652e-06
9.937073295764931225e-06
1.002811701104617827e-05
1.004947035315227324e-05
1.010569276294469360e-05
1.012034813090373440e-05
1.012693662031562209e-05
1.013609608944124480e-05
1.024190740670721164e-05
1.026331956458179039e-05
1.026777296807447067e-05
1.030499579550021161e-05
1.034393562992262444e-05
1.038985837065356280e-05
1.040737169812110635e-05
1.041165773474575997e-05
1.050009915246989825e-05
1.054424933751326673e-05
1.057493658477023660e-05
1.058764292276849745e-05
1.063017610068252857e-05
1.069074999761667892e-05
1.070499466437802246e-05
1.071914744680223671e-05
1.077391009642352460e-05
1.082157914221195539e-05
1.083295386575843597e-05
1.090490442899027549e-05
1.091494122976400068e-05
1.096394206420499921e-05
1.100370668472674780e-05
1.101329340036391485e-05
1.105773915528957841e-05
1.108029897364614385e-05
1.111190143978088232e-05
1.115561071770508991e-05
1.117513684607091190e-05
1.120068870181514021e-05
1.124472702650982541e-05
1.130271301020338424e-05
1.137006958410150121e-05
1.141626104695317190e-05
1.143057984616533261e-05
1.148837436762175762e-05
1.150733683190775019e-05
1.156750370164444678e-05
1.159320029204191968e-05
1.162991242730257679e-05
1.170730132726988160e-05
1.172932412797635840e-05
1.176125667162480581e-05
1.181563125579448936e-05
1.185602357959248150e-05
1.185802229665774078e-05
1.187632229718677669e-05
1.191827565473799173e-05
1.194940453639356522e-05
1.198585442273034646e-05
1.203835172159886447e-05
1.204475276215531516e-05
1.206355664565746630e-05
1.209237687006330110e-05
1.213349354886774529e-05
1.215671063321938570e-05
1.227109697766683481e-05
1.228545412616182922e-05
1.232765735906731852e-05
1.241003934940253726e-05
1.244676080203889395e-05
1.246569623133878980e-05
1.252377550070329137e-05
1.253813961228008964e-05
1.257502420824196727e-05
1.258771762585427727e-05
1.263435574734178816e-05
1.268446728087613716e-05
1.273482484876517649e-05
1.275915968078032150e-05
1.280868834958686239e-05
1.282628578649404406e-05
1.285201096888792084e-05
1.286644513671990389e-05
1.290207364670439430e-05
1.296057698340710531e-05
1.296897058174602994e-05
1.302170267348725151e-05
1.304091100060439616e-05
1.312765984625229717e-05
1.322632330806609499e-05
1.324531957833985474e-05
1.329264295768135614e-05
1.332624086490607664e-05
1.333086816041039026e-05
1.339920078412874208e-05
1.344256743209929965e-05
1.347133764431820556e-05
1.349564373699984474e-05
1.356754629063489620e-05
1.358014713974701001e-05
1.360514250151703176e-05
1.368709979956025090e-05
1.370190194930312538e-05
1.374135826895757421e-05
1.380385397156835751e-05
1.383964789553472365e-05
1.387449147008674938e-05
1.391663966196358009e-05
1.396147342587976624e-05
1.404193938461380572e-05
1.407424908669855256e-05
1.410472624855806952e-05
1.413274024100095544e-05
1.416386208411576836e-05
1.420324558270490441e-05
1.430780428172398469e-05
1.435469956264007725e-05
1.437449550514193252e-05
1.441223692954844311e-05
1.444344665049726349e-05
1.453755628949886396e-05
1.456892357635076856e-05
1.460120663014077410e-05
1.462868470793654307e-05
1.465598120286569154e-05
1.471021397817219490e-05
1.478879301615527537e-05
1.484643534310887576e-05
1.489562061016246871e-05
1.491364050467867943e-05
1.492554587919310716e-05
1.494761661863169152e-05
1.503192972845576161e-05
1.503889275549839524e-05
1.510422646281663020e-05
1.518375905273792442e-05
1.522789683561168483e-05
1.529743237892687829e-05
1.531565694704578590e-05
1.536766818376018723e-05
1.538228354445500461e-05
1.545280182789776985e-05
1.553590011345020868e-05
1.555998505582892994e-05
1.559095782984434755e-05
1.565525853068859880e-05
1.568730876563942354e-05
1.572096519394204227e-05
1.576748332704657453e-05
1.581141677025822264e-05
1.588901933101951878e-05
1.591509826831770380e-05
1.597697465776317622e-05
1.598162707130468374e-05
1.601545144569370915e-05
1.608299705566601271e-05
1.615851416158921007e-05
1.619224560692814334e-05
1.620250365315484175e-05
1.624122406392292898e-05
1.633383623168415956e-05
1.635324131683318219e-05
1.643247253817460983e-05
1.648613833459101972e-05
1.652195821637370628e-05
1.655033219628970821e-05
1.659245650605630773e-05
1.663397134227757176e-05
1.666010062661431689e-05
1.672532341774395784e-05
1.678425055748597380e-05
1.681598890611963473e-05
1.684733536547796534e-05
1.688965136885292240e-05
1.691514242324299882e-05
1.695621060435089557e-05
1.697319435108659040e-05
1.707219711685291550e-05
1.712217409253258529e-05
1.716551582643615996e-05
1.725926752711802104e-05
1.727296317348404436e-05
1.730596079831838219e-05
1.734551706673028392e-05
1.739147261021979892e-05
1.742316736164950145e-05
1.745754919615503698e-05
1.752645830333898584e-05
1.756196455115544537e-05
1.764524856039882041e-05
1.766209583470587129e-05
1.773357031397531367e-05
1.775925766413634192e-05
1.785972098318901695e-05
1.792148183252103243e-05
1.794631232700289087e-05
1.797581157289639375e-05
1.804141192753775023e-05
1.809646471270948346e-05
1.816606018360122113e-05
1.823665441875101060e-05
1.827692609969862959e-05
1.832294124221348178e-05
1.836944305858716659e-05
1.841687542966293238e-05
1.844598976930610641e-05
1.852886554299846921e-05
1.859981336223739048e-05
1.862481430835342003e-05
1.867575857163227340e-05
1.870739276608296862e-05
1.872627004123053000e-05
1.882292289272466829e-05
1.887096934430242804e-05
1.893094415705788821e-05
1.894728081635001828e-05
1.900207636996791119e-05
1.909041713328740294e-05
1.911760441110282191e-05
1.917908058346011875e-05
1.918307911243223479e-05
1.924305961621736356e-05
1.930456162966121789e-05
1.936082983746564780e-05
1.939231362021026967e-05
1.945498026629292291e-05
1.949644783661992446e-05
1.959046070988530483e-05
1.960341242209213915e-05
1.964609670513729054e-05
1.970242662873126986e-05
1.973216821333650283e-05
1.981630989917891107e-05
1.983392679290239306e-05
1.989356281843341999e-05
1.994548564058342812e-05
2.004657060091126486e-05
2.006635894185104522e-05
2.014141580514552580e-05
2.020870367466811560e-05
2.023567906424063480e-05
2.030292012064166237e-05
2.032337271179167500e-05
2.038616505229204554e-05
2.044814563643719679e-05
2.053272518848994275e-05
2.058808246718702689e-05
2.061119126279984472e-05
2.068761979776024136e-05
2.074697896739801590e-05
2.081596633217593943e-05
2.084386361396281691e-05
2.088575721448136799e-05
2.093605428037357237e-05
2.098510580454286122e-05
2.108153376618836697e-05
2.114779403184682060e-05
2.120022575232367854e-05
2.132478749031040252e-05
2.140166110870563558e-05
2.142023479221380331e-05
2.143749611124242435e-05
2.152270706655402371e-05
2.153662271018529797e-05
2.160192220610400134e-05
2.163920606897859310e-05
2.176369889797716877e-05
2.180308160812994658e-05
2.183313218172624348e-05
2.186756341717305331e-05
2.192787007299444506e-05
2.202406258404947560e-05
2.215249226024930759e-05
2.218202732565833973e-05
2.221670693673162555e-05
2.226352388875472478e-05
2.234506437093928063e-05
2.237808976708603221e-05
2.248175998260232549e-05
2.250729248792847942e-05
2.257587634623478280e-05
2.261973958022272523e-05
2.267571207072631588e-05
2.271629704290060244e-05
2.278193938365331373e-05
2.285304422728426257e-05
2.291607235283221023e-05
2.295337423061099644e-05
2.303094642601071038e-05
2.306272013049173760e-05
2.311313977514253427e-05
2.318281131705538374e-05
2.328004208383827649e-05
2.328898193966810396e-05
2.338563995056656896e-05
2.354062630645970924e-05
2.358013713015726733e-05
2.368839486092905671e-05
2.374650928064013348e-05
2.379516055182812059e-05
2.388648116105435037e-05
2.393724368539020361e-05
2.402906419008903497e-05
2.406005411630940190e-05
2.415487271915718771e-05
2.416974631965764316e-05
2.425903797027165410e-05
2.432304756381511733e-05
2.441287007023654044e-05
2.451845592924629651e-05
2.454929372118274666e-05
2.464828266076686823e-05
2.467039507114787730e-05
2.473585681979401880e-05
2.480622923526503665e-05
2.492763342543279615e-05
2.494379841976585355e-05
2.502550119788236559e-05
2.508408800306995549e-05
2.515511126579349330e-05
2.523368112805625364e-05
2.526119155505842032e-05
2.532202637642294975e-05
2.535042095587425689e-05
2.544525790228872230e-05
2.552031946741988423e-05
2.555435592690443814e-05
2.561543876364973579e-05
2.567902892579333266e-05
2.578698924541295866e-05
2.584763229284971244e-05
2.587872305719971446e-05
2.607874636388725559e-05
2.609196153457664206e-05
2.617365069175497887e-05
2.625901854659256965e-05
2.629799185960431888e-05
2.633480269026187639e-05
2.643982103156044554e-05
2.650801980920914122e-05
2.657794525416269315e-05
2.664412191797507572e-05
2.671649297224096674e-05
2.678186940404464684e-05
2.680022695204153850e-05
2.693457168146020029e-05
2.701321529009655177e-05
2.708070559162532062e-05
2.712593696264560154e-05
2.725493638806157252e-05
2.731566948485308574e-05
2.735227849249145292e-05
2.745194032644083626e-05
2.755743978173012037e-05
2.757982562931440200e-05
2.764350532708884789e-05
2.766067439294129458e-05
2.782525278828011428e-05
2.788979260934147875e-05
2.789296161681501521e-05
2.798500433129702002e-05
2.804734806344955377e-05
2.808243959728372153e-05
2.819370625267153129e-05
2.822153041619999901e-05
2.835438600561036591e-05
2.840787018804918912e-05
2.851540573730219905e-05
2.862200996695206639e-05
2.872238804213821047e-05
2.879463838130408629e-05
2.882727179608323610e-05
2.885807980993616688e-05
2.902571855445105516e-05
2.914797080412565377e-05
2.918851451566078858e-05
2.927595346175187663e-05
2.933094421345614251e-05
2.944207975774200327e-05
2.959699956050991279e-05
2.965829533586700174e-05
2.969951062517531962e-05
2.974770606022234464e-05
2.985389295945572419e-05
2.993163560472017774e-05
2.997335304874212619e-05
3.007659624469423719e-05
3.007958644917529118e-05
3.013052710965164336e-05
3.030923230777578630e-05
3.039670567908901112e-05
3.044272198373869124e-05
3.059903870372028539e-05
3.063516720220846627e-05
3.068486538365119238e-05
3.077136450971294145e-05
3.085011490769794457e-05
3.095294352846340586e-05
3.106321729637766596e-05
3.113065323835999233e-05
3.118796643097508040e-05
3.130685885279581570e-05
3.142690986286906190e-05
3.146412428173913143e-05
3.159699441556332837e-05
3.171149565646604756e-05
3.172698990568244320e-05
3.193092237507889761e-05
3.199154287869237758e-05
3.208936046437302857e-05
3.212207228912726845e-05
3.226512793612506966e-05
3.240707143354435858e-05
3.251354761375016149e-05
3.270634376545069098e-05
3.272749913715639807e-05
3.275422225466529969e-05
3.283981890227550719e-05
3.294981315571154706e-05
3.313198887327511327e-05
3.317418182306312066e-05
3.328116079479991486e-05
3.338115919082800459e-05
3.348448659472501662e-05
3.353885344615387956e-05
3.363352222628225244e-05
3.378356720469567200e-05
3.382192310546674053e-05
3.391303592135940512e-05
3.401713030204117340e-05
3.407185527211928702e-05
3.432854925615055165e-05
3.434505254731180210e-05
3.446326804107001704e-05
3.452597493115547214e-05
3.468901356016657950e-05
3.476042540012765287e-05
3.487686189689967903e-05
3.492036925093692633e-05
3.509225339472241617e-05
3.519429939963231299e-05
3.529754998426247567e-05
3.537104067986491688e-05
3.544531615205823123e-05
3.549785299894108939e-05
3.557736267090362531e-05
3.579969509951395901e-05
3.588907235097677368e-05
3.595722601170337260e-05
3.601046580267758701e-05
3.617174887676220715e-05
3.640906774261868745e-05
3.644508966976261674e-05
3.663595888505368604e-05
3.672727970061338772e-05
3.682543010226435809e-05
3.684488853986432708e-05
3.702121649137383579e-05
3.705692228539050030e-05
3.727802382276956052e-05
3.739510109837837048e-05
3.750373771647997522e-05
3.770749833819418646e-05
3.777425833145349286e-05
3.784843183101752593e-05
3.806464609231799276e-05
3.817113983849608624e-05
3.829712306111239637e-05
3.834143221217962494e-05
3.865191034940112705e-05
3.874719802374688901e-05
3.896461600552978349e-05
3.916222738448057035e-05
3.918204845675225405e-05
3.921000560352249389e-05
3.932005462511292123e-05
3.941829047157154042e-05
3.949048362744948560e-05
3.985673678187581792e-05
3.998074666635511475e-05
3.999551813536803794e-05
4.012071001782120487e-05
4.017735322256515480e-05
4.035797911885702322e-05
4.053930527462392471e-05
4.084519353591897973e-05
4.097737264754618001e-05
4.114531237336386296e-05
4.131813598695030396e-05
4.136878306380904806e-05
4.147687287118924203e-05
4.162729489490232034e-05
4.181616174630076817e-05
4.186546220231772625e-05
4.201143411452517196e-05
4.218743791254580579e-05
4.221529765001618789e-05
4.246381163316904244e-05
4.257893249717303646e-05
4.263428965288994232e-05
4.290900451615718155e-05
4.318269542215844476e-05
4.333101970943653884e-05
4.354253359713736594e-05
4.365984975963083515e-05
4.378257549977885617e-05
4.395597918039070249e-05
4.419039230029954055e-05
4.430524028197131860e-05
4.456401263965527521e-05
4.475751324663153384e-05
4.492482538345322023e-05
4.500952327470864078e-05
4.524404589107616575e-05
4.534089860998098464e-05
4.550191095915316657e-05
4.564458706289386105e-05
4.585170325910209476e-05
4.612125615766449833e-05
4.620621410620793981e-05
4.636045844800212547e-05
4.653760337901902209e-05
4.660741627118479525e-05
4.689627734147897183e-05
4.700025259738206809e-05
4.724818023627365865e-05
4.736410479511938925e-05
4.752270177457449052e-05
4.770612586473149290e-05
4.790737415840525470e-05
4.822821860315264209e-05
4.847208485435441802e-05
4.856242113602359650e-05
4.863930326931973144e-05
4.893441680601072897e-05
4.919171300457229830e-05
4.942882003290629980e-05
4.945866198246648307e-05
4.965760176362730001e-05
4.986036482805172773e-05
5.030662765610040217e-05
5.052516487595617832e-05
5.062979505712968277e-05
5.097663763850897734e-05
5.114631909648941990e-05
5.130147437342281525e-05
5.167313533371533556e-05
5.191470324186681681e-05
5.214292914062734177e-05
5.259551903259161888e-05
5.297766791872760727e-05
5.303310390463740188e-05
5.352178500391028225e-05
5.378349976695869595e-05
5.409670640903203713e-05
5.419533716788533238e-05
5.448878367803843524e-05
5.484866927112313459e-05
5.514101549839463387e-05
5.544177820715060948e-05
5.583023498663440483e-05
5.599262442177032083e-05
5.670555653991582354e-05
5.681860550579845228e-05
5.726884069857184176e-05
5.755402444265266622e-05
5.776198121563201827e-05
5.892451772651061587e-05
5.920304331534379986e-05
5.986668034249238430e-05
6.000630840988795437e-05
6.095016273740976097e-05
6.199569093124151988e-05
6.233253493031480511e-05
7.465682577798446961e-05
