-6.190511248757154194e-05
-6.115182403328961306e-05
-6.061275069162752783e-05
-6.011297555590815379e-05
-5.989268329976671866e-05
-5.902188926522796553e-05
-5.871959477894809636e-05
-5.823545091554420254e-05
-5.770823618536375098e-05
-5.749842298730515927e-05
-5.708369836404734565e-05
-5.676009640762905742e-05
-5.666852919444521604e-05
-5.643832490713723664e-05
-5.585047607892606688e-05
-5.531382716706947586e-05
-5.502940701470819638e-05
-5.466171646927968770e-05
-5.432383311469161544e-05
-5.410993510168097664e-05
-5.378965154362143277e-05
-5.348320481234764001e-05
-5.291050841184110996e-05
-5.283472714650266748e-05
-5.252901007251186690e-05
-5.235106586192154202e-05
-5.209855395959552254e-05
-5.195577806226846294e-05
-5.147988146392975341e-05
-5.114767318963779966e-05
-5.100660008653319812e-05
-5.068211914771442037e-05
-5.051176224265906513e-05
-5.036615121891642243e-05
-5.026070876446760431e-05
-4.995496071085013675e-05
-4.970447194883476641e-05
-4.951160267025107344e-05
-4.934681603683746661e-05
-4.929118694344700272e-05
-4.889031516520064684e-05
-4.874153911752684547e-05
-4.852626794416508806e-05
-4.833819017598719867e-05
-4.802381643123697868e-05
-4.788481008512647920e-05
-4.781250098918637026e-05
-4.765061516141643464e-05
-4.749732027864499119e-05
-4.709844947977036799e-05
-4.708505757911054076e-05
-4.688878482633176726e-05
-4.661385412054833843e-05
-4.642008986576120778e-05
-4.629705432769713367e-05
-4.626247003906022395e-05
-4.582698008093439668e-05
-4.568943835655711708e-05
-4.562722675831490637e-05
-4.551122221635886485e-05
-4.531177531382088940e-05
-4.491668173474795358e-05
-4.477961374032903854e-05
-4.457579461149014516e-05
-4.441998162534976750e-05
-4.423080746082169105e-05
-4.416602867804782809e-05
-4.398571168733196433e-05
-4.381661009049087155e-05
-4.368629875994931038e-05
-4.351053066941293508e-05
-4.323802995568610640e-05
-4.314040084451869377e-05
-4.296817180843934828e-05
-4.290668482029138181e-05
-4.272899111525510133e-05
-4.250652253615790045e-05
-4.239213684970190272e-05
-4.233096454942746040e-05
-4.231122113392990177e-05
-4.193904426071849603e-05
-4.186236656499949156e-05
-4.149259577415626818e-05
-4.139895505139425070e-05
-4.131897801051874155e-05
-4.120770598933037144e-05
-4.104251329908289628e-05
-4.091579704313635626e-05
-4.081029747168142638e-05
-4.066395362050381827e-05
-4.058440342222727470e-05
-4.042522213357870243e-05
-4.026324201537731995e-05
-4.004455812664833023e-05
-3.990723160597284009e-05
-3.974607231801551027e-05
-3.973714553685837837e-05
-3.965459142003002519e-05
-3.950040176387202654e-05
-3.932401994522094913e-05
-3.918111760156452352e-05
-3.908342097730204795e-05
-3.887993549154556154e-05
-3.874433866354314585e-05
-3.866386501897930311e-05
-3.861785374924360992e-05
-3.847180767280596682e-05
-3.845733782008440747e-05
-3.810142142267298289e-05
-3.799898160178702021e-05
-3.785160652518134393e-05
-3.783122442024872579e-05
-3.773086885039089825e-05
-3.759624478907832077e-05
-3.753996328468646085e-05
-3.741706806636248056e-05
-3.729164238397714040e-05
-3.724023043032495669e-05
-3.708362396499863094e-05
-3.689209863874162975e-05
-3.677019292208938428e-05
-3.670100521357268317e-05
-3.651566311384837589e-05
-3.637090299576553582e-05
-3.629106338266103982e-05
-3.620211761670433644e-05
-3.616552523767884732e-05
-3.603347450096284615e-05
-3.595701500207158763e-05
-3.581860466884280962e-05
-3.570383538230461175e-05
-3.563927699553240251e-05
-3.559470932034599499e-05
-3.532048409619025203e-05
-3.520573237989915060e-05
-3.508724190352388919e-05
-3.499294829177000541e-05
-3.491589466627448914e-05
-3.482836683324220780e-05
-3.474800767654131453e-05
-3.463410696302444378e-05
-3.460356030478656345e-05
-3.450280489180555235e-05
-3.434043823365199005e-05
-3.420537208412903306e-05
-3.407692404734766922e-05
-3.402594899126911267e-05
-3.387999005160702070e-05
-3.374061433871214323e-05
-3.368908445660909401e-05
-3.366499606088941009e-05
-3.363565185927049961e-05
-3.348231556101648117e-05
-3.336207448554970995e-05
-3.326802519794965738e-05
-3.314641766222877416e-05
-3.301487337674593748e-05
-3.292160029977599859e-05
-3.279104358376115077e-05
-3.271378656071008851e-05
-3.261882019399990802e-05
-3.259979898002275141e-05
-3.245782049062106734e-05
-3.237639255375197227e-05
-3.226095483205969762e-05
-3.222038349311010414e-05
-3.208887340727584658e-05
-3.204141477320332569e-05
-3.187791447722074109e-05
-3.181394860681516413e-05
-3.167089558009631605e-05
-3.159423049766986989e-05
-3.149132518260371131e-05
-3.132679005890649191e-05
-3.125986273186537198e-05
-3.121106792888596912e-05
-3.113299495465149711e-05
-3.103274795455402253e-05
-3.101677915760261625e-05
-3.083460393279498511e-05
-3.081893078968370002e-05
-3.077178169428842802e-05
-3.068356240293228704e-05
-3.060153134806768450e-05
-3.056403131540563913e-05
-3.042893409966216999e-05
-3.038455764167941400e-05
-3.024326701816905188e-05
-3.020274235955113356e-05
-3.015528979504474735e-05
-3.003630584063385329e-05
-3.001435721342101757e-05
-2.982116117578220477e-05
-2.978382873909368305e-05
-2.974845416896460668e-05
-2.964888524023821429e-05
-2.959442224321970959e-05
-2.949839784871241077e-05
-2.938597157532054296e-05
-2.930223877534982222e-05
-2.926212895381874210e-05
-2.918583637852791390e-05
-2.908894776006429054e-05
-2.907943806323987158e-05
-2.899217023969875829e-05
-2.883863382999715525e-05
-2.876065147621295799e-05
-2.869810415314026343e-05
-2.863969292527284970e-05
-2.849685872435212393e-05
-2.831218100654140957e-05
-2.828134509684095111e-05
-2.818682197714427221e-05
-2.809478441671975962e-05
-2.804205686293120007e-05
-2.801163884556350626e-05
-2.796230003636664970e-05
-2.779730710824746467e-05
-2.773499459257844078e-05
-2.771811998007117094e-05
-2.764660020975072185e-05
-2.758396158846889169e-05
-2.753064836258321203e-05
-2.744989826298579411e-05
-2.743936992148317795e-05
-2.736824553795424306e-05
-2.731152873358436728e-05
-2.715839576339265215e-05
-2.708253560785140490e-05
-2.704196382046545908e-05
-2.700230914291315925e-05
-2.692834339195068492e-05
-2.679589539937690711e-05
-2.673999860435762770e-05
-2.666775587337025694e-05
-2.659315307957744049e-05
-2.653910747636579050e-05
-2.649960157782225008e-05
-2.646209802137278915e-05
-2.632064342485883213e-05
-2.623078354806922938e-05
-2.616377165046914231e-05
-2.614607498431222667e-05
-2.606923991646291087e-05
-2.599241455261507616e-05
-2.594219277070388969e-05
-2.586800414236886539e-05
-2.578925896817718062e-05
-2.574182158924435379e-05
-2.562339383800946819e-05
-2.550121397564335824e-05
-2.546815939478352944e-05
-2.537478000920997728e-05
-2.533422568106951677e-05
-2.527975754158383082e-05
-2.523657018688630306e-05
-2.519199564917807359e-05
-2.514452336874957211e-05
-2.509934281440865026e-05
-2.498881606107167599e-05
-2.493326154003606458e-05
-2.484392646746167683e-05
-2.474484613048108853e-05
-2.470089159898262293e-05
-2.464343306981410436e-05
-2.456391458417350957e-05
-2.452748458520022810e-05
-2.447599123799146670e-05
-2.441248282294933864e-05
-2.437421771030533039e-05
-2.434933327024359624e-05
-2.428317734316418923e-05
-2.415878534081551614e-05
-2.411706088448114507e-05
-2.407877058445206126e-05
-2.398602892045948601e-05
-2.388859293224742135e-05
-2.387946044995393848e-05
-2.377328243589198309e-05
-2.372550998121668097e-05
-2.364296922302831747e-05
-2.359677320801689256e-05
-2.348801487610772693e-05
-2.339975164553547625e-05
-2.335637853505686414e-05
-2.333941871601915419e-05
-2.324241974932025466e-05
-2.319735554813125213e-05
-2.303029137041360386e-05
-2.296381502122504608e-05
-2.291772985523002573e-05
-2.286737362373392391e-05
-2.279333656084923821e-05
-2.278538484497082180e-05
-2.270308246578710767e-05
-2.261717293300823911e-05
-2.256902869200685984e-05
-2.251910127324335421e-05
-2.247753926013454785e-05
-2.246752569117702454e-05
-2.233776974566424543e-05
-2.226879370782284875e-05
-2.222141237062252872e-05
-2.220101195397714502e-05
-2.215909195945613518e-05
-2.205918646906051924e-05
-2.202969622174992477e-05
-2.195705236062217556e-05
-2.189313299947051879e-05
-2.184758611492862093e-05
-2.173145381611716115e-05
-2.169865494399104720e-05
-2.167239584987882452e-05
-2.162667957270241137e-05
-2.156710670682214894e-05
-2.153017083628713549e-05
-2.148802048912895656e-05
-2.140785803503182300e-05
-2.138529569490873325e-05
-2.125530056425972185e-05
-2.123283661143361920e-05
-2.112698210922804638e-05
-2.107392268505747115e-05
-2.103134919948166018e-05
-2.092893829093341786e-05
-2.089108240001337071e-05
-2.081216441608671930e-05
-2.077914583857439705e-05
-2.076707002022454575e-05
-2.065347644439461847e-05
-2.063936920973081889e-05
-2.058225651712078096e-05
-2.047810200744831489e-05
-2.047208706972582215e-05
-2.038452711365764720e-05
-2.035417591268434730e-05
-2.030517696404811727e-05
-2.026089499596972992e-05
-2.020206183569706220e-05
-2.013008801978027196e-05
-2.011791861282202375e-05
-2.010069079706178604e-05
-2.006940251564379881e-05
-1.993610151136231801e-05
-1.985139754946546801e-05
-1.979138469304595006e-05
-1.977976115147472228e-05
-1.969240132623724425e-05
-1.965772131044335935e-05
-1.963355614359384738e-05
-1.955509753115246065e-05
-1.951059970927334486e-05
-1.943856411215005099e-05
-1.939456122410513684e-05
-1.930429479792928287e-05
-1.926802792305846367e-05
-1.922758167441084460e-05
-1.915590238182807286e-05
-1.913502222389228103e-05
-1.910767969924743884e-05
-1.908688313050465858e-05
-1.897325224255458833e-05
-1.894277290085055881e-05
-1.890148561750073795e-05
-1.883000550771413167e-05
-1.874649126787126548e-05
-1.873218983111979677e-05
-1.864505494220824880e-05
-1.857953370570250575e-05
-1.855962046201610892e-05
-1.854421693339683807e-05
-1.848426680126128463e-05
-1.837023978235055263e-05
-1.834817445358950816e-05
-1.829530047756237727e-05
-1.829165627884328624e-05
-1.823573710326411099e-05
-1.815358179251382728e-05
-1.811606317788278347e-05
-1.805593521738441611e-05
-1.798550942845046472e-05
-1.795951921425759223e-05
-1.794373157859759172e-05
-1.786602050003982490e-05
-1.782829907165323834e-05
-1.779712722497605714e-05
-1.769027352346349690e-05
-1.763864590562985027e-05
-1.762073705533201401e-05
-1.752459928820671316e-05
-1.748234335573599385e-05
-1.741876570889277749e-05
-1.738974387431221067e-05
-1.736206442099050198e-05
-1.734028819328885737e-05
-1.730037141893217402e-05
-1.723405996604150941e-05
-1.721679964311818961e-05
-1.711128868129656899e-05
-1.706190827239680911e-05
-1.703895190103219546e-05
-1.694304129746238133e-05
-1.685446867837909747e-05
-1.684304564420049388e-05
-1.679865039879242436e-05
-1.673542860448099941e-05
-1.669124681968750792e-05
-1.663746399599701315e-05
-1.658932290884203653e-05
-1.658104796769459770e-05
-1.650452315349796277e-05
-1.648369857993900068e-05
-1.637202522997217619e-05
-1.629731688441783167e-05
-1.628687098482112778e-05
-1.621816211972602954e-05
-1.618235230192017248e-05
-1.617013963041748429e-05
-1.614935369957511905e-05
-1.612553858313347705e-05
-1.610057886923747496e-05
-1.605929540586735992e-05
-1.600435881862188390e-05
-1.593755235415324716e-05
-1.587726928496042310e-05
-1.584467043526521248e-05
-1.582505749989244280e-05
-1.575642036393854966e-05
-1.572748616757178714e-05
-1.570353547907505742e-05
-1.568532090264708934e-05
-1.558329763275728328e-05
-1.552427335917687677e-05
-1.551377188082503304e-05
-1.547492688516550078e-05
-1.539205802544128476e-05
-1.536731301635587074e-05
-1.531625842332638536e-05
-1.526372705686765223e-05
-1.524687566642499720e-05
-1.522935906558896603e-05
-1.514159455304543574e-05
-1.511294001156857950e-05
-1.503071046235939098e-05
-1.499497597814282363e-05
-1.493576331403443349e-05
-1.489529319326584776e-05
-1.488630761097123547e-05
-1.483308773061028097e-05
-1.476886923233515436e-05
-1.472403678316300905e-05
-1.470990034655626407e-05
-1.465856186219242182e-05
-1.463073101469868488e-05
-1.460318499912915866e-05
-1.457070560320264776e-05
-1.451596702240787308e-05
-1.447131426812167070e-05
-1.442403496309421396e-05
-1.436687155667951290e-05
-1.435239036798714268e-05
-1.430966173762533476e-05
-1.423728593545087855e-05
-1.417871060145413767e-05
-1.416668500363572803e-05
-1.413375634240471014e-05
-1.409084344818656229e-05
-1.402214772514926095e-05
-1.396715815419593853e-05
-1.393763883602638341e-05
-1.389579665210625365e-05
-1.386498287993167575e-05
-1.379055948267113462e-05
-1.375053067501158603e-05
-1.371945311441620876e-05
-1.370415711371437041e-05
-1.367481762165299570e-05
-1.362432174610813820e-05
-1.360366485235829733e-05
-1.355081010925813420e-05
-1.349878373651849567e-05
-1.345535849798440524e-05
-1.339772161038131973e-05
-1.338272686249849586e-05
-1.336150617848686952e-05
-1.333204829955302398e-05
-1.328747363627804864e-05
-1.327639758912750905e-05
-1.319074739396959019e-05
-1.314545322842677747e-05
-1.310761267693901682e-05
-1.310045435841918983e-05
-1.305476734337442133e-05
-1.298314684574115620e-05
-1.295848858362410011e-05
-1.292370255456212852e-05
-1.288137214886508683e-05
-1.287825088048476174e-05
-1.281184910112345083e-05
-1.275065726869534475e-05
-1.272569648140684371e-05
-1.269702980292048600e-05
-1.265833765072023422e-05
-1.264703868032117956e-05
-1.260067337250760978e-05
-1.249981745528358542e-05
-1.248504260701420980e-05
-1.245128181140079216e-05
-1.241542854293189141e-05
-1.240939447944988813e-05
-1.237342823505535870e-05
-1.229081949883029084e-05
-1.226586528955868041e-05
-1.222553822465442596e-05
-1.219377067408788916e-05
-1.217299746326088103e-05
-1.212428199340430610e-05
-1.210450351495071289e-05
-1.207088297069030196e-05
-1.204104212458532467e-05
-1.198599617753350380e-05
-1.192239691672630176e-05
-1.189875954070864691e-05
-1.186770810661996403e-05
-1.181688533249522548e-05
-1.176762640650010696e-05
-1.174147727817444230e-05
-1.171036247439977220e-05
-1.167209825504516014e-05
-1.164443384875899893e-05
-1.160442838289952110e-05
-1.159577653354861425e-05
-1.153912840502135772e-05
-1.149895118158950548e-05
-1.143091689211106971e-05
-1.140856097679855579e-05
-1.139643237083525512e-05
-1.136223694928339469e-05
-1.125352637402488167e-05
-1.124062525219615940e-05
-1.122117708587781499e-05
-1.115499684311370529e-05
-1.114318493013061974e-05
-1.112379187371653034e-05
-1.105288723903367683e-05
-1.102146649262189186e-05
-1.100693691668352266e-05
-1.097412282449563909e-05
-1.091772030579137437e-05
-1.090637370213615122e-05
-1.086489281163909760e-05
-1.082299402461556330e-05
-1.080696891621235999e-05
-1.079957427962911285e-05
-1.074546310469791350e-05
-1.069841175279078000e-05
-1.068773884545603275e-05
-1.067799799377663848e-05
-1.063614582764406439e-05
-1.060334860619957632e-05
-1.054441660359260583e-05
-1.053372134448958670e-05
-1.049469791452214873e-05
-1.042577235071197191e-05
-1.038472092254515565e-05
-1.036682136003821133e-05
-1.034238390129626609e-05
-1.032644168207054698e-05
-1.027514849488871040e-05
-1.023074245325006603e-05
-1.019868231935458937e-05
-1.017081589959172479e-05
-1.011863980640533721e-05
-1.011636170401802934e-05
-1.007988282931548855e-05
-1.003744851698115982e-05
-1.000208673056728450e-05
-9.981424958631950064e-06
-9.934170470893642133e-06
-9.887519248341828759e-06
-9.859935643823362661e-06
-9.812502832879201322e-06
-9.782306070134865985e-06
-9.753096483719030920e-06
-9.746390143824862608e-06
-9.683541610065560004e-06
-9.639313588394179415e-06
-9.598391072211955689e-06
-9.562016550736112495e-06
-9.526027050487509404e-06
-9.508577474701911776e-06
-9.483703019154345900e-06
-9.438952712097582593e-06
-9.399866324157630094e-06
-9.394258026758271505e-06
-9.350092800219496507e-06
-9.321838485492519167e-06
-9.293121328004135516e-06
-9.264603362961541965e-06
-9.212844738069441022e-06
-9.172354236601074122e-06
-9.144252912993254686e-06
-9.124491069148519764e-06
-9.061443584217304496e-06
-9.036795820313473453e-06
-9.017367550399572201e-06
-8.992252086257504276e-06
-8.944619632675999149e-06
-8.930710414953664842e-06
-8.882845832363765206e-06
-8.851509689553585766e-06
-8.816651348163894865e-06
-8.805783102046439790e-06
-8.773094110543414766e-06
-8.746826952452182809e-06
-8.722699679829491466e-06
-8.676320621631123821e-06
-8.653764511455593359e-06
-8.589926028840579075e-06
-8.549587502997510084e-06
-8.516690538837106043e-06
-8.481542813217314989e-06
-8.458138123308136055e-06
-8.430001046397927135e-06
-8.398489275207395477e-06
-8.352318136418017739e-06
-8.311192518224244674e-06
-8.289275139434212076e-06
-8.247930600021497152e-06
-8.207950031062957968e-06
-8.196716424366341840e-06
-8.170790227193109107e-06
-8.158377597444738507e-06
-8.111697331765719838e-06
-8.083951640582239366e-06
-8.047967223775167356e-06
-8.004967505546444441e-06
-7.982571839590157968e-06
-7.956288817738981130e-06
-7.939430809939852524e-06
-7.911448101106126525e-06
-7.867660702641115884e-06
-7.841163853642715522e-06
-7.809665417713427234e-06
-7.789252062524013617e-06
-7.748229616245538395e-06
-7.709708007581400865e-06
-7.663016549050557643e-06
-7.649116163321313092e-06
-7.612923103533932346e-06
-7.585283166542234237e-06
-7.544519188885556934e-06
-7.514298574897877274e-06
-7.479086642556345354e-06
-7.442222955967501386e-06
-7.431148574106644104e-06
-7.393074825508309599e-06
-7.363841883842407416e-06
-7.337310242078616224e-06
-7.299825964520443013e-06
-7.265559222429637175e-06
-7.249774490305181764e-06
-7.218839536308778745e-06
-7.197535042264653720e-06
-7.177075911595149740e-06
-7.139158622758143842e-06
-7.103343835351799160e-06
-7.056890215374500280e-06
-7.049374339962680886e-06
-7.041351458085776411e-06
-7.014804724941092500e-06
-6.971463694733322894e-06
-6.918238138358583944e-06
-6.890537977699895217e-06
-6.862060033299590562e-06
-6.842603722579903409e-06
-6.807618148383273965e-06
-6.782913706723474826e-06
-6.749593239979316909e-06
-6.713721587211964325e-06
-6.698788293837637573e-06
-6.674162820690337571e-06
-6.637753622277535328e-06
-6.609860293205513784e-06
-6.569344209431006471e-06
-6.544235622937729637e-06
-6.536419339079163447e-06
-6.509566243521370748e-06
-6.457515895574574809e-06
-6.438154505056056712e-06
-6.393786072391656143e-06
-6.385232595129833262e-06
-6.362832093103385178e-06
-6.341304271685911710e-06
-6.299156197388948214e-06
-6.277858097256450660e-06
-6.236215924183585350e-06
-6.213567673995304419e-06
-6.198931081813895793e-06
-6.147863303872584979e-06
-6.108929318686229583e-06
-6.089316233869623523e-06
-6.065020757903276116e-06
-6.007658073920112351e-06
-5.984058450200740733e-06
-5.958226883348825300e-06
-5.927013174160216175e-06
-5.901193519814651120e-06
-5.865199825545971052e-06
-5.833654972742865973e-06
-5.814087202546176909e-06
-5.786458150045430203e-06
-5.753498513733760140e-06
-5.734783825124654248e-06
-5.695426025571142027e-06
-5.679140557733263743e-06
-5.638883143122411367e-06
-5.634274629024340097e-06
-5.604958037603706478e-06
-5.582040177111307364e-06
-5.565281764977345812e-06
-5.516003237824783076e-06
-5.494531047062627227e-06
-5.465453237338513439e-06
-5.440437046018055733e-06
-5.399602910531641617e-06
-5.370527720605517010e-06
-5.341245978396816641e-06
-5.326221170537028484e-06
-5.316014919062955747e-06
-5.312716855955649487e-06
-5.261909616320832909e-06
-5.239936675295781957e-06
-5.181025219630398481e-06
-5.158676803414607458e-06
-5.107189993476980778e-06
-5.093821095080758043e-06
-5.078961031899465749e-06
-5.069437930776389829e-06
-5.061432346437233074e-06
-5.028216964631018907e-06
-4.990861216041926293e-06
-4.974787116691243743e-06
-4.942428145213444919e-06
-4.917365469078575561e-06
-4.894329103425137795e-06
-4.862669362855915439e-06
-4.831623721614794732e-06
-4.810081445766495615e-06
-4.790705452888116177e-06
-4.748216499456302944e-06
-4.734129133800186764e-06
-4.725996972164021757e-06
-4.679348465995905949e-06
-4.644509376167257120e-06
-4.615855123469253796e-06
-4.600870732367340818e-06
-4.589726312489825621e-06
-4.567105102978106159e-06
-4.518741537460378335e-06
-4.503620038846705585e-06
-4.494128244678755723e-06
-4.476838006800997631e-06
-4.426619070236102847e-06
-4.399543713609454224e-06
-4.389673760689161444e-06
-4.353334068969909283e-06
-4.323322195648744981e-06
-4.297702709079382164e-06
-4.293628859034378987e-06
-4.270484854599162659e-06
-4.250200566139942677e-06
-4.207923248430946255e-06
-4.195329255980943156e-06
-4.178202452275429782e-06
-4.138118096969748356e-06
-4.107765068648108741e-06
-4.087787073231478085e-06
-4.069564172882403369e-06
-4.053623303354063128e-06
-4.023403984134150896e-06
-4.008985217868417268e-06
-3.974144450043584800e-06
-3.962790927975757608e-06
-3.946918630388906166e-06
-3.924074879368613785e-06
-3.886441439901434317e-06
-3.855052585906149918e-06
-3.846089992140243690e-06
-3.826730617159961037e-06
-3.768785799986577888e-06
-3.745336374871275428e-06
-3.731463102313138299e-06
-3.700229198297030304e-06
-3.685870558033914216e-06
-3.658382051422005997e-06
-3.633686205783056840e-06
-3.605254136969688071e-06
-3.576649675912263035e-06
-3.574744253481291071e-06
-3.560282498389360152e-06
-3.523564611966952568e-06
-3.511535809328412833e-06
-3.469199368479055153e-06
-3.453882649593320039e-06
-3.418625446252557648e-06
-3.385617804597727890e-06
-3.365741279368314220e-06
-3.337623687728073608e-06
-3.332691485835720194e-06
-3.323365373461458345e-06
-3.276243757082090923e-06
-3.254818105482421771e-06
-3.234980177159844786e-06
-3.230507223524187900e-06
-3.193227189259036262e-06
-3.180040784651096622e-06
-3.135189933881845022e-06
-3.105243451191382121e-06
-3.097746322130352131e-06
-3.077222786909354049e-06
-3.052596119695612052e-06
-3.035040191866039046e-06
-3.019947026195456874e-06
-2.986994374812528292e-06
-2.975485946736290783e-06
-2.951233702117358823e-06
-2.922579216422722139e-06
-2.908942238907212010e-06
-2.887817900367533776e-06
-2.863857948561191664e-06
-2.838686947189935074e-06
-2.814152697825023563e-06
-2.807302081459237577e-06
-2.778839185685731750e-06
-2.763782705731011835e-06
-2.755576479160431688e-06
-2.724622096979959768e-06
-2.695017087471558352e-06
-2.666652319493527308e-06
-2.646530690563330839e-06
-2.630530475589019260e-06
-2.595101117407745216e-06
-2.590463569114830880e-06
-2.563694063203346218e-06
-2.545365194092568808e-06
-2.520721980084835397e-06
-2.501007437203509029e-06
-2.471701183893520803e-06
-2.466547103945439006e-06
-2.411769531809542470e-06
-2.400507274714462184e-06
-2.371611357203582137e-06
-2.354246835203687715e-06
-2.338689145573230879e-06
-2.288657039732276831e-06
-2.285692648057447043e-06
-2.242044431243565393e-06
-2.227141743208239390e-06
-2.203077906748594410e-06
-2.181022585071425244e-06
-2.167274717815991799e-06
-2.139920523670611712e-06
-2.115097833355297242e-06
-2.109282720637469233e-06
-2.093580244697793864e-06
-2.084000632514628886e-06
-2.026611221574676857e-06
-2.021173467128396870e-06
-1.990240538203610950e-06
-1.960628347343803407e-06
-1.951882751328646354e-06
-1.927470296833947561e-06
-1.917348878099655444e-06
-1.889261099271797289e-06
-1.870376854772457433e-06
-1.857795568041655005e-06
-1.841805976856047880e-06
-1.806912994470280666e-06
-1.797251550335790053e-06
-1.761396231239569263e-06
-1.742784286123052952e-06
-1.727911225966770123e-06
-1.688996648260025946e-06
-1.675608113154069779e-06
-1.666300055942331062e-06
-1.653941972468318328e-06
-1.626497238697523108e-06
-1.587070079690107605e-06
-1.569360577082957554e-06
-1.546647082201573776e-06
-1.541881432858277515e-06
-1.529826526153330572e-06
-1.491788107839834234e-06
-1.477262739018499693e-06
-1.443247029073280876e-06
-1.438022063151232360e-06
-1.413355594864324863e-06
-1.387065054380096609e-06
-1.369100033186719901e-06
-1.356147202896732756e-06
-1.330176490020842559e-06
-1.327685172585176320e-06
-1.321650612552812853e-06
-1.270998715742293601e-06
-1.244456459971486473e-06
-1.213131807269936008e-06
-1.202029708600231763e-06
-1.179561016463429872e-06
-1.169663928173072562e-06
-1.157211543731616618e-06
-1.139502138812386526e-06
-1.129674201684781532e-06
-1.088278108567770864e-06
-1.056010184335352014e-06
-1.054728216520948247e-06
-1.025563206388103842e-06
-1.009514540018957917e-06
-9.720148444600320926e-07
-9.628929074768460106e-07
-9.538848960794027095e-07
-9.483243036605934279e-07
-9.309348911583786367e-07
-9.174910800831562343e-07
-8.920058268405238740e-07
-8.593426370423114673e-07
-8.494063635149962132e-07
-8.164025880499987626e-07
-8.085940595671164274e-07
-7.896031813227711438e-07
-7.864557269471840287e-07
-7.594216812777439728e-07
-7.496669270733939080e-07
-7.375401877551688513e-07
-7.061524913792161643e-07
-6.643038562738513082e-07
-6.469682444524601305e-07
-6.364083776578670457e-07
-6.302586113574737623e-07
-5.856638986221153883e-07
-5.668699982780055695e-07
-5.511623421078344862e-07
-5.469877721342355788e-07
-5.243260481432429542e-07
-5.184538585413421506e-07
-4.743396391251899461e-07
-4.522379466124672817e-07
-4.408848494935577621e-07
-4.136111283745101365e-07
-3.946422193538222798e-07
-3.761850584657238096e-07
-3.613950241178456249e-07
-3.561106957468689292e-07
-3.305647608639713549e-07
-3.203254287411068140e-07
-3.071945514018776717e-07
-2.600693900029251584e-07
-2.478999341491596054e-07
-2.386114708531922823e-07
-2.262342749606451860e-07
-1.990691257475088763e-07
-1.756161710771728151e-07
-1.472235478728941798e-07
-1.387599978300019160e-07
-1.279971810429699279e-07
-1.150867257045192289e-07
-9.203156105115092557e-08
-7.645356683485542409e-08
-5.803751859757679958e-08
-3.938629472796724029e-08
-2.642687288919619718e-08
-9.805183914966076097e-09
4.843030228627370665e-09
4.876945536115011363e-08
6.242845445724502188e-08
9.106108663547075048e-08
1.069172507477736931e-07
1.213427647377471625e-07
1.519546248687917669e-07
1.783681050824689110e-07
1.832153442446870598e-07
1.891435123381198488e-07
2.080161724439662742e-07
2.295667563360294003e-07
2.372688302175256286e-07
2.789959100124719084e-07
2.923809209987791417e-07
3.086757612773479789e-07
3.305353597559995041e-07
3.539425196674234064e-07
3.600020369715116599e-07
3.783645815971064023e-07
3.932165789566312791e-07
4.231602425297309275e-07
4.498600005473432999e-07
4.622935480747041222e-07
4.751860882838791805e-07
5.001525528972141782e-07
5.254717686246808304e-07
5.363117213644165617e-07
5.575725157709896117e-07
5.801493113371504588e-07
5.910367483078635871e-07
6.001359104667942580e-07
6.075290291397201619e-07
6.466959841890318441e-07
6.560785028246760435e-07
6.618419600907200000e-07
6.865033034193392549e-07
7.189786871622614414e-07
7.379659444407940274e-07
7.559349616218519016e-07
7.705983985447149146e-07
7.775516713676477663e-07
8.097119066932303404e-07
8.364027976634446243e-07
8.685617125237527179e-07
8.798824232687711936e-07
9.067403397340052321e-07
9.210709607081617533e-07
9.516346929324864804e-07
9.593342357850105064e-07
9.795989233507626113e-07
9.862778052646141976e-07
1.001257696258931951e-06
1.040935774327305203e-06
1.066464341877776649e-06
1.070606495262986069e-06
1.092433447164657282e-06
1.109283420363537550e-06
1.121683033520044732e-06
1.134518792804826231e-06
1.160536852699793425e-06
1.184155087949796734e-06
1.208576093067973496e-06
1.219896617980029476e-06
1.243195339855636203e-06
1.269650877839228275e-06
1.309838181248593000e-06
1.326530027918665570e-06
1.359529661483718903e-06
1.365490881416055331e-06
1.388487490094163662e-06
1.398606694148335136e-06
1.409088828936651902e-06
1.446815298081913669e-06
1.462817496626796481e-06
1.475119084849822917e-06
1.482672285598074670e-06
1.522700885968221528e-06
1.542533856527485368e-06
1.564178427222170581e-06
1.567873739591485205e-06
1.586498445398715504e-06
1.629012267892011156e-06
1.655300604772572742e-06
1.682912726010105330e-06
1.688064831489843168e-06
1.696906034600321557e-06
1.737091269868213903e-06
1.744216911750148897e-06
1.779766163587375063e-06
1.804126735362925571e-06
1.821557959378667053e-06
1.851335951320137832e-06
1.864394672737588073e-06
1.886605321683548175e-06
1.892645849674549167e-06
1.908773079966583717e-06
1.944128641461578083e-06
1.994490171320900708e-06
2.003080310832285548e-06
2.024153347992862264e-06
2.035822592334580403e-06
2.049121050427471606e-06
2.078780750032137440e-06
2.106945279649340676e-06
2.115443617753865928e-06
2.147517283296347493e-06
2.163647382920729533e-06
2.218623490745256967e-06
2.221906055867099057e-06
2.238125119116798611e-06
2.248361222446796416e-06
2.260783113264749533e-06
2.301931811125581765e-06
2.313824698900862101e-06
2.332463128573309784e-06
2.353315185640033668e-06
2.382916770957968576e-06
2.407990011948167349e-06
2.431875368165028244e-06
2.440439003556661256e-06
2.451312613039055472e-06
2.457050391851468737e-06
2.488146443030836622e-06
2.508766919407250031e-06
2.539170484790549244e-06
2.540158932496820763e-06
2.589908974477723742e-06
2.597291350182074244e-06
2.619294573160245256e-06
2.644841086264992808e-06
2.687063047495576071e-06
2.718631380664801447e-06
2.728019607124315263e-06
2.762586627173249059e-06
2.774897050369458399e-06
2.798994950681994409e-06
2.812864521783409065e-06
2.833664549122779240e-06
2.856475071864325105e-06
2.875223291269845547e-06
2.900577288259905713e-06
2.924811733332712460e-06
2.931824266103070537e-06
2.950600953394486676e-06
2.978016083650322370e-06
2.993193043815719255e-06
3.018799029651656305e-06
3.060662378157912652e-06
3.086884245802588663e-06
3.111090527074639908e-06
3.118199588603977952e-06
3.140823481311786062e-06
3.174493475218102936e-06
3.186170948669024897e-06
3.193276816382066660e-06
3.236360169441440413e-06
3.244045985201782765e-06
3.284868723297747148e-06
3.305785505990641888e-06
3.328703244569367405e-06
3.349879585979448609e-06
3.382494901982504690e-06
3.399849663284281928e-06
3.444633404778916743e-06
3.447036618561884224e-06
3.477859169293539472e-06
3.495527901406276094e-06
3.508043325610070030e-06
3.527428915884392457e-06
3.547897120619550901e-06
3.580353656546618395e-06
3.582130757798375618e-06
3.618369135518426416e-06
3.647710893537350768e-06
3.671931316905838251e-06
3.711254076381496657e-06
3.735152620963122531e-06
3.762531719559534664e-06
3.780784578850146681e-06
3.802662334959523987e-06
3.831751552201689458e-06
3.853910897069008299e-06
3.876381567378612299e-06
3.900324428913953470e-06
3.915396417165954772e-06
3.944843905262164568e-06
3.964160370152571930e-06
4.004788877487611839e-06
4.034717276023511178e-06
4.046230664568679037e-06
4.104196777733046962e-06
4.113691419504880339e-06
4.144699663121770771e-06
4.158419237401443723e-06
4.169933011683731859e-06
4.216002985641155748e-06
4.232756865218795455e-06
4.264522534201680451e-06
4.269712225617844202e-06
4.315674898397601743e-06
4.320696065428599946e-06
4.327421193323420440e-06
4.339839414762561290e-06
4.376466527778143507e-06
4.402067564886122917e-06
4.410748879842550379e-06
4.478793917769416843e-06
4.512153171114093045e-06
4.536082245137816855e-06
4.560351124028699743e-06
4.570532480984983898e-06
4.602315192470729259e-06
4.623998020812931531e-06
4.640212509530937629e-06
4.674212063556496726e-06
4.688226474771731256e-06
4.718409956329403188e-06
4.763648342014691612e-06
4.792743408271740659e-06
4.821264194606294571e-06
4.851131998205359166e-06
4.857940650072881651e-06
4.895900166420321432e-06
4.919330005064958067e-06
4.937300360273746406e-06
4.954863356585059465e-06
5.016908170376346878e-06
5.043405312681742583e-06
5.055954204580961115e-06
5.085733367573288718e-06
5.105134911616001060e-06
5.126695271722766305e-06
5.145758691683245685e-06
5.188278302372012009e-06
5.215155430189194080e-06
5.249337672008784730e-06
5.259811795823941698e-06
5.274407897965279607e-06
5.291816776512964601e-06
5.310505003810923784e-06
5.330545969315531876e-06
5.380231996662390125e-06
5.408876289488100052e-06
5.440996621079312355e-06
5.453544707695669890e-06
5.490740647066046933e-06
5.535506177104177902e-06
5.551600466105029674e-06
5.589433821026062337e-06
5.623259137506553140e-06
5.649105300404712345e-06
5.674495740258194120e-06
5.700276439665892470e-06
5.723137175564694165e-06
5.751946956816428391e-06
5.774774228133461335e-06
5.809147012757551396e-06
5.838458655020141314e-06
5.876639462646772322e-06
5.907750060785194569e-06
5.923075600289588379e-06
5.964318084644142052e-06
5.972484095068795593e-06
6.044528867512950555e-06
6.060080936103199205e-06
6.087124040268234674e-06
6.103421693442140719e-06
6.109014639282818935e-06
6.148591419439933019e-06
6.205245960394395657e-06
6.209380801463787305e-06
6.218239937656259479e-06
6.249422818166404087e-06
6.279496490417928968e-06
6.305365377032475130e-06
6.347580867757719419e-06
6.363485991250167624e-06
6.373532821572751390e-06
6.422339028082902525e-06
6.451667885914067841e-06
6.468519541974172207e-06
6.487597457086421850e-06
6.521104980650441663e-06
6.552759298065682874e-06
6.588812088028539227e-06
6.621075851212469510e-06
6.695546561057032757e-06
6.713635222815404368e-06
6.741777752454970361e-06
6.759254400905676842e-06
6.806830828644490652e-06
6.820210513063820397e-06
6.847035380038565261e-06
6.864957499014540602e-06
6.887044195711652304e-06
6.908995024548506345e-06
6.943632624079712228e-06
6.950466750172977333e-06
6.986689385909761126e-06
7.005813988225170407e-06
7.049280200452356847e-06
7.056525833296279542e-06
7.095080319486595356e-06
7.125307741833996489e-06
7.154855147197390782e-06
7.162993402874175548e-06
7.216579385177747049e-06
7.252500516376926470e-06
7.297218578882752791e-06
7.317447540142274110e-06
7.364297339476286344e-06
7.385535295163515981e-06
7.418206019306234912e-06
7.429458430172911564e-06
7.444776936367997322e-06
7.523241281650885059e-06
7.555825017273810334e-06
7.559218888594398056e-06
7.573614154114240281e-06
7.617046540855125427e-06
7.642512062930769794e-06
7.669632605959743197e-06
7.710135839652207084e-06
7.736381691764237939e-06
7.764627566174086868e-06
7.786735987058174770e-06
7.806941412120194438e-06
7.841654458856304989e-06
7.852524937665051230e-06
7.878727461141399481e-06
7.936092568531704034e-06
7.954333083493663571e-06
7.997254382151541369e-06
8.053120377509256260e-06
8.078174702172592211e-06
8.090441436389729637e-06
8.129382514288467586e-06
8.180580310123120488e-06
8.192062106268624918e-06
8.221434560836404985e-06
8.273336809025114591e-06
8.320493766925179192e-06
8.338357248767064989e-06
8.354035869213879596e-06
8.378226160949158566e-06
8.398158586956490596e-06
8.449733948211991675e-06
8.481669732148181996e-06
8.518079365464736722e-06
8.540352392984431533e-06
8.599098595460909225e-06
8.620420282360361874e-06
8.634578751160001969e-06
8.666217306025863327e-06
8.689724535842313868e-06
8.744425163408666704e-06
8.752687920013849286e-06
8.811770859680782744e-06
8.836437317588600185e-06
8.855439048203811518e-06
8.892418279654636725e-06
8.942488188937715730e-06
8.989812921798259583e-06
9.021849143701795416e-06
9.064044752406544983e-06
9.073287616180977894e-06
9.110522692777011275e-06
9.138558546482707375e-06
9.166761663594799671e-06
9.196365888307061811e-06
9.209732228442490552e-06
9.272453563878155431e-06
9.286559391526635877e-06
9.324949032480288281e-06
9.353544575032398921e-06
9.368090408419197529e-06
9.413334977913930207e-06
9.435516922898229200e-06
9.471234931243939376e-06
9.493543184775505022e-06
9.523455821158792527e-06
9.578077609673855603e-06
9.628762981829144780e-06
9.651203517939730510e-06
9.678230286315413788e-06
9.705814557739460261e-06
9.717333886663211137e-06
9.785893070285646867e-06
9.809625373266588047e-06
9.865823732210708506e-06
9.899890881352918954e-06
9.939086353238461158e-06
9.957296379846771253e-06
9.991802520358602859e-06
1.002912116389931610e-05
1.008388715139569208e-05
1.012299942744529373e-05
1.016353944159868416e-05
1.017023388140497326e-05
1.023197880251149229e-05
1.025145909301797633e-05
1.029317412754643518e-05
1.032611591326513882e-05
1.038437851288832245e-05
1.039877817668010467e-05
1.041413273943087573e-05
1.044878131246291260e-05
1.047132305911066900e-05
1.053122112184599525e-05
1.055872689411440848e-05
1.056101556843771266e-05
1.063997544265971441e-05
1.065306030486804753e-05
1.068251698217934798e-05
1.074830388998743469e-05
1.076223950836372168e-05
1.082631768316810458e-05
1.086680641435504027e-05
1.087825970913673563e-05
1.094794522956667975e-05
1.096710406125918595e-05
1.100331441445196931e-05
1.104925037012492846e-05
1.105285384997694098e-05
1.109287196983764145e-05
1.113079838957612914e-05
1.115541961530031178e-05
1.117760974454475496e-05
1.124802501828864050e-05
1.128100678571465908e-05
1.131819773894812078e-05
1.135595453822643587e-05
1.138543742864306329e-05
1.143276360719344777e-05
1.145738580170497222e-05
1.151981581528730140e-05
1.153163963752436205e-05
1.156928882528807838e-05
1.161379641349401513e-05
1.164840783775750378e-05
1.166515486521475906e-05
1.170968820001078385e-05
1.175813577464233948e-05
1.178833457439834574e-05
1.183868533893365372e-05
1.184801212494183059e-05
1.189116650716532846e-05
1.197334735880196174e-05
1.198439038243286944e-05
1.202502654268938317e-05
1.206257781837625133e-05
1.209462774014156169e-05
1.210580285927502365e-05
1.213683863880087915e-05
1.222812804812373538e-05
1.223985393237082475e-05
1.225385910818331996e-05
1.230776380732870789e-05
1.231734978112152451e-05
1.240560775775920108e-05
1.243873805601317983e-05
1.248446236128238280e-05
1.251577389835117272e-05
1.256552425937740678e-05
1.261941174735981725e-05
1.265583634139914525e-05
1.266901433064581122e-05
1.270645407541169759e-05
1.273130695920265678e-05
1.275594697528636147e-05
1.277648292614419602e-05
1.285054007040077864e-05
1.286806418972585905e-05
1.288682294403114225e-05
1.292947542558248735e-05
1.295536369257500205e-05
1.296757819700027925e-05
1.302075941163629132e-05
1.310482644136845168e-05
1.313800801878119764e-05
1.321714672552835123e-05
1.325450136941363254e-05
1.328507388879584612e-05
1.333046861088636995e-05
1.336830738605691371e-05
1.341834988904844345e-05
1.345394237512261324e-05
1.346837837971876432e-05
1.351500750908411229e-05
1.357723100005648440e-05
1.358705207114604563e-05
1.365786043658624524e-05
1.368514361427083252e-05
1.372671314242254983e-05
1.374216171885865652e-05
1.383273631534587092e-05
1.384541437746195016e-05
1.389449861954445317e-05
1.395602645208565928e-05
1.398960412486828584e-05
1.400938406057440550e-05
1.405644416464694038e-05
1.413343989890379407e-05
1.415186483732409366e-05
1.419171184538065882e-05
1.425279958710576183e-05
1.427125984481687823e-05
1.431181436605689155e-05
1.433882945544502821e-05
1.440816085398929949e-05
1.450159653378926976e-05
1.453219213433484739e-05
1.456962840680916733e-05
1.459748752973272455e-05
1.464020365304140513e-05
1.467546294253173591e-05
1.469167779355250064e-05
1.475139464234863766e-05
1.478645673920647751e-05
1.485116007802009800e-05
1.487216022122505846e-05
1.490423378221868474e-05
1.495838062106979945e-05
1.498916305929215133e-05
1.504732003732866113e-05
1.507368695778888435e-05
1.514477376056295412e-05
1.515565298338239877e-05
1.520889085702285079e-05
1.530054409684507562e-05
1.532597500356727273e-05
1.533558043251595268e-05
1.536479703223261311e-05
1.538983812922098851e-05
1.543895195913260620e-05
1.550452641442321732e-05
1.552899807732845101e-05
1.556601235307817854e-05
1.560159328604722827e-05
1.574888517654295035e-05
1.578690444238820220e-05
1.585351896903327019e-05
1.590729437669391149e-05
1.595105275603554975e-05
1.597638290458184882e-05
1.600053997828146854e-05
1.605127768733857687e-05
1.607480408079263671e-05
1.612554433869110829e-05
1.614657715122019504e-05
1.622731179322458268e-05
1.626053895777170225e-05
1.628384782411866307e-05
1.635008287837014270e-05
1.638556428115909799e-05
1.644428973787407424e-05
1.649366316553208773e-05
1.651967654441004191e-05
1.657567110079791875e-05
1.660334565677336601e-05
1.663761836492199438e-05
1.669590544444744806e-05
1.670770292878449287e-05
1.675361027073059744e-05
1.681269645604074805e-05
1.689453598254518266e-05
1.691265992189930554e-05
1.695526311025919580e-05
1.696991434355722738e-05
1.704773049644469732e-05
1.707407434118830191e-05
1.716306446943024680e-05
1.718807193522706769e-05
1.722491527676106585e-05
1.724255862937066548e-05
1.729182660044669480e-05
1.736947337699572987e-05
1.740273884242491442e-05
1.747927437110433749e-05
1.751239401081672135e-05
1.753707880663321110e-05
1.762148734850456231e-05
1.768609707975718313e-05
1.769763931095957933e-05
1.776005962894578269e-05
1.784164473045224427e-05
1.786588546299059096e-05
1.791127595923604486e-05
1.796217821530737133e-05
1.798757186461920899e-05
1.803788045418066975e-05
1.807549436222689776e-05
1.808992811408142732e-05
1.823719518885465410e-05
1.826410882579739290e-05
1.836598977667963401e-05
1.843429965468366873e-05
1.845257374422913744e-05
1.852200610022488171e-05
1.858711331445526168e-05
1.861747027449372916e-05
1.866354735152635436e-05
1.869530642567607574e-05
1.879619982236585229e-05
1.882664129961336396e-05
1.886480117694164422e-05
1.891508455606078970e-05
1.896997218448509700e-05
1.902816501602517841e-05
1.903601750968535747e-05
1.909791540828396835e-05
1.915582273286016738e-05
1.920533046118645399e-05
1.928273681999286650e-05
1.936673625326529804e-05
1.941027776385478946e-05
1.947864640350461144e-05
1.949215609905271637e-05
1.954812020126345265e-05
1.958432381576637375e-05
1.965506820784495819e-05
1.971299930061617368e-05
1.979827309455611678e-05
1.983509343397445407e-05
1.984742509852578904e-05
1.989883367972113489e-05
2.000475839666528228e-05
2.000958534544776906e-05
2.007108218895169421e-05
2.013346002437711374e-05
2.020123086069644357e-05
2.026042815036549542e-05
2.033573772235598614e-05
2.036027661890798396e-05
2.040267748141117633e-05
2.044319214179193554e-05
2.051010536666065322e-05
2.053720889266994645e-05
2.061897707898995995e-05
2.069732435201070931e-05
2.074195986215745250e-05
2.080465499818288168e-05
2.084203744807654212e-05
2.092187407237725358e-05
2.094552710050640043e-05
2.099925827691195940e-05
2.105587658729841241e-05
2.109761068821707511e-05
2.116500402587825151e-05
2.120636565651152561e-05
2.125619478885399304e-05
2.138429441929278599e-05
2.141605547256729446e-05
2.142972627564707950e-05
2.149474892268845696e-05
2.159280415580434344e-05
2.159611015071206966e-05
2.167062098701535723e-05
2.174709909249753382e-05
2.180425605198520403e-05
2.187718766591259921e-05
2.195099081880773562e-05
2.204340466175421805e-05
2.210396427405909435e-05
2.214230234653562763e-05
2.220199475813900661e-05
2.222998719952599351e-05
2.231836527442160607e-05
2.235535863004366322e-05
2.238614507722766191e-05
2.247216407991961816e-05
2.252991809890255031e-05
2.258070050139828557e-05
2.263241881576092410e-05
2.267959658835429736e-05
2.275542308187352225e-05
2.278035072209164325e-05
2.291750146898363161e-05
2.291862952192112301e-05
2.295830179124674355e-05
2.299398152115825940e-05
2.306957026859455560e-05
2.314156435019830156e-05
2.323832126852940532e-05
2.326705257220009870e-05
2.331559073436358261e-05
2.344949908253698794e-05
2.349180948604138520e-05
2.357550022193017231e-05
2.362426115033592057e-05
2.366992609571084662e-05
2.373923684678602678e-05
2.379315459393870164e-05
2.384263281396160826e-05
2.394958616548816107e-05
2.403114236959423685e-05
2.405875165853857205e-05
2.410764059875509038e-05
2.422426110512567018e-05
2.427850073164384239e-05
2.431458664936889921e-05
2.433232424845128034e-05
2.441438303905310936e-05
2.445742971189449869e-05
2.451219577533014310e-05
2.461186766016170769e-05
2.465451365257122291e-05
2.470727793142732585e-05
2.477950249876020026e-05
2.486018660499761732e-05
2.495422018070971262e-05
2.501293934800092735e-05
2.512186037188037080e-05
2.525553994139223364e-05
2.527140503734002141e-05
2.534534169353574217e-05
2.540270279786826022e-05
2.546813541840394545e-05
2.553650270099953472e-05
2.558095518181825278e-05
2.568481884530574648e-05
2.571387713917338316e-05
2.581293398974111419e-05
2.584798620109739431e-05
2.599680194070059250e-05
2.611931490571755223e-05
2.614865196647785922e-05
2.622413402541104419e-05
2.638632900662611286e-05
2.640843477763829154e-05
2.648736689470551688e-05
2.653611599079955052e-05
2.657570458214086691e-05
2.663224905115343398e-05
2.674089681197413070e-05
2.685753156896968595e-05
2.690667977860368329e-05
2.693733207211999141e-05
2.708015787946125574e-05
2.714964732616588294e-05
2.716658028900461298e-05
2.724567261816216728e-05
2.727182713548303769e-05
2.736837913061357106e-05
2.744193674570407030e-05
2.755539682150277066e-05
2.765549478698952940e-05
2.773040932907115748e-05
2.777415138881639178e-05
2.780379434737392059e-05
2.786898449853736511e-05
2.799957472828351653e-05
2.809320540395312724e-05
2.815858165037705014e-05
2.822624217679521290e-05
2.841280663765816613e-05
2.846370202964920455e-05
2.853179159705704687e-05
2.858255851008123998e-05
2.862064881760478278e-05
2.870849187039539331e-05
2.874623560459440975e-05
2.880261746212213895e-05
2.885385558641747589e-05
2.891763508669078112e-05
2.906428645067431562e-05
2.917542235389456197e-05
2.925706493190365260e-05
2.931400661221510983e-05
2.947082312355662695e-05
2.954611094384777527e-05
2.967101951656564123e-05
2.973075614993976959e-05
2.976676173339207733e-05
2.980238475270530915e-05
2.993293539419823919e-05
3.000706194032665638e-05
3.006852148556072489e-05
3.014965602283306735e-05
3.026335651131652617e-05
3.035646139617166134e-05
3.038714730292237128e-05
3.047379804231904410e-05
3.059842131309437779e-05
3.063120015081708845e-05
3.075304968764057341e-05
3.084138932633501048e-05
3.094977985516177566e-05
3.098440053102793397e-05
3.104756125560221121e-05
3.111169752344072079e-05
3.125680105362941473e-05
3.127552349229420579e-05
3.136881625968896564e-05
3.141474675730141603e-05
3.147213220727955414e-05
3.153003577498381696e-05
3.157785984688803264e-05
3.175320661596879932e-05
3.179382941695418387e-05
3.185010144587342506e-05
3.191653499151926983e-05
3.213558794981967258e-05
3.216470152360561695e-05
3.231438531533277757e-05
3.236879855178526343e-05
3.252909116007516834e-05
3.264005835319942148e-05
3.279923016647801509e-05
3.281416316442815038e-05
3.299366140434797120e-05
3.311079702683812371e-05
3.316056221251338193e-05
3.325264595568109481e-05
3.329640931222780964e-05
3.337724537528087392e-05
3.340057611139623806e-05
3.352490731583710593e-05
3.364702437822732672e-05
3.369213852354666636e-05
3.388846850390978520e-05
3.394658930928780023e-05
3.401556057690120175e-05
3.423228813940072652e-05
3.431311812928607201e-05
3.447751476850072271e-05
3.449032151868164326e-05
3.464533838023463070e-05
3.467092042833429038e-05
3.475793643501357694e-05
3.489302007966090847e-05
3.503706515580311287e-05
3.512796562361531280e-05
3.527009022533382255e-05
3.531758563419219667e-05
3.537692162984195038e-05
3.557877579436890809e-05
3.573922208115663069e-05
3.577920347917191806e-05
3.590931320076614876e-05
3.603386968915281186e-05
3.613654868692977467e-05
3.617173096877550879e-05
3.624862534292176193e-05
3.638098708464214631e-05
3.657260820054059123e-05
3.662614783838100049e-05
3.684343094964224986e-05
3.697648833114102005e-05
3.706324267058276660e-05
3.719309270743609622e-05
3.725025772985334594e-05
3.736692738185203781e-05
3.744261795802389538e-05
3.762607555515609377e-05
3.775736835457068648e-05
3.779994384069228360e-05
3.788664121834852880e-05
3.814055738064969580e-05
3.819571855264415291e-05
3.831605095563331878e-05
3.844225875591079076e-05
3.865007914302164227e-05
3.869654942714581189e-05
3.869975579047048780e-05
3.897065573010427016e-05
3.918478863694143933e-05
3.934374412758604643e-05
3.938386726151355915e-05
3.956324528227009492e-05
3.967875138164408049e-05
3.981343948957006868e-05
3.999632821213052321e-05
4.004433794947097059e-05
4.006298531719824463e-05
4.018971726640670764e-05
4.036750647414584779e-05
4.044843880286390716e-05
4.058323320258857485e-05
4.069255680966876233e-05
4.098445700652675756e-05
4.105398581461750044e-05
4.111705823926084589e-05
4.130079351876323829e-05
4.149544350396660599e-05
4.159201856045713060e-05
4.179490248656820428e-05
4.193762369291003668e-05
4.208214610589637822e-05
4.212204121582602755e-05
4.237436564143295470e-05
4.253010924454802660e-05
4.261207362621975643e-05
4.289240393964046652e-05
4.297518958553180415e-05
4.300002178751019961e-05
4.315382355247127300e-05
4.339202782689436061e-05
4.357556598290130876e-05
4.386566991511672137e-05
4.405140069192176310e-05
4.425099578186166986e-05
4.441641977085630203e-05
4.459863570195241825e-05
4.480668686018111528e-05
4.490561608662968100e-05
4.508944683064868204e-05
4.522245343616053512e-05
4.549178786149241105e-05
4.559440970965058951e-05
4.572680493090314267e-05
4.588035308393082114e-05
4.614040288849667544e-05
4.631006859946895551e-05
4.646921432667881920e-05
4.672806294038301869e-05
4.694815132194254400e-05
4.714638927589285058e-05
4.723701530873271087e-05
4.740389713991538951e-05
4.760350581359864544e-05
4.765609860290808450e-05
4.797733655606677985e-05
4.814308809663536356e-05
4.829603536311462411e-05
4.867483562591124840e-05
4.876162042375629799e-05
4.891005300020410371e-05
4.915020210367194835e-05
4.925311366575476415e-05
4.967098182182847968e-05
4.981851854893473805e-05
4.996521445082969365e-05
5.014200250554627571e-05
5.053816721137915886e-05
5.073974166847727396e-05
5.107285314246499383e-05
5.126540457401900522e-05
5.159609066905325090e-05
5.164389112627267399e-05
5.213023559243612091e-05
5.230104218553300010e-05
5.248252588844374374e-05
5.286229415349853885e-05
5.309013294291556171e-05
5.322629706206007870e-05
5.342400672369533311e-05
5.353970042664217939e-05
5.395494739254514348e-05
5.420779485400886992e-05
5.442500721678044490e-05
5.492574674007715593e-05
5.501765353037974085e-05
5.538114760254128410e-05
5.555321419587577980e-05
5.584831021694929443e-05
5.606817256035912168e-05
5.680866746237005124e-05
5.707034698978219749e-05
5.711593060248401372e-05
5.758047303032081982e-05
5.796495401232440290e-05
5.886742635186756529e-05
5.893860942221689105e-05
5.932293061626772094e-05
6.008618866706897434e-05
6.034188792994040694e-05
6.085229843669624663e-05
6.207908515004345585e-05
6.256139863724795324e-05
1.128462726853575536e-04
