-2.218514109713089189e-05
-2.177503113645300526e-05
-2.153757985749396456e-05
-2.123612290219075872e-05
-2.111956684868949012e-05
-2.074839311666679139e-05
-2.064345164138167477e-05
-2.032228767117762289e-05
-2.023139818441754674e-05
-1.988226318007496924e-05
-1.960634780596050687e-05
-1.953548327028567549e-05
-1.941303712821153155e-05
-1.904764477310152713e-05
-1.902253650597005702e-05
-1.893771292429834686e-05
-1.862934767040819365e-05
-1.845081324631558711e-05
-1.836984467342638752e-05
-1.819907119643054947e-05
-1.793750583097978500e-05
-1.773256031083583398e-05
-1.760658968591984885e-05
-1.747483158680314053e-05
-1.743067213570005078e-05
-1.736933527986712165e-05
-1.719806282970694246e-05
-1.713735071013264933e-05
-1.697325871728249633e-05
-1.687878550667457769e-05
-1.680450651312102408e-05
-1.653539436745023582e-05
-1.647027766851171164e-05
-1.637808510950965128e-05
-1.623951616650719200e-05
-1.604735192991751740e-05
-1.598702498150530288e-05
-1.586799582452147207e-05
-1.574234554806014239e-05
-1.557356841980002025e-05
-1.555418717113192647e-05
-1.541717946421332822e-05
-1.533161970932410881e-05
-1.528454019724874389e-05
-1.513473912431889621e-05
-1.500842435844783882e-05
-1.494403074777674555e-05
-1.481851878989291413e-05
-1.475697307055098758e-05
-1.461068280259321933e-05
-1.455108799135850126e-05
-1.443884502637957346e-05
-1.423379479946373219e-05
-1.420964239049447762e-05
-1.413953048225188233e-05
-1.406622587250052017e-05
-1.392552712474872339e-05
-1.382113733709442546e-05
-1.371907190014328981e-05
-1.365439845284399885e-05
-1.356686292976273640e-05
-1.348109909445017332e-05
-1.340035764869680335e-05
-1.336986579879516268e-05
-1.333156384743911311e-05
-1.315517330196948203e-05
-1.308165942625025888e-05
-1.307196031946393276e-05
-1.290212362666212443e-05
-1.278848830259674039e-05
-1.272095864465016995e-05
-1.263582145593844285e-05
-1.253731251571663899e-05
-1.236322496547011460e-05
-1.232754320482838017e-05
-1.229772009199590846e-05
-1.225530517720498434e-05
-1.215403499050161470e-05
-1.207534508915541086e-05
-1.201905787159169572e-05
-1.198258023025240472e-05
-1.184995970913359097e-05
-1.169995739686526008e-05
-1.165195787674889791e-05
-1.162710680292431362e-05
-1.151184352588206016e-05
-1.145801231139177191e-05
-1.139247234218813239e-05
-1.136748043282609362e-05
-1.128239342336390074e-05
-1.121302781622675172e-05
-1.116869631887924210e-05
-1.111902032347852777e-05
-1.099220418774134486e-05
-1.095434994521830464e-05
-1.089273287070132373e-05
-1.087403393083478531e-05
-1.071710202261646569e-05
-1.070393562015472683e-05
-1.064687858765322166e-05
-1.057682948792545975e-05
-1.049791891238837551e-05
-1.046626380460816251e-05
-1.038313086893028137e-05
-1.034326604510672880e-05
-1.027672995000567916e-05
-1.019902278664396734e-05
-1.017974711864445417e-05
-1.010973923288456748e-05
-1.006730367167741081e-05
-1.001763503321324726e-05
-9.864390506005816600e-06
-9.848246020519534931e-06
-9.808097528382937334e-06
-9.768632474004044383e-06
-9.690870241114842192e-06
-9.627161133994333945e-06
-9.545617372126478586e-06
-9.489628254062514373e-06
-9.420700601361130195e-06
-9.337608006349374621e-06
-9.296574087648364526e-06
-9.266984156628052990e-06
-9.215790765964980790e-06
-9.176844459887292826e-06
-9.124248160284609876e-06
-9.020575317180616024e-06
-8.963422854578553697e-06
-8.912894284134846641e-06
-8.856876488172062999e-06
-8.811946850435001160e-06
-8.739636471053812840e-06
-8.680563383218388175e-06
-8.676872003602317579e-06
-8.643164097150757668e-06
-8.542555242417351996e-06
-8.517297513863866397e-06
-8.418891740478064636e-06
-8.368745330822984754e-06
-8.341163591095792257e-06
-8.279519978598695102e-06
-8.204294580771962731e-06
-8.155928590167735258e-06
-8.099542169740548298e-06
-8.058937181323846236e-06
-7.973765847956181706e-06
-7.955698607160265878e-06
-7.897332826268392591e-06
-7.820584065997290911e-06
-7.769060202868262265e-06
-7.754526344383743083e-06
-7.725621211857798903e-06
-7.706250588366087776e-06
-7.667764128239456199e-06
-7.619015914051276988e-06
-7.574633780031212746e-06
-7.514452704900900186e-06
-7.491912835883142256e-06
-7.432821610957271372e-06
-7.374273678529102814e-06
-7.366417084450807908e-06
-7.328353035497628466e-06
-7.291953322452202619e-06
-7.225680352497312526e-06
-7.161347863323039761e-06
-7.102157084503350302e-06
-7.051535207998100931e-06
-6.984642205891838137e-06
-6.918572863180282971e-06
-6.900109488837200503e-06
-6.826749659745537266e-06
-6.789089174144611230e-06
-6.785557729191101818e-06
-6.703082564467766424e-06
-6.669574193761724384e-06
-6.614673988989113028e-06
-6.525268895897547821e-06
-6.501915558171186481e-06
-6.480375204946794877e-06
-6.433667273599592699e-06
-6.386952772659313715e-06
-6.383782602021077536e-06
-6.325731622873535754e-06
-6.239368580062275433e-06
-6.217065758314068628e-06
-6.165168406290469432e-06
-6.115678678781240195e-06
-6.051983300604135892e-06
-6.003287218893842302e-06
-5.986254535322008580e-06
-5.935416221442300524e-06
-5.931104230400321479e-06
-5.870200008842847081e-06
-5.849500555158645953e-06
-5.825397882301425037e-06
-5.762069466158255667e-06
-5.709459579752499989e-06
-5.680438640435198169e-06
-5.648314044384795531e-06
-5.564101726036530336e-06
-5.529123124597141027e-06
-5.518469684006042217e-06
-5.474002681280951835e-06
-5.448258793472473197e-06
-5.422521206864468505e-06
-5.391128772139236666e-06
-5.345458230457017680e-06
-5.315020892607690146e-06
-5.264426761342285095e-06
-5.188754889487267063e-06
-5.148372794049318395e-06
-5.110337312587855949e-06
-5.074180268342145034e-06
-5.044448181636015555e-06
-5.015053580317549496e-06
-4.916088140370385485e-06
-4.899379888917766914e-06
-4.843435338486424070e-06
-4.805886661116299967e-06
-4.777314434395509791e-06
-4.758310693022640736e-06
-4.725921222488403480e-06
-4.714688879127424186e-06
-4.652318984011008628e-06
-4.644896171683236226e-06
-4.566822673544082748e-06
-4.552552359068912820e-06
-4.515982068257636301e-06
-4.497119643463153275e-06
-4.448240708005000777e-06
-4.400954689709349588e-06
-4.371281966834901730e-06
-4.338812686773920803e-06
-4.304651840239864749e-06
-4.256238186562545324e-06
-4.235924214597229725e-06
-4.182150601896460933e-06
-4.139247923007471248e-06
-4.107432240824809245e-06
-4.072194785442123866e-06
-4.015976975136994216e-06
-3.982088595230572305e-06
-3.950849773707648979e-06
-3.904037620153534786e-06
-3.866249585650848382e-06
-3.849323132074478112e-06
-3.833916793320281027e-06
-3.781333537633798026e-06
-3.751409818920495719e-06
-3.712788217377950951e-06
-3.690439698586381077e-06
-3.645720866570964345e-06
-3.628367819402644424e-06
-3.596364362972328700e-06
-3.572738829856394609e-06
-3.530146007496540888e-06
-3.498822451549542783e-06
-3.474124451385977862e-06
-3.436130954882138087e-06
-3.371507663819132303e-06
-3.359624640077747043e-06
-3.329411446463578231e-06
-3.300406926817630863e-06
-3.269684194603545551e-06
-3.221388395172382769e-06
-3.173200319381044923e-06
-3.158267845120153782e-06
-3.127254946190441749e-06
-3.087474323873241215e-06
-3.081638686056277084e-06
-3.049923728681410802e-06
-3.004932378970408959e-06
-2.985985968910054955e-06
-2.935758077852733675e-06
-2.900269669196511200e-06
-2.877423125508055127e-06
-2.847892353596370466e-06
-2.835820537830159079e-06
-2.805043301098065332e-06
-2.750419555183762800e-06
-2.714004441449427734e-06
-2.683941434561668816e-06
-2.669370681734945992e-06
-2.651710086705521601e-06
-2.638380169442230366e-06
-2.585600395322200026e-06
-2.542235755891127986e-06
-2.527954681212337198e-06
-2.491530158895632006e-06
-2.463338778518476115e-06
-2.428573565817137405e-06
-2.415764770460578949e-06
-2.356271531560624384e-06
-2.346152334116115271e-06
-2.299255744932366570e-06
-2.287544383824137513e-06
-2.255956757312313992e-06
-2.244364726888850334e-06
-2.201207807658418021e-06
-2.185755981073005543e-06
-2.138947665126711866e-06
-2.106238372260478424e-06
-2.068408705125853947e-06
-2.035754917704179885e-06
-2.022582453219824215e-06
-2.002574574154808811e-06
-1.991010551204610046e-06
-1.957781102870538931e-06
-1.929925258494142373e-06
-1.901651886608397611e-06
-1.885952115834866661e-06
-1.867067898621543989e-06
-1.820694514796303929e-06
-1.807445746615805846e-06
-1.766721676381559780e-06
-1.732863025303509675e-06
-1.716744495741339494e-06
-1.679418022512229527e-06
-1.648451713083783881e-06
-1.615159082904622106e-06
-1.613885361293713612e-06
-1.578036102029937595e-06
-1.519202179412912006e-06
-1.509385605704208035e-06
-1.493182879528032500e-06
-1.440742750646601757e-06
-1.424110680698261182e-06
-1.385054448882123001e-06
-1.357748538187125707e-06
-1.345928844680808156e-06
-1.324916219826593702e-06
-1.306010135980357514e-06
-1.279058796737421583e-06
-1.254829252333547023e-06
-1.223303108413580830e-06
-1.188583453213746804e-06
-1.167440766176722734e-06
-1.152634197213784177e-06
-1.110719231294214564e-06
-1.093005519359905744e-06
-1.059197958487280862e-06
-1.036886752706640399e-06
-1.013844036050444843e-06
-1.001301407495650615e-06
-9.743455430329401237e-07
-9.393821339558738684e-07
-9.215717274563481365e-07
-8.985624124372509890e-07
-8.842006912714954555e-07
-8.710924922201545440e-07
-8.492869831039223313e-07
-8.046213272991047614e-07
-7.893962621220183857e-07
-7.710394414804412548e-07
-7.524817406688486986e-07
-7.218480764751789493e-07
-6.921949919543243400e-07
-6.790612338126665639e-07
-6.355224182481710175e-07
-6.175648888644958306e-07
-5.994432666822835188e-07
-5.602475020210516227e-07
-5.521589289183987204e-07
-5.146630571444091144e-07
-4.970040522455396558e-07
-4.747593805003382046e-07
-4.568359455809905536e-07
-4.412003625229486089e-07
-4.028857106718485662e-07
-3.916261275589732941e-07
-3.438245267273955499e-07
-3.227031609687569544e-07
-2.791096797918964653e-07
-2.673612537212568915e-07
-2.595179641163407264e-07
-2.292317258005682461e-07
-2.143030573027202629e-07
-1.814193866888959612e-07
-1.785976076575680876e-07
-1.460282712513203593e-07
-1.112383319617546689e-07
-9.337761461705767225e-08
-8.029650724655418416e-08
-6.537820278994383623e-08
-5.412094763028526122e-08
-3.365811767948759717e-08
-1.357273081666997110e-08
0.000000000000000000e+00
8.378444509282688722e-09
3.330942928051209813e-08
4.356653041392733078e-08
6.808542591425608626e-08
1.039090576592330796e-07
1.307667660682696318e-07
1.501703112221441749e-07
1.823352180774062063e-07
2.162226237573918993e-07
2.383290949581190019e-07
2.683900771826865817e-07
2.912819069698167559e-07
3.033744322943464168e-07
3.171862590173931651e-07
3.460801683915025060e-07
3.699609477039211254e-07
3.869712535370554922e-07
4.011058159823788951e-07
4.330212954837300158e-07
4.652603827670915472e-07
4.881293785097116955e-07
5.203591593409891028e-07
5.378106469139238112e-07
5.519205004689836096e-07
5.815530122623663214e-07
6.082585663296947713e-07
6.396657749607577408e-07
6.497846421791996566e-07
6.529813374038834086e-07
6.833183866095637420e-07
7.144282440483893594e-07
7.459780236235811446e-07
7.915083336534957784e-07
8.253103441310070923e-07
8.270396432374849582e-07
8.479590925839260041e-07
8.789635416860059068e-07
8.791967763834946327e-07
9.043278581027550599e-07
9.223698941747926662e-07
9.651634740091675935e-07
9.766250610167380673e-07
1.023928688118530763e-06
1.061675424185868607e-06
1.091439380632713030e-06
1.099815258915608643e-06
1.122114336362362958e-06
1.135143724003356310e-06
1.182792646898830635e-06
1.196448953862477227e-06
1.231397969909217573e-06
1.245233380949383452e-06
1.274878961023175544e-06
1.283432368642185612e-06
1.337766979250906294e-06
1.359882385059348681e-06
1.425930118652149051e-06
1.428072291966977155e-06
1.438848856200395160e-06
1.489189433021387970e-06
1.513397710418600655e-06
1.522402239237046613e-06
1.539353766178904402e-06
1.572871719479671810e-06
1.603528549011501533e-06
1.631840525613193546e-06
1.652086311308507218e-06
1.665100950321407081e-06
1.688669173190632928e-06
1.717819553498073352e-06
1.738769417172272632e-06
1.756351661529226097e-06
1.816282471713821478e-06
1.830883161468350906e-06
1.862352066794249163e-06
1.891280243473540347e-06
1.929191717623106248e-06
1.935612778106273119e-06
1.946194869061123610e-06
2.003347383567923718e-06
2.020737368347049313e-06
2.041163832463345364e-06
2.070734271958731019e-06
2.097707869248466852e-06
2.116291023180413477e-06
2.142982733122486050e-06
2.175424203818773579e-06
2.205801022677621507e-06
2.220937491735539627e-06
2.269346881007340960e-06
2.282514133253691535e-06
2.315228931261164292e-06
2.348436516844268806e-06
2.360166276170456839e-06
2.402048169004999792e-06
2.418806118542709671e-06
2.433501033460612614e-06
2.473319774409634076e-06
2.542038279688811872e-06
2.584633512963971151e-06
2.604728167336656235e-06
2.619337746009124640e-06
2.650712595446574339e-06
2.685634425578856393e-06
2.728099607390117681e-06
2.740323969367201767e-06
2.764794562575840263e-06
2.808438282818614815e-06
2.814823840394601107e-06
2.826728904502115839e-06
2.868869996529074327e-06
2.900514961733151452e-06
2.905698172343201781e-06
2.923845299267624255e-06
2.967472252348617267e-06
2.991097788130780258e-06
3.068594162255261783e-06
3.102177649900634725e-06
3.127399092520154887e-06
3.148168666343674126e-06
3.176123479040493372e-06
3.204570221032096264e-06
3.223375947407146732e-06
3.273993967896532435e-06
3.285467454751704498e-06
3.302421486940300319e-06
3.325338829112555734e-06
3.384962323015994106e-06
3.423552059199305984e-06
3.450476821142648316e-06
3.479302229877650878e-06
3.517085239470086018e-06
3.560210425833343877e-06
3.582662564010625774e-06
3.613115833720553904e-06
3.655009183945885197e-06
3.665636845915813118e-06
3.714329731689319772e-06
3.769135124860699805e-06
3.778780957268924057e-06
3.808543312551447704e-06
3.859095535360624737e-06
3.878863680096199862e-06
3.935820247143823591e-06
3.945210482522975562e-06
4.006944757149842838e-06
4.039875381640645337e-06
4.089558102586551301e-06
4.115803189477805432e-06
4.152216308119815459e-06
4.165388128821138399e-06
4.214206429057365046e-06
4.220673139820576044e-06
4.268587703928629386e-06
4.342910363975341461e-06
4.382837639783311977e-06
4.429044259790590911e-06
4.457389630790692293e-06
4.490295331974704660e-06
4.550640712155744351e-06
4.578346472308942435e-06
4.588642471189957306e-06
4.619201520416902177e-06
4.636884442180535458e-06
4.663804273072842155e-06
4.717612679638409036e-06
4.755708268999698754e-06
4.797500264654244354e-06
4.822182005538856122e-06
4.884945528939776704e-06
4.913463112358971364e-06
4.934852046578673294e-06
4.999255917391400166e-06
5.060084466141608059e-06
5.077350159871009930e-06
5.109732734811091560e-06
5.165846178657034309e-06
5.177445544072464316e-06
5.224194315088099598e-06
5.246285790895615770e-06
5.262140697887561478e-06
5.316816834126582658e-06
5.379194143139614457e-06
5.425235870972393030e-06
5.454366835898674750e-06
5.519398237248307181e-06
5.557888739751164586e-06
5.564119631891287423e-06
5.575027714953977990e-06
5.659877543599236181e-06
5.713104637108153585e-06
5.760194974615943839e-06
5.776215837998090709e-06
5.815751660729107175e-06
5.841177914867648255e-06
5.902112217473551931e-06
5.962332968429136346e-06
5.971275346315463912e-06
6.002567136551033190e-06
6.028413901910220848e-06
6.079182611133367759e-06
6.185952552384786296e-06
6.210071302798283163e-06
6.224365209695678716e-06
6.266808725412555939e-06
6.327670634486207485e-06
6.385818615104666374e-06
6.407202619472459425e-06
6.485938856668226352e-06
6.556264728483283301e-06
6.573018936587175604e-06
6.590016644312023466e-06
6.663402876143266592e-06
6.680050451662116066e-06
6.771180618910119391e-06
6.791368782487306889e-06
6.796202370335373547e-06
6.866955686376169916e-06
6.889185599243274639e-06
6.958241692965796892e-06
6.975360874214879031e-06
7.002520465949296392e-06
7.028120327899185016e-06
7.143913546288269157e-06
7.173899317432378133e-06
7.275517829108085039e-06
7.295729876082201837e-06
7.360917269403967773e-06
7.412217945960931064e-06
7.478393260724107243e-06
7.544393920525101240e-06
7.578250496150731134e-06
7.612327726556735210e-06
7.637813011630611618e-06
7.665933532123372714e-06
7.711223899633609809e-06
7.749491963150615003e-06
7.833368892604345788e-06
7.930229909128807322e-06
7.987750281120936348e-06
8.044033894970617493e-06
8.074163901919389832e-06
8.092837161535912938e-06
8.139795055148489890e-06
8.191689458914491861e-06
8.232839093442940223e-06
8.290027196092676639e-06
8.307569367681938850e-06
8.342568402639855370e-06
8.401259091481833290e-06
8.426746090305495395e-06
8.516868166940717830e-06
8.593169599404079285e-06
8.667037623993578102e-06
8.712222210246072481e-06
8.804288700084154221e-06
8.876560821583845336e-06
8.882839306980538007e-06
8.938740906629262907e-06
8.978869124278408649e-06
9.068115221508144907e-06
9.081834674404589750e-06
9.138767172267347731e-06
9.234246197242346511e-06
9.281684160539730808e-06
9.313883608761360360e-06
9.385723306523334469e-06
9.442417630830721007e-06
9.493178031066985530e-06
9.547031922675771140e-06
9.599912113561640000e-06
9.676291848372295623e-06
9.718214259257458766e-06
9.800310332765206812e-06
9.871227542011277179e-06
9.875423408779441972e-06
9.976221542551853705e-06
1.008014881280036809e-05
1.017036486038233720e-05
1.020602377392329380e-05
1.025646006262588042e-05
1.032544008792630983e-05
1.039098448022693256e-05
1.040293085759204001e-05
1.046339169641941938e-05
1.050978171396135931e-05
1.063273378154720309e-05
1.076064207021121812e-05
1.081867211895857971e-05
1.091806857269293187e-05
1.094887461679497233e-05
1.100980707390757691e-05
1.106489357985403647e-05
1.110090577032190752e-05
1.118583784695464422e-05
1.122079757960748610e-05
1.123150087355666672e-05
1.129036507183398140e-05
1.147152557606958102e-05
1.157223259458076242e-05
1.158841199379113689e-05
1.163268612818916458e-05
1.166723481023876475e-05
1.183611319954007178e-05
1.191092912822026706e-05
1.195453271600364494e-05
1.207472359005710443e-05
1.214942849249890548e-05
1.223143432696094925e-05
1.227627580405039888e-05
1.232501110651537211e-05
1.236347144149126337e-05
1.246031297176512961e-05
1.267943662762536366e-05
1.274732761066625145e-05
1.291630631514177599e-05
1.296613478546240430e-05
1.300397487576325795e-05
1.305050499721345489e-05
1.313565494761160397e-05
1.317056857694122988e-05
1.329667308395080462e-05
1.336767640493824939e-05
1.348270499115905044e-05
1.354391501795331588e-05
1.363724615248594384e-05
1.376663409582670686e-05
1.383230922430659554e-05
1.388470756850161773e-05
1.393885279265159738e-05
1.394011724085835568e-05
1.408534196735417151e-05
1.412830389277667166e-05
1.425696878942759854e-05
1.450910340494898076e-05
1.451471769954111605e-05
1.467341939302666833e-05
1.475262634901028105e-05
1.487332371767851058e-05
1.497578183798825273e-05
1.513387672395785917e-05
1.519402318321964036e-05
1.530025635351191053e-05
1.534590830552457074e-05
1.546196534621262455e-05
1.556278518365132390e-05
1.564703641493268198e-05
1.578185750260238594e-05
1.580620055270094587e-05
1.597608856177124608e-05
1.621065363238771240e-05
1.636082516999855978e-05
1.640270225316916615e-05
1.644204890471795850e-05
1.651929243934297016e-05
1.665346346491104271e-05
1.684374775351833259e-05
1.691007737729845257e-05
1.696997302160744588e-05
1.708741248110146431e-05
1.728229548472149402e-05
1.744000045774491482e-05
1.760003354245078666e-05
1.778516650182717417e-05
1.794379449308428854e-05
1.815778716065800827e-05
1.819147846664653076e-05
1.831102190547801272e-05
1.849692870652997373e-05
1.857223333359650128e-05
1.865094409748572829e-05
1.900853113637320999e-05
1.922104512560928136e-05
1.932980275224901309e-05
1.963288022097667423e-05
1.978414521624774415e-05
1.983715197768031501e-05
2.002246459133477636e-05
2.030309386898048875e-05
2.054462539921593676e-05
2.060926345393949979e-05
2.092720361022871870e-05
2.126917236525566337e-05
2.154125297838692572e-05
2.176464074070062662e-05
2.220893906620856421e-05
2.277318399296465647e-05
