-8.595441488691016728e-06
-8.155562152375046950e-06
-7.480674078265231003e-06
-6.954320110542633824e-06
-6.864968131839225883e-06
-6.737275880278445589e-06
-6.273500638587365824e-06
-6.249520305596252235e-06
-6.211438109872822144e-06
-5.955414916107535155e-06
-5.796755986653224535e-06
-5.782867740829360043e-06
-5.692111827691346509e-06
-5.401511214151095532e-06
-5.376487336187123039e-06
-4.975498130863005279e-06
-4.970561371734297155e-06
-4.950365848620630209e-06
-4.832719090801111817e-06
-4.763457289441636810e-06
-4.671191245617110682e-06
-4.592602760165126251e-06
-4.497880907714830633e-06
-4.392132839051615710e-06
-4.266062669158885288e-06
-4.240493026376715575e-06
-4.221331649271080680e-06
-4.179000485518631595e-06
-3.977462769195847969e-06
-3.904807995871673734e-06
-3.886037227525800977e-06
-3.800671327391417473e-06
-3.677373061622759103e-06
-3.525844034504757145e-06
-3.513211587191377655e-06
-3.454693663197531180e-06
-3.438732196069711771e-06
-3.381814168628551920e-06
-3.322749398793169922e-06
-3.269130412414909730e-06
-3.039641277967565100e-06
-3.025796768019992126e-06
-2.986173412100199763e-06
-2.971220405830778636e-06
-2.903188856222016465e-06
-2.799886298840192022e-06
-2.798130003573140225e-06
-2.729008889149767704e-06
-2.670386068033995829e-06
-2.562116452158615776e-06
-2.528349290965437854e-06
-2.443451479256846486e-06
-2.426553333695236809e-06
-2.420188558411233151e-06
-2.336296461265140532e-06
-2.298812174441948573e-06
-2.290317114184487955e-06
-2.206719351002060386e-06
-2.161002594976824680e-06
-2.119546493160727236e-06
-2.097809558524771428e-06
-2.053525420536483354e-06
-2.051754224184527354e-06
-1.994018360002845598e-06
-1.952160495664283128e-06
-1.922188473091820914e-06
-1.890734044764247966e-06
-1.877130028450939665e-06
-1.787533352183797364e-06
-1.758441063006331313e-06
-1.755093012600938320e-06
-1.716769984519783867e-06
-1.683626611426925500e-06
-1.574801309394595305e-06
-1.570746014280390458e-06
-1.462470168633654515e-06
-1.446592200147542259e-06
-1.392200035671598667e-06
-1.358058668055667599e-06
-1.344462408599216951e-06
-1.310807908303892238e-06
-1.272766383271517513e-06
-1.211145809733122454e-06
-1.190328511581912737e-06
-1.180408021210246218e-06
-1.095308427081751481e-06
-1.013324969027130197e-06
-9.885432153929729938e-07
-9.873127660613846824e-07
-9.096270279855974145e-07
-9.020952287279601910e-07
-8.612925237759835047e-07
-8.364029557227652440e-07
-7.920693864902023394e-07
-7.573154153339044629e-07
-7.401341409204345794e-07
-6.992873650052441207e-07
-6.888262369448574830e-07
-6.342831523860830021e-07
-6.102446786899942756e-07
-5.756635132065464887e-07
-5.453699121613031486e-07
-5.423368672792279994e-07
-4.450453804266315443e-07
-4.274253888433447098e-07
-4.001353858047410914e-07
-3.625397242174214136e-07
-3.204728896060651579e-07
-3.203899393004715602e-07
-2.874095007528564263e-07
-2.628134123018077367e-07
-2.308870974048496965e-07
-2.244040542233038646e-07
-2.016738958285373206e-07
-1.854957340369446093e-07
-1.553427939932038417e-07
-1.157949203013381913e-07
-1.067589847235195076e-07
-6.436562833505551177e-08
-5.395890690545942388e-08
-2.496986580508392963e-08
-1.432271919604035103e-08
-5.037180723296706255e-22
-4.254575421114535712e-22
-7.485984543601884139e-23
1.710799018594428589e-08
3.887567507766894663e-08
6.132256376285875920e-08
9.599166488565208006e-08
1.318581081268786367e-07
1.601258567666714849e-07
1.892137074260329675e-07
2.138668973061125080e-07
2.205539224436616294e-07
2.586923276175355836e-07
2.731346995557335094e-07
3.295611571590185336e-07
3.463897344187188870e-07
4.033438535920735531e-07
4.110176222774495463e-07
4.513968442437011383e-07
4.719062054270331887e-07
5.321070436052537306e-07
5.495201389689560187e-07
5.779126843616281834e-07
5.869240977699381290e-07
6.241440037307731667e-07
6.776334255509338368e-07
7.004442117502924340e-07
7.295461668256519630e-07
7.829787644204195131e-07
7.848661904721302979e-07
8.293891926341109115e-07
8.628903217689950269e-07
8.917023139130169166e-07
9.196329590491849503e-07
9.766502574789820766e-07
1.021870835663187294e-06
1.025284180760018261e-06
1.057888059513392869e-06
1.084434660732653105e-06
1.124848637456281134e-06
1.174108114440162482e-06
1.293851830710475966e-06
1.322903645025939598e-06
1.356139725822199451e-06
1.365193201915745612e-06
1.396712719023357550e-06
1.451341182534595604e-06
1.471295792943947262e-06
1.581727378337030209e-06
1.634709799519804072e-06
1.642431210901800264e-06
1.665521417619186014e-06
1.698235883528790532e-06
1.720943856262423051e-06
1.745886022566660377e-06
1.757232477622437984e-06
1.864478791947683264e-06
1.917736006058625939e-06
1.975930271428827174e-06
1.986463966568294629e-06
2.047994305277194188e-06
2.078128905713825356e-06
2.121478610621394860e-06
2.197314633674965137e-06
2.226374271357745985e-06
2.230961719993999148e-06
2.317130387255487608e-06
2.328006125542760155e-06
2.384235927009775146e-06
2.400242224766147838e-06
2.463939863408836657e-06
2.515738721159926669e-06
2.565859689571286941e-06
2.607631792174700916e-06
2.638676462298028322e-06
2.822759205416249388e-06
2.833554781982698023e-06
2.914649822886028339e-06
2.980027931576246304e-06
2.987299522638027497e-06
3.030614361328284289e-06
3.188108614390449717e-06
3.203366547651322165e-06
3.243870847166778456e-06
3.335420308032219278e-06
3.344059717455476060e-06
3.441371759530766448e-06
3.519550364721266008e-06
3.523421893580166872e-06
3.597445950786743778e-06
3.616845428273589395e-06
3.706991818389620763e-06
3.800699728518000199e-06
3.830695643905041140e-06
3.841050082963684134e-06
3.948990724326861152e-06
4.026389948569339615e-06
4.137462732581664834e-06
4.181687591175479506e-06
4.226689402968487313e-06
4.343034210692541733e-06
4.409837429240484345e-06
4.472565029624942021e-06
4.497154950821377340e-06
4.606383763093638781e-06
4.621929689678800530e-06
4.959039291426455456e-06
5.027440498207481228e-06
5.045357362461329853e-06
5.237461010811494045e-06
5.349406281662444349e-06
5.400413081656459337e-06
5.482090187623844503e-06
5.597737389154391866e-06
5.842758568302836132e-06
6.012791804608168567e-06
6.212654122718447475e-06
6.307816698080729220e-06
6.439882244824068533e-06
6.572020840082673942e-06
6.702321694832950497e-06
6.842587742014838467e-06
