-6.253981523364891717e-05
-6.086968172356810926e-05
-6.042203250326886016e-05
-6.022632232566349709e-05
-5.973510206100884451e-05
-5.920249923904103762e-05
-5.857781869033591374e-05
-5.818909998487835610e-05
-5.795642638291896109e-05
-5.692977247499917857e-05
-5.686350139605494519e-05
-5.669045177038522186e-05
-5.640911032632796990e-05
-5.568751338319663529e-05
-5.526679093158171280e-05
-5.502017715402195299e-05
-5.458749348755015824e-05
-5.440870152792339702e-05
-5.412187227527289840e-05
-5.381964287233350670e-05
-5.375969825149881447e-05
-5.356592810363920904e-05
-5.305569536128732850e-05
-5.262059937794572116e-05
-5.233865065725904815e-05
-5.229589786110541065e-05
-5.200107835108280254e-05
-5.181734066505992487e-05
-5.167212726321095844e-05
-5.139933159196619279e-05
-5.088851235275737263e-05
-5.074228837564556384e-05
-5.062895315756831200e-05
-5.033242832380631246e-05
-4.999728688386113841e-05
-4.985615554393393244e-05
-4.956201875111379117e-05
-4.926360799298637981e-05
-4.913695961086249093e-05
-4.889833333330130782e-05
-4.855628123560397878e-05
-4.836759097369492722e-05
-4.827341940838973536e-05
-4.799199771371240325e-05
-4.775779132978900585e-05
-4.752701580750255168e-05
-4.735701647205492199e-05
-4.725204018974759473e-05
-4.710794784044717659e-05
-4.684314144521133636e-05
-4.674135646317706248e-05
-4.639050366587304109e-05
-4.629729258181762715e-05
-4.622440125590546547e-05
-4.613708501315785191e-05
-4.606487038212081270e-05
-4.575790905620740119e-05
-4.557829200229362472e-05
-4.533794235841314855e-05
-4.518117776702808069e-05
-4.496994802235487575e-05
-4.484557366149961199e-05
-4.457048730995241573e-05
-4.439397920187902529e-05
-4.431926940273419116e-05
-4.416724325390351699e-05
-4.399075010776095686e-05
-4.371923940007451813e-05
-4.358970983422515692e-05
-4.353489808058995034e-05
-4.327480405950343982e-05
-4.310085350042777409e-05
-4.300710668773578414e-05
-4.292413507900895003e-05
-4.274909370795837850e-05
-4.266042731534983387e-05
-4.235771445014640445e-05
-4.224004654165762853e-05
-4.219994279850496316e-05
-4.199468749299834646e-05
-4.178664643556922716e-05
-4.173021248116574118e-05
-4.162766524523996403e-05
-4.143434791378143990e-05
-4.123685591034333570e-05
-4.108384789436448747e-05
-4.095451111306234988e-05
-4.077390376153848403e-05
-4.075784619876606987e-05
-4.048549736054236821e-05
-4.037069045113461532e-05
-4.034286511940385665e-05
-4.009393776772921685e-05
-4.005709389954094038e-05
-3.989328042189933018e-05
-3.961125113020462122e-05
-3.952405754733949607e-05
-3.938377712276894623e-05
-3.931362668480884511e-05
-3.922808651048294526e-05
-3.907122176638163827e-05
-3.898272478787570642e-05
-3.893659197183380380e-05
-3.874021145142379243e-05
-3.865354357605269714e-05
-3.847470317803059202e-05
-3.833572216278371991e-05
-3.827430471820980498e-05
-3.808269697681004607e-05
-3.797069981394333017e-05
-3.780595227848913115e-05
-3.772454248554394686e-05
-3.760058343061549804e-05
-3.745163869360731111e-05
-3.729311878143224415e-05
-3.721785001698835513e-05
-3.714885845794255344e-05
-3.697982223545863347e-05
-3.691669951305914782e-05
-3.670665780654763988e-05
-3.657638601141942650e-05
-3.648809586788825384e-05
-3.639117003614299352e-05
-3.624639872504809398e-05
-3.616110059081547749e-05
-3.601088811698255983e-05
-3.591284584869146068e-05
-3.584331233693083691e-05
-3.570729870428850604e-05
-3.561626575669421773e-05
-3.549472251202466511e-05
-3.530383775465126522e-05
-3.511570159925609394e-05
-3.507784643932880742e-05
-3.492190351088864385e-05
-3.479694182827505468e-05
-3.470669685591815345e-05
-3.462426366682958657e-05
-3.458389161864948121e-05
-3.448801857162152789e-05
-3.440426415419585649e-05
-3.425958813947615198e-05
-3.422963576083176365e-05
-3.412027271621039854e-05
-3.403116023034926589e-05
-3.390351194524677831e-05
-3.384991189465593749e-05
-3.368393480014445336e-05
-3.354340602093243163e-05
-3.351701299427695753e-05
-3.339854550544842419e-05
-3.330790116132944872e-05
-3.318358723788342613e-05
-3.308001625276333778e-05
-3.303693428071990035e-05
-3.301660795732270592e-05
-3.280941065279002229e-05
-3.264745171583852942e-05
-3.260738637059694905e-05
-3.253902642779262709e-05
-3.245720688332220493e-05
-3.240916760457988074e-05
-3.237439582545602220e-05
-3.225102910835580823e-05
-3.206728775730686390e-05
-3.202938109537122410e-05
-3.194237135666265845e-05
-3.187117170448024455e-05
-3.179377552042152058e-05
-3.176427190761899554e-05
-3.159761089879807615e-05
-3.145377745343311222e-05
-3.133076845354237612e-05
-3.128198130350732544e-05
-3.120981890869985604e-05
-3.111021717141293833e-05
-3.101371706628216183e-05
-3.096995367957368795e-05
-3.086589114036784778e-05
-3.070448856272958878e-05
-3.065508445909372108e-05
-3.058127486489608637e-05
-3.051394461956105297e-05
-3.041683342385039789e-05
-3.026828201345810361e-05
-3.022207035864564676e-05
-3.018467083079233440e-05
-3.000238511777104922e-05
-2.995379720765834616e-05
-2.991010539702698576e-05
-2.987244150462933898e-05
-2.972476630968506168e-05
-2.963915143812536102e-05
-2.952547823556314941e-05
-2.945081859805574246e-05
-2.941561678093338323e-05
-2.928844755321838780e-05
-2.918582374924101540e-05
-2.912937825979953235e-05
-2.903299834853496149e-05
-2.898363034090526238e-05
-2.892354874466872058e-05
-2.880527644604595879e-05
-2.872469729510418977e-05
-2.869807826078253399e-05
-2.865797225378572717e-05
-2.848499995145417266e-05
-2.846514909417743986e-05
-2.835024147830986663e-05
-2.828319927533209929e-05
-2.824976863295162527e-05
-2.822284326196441512e-05
-2.805864117516469384e-05
-2.796076281713027973e-05
-2.792943855027680875e-05
-2.788292835285375651e-05
-2.778792043153326786e-05
-2.776756376074262147e-05
-2.771173338072402482e-05
-2.758914988461737177e-05
-2.747573656777116885e-05
-2.742007337240372536e-05
-2.735070596778287007e-05
-2.721172221364837309e-05
-2.715183652551234064e-05
-2.706439215912786773e-05
-2.689682027164193924e-05
-2.687696281568331569e-05
-2.680275849422323538e-05
-2.670224390685506678e-05
-2.663050738619483424e-05
-2.656584221996581384e-05
-2.651850612034275829e-05
-2.649260793837824769e-05
-2.644882233395508253e-05
-2.633109598258548211e-05
-2.631398264362236233e-05
-2.628759029430337104e-05
-2.618568185612628002e-05
-2.612809756999856688e-05
-2.608745749903984505e-05
-2.601862612885329096e-05
-2.595935287925802050e-05
-2.583838696431978496e-05
-2.578901164018176543e-05
-2.568494681962543900e-05
-2.559859479534876484e-05
-2.554155583052125268e-05
-2.541008445310197458e-05
-2.537266276409631040e-05
-2.534415196377289456e-05
-2.527911779609274810e-05
-2.517826300282571337e-05
-2.514399376604138411e-05
-2.503248108019871861e-05
-2.495796329995606018e-05
-2.493808348861856992e-05
-2.488895717284402272e-05
-2.480230510575750315e-05
-2.471458868143660610e-05
-2.463859298310232195e-05
-2.459852327842685971e-05
-2.453739564281482111e-05
-2.444948711419983278e-05
-2.440340043475850581e-05
-2.430957956701163848e-05
-2.425821214468925707e-05
-2.420647893257185613e-05
-2.412132788467385083e-05
-2.407199723555698717e-05
-2.401531617071364332e-05
-2.394167361548760843e-05
-2.393302576762137003e-05
-2.389360366743010648e-05
-2.378067310783211244e-05
-2.374522631933854844e-05
-2.363751498093225799e-05
-2.357772260176575139e-05
-2.354119202496227675e-05
-2.343497726485117895e-05
-2.342022352202036714e-05
-2.338796269655551782e-05
-2.328639065755974799e-05
-2.321941489176509765e-05
-2.318113992781988762e-05
-2.303732345206328311e-05
-2.297647445721126287e-05
-2.292141486378380518e-05
-2.283008412423317014e-05
-2.281160297926434729e-05
-2.270717046495769574e-05
-2.262910995084049871e-05
-2.258215040682187634e-05
-2.253423546877138156e-05
-2.244495782762789181e-05
-2.239424204257047126e-05
-2.235420477346619894e-05
-2.231172220784632224e-05
-2.226055752151922984e-05
-2.221727971869437155e-05
-2.212219928306192465e-05
-2.210766405297864804e-05
-2.209309484194009105e-05
-2.200967057750892857e-05
-2.193534996571250945e-05
-2.180546469373182672e-05
-2.175986798218657926e-05
-2.174451715088366764e-05
-2.169189406590714747e-05
-2.164041735457772602e-05
-2.158727803465840858e-05
-2.155855192086080635e-05
-2.143485548200650822e-05
-2.134846417924724088e-05
-2.132991345696444888e-05
-2.130628192002752698e-05
-2.125963537942795602e-05
-2.122360006817755102e-05
-2.116275838778775841e-05
-2.109463306384757144e-05
-2.102787875502069216e-05
-2.100046615916866173e-05
-2.083160006335256441e-05
-2.080045760476026807e-05
-2.069912220547672849e-05
-2.066853663861348278e-05
-2.060736915038487266e-05
-2.058332883149910147e-05
-2.055516398868231591e-05
-2.043550308547734321e-05
-2.042434869895599748e-05
-2.038658346807639595e-05
-2.033851519895981923e-05
-2.027913157674227247e-05
-2.024699466193765222e-05
-2.018148518581720782e-05
-2.010453390833936643e-05
-1.999365083995084167e-05
-1.998071552752298617e-05
-1.992617699366871958e-05
-1.990386884460612342e-05
-1.983561068095733619e-05
-1.977879529027398373e-05
-1.969708145808188535e-05
-1.965722385509030922e-05
-1.957872500690592855e-05
-1.955648728339535983e-05
-1.955004915577128504e-05
-1.950445986912111406e-05
-1.945970719563778887e-05
-1.933759700044418521e-05
-1.925754081277572218e-05
-1.924462858486565060e-05
-1.920442047031311274e-05
-1.917084283871368886e-05
-1.909140936629008016e-05
-1.902147249252621040e-05
-1.900618625307155335e-05
-1.897498922757347053e-05
-1.892372228918402091e-05
-1.888523427427683712e-05
-1.882642138203677280e-05
-1.871859154720302592e-05
-1.871649078569524147e-05
-1.866490828173924174e-05
-1.862119794167785649e-05
-1.855347326759836611e-05
-1.849785196668802707e-05
-1.844004163190464938e-05
-1.837419688105103733e-05
-1.833770670458664270e-05
-1.828168849763351872e-05
-1.823720522499741513e-05
-1.816848407876584467e-05
-1.814174126670483884e-05
-1.808869406528243730e-05
-1.799361290318065337e-05
-1.796742023824302059e-05
-1.789676735714990828e-05
-1.783980913629463106e-05
-1.779634483686550058e-05
-1.773032026600822715e-05
-1.772256717423969347e-05
-1.767767496508462440e-05
-1.761051797149344440e-05
-1.759052708305270627e-05
-1.756641689764971054e-05
-1.740608730627726141e-05
-1.738024318935223772e-05
-1.737581264817986731e-05
-1.727571310748222670e-05
-1.723125648919752439e-05
-1.722282675643597183e-05
-1.716440832978416995e-05
-1.711093297723144204e-05
-1.708643613509479051e-05
-1.703567597189092829e-05
-1.696147956872693611e-05
-1.693575912620128116e-05
-1.687944474353671217e-05
-1.679946850660730541e-05
-1.676810587601120471e-05
-1.670391645360195384e-05
-1.668128373327070922e-05
-1.666165400550386855e-05
-1.661316665641818672e-05
-1.652375506714475861e-05
-1.649857444468514202e-05
-1.645922496500228416e-05
-1.641779900798936165e-05
-1.638285472987185767e-05
-1.633799018757925553e-05
-1.629328320108485817e-05
-1.625290946802977564e-05
-1.620821560065865868e-05
-1.614804750546669151e-05
-1.613743123023364203e-05
-1.606075223548869405e-05
-1.600249873922992484e-05
-1.595417457946615174e-05
-1.594486403255890493e-05
-1.586939679170233596e-05
-1.578997133547193235e-05
-1.576018685967739446e-05
-1.571294999598044586e-05
-1.569532653627895761e-05
-1.567261297784968717e-05
-1.561740352843900601e-05
-1.553077054312668225e-05
-1.549662304883043593e-05
-1.543372017665893875e-05
-1.541461850673497619e-05
-1.534665252476048408e-05
-1.525658568795539221e-05
-1.524432587838625714e-05
-1.519909146587931734e-05
-1.517701948952452726e-05
-1.509971386726708817e-05
-1.503360433516129847e-05
-1.500003550682274280e-05
-1.497507175173909184e-05
-1.496518917959829507e-05
-1.490068606320599276e-05
-1.488211344616494194e-05
-1.484206650776522344e-05
-1.479062573459657956e-05
-1.478814992057921950e-05
-1.471901192950135667e-05
-1.466853496174912644e-05
-1.458869717039761281e-05
-1.457050805642025379e-05
-1.449677706468716614e-05
-1.446222350007980184e-05
-1.443101104061492962e-05
-1.438991067634095474e-05
-1.432758535705480979e-05
-1.427833879922540391e-05
-1.425087480116330263e-05
-1.416278127729367639e-05
-1.415411544886190162e-05
-1.411727430371638233e-05
-1.410393552354039344e-05
-1.405053082863020522e-05
-1.399964822752392239e-05
-1.393782456444030588e-05
-1.392815132529931629e-05
-1.389583622424985705e-05
-1.384187453829483115e-05
-1.379461047137129986e-05
-1.376608373533343895e-05
-1.370224594211267049e-05
-1.368213024218017837e-05
-1.364014416388782973e-05
-1.357388554301242379e-05
-1.353605659944313512e-05
-1.352586253642391204e-05
-1.350694273567084493e-05
-1.348344966448292831e-05
-1.343340982627123844e-05
-1.334520029760821821e-05
-1.330124649335418577e-05
-1.326755834222841568e-05
-1.324296046600314211e-05
-1.320052831591002126e-05
-1.317911032338449877e-05
-1.313771835841592231e-05
-1.310174755168419560e-05
-1.306219722036962457e-05
-1.302106055218011117e-05
-1.296948875101910021e-05
-1.295583730656059194e-05
-1.294324732481615791e-05
-1.286588371942269554e-05
-1.281987139872928232e-05
-1.279155519766990868e-05
-1.275634720574882814e-05
-1.271645382770963789e-05
-1.270569313446587917e-05
-1.259789184444210267e-05
-1.253128704006871998e-05
-1.250121661155166585e-05
-1.247427199134622205e-05
-1.242590912467209986e-05
-1.240617422074033558e-05
-1.235978597810694593e-05
-1.232185252353000585e-05
-1.228560921938512242e-05
-1.223422272628207909e-05
-1.220780216025562399e-05
-1.213741096241823077e-05
-1.209135950311988833e-05
-1.207425288364996399e-05
-1.203962771597013283e-05
-1.199631623454492006e-05
-1.196623361252662521e-05
-1.191257178221195264e-05
-1.188458882248377101e-05
-1.184811075325711309e-05
-1.180675344412780570e-05
-1.176252481822455062e-05
-1.175476437257909316e-05
-1.170283967879659059e-05
-1.167523902692605895e-05
-1.165932057751348737e-05
-1.159480993430220883e-05
-1.159200700187262650e-05
-1.155596960768514415e-05
-1.151794356155636366e-05
-1.147462672698735494e-05
-1.143972303686705601e-05
-1.137631439050854813e-05
-1.136297187023143832e-05
-1.129774424561735461e-05
-1.124727291918662549e-05
-1.120134599492955724e-05
-1.115427217149513145e-05
-1.113800737462677197e-05
-1.109041556698490754e-05
-1.105309358756106512e-05
-1.102180207908014170e-05
-1.097275027902726509e-05
-1.094927608391832696e-05
-1.091237650312785529e-05
-1.087851382682327968e-05
-1.083975881922049768e-05
-1.079601470006317428e-05
-1.075836699445851726e-05
-1.073424970524942056e-05
-1.068891632288920246e-05
-1.067612475967695707e-05
-1.061953634432430461e-05
-1.059795525723172345e-05
-1.055793842078128052e-05
-1.052369545516150447e-05
-1.044061782682563405e-05
-1.043321361742859450e-05
-1.041384789604929925e-05
-1.038838511183528229e-05
-1.036211052125518118e-05
-1.033862627882628596e-05
-1.028935637246057653e-05
-1.025265491039026643e-05
-1.022338135809246609e-05
-1.020246068477485498e-05
-1.017642231007541253e-05
-1.016889954581153009e-05
-1.013177956388112836e-05
-1.011585662656177427e-05
-1.001942389254616770e-05
-9.964515514347526825e-06
-9.926575444857223848e-06
-9.901628272592041569e-06
-9.868653446455087042e-06
-9.847962216532208309e-06
-9.804916386619652743e-06
-9.776794145334173530e-06
-9.737899950520081198e-06
-9.714810582726473255e-06
-9.666274504957495301e-06
-9.642422522210924291e-06
-9.589007494096129223e-06
-9.563540571520448276e-06
-9.524420730978418184e-06
-9.488797266523997168e-06
-9.463590416938030836e-06
-9.429673668781638076e-06
-9.388861612203424376e-06
-9.355851417458762277e-06
-9.345440371970296928e-06
-9.302658565473562817e-06
-9.263991532499451216e-06
-9.247898715759501095e-06
-9.213023553855869961e-06
-9.163024408590026004e-06
-9.135234444154219518e-06
-9.098010597969071099e-06
-9.087228771715392459e-06
-9.039184757228052052e-06
-9.030178927751634867e-06
-8.979071570432570546e-06
-8.960471251614481763e-06
-8.918629462850604015e-06
-8.903244938143682101e-06
-8.876005612796034622e-06
-8.852608209242470149e-06
-8.831303164179096313e-06
-8.785388120261877903e-06
-8.771759203555428249e-06
-8.731691563739793252e-06
-8.689149909180715376e-06
-8.664151023418953390e-06
-8.627820276262315169e-06
-8.618964093031354683e-06
-8.551086961941179590e-06
-8.527454939585286432e-06
-8.495588616244530600e-06
-8.453354623479758260e-06
-8.421615449696537642e-06
-8.381008555567161935e-06
-8.375989118394547582e-06
-8.348552343143891011e-06
-8.318796626485577857e-06
-8.246687010783755625e-06
-8.235373504032910178e-06
-8.221131038440221748e-06
-8.202463610078050436e-06
-8.162775497983352271e-06
-8.132129517026402715e-06
-8.095770958294332467e-06
-8.076597121719696716e-06
-8.041945962461313307e-06
-8.006495975889653770e-06
-7.973376345280939470e-06
-7.960378063334353329e-06
-7.907960146931544376e-06
-7.884733757807483741e-06
-7.833502832661262260e-06
-7.802847320662649743e-06
-7.781365790100312779e-06
-7.730318945157348999e-06
-7.710340765801822633e-06
-7.688684573994249407e-06
-7.648170116692007612e-06
-7.617743703540915834e-06
-7.603313417881792190e-06
-7.570213052134770859e-06
-7.544420562372845244e-06
-7.523196760835298497e-06
-7.479944457284832580e-06
-7.438107044951791145e-06
-7.431704091555986549e-06
-7.417250551348122066e-06
-7.355096944959693441e-06
-7.338799915310439851e-06
-7.321621234655164812e-06
-7.269105142990005134e-06
-7.249531145567316844e-06
-7.198822250290929175e-06
-7.178663023638558440e-06
-7.156301782779489160e-06
-7.119541561745392034e-06
-7.114548965578777489e-06
-7.063765446015708484e-06
-7.048631618651107318e-06
-6.993639113588079888e-06
-6.960654359012807395e-06
-6.946134824631508363e-06
-6.923409773821984752e-06
-6.852083522069763488e-06
-6.831087800180837636e-06
-6.796618054212708526e-06
-6.766683416315442617e-06
-6.747000838728030556e-06
-6.715061048904446993e-06
-6.672465326502785911e-06
-6.640056396523298620e-06
-6.608079179569038702e-06
-6.593423559129418020e-06
-6.582188989751862052e-06
-6.537710929894273077e-06
-6.528803239842821989e-06
-6.495004256214216166e-06
-6.457459125604815687e-06
-6.436692084831884832e-06
-6.421504763037534434e-06
-6.420430911327065231e-06
-6.396382649515089550e-06
-6.390602963366978836e-06
-6.342068508614251696e-06
-6.297619870443995122e-06
-6.257690650230835955e-06
-6.237121899965424325e-06
-6.224041010070154171e-06
-6.185341785503244456e-06
-6.153921238428955936e-06
-6.143824135628614846e-06
-6.116534750795641622e-06
-6.080537163788838267e-06
-6.060055223461456455e-06
-6.016785301213619672e-06
-5.994196443406129476e-06
-5.943063843789346753e-06
-5.922812825326510560e-06
-5.918395880181742182e-06
-5.894333597710054431e-06
-5.857626129150477795e-06
-5.844194254401376305e-06
-5.831557155146278254e-06
-5.770149641350987588e-06
-5.718625290791731671e-06
-5.693242039428161287e-06
-5.672953673168510980e-06
-5.654980814696274774e-06
-5.630631993131791807e-06
-5.609199336021907383e-06
-5.566329281742019696e-06
-5.541568400946141046e-06
-5.527818050159345403e-06
-5.509048245683252027e-06
-5.480590036115249368e-06
-5.446956736297424903e-06
-5.433166382990723772e-06
-5.406991873826796189e-06
-5.356208150149097052e-06
-5.329186207520819584e-06
-5.291405060540949968e-06
-5.271625557572107989e-06
-5.258171135275494834e-06
-5.254282826934706777e-06
-5.197832473164890185e-06
-5.174491025625759269e-06
-5.161413496964899358e-06
-5.121435213783241565e-06
-5.105125393183952413e-06
-5.081771909468363320e-06
-5.048340919933524651e-06
-5.032521804506209330e-06
-4.998744087200524504e-06
-4.960544562228079562e-06
-4.942505432011703366e-06
-4.914239670624954049e-06
-4.891228663316437287e-06
-4.884194575487657284e-06
-4.864864218141603801e-06
-4.837269871660359504e-06
-4.804306826960622486e-06
-4.786559952160331941e-06
-4.772398654113073631e-06
-4.751992237726640864e-06
-4.711331892538443773e-06
-4.690584520471732338e-06
-4.662434332069355963e-06
-4.634742199106864368e-06
-4.609202575631246622e-06
-4.585423506518120420e-06
-4.551740376615304116e-06
-4.532511003442257513e-06
-4.468593937269310957e-06
-4.458619733899384112e-06
-4.445665418939661267e-06
-4.437338229078598235e-06
-4.410790908745387118e-06
-4.340623205803642625e-06
-4.331518250106317751e-06
-4.306405327646433862e-06
-4.301205177792163887e-06
-4.281304727153532223e-06
-4.272219237400390516e-06
-4.226430585570821623e-06
-4.182659453524565785e-06
-4.173532414681519314e-06
-4.136226761952763283e-06
-4.101379949479117652e-06
-4.071848358710282021e-06
-4.034262392783854893e-06
-3.997014359655139445e-06
-3.970625188126241832e-06
-3.964101041929765777e-06
-3.944981808222090767e-06
-3.926828390810243872e-06
-3.874244712308279853e-06
-3.843168578848391640e-06
-3.833540348841373973e-06
-3.826164270845648983e-06
-3.807865177288822345e-06
-3.791348357730607416e-06
-3.759076544413929091e-06
-3.747376550261837963e-06
-3.733229907863023088e-06
-3.692017906762860235e-06
-3.674006245017910081e-06
-3.654696881174487878e-06
-3.635497495530170291e-06
-3.614894593308854554e-06
-3.548255609559537462e-06
-3.543519942847398611e-06
-3.514256106983894605e-06
-3.501546955471690655e-06
-3.476286663854074412e-06
-3.443850332238457566e-06
-3.433337191813079353e-06
-3.411815578048446116e-06
-3.403285572491876117e-06
-3.377608870118484085e-06
-3.353968697684863243e-06
-3.339736557340790072e-06
-3.321098369000688816e-06
-3.271150198266816744e-06
-3.257403179105677236e-06
-3.231188732175240393e-06
-3.217561763103378899e-06
-3.172466159616596226e-06
-3.137044294928890791e-06
-3.119967933425959976e-06
-3.089771564275108064e-06
-3.072362749638999839e-06
-3.059010513980021119e-06
-3.022761781278218399e-06
-3.011964379989063626e-06
-2.998461385869104262e-06
-2.973130995633480117e-06
-2.945006853384175126e-06
-2.916992410751335566e-06
-2.902120987532025765e-06
-2.893521720431804616e-06
-2.851964107141956261e-06
-2.829334486419512243e-06
-2.784512754442583266e-06
-2.767846534892697790e-06
-2.753017296080603870e-06
-2.733410341763879388e-06
-2.716861447105001379e-06
-2.679144412210177314e-06
-2.660112518091641808e-06
-2.639699850871560048e-06
-2.608740448615088098e-06
-2.605821584870466165e-06
-2.585587396089073439e-06
-2.560169788543570430e-06
-2.537442261133236944e-06
-2.507742755392435363e-06
-2.489566353969352634e-06
-2.481120171090046230e-06
-2.456565547383572915e-06
-2.439637564453060352e-06
-2.428804581107489684e-06
-2.375972752922161848e-06
-2.363698740445409316e-06
-2.352102837925222472e-06
-2.348404635819574909e-06
-2.309949860169177179e-06
-2.277657266356315431e-06
-2.261883928592117148e-06
-2.256868896759006085e-06
-2.219990140016754041e-06
-2.210428553254910509e-06
-2.190648532718397985e-06
-2.152961622933462797e-06
-2.138011515633975000e-06
-2.113593383861747397e-06
-2.109598397945414235e-06
-2.086810957314991556e-06
-2.053485910095250377e-06
-2.036093348244671699e-06
-2.021522265057930512e-06
-2.016289073495724904e-06
-1.975325474472129217e-06
-1.945157498531894139e-06
-1.925428821967431972e-06
-1.901694196570463407e-06
-1.872940842363493414e-06
-1.836937796906272984e-06
-1.831163066136316399e-06
-1.824281900772962706e-06
-1.799070489417283002e-06
-1.779297834312627191e-06
-1.756658192751927890e-06
-1.748319782095713695e-06
-1.698198900067444925e-06
-1.677642427275868356e-06
-1.655758453866511580e-06
-1.636749277057513180e-06
-1.620417651665448092e-06
-1.607421075981016154e-06
-1.583806158706549018e-06
-1.572229928997464828e-06
-1.553491367071850792e-06
-1.523926298580485052e-06
-1.507836522283253446e-06
-1.506706031971097518e-06
-1.479688028584572990e-06
-1.443118287665728669e-06
-1.390421471196248344e-06
-1.376570851443977098e-06
-1.359706511132084717e-06
-1.344382211255267088e-06
-1.325531314088824256e-06
-1.288773703532212669e-06
-1.279963840752180015e-06
-1.261766473582074866e-06
-1.243703889199382528e-06
-1.200755846632002972e-06
-1.195847375816835440e-06
-1.170260907761440698e-06
-1.166927049723588665e-06
-1.130573285156790242e-06
-1.112698672459028970e-06
-1.100335729253969684e-06
-1.084024782276333088e-06
-1.054729458849784919e-06
-1.040625892401540782e-06
-1.024917573271364401e-06
-1.007313140795710050e-06
-9.875919467862793861e-07
-9.555221364537013812e-07
-9.278812774214771305e-07
-9.040744281031996789e-07
-8.776081192842872205e-07
-8.668415606942640895e-07
-8.484912994305576436e-07
-8.430332701518456931e-07
-8.383869211019143488e-07
-8.124586765011610974e-07
-7.979809144301272840e-07
-7.682807203913864618e-07
-7.440735747641219340e-07
-7.282001331213656619e-07
-7.001011024181930332e-07
-6.870538827047192902e-07
-6.713913945356063086e-07
-6.440903393197771768e-07
-6.353093932659306104e-07
-6.269745636434251169e-07
-6.092395557962732754e-07
-5.750367919744519536e-07
-5.473036209168371837e-07
-5.388019069036610828e-07
-5.143066575477323737e-07
-5.050477140123200995e-07
-4.967421240888212135e-07
-4.677026782637958242e-07
-4.461175248589617043e-07
-4.143851384227252246e-07
-3.815679140407307422e-07
-3.701470760964973783e-07
-3.558899216562477463e-07
-3.430238797763366653e-07
-3.353237039642581780e-07
-3.097929780760911663e-07
-2.804008343653916474e-07
-2.695133503252188412e-07
-2.530652076180728011e-07
-2.406850613057080051e-07
-1.916325807337126622e-07
-1.794363632366375130e-07
-1.550763280867759351e-07
-1.414777239825292533e-07
-1.244858128935972601e-07
-1.057610585927424748e-07
-9.695752153991821276e-08
-7.963239053184051943e-08
-4.799113132429128355e-08
-3.936887679596620456e-08
-1.707507938666909557e-08
-3.624323157195748707e-09
9.854252802831212204e-09
2.143699170298476311e-08
4.489584459044021467e-08
5.564405819437893768e-08
8.774772175484581837e-08
9.902672417482259285e-08
1.109310202496258727e-07
1.285540708653673361e-07
1.509251360288488571e-07
1.715354427658734488e-07
1.936328809672572426e-07
2.028136674687858999e-07
2.316463727479849457e-07
2.367060837506495832e-07
2.825376382699373257e-07
2.926010673175763876e-07
3.237524906108684125e-07
3.284879909283634757e-07
3.461838434655956521e-07
3.597567366556609458e-07
3.782596161558128591e-07
3.870089951964244819e-07
4.143885162429399651e-07
4.269246110931195842e-07
4.511159012841700636e-07
4.778394638056668295e-07
4.998424916060111426e-07
5.063638699843509062e-07
5.325344494460255372e-07
5.690654727475474309e-07
5.707006497608557293e-07
6.019108227485174951e-07
6.111611656215595716e-07
6.292426378057793973e-07
6.615701922716760992e-07
6.747008407649021475e-07
6.938814665782588459e-07
7.069067778138281738e-07
7.330118146856798277e-07
7.503384453472768957e-07
7.557579899824249136e-07
8.015902051572292425e-07
8.100913596788928603e-07
8.328926701841616781e-07
8.478533329571530292e-07
8.583195814133965353e-07
8.661815422498746398e-07
8.895219305421300444e-07
9.284242049304266246e-07
9.476055557607289412e-07
9.597302320625032755e-07
9.766900355163674451e-07
9.984185140037738219e-07
1.033397029949169502e-06
1.056586152382176956e-06
1.067239448567723068e-06
1.084152731788852462e-06
1.094694940404882110e-06
1.115806306656583708e-06
1.130728999143558409e-06
1.135999539653862561e-06
1.171754416227440389e-06
1.197054691693756841e-06
1.225595370728832573e-06
1.238617636115889470e-06
1.256516654012309523e-06
1.267584258838496562e-06
1.289229362606118645e-06
1.308355057576652368e-06
1.313796531271035973e-06
1.342669561103676079e-06
1.361287702744333443e-06
1.370557660979110365e-06
1.415747775488369376e-06
1.434015854988991720e-06
1.475873023998048970e-06
1.494531453285951871e-06
1.502768069510085927e-06
1.524593964881360759e-06
1.561859737010490698e-06
1.569896035826206219e-06
1.595074953731274535e-06
1.631559007265535119e-06
1.638454476325650388e-06
1.653856048412905452e-06
1.682933790906422219e-06
1.718272941071217810e-06
1.726204466370557631e-06
1.739565378826643826e-06
1.748575010832084783e-06
1.769506509022060930e-06
1.777632879257498947e-06
1.806046313162101693e-06
1.829028502953597136e-06
1.833723748658018897e-06
1.851770414676868936e-06
1.893181392592566869e-06
1.901939843168944701e-06
1.923351285180943049e-06
1.954483516675669299e-06
1.999646279543663165e-06
2.011714908339252387e-06
2.035529197276448011e-06
2.048409516200543893e-06
2.061325162537638992e-06
2.090631391034286614e-06
2.107563448289737699e-06
2.121755277280457726e-06
2.149372028034575336e-06
2.182808745446720038e-06
2.219323687178074837e-06
2.242467076959445783e-06
2.268924386318251182e-06
2.282069749600439622e-06
2.294531837026381251e-06
2.316427057608882609e-06
2.324261390408747867e-06
2.358359391527466809e-06
2.400355748883286715e-06
2.431415143606092844e-06
2.443080871530122048e-06
2.456058168399924445e-06
2.483160363804368006e-06
2.516870698553474835e-06
2.539574368820422122e-06
2.570801949545106141e-06
2.580382049765051060e-06
2.602699533033371383e-06
2.610024915063598896e-06
2.646996825432003793e-06
2.666810014659153985e-06
2.694531255923367319e-06
2.725261719422577671e-06
2.739207692098015603e-06
2.759242674481319897e-06
2.759553364648223764e-06
2.769153329807448235e-06
2.805345674903854817e-06
2.820122507029886199e-06
2.873911265216791115e-06
2.886156477918909182e-06
2.907599818127304279e-06
2.924619811716052320e-06
2.944970805224822497e-06
2.966697407234467958e-06
2.978610778281100673e-06
2.998809107186501925e-06
3.025862470191597719e-06
3.053197110145683045e-06
3.077006311280500951e-06
3.096835223895929742e-06
3.112939693778926177e-06
3.120274288164479311e-06
3.151060713852463163e-06
3.176191256593277776e-06
3.217550102122485155e-06
3.233257309566883644e-06
3.259962507021096803e-06
3.272844226146703089e-06
3.285105409049977626e-06
3.301067461063452568e-06
3.325363477502366274e-06
3.366374172527495255e-06
3.410838488397578084e-06
3.425110363553957472e-06
3.457496522551434350e-06
3.462545321570169495e-06
3.493727373646580679e-06
3.521010238029673170e-06
3.549276023186621689e-06
3.563147421600601200e-06
3.576421065974192330e-06
3.628232843662710181e-06
3.636293246433088880e-06
3.663778425875033692e-06
3.697876052788076643e-06
3.706938254286805877e-06
3.747374981083478579e-06
3.753881542650721127e-06
3.799395767139698171e-06
3.821927886974334726e-06
3.838580088979074962e-06
3.860449936835349195e-06
3.874562332274481321e-06
3.910052452227118276e-06
3.942335027534069138e-06
3.960825884703834116e-06
3.971541228086381327e-06
4.021356157868901896e-06
4.029418356605817450e-06
4.051770789868719241e-06
4.074166746811817726e-06
4.097868272287299466e-06
4.125296135377378778e-06
4.147914623606609340e-06
4.183807120961884754e-06
4.188084011564779013e-06
4.233442390715323370e-06
4.278952909082719744e-06
4.295184407397160041e-06
4.310337669481812885e-06
4.359729603028435610e-06
4.374100276894402333e-06
4.395998196033552402e-06
4.410580011202113264e-06
4.440864405126919060e-06
4.471874823949171733e-06
4.511823518331420825e-06
4.516203219712345376e-06
4.527608593314538704e-06
4.578146722501902726e-06
4.603785370044984172e-06
4.624748573482003115e-06
4.645187318025731973e-06
4.673242196804498938e-06
4.681480842518067955e-06
4.723504216691525121e-06
4.747213279598348778e-06
4.764979107162189689e-06
4.771300277038854680e-06
4.815880769928668221e-06
4.855772052693328657e-06
4.883115637434219333e-06
4.893064859860679818e-06
4.906069172634492798e-06
4.941371373325688456e-06
4.964307539965353690e-06
4.968448138153863184e-06
5.018147897550163007e-06
5.047489397901949407e-06
5.074545044823773207e-06
5.088691827638020134e-06
5.110039165657571025e-06
5.167907294757665561e-06
5.185490477696532792e-06
5.192039811447149651e-06
5.233443393020565870e-06
5.246532790318237286e-06
5.270582351303354707e-06
5.300349540650461611e-06
5.357263172889567727e-06
5.376800672825178465e-06
5.408539624348373351e-06
5.456135330078728529e-06
5.481400138548360679e-06
5.531692747467840824e-06
5.537987171952366903e-06
5.545511142550562593e-06
5.556691042265864158e-06
5.588487636012850744e-06
5.618673052564451916e-06
5.664731568194193638e-06
5.673428201658564609e-06
5.715081758573708787e-06
5.742109444412139550e-06
5.766544676734754112e-06
5.798134932631490693e-06
5.831297811693577019e-06
5.844981119298618668e-06
5.876428080956460686e-06
5.912646542265982319e-06
5.958527142181712484e-06
5.972097048319804330e-06
5.988014576264034178e-06
6.015709226415687419e-06
6.050898070259210656e-06
6.064605564604463665e-06
6.107154283372725012e-06
6.133222356421794655e-06
6.175574695908666460e-06
6.182776594023876084e-06
6.210838135893856775e-06
6.251732400223725550e-06
6.290102366914706257e-06
6.311498463815354424e-06
6.330884294648236658e-06
6.377135745302090771e-06
6.388380332681897860e-06
6.410157896430744840e-06
6.428802120871242243e-06
6.456525794547200339e-06
6.469262333626766788e-06
6.539631058997299810e-06
6.556931940532598317e-06
6.595200763251671585e-06
6.616818974829075337e-06
6.634338311399143003e-06
6.676433366745789061e-06
6.687119255518240133e-06
6.713441557123806403e-06
6.755766720295892488e-06
6.769960255514907847e-06
6.788665775708615853e-06
6.842621049681109302e-06
6.858266520280699669e-06
6.882743548572706267e-06
6.924686281103503673e-06
6.934806220833140108e-06
6.988345352924225442e-06
7.007435097282090528e-06
7.044662756520846988e-06
7.062262986104415773e-06
7.093727148474781619e-06
7.105027201958967974e-06
7.114894760329842995e-06
7.203771374878805245e-06
7.214888612013207714e-06
7.262589088446961444e-06
7.282238590914268662e-06
7.307491887112604374e-06
7.333445074662784419e-06
7.376177521522052537e-06
7.383115063095165625e-06
7.398289511151190857e-06
7.407488686132043599e-06
7.463767048499900544e-06
7.487276948295425717e-06
7.558051969049821043e-06
7.571501596391700774e-06
7.596442027931910633e-06
7.609321045753463056e-06
7.633379895962804631e-06
7.679919640085092965e-06
7.704862375160711916e-06
7.757191971295865032e-06
7.782026639812955919e-06
7.795109971578144858e-06
7.806252721007347198e-06
7.849623894302948797e-06
7.884618914566387713e-06
7.957310832335004431e-06
7.984532559010107229e-06
8.007739898046166787e-06
8.025799046274201951e-06
8.033946525138923103e-06
8.061727755616032056e-06
8.086070392350389291e-06
8.100822526366258938e-06
8.160535815849600359e-06
8.187927761544340008e-06
8.210394590114961273e-06
8.246012093049088148e-06
8.325550806197670406e-06
8.336702994647389618e-06
8.349500077553190041e-06
8.356504565381169797e-06
8.423112223649793551e-06
8.429112883342386540e-06
8.452902194361484981e-06
8.479451366271261305e-06
8.514301548291204903e-06
8.551003135803213388e-06
8.592698319054359457e-06
8.605729519308748243e-06
8.644280213050187215e-06
8.704436824242391821e-06
8.741648378642532328e-06
8.770597789745260099e-06
8.789063289848007433e-06
8.812579738270118912e-06
8.882297789852597095e-06
8.904711768780711084e-06
8.930359699829105180e-06
8.983633475814547793e-06
9.010855807336984308e-06
9.026900466664145533e-06
9.072301465502135599e-06
9.094062154730963630e-06
9.134074401959942573e-06
9.183882883836445163e-06
9.209118477310503280e-06
9.223799171891513353e-06
9.260025884444474339e-06
9.315510428073468387e-06
9.316390571369027757e-06
9.344789900772976939e-06
9.355334180921254982e-06
9.427681790430733803e-06
9.446979262440123278e-06
9.483269054725776884e-06
9.504984050296154909e-06
9.539381924745994368e-06
9.601414930738826013e-06
9.620068758095189540e-06
9.666022056300869320e-06
9.686151552515413746e-06
9.748182968721771336e-06
9.777968617277439924e-06
9.836164753431587312e-06
9.860305263579319281e-06
9.895792017654305348e-06
9.913021937050523882e-06
9.932825053878357218e-06
9.948905601517600696e-06
9.967196117170051438e-06
1.001699430377220114e-05
1.003710989518831745e-05
1.010305777028508991e-05
1.012288006480884340e-05
1.018222247674379774e-05
1.020427867646398264e-05
1.023256051114922146e-05
1.028866207872472238e-05
1.032056719204208856e-05
1.033689199769120235e-05
1.039823883094466140e-05
1.044383115682093989e-05
1.047828496785142006e-05
1.052347654055137455e-05
1.054628627649007115e-05
1.056352822883864401e-05
1.060364906053177500e-05
1.064150381996332557e-05
1.066687301891998583e-05
1.069558993814823189e-05
1.072182301967648133e-05
1.075852129888248335e-05
1.080817442265447005e-05
1.085566000782906015e-05
1.091493726169385704e-05
1.092907022863932363e-05
1.096330635913654554e-05
1.100533151323796689e-05
1.102927545812326969e-05
1.105147051271689539e-05
1.112579461894507534e-05
1.115710179137142703e-05
1.115827099847038069e-05
1.118821541467715127e-05
1.122536350691694164e-05
1.128830363356109997e-05
1.133652106787572967e-05
1.137770265317766825e-05
1.141001940493580423e-05
1.143608696294042638e-05
1.147638253501274848e-05
1.149059506202315176e-05
1.151933133650806660e-05
1.158935805082154279e-05
1.159666951110542883e-05
1.163948060941714379e-05
1.167338717142278724e-05
1.170408723539675770e-05
1.171882121993202458e-05
1.178174036277944129e-05
1.179849270403191408e-05
1.186126117028930560e-05
1.188858044943614965e-05
1.194386510028722393e-05
1.197472184302808214e-05
1.200116985068933921e-05
1.205510559850368155e-05
1.207075176739480011e-05
1.211128373729551134e-05
1.213906975938580196e-05
1.224650643882130203e-05
1.226949960577313118e-05
1.230408006283537222e-05
1.232352396717269144e-05
1.233867233132071444e-05
1.239225652811197583e-05
1.244270314960214279e-05
1.250026990421523835e-05
1.253643869994738669e-05
1.255500767589141415e-05
1.259300000604599027e-05
1.264947127719291818e-05
1.266301836350788047e-05
1.267581030469140583e-05
1.275393759264318089e-05
1.278436509874369934e-05
1.284166451475167740e-05
1.284782085645998749e-05
1.287903583470054117e-05
1.294416923732561025e-05
1.297193658404032045e-05
1.301103886985208115e-05
1.302652395388576489e-05
1.307955945799630545e-05
1.313427731808053405e-05
1.319557832257852123e-05
1.322062950833619245e-05
1.325663587494064508e-05
1.328135039312154113e-05
1.333806518230610452e-05
1.337273842594485661e-05
1.344560216028034404e-05
1.346987921305734865e-05
1.355966561265256873e-05
1.358525333970119464e-05
1.361458756157141196e-05
1.366719426991879067e-05
1.374579713701465352e-05
1.376434166125869139e-05
1.379131501582524423e-05
1.383329192474876792e-05
1.384155683154260122e-05
1.391720616516708545e-05
1.394345652055920292e-05
1.399091270035933771e-05
1.399546166457611448e-05
1.405986265009385177e-05
1.410306540415623437e-05
1.413725892292910621e-05
1.420039237498547042e-05
1.423585596584040806e-05
1.430241244645764777e-05
1.433511725019441257e-05
1.434668554365911358e-05
1.436546708747488275e-05
1.443959626902231986e-05
1.447049779736814269e-05
1.451194491783601402e-05
1.454127081077103186e-05
1.458567937805443913e-05
1.463536917409311166e-05
1.466064893617729790e-05
1.469985367881219317e-05
1.473535237646932107e-05
1.476984298971311493e-05
1.480200940205757952e-05
1.486203049152134024e-05
1.488166867656503836e-05
1.494593036905817154e-05
1.495996800196781666e-05
1.500344970230379036e-05
1.504713052038131397e-05
1.512356186047623798e-05
1.514850953644369255e-05
1.519119789475964679e-05
1.525825117005526783e-05
1.530366274031273860e-05
1.535626652091962233e-05
1.537359805590629466e-05
1.540212650728019258e-05
1.543462631073054764e-05
1.549210570267911291e-05
1.556422862374280317e-05
1.562323058019252228e-05
1.564603818925817494e-05
1.569732648928002093e-05
1.570447069869893809e-05
1.577666770371350616e-05
1.582404453551039062e-05
1.588334640450409749e-05
1.591796273408941324e-05
1.596256436473215344e-05
1.603472965268044821e-05
1.612032568478138794e-05
1.615944361072308856e-05
1.619413861233033139e-05
1.624457508604235749e-05
1.628238541870825125e-05
1.631069828589242797e-05
1.634563412401017832e-05
1.637521089141737480e-05
1.644413107153220560e-05
1.648881610468240063e-05
1.656349554166121311e-05
1.659849329375119001e-05
1.665124379944410370e-05
1.668725177085721221e-05
1.673964584464825598e-05
1.674734115947769996e-05
1.681782117312472961e-05
1.690410872736716302e-05
1.692099587071317201e-05
1.695459072997587512e-05
1.697529165934739896e-05
1.705848271631761682e-05
1.711396546543141796e-05
1.715823469855520106e-05
1.717747177124530800e-05
1.726071045620263103e-05
1.731880126247972878e-05
1.735303410250441824e-05
1.745986114448255550e-05
1.746010743446001892e-05
1.752703898087912577e-05
1.756345778909459382e-05
1.761366521934738574e-05
1.764650255338254527e-05
1.767153552019942736e-05
1.770762880833440689e-05
1.775844478713355511e-05
1.786521484513647567e-05
1.793228926843637682e-05
1.795681139801204461e-05
1.799974398118748989e-05
1.809317090555617079e-05
1.813445705771829511e-05
1.819705134844486671e-05
1.822681582081080357e-05
1.831659839555922417e-05
1.836186793165780763e-05
1.837054212425299904e-05
1.843203196585112126e-05
1.851578422344887651e-05
1.854170066370763360e-05
1.859034029118685066e-05
1.865990956660292909e-05
1.868988356915637794e-05
1.873097114144757150e-05
1.875053648819457246e-05
1.885355262261018610e-05
1.892343255509073289e-05
1.897823728632775324e-05
1.905544209620231799e-05
1.907799665926719482e-05
1.913391603185090909e-05
1.919243797033332158e-05
1.925580177749352325e-05
1.928979877443625453e-05
1.931395929272385593e-05
1.938021843736634030e-05
1.941360315026537429e-05
1.950024760888626157e-05
1.951881695009771803e-05
1.958483465630290197e-05
1.959886758812089727e-05
1.971325098196585109e-05
1.973749845038480242e-05
1.982836110175544158e-05
1.986361814279529090e-05
1.992503212582319764e-05
1.997187416847848176e-05
2.006558295335810022e-05
2.010308136687469473e-05
2.018574543720686926e-05
2.022128159598125558e-05
2.025072979676466409e-05
2.027110995747078789e-05
2.030481656318578230e-05
2.040195724407822348e-05
2.043559367437692477e-05
2.046341169056969348e-05
2.054310652354551456e-05
2.056243620127753223e-05
2.061759374497052012e-05
2.072166228975493935e-05
2.077722077018022114e-05
2.082764007310982911e-05
2.088088641722630223e-05
2.093548962255444698e-05
2.099038764107512015e-05
2.100003284744340559e-05
2.103188042868896803e-05
2.110786960975868671e-05
2.118934613823625444e-05
2.122301118952643072e-05
2.127709530201498747e-05
2.128554368003794095e-05
2.140595614088132957e-05
2.147513388576664656e-05
2.149632259872673599e-05
2.157227034798371126e-05
2.163352216584282604e-05
2.168381235818033666e-05
2.172974102574767231e-05
2.183203387398469940e-05
2.188538915101833642e-05
2.192946910673464461e-05
2.198060645790626607e-05
2.206599347341080979e-05
2.208156537207617940e-05
2.215055595978880214e-05
2.217597465131654002e-05
2.226053636294797315e-05
2.233555178878023095e-05
2.238981944448572526e-05
2.244484858750116143e-05
2.245122226914216058e-05
2.253979676644404017e-05
2.257088514068137454e-05
2.264948155835298739e-05
2.275502710939486623e-05
2.278177056879745791e-05
2.284693888986990759e-05
2.290447967423278795e-05
2.300340382750448294e-05
2.303795439711322625e-05
2.312185102731644556e-05
2.315186659168842924e-05
2.320016310664995297e-05
2.332675530268539944e-05
2.335620950579543441e-05
2.340143535159917005e-05
2.341938758733955322e-05
2.353517551494782511e-05
2.355294397081263017e-05
2.363789065782293970e-05
2.368922764346099993e-05
2.377147827928543215e-05
2.386189536579857355e-05
2.396444560645768758e-05
2.399774053263492899e-05
2.407678464511878760e-05
2.412639718494712503e-05
2.425749127512636213e-05
2.433571936769088353e-05
2.434956766832453115e-05
2.439083370307683549e-05
2.445472998891863410e-05
2.451754394181772766e-05
2.461689918980880642e-05
2.466399689564867980e-05
2.472199343701033763e-05
2.479774079254538539e-05
2.482453852741096659e-05
2.485583949436269571e-05
2.493290356498018608e-05
2.498339066364933298e-05
2.507587237373091782e-05
2.516758960659098252e-05
2.521192242568713631e-05
2.530078882982539560e-05
2.535283550763946066e-05
2.541150304888357625e-05
2.546587899902644282e-05
2.548864912496165525e-05
2.554715642762947378e-05
2.562522095337992729e-05
2.567280382737275430e-05
2.578509834582165422e-05
2.586868909147643284e-05
2.592516569567966363e-05
2.598712147386404226e-05
2.609142336484602013e-05
2.617972646552893905e-05
2.631747591608498907e-05
2.634407117923266435e-05
2.637648015664663365e-05
2.648278818168729710e-05
2.653344362448838628e-05
2.665647722747948179e-05
2.669998817415130787e-05
2.676353897708761529e-05
2.683492551340673510e-05
2.700481149747351500e-05
2.701864382841675898e-05
2.717209057987641745e-05
2.724285986201281727e-05
2.735596955117428856e-05
2.741319287272728361e-05
2.742056716132328228e-05
2.745406643776577578e-05
2.755460527846375084e-05
2.766964151823772763e-05
2.772091578317498957e-05
2.779108417822975067e-05
2.788951792351922725e-05
2.791042077967699673e-05
2.797482674284505516e-05
2.809888776999829314e-05
2.813702684207743479e-05
2.822416659587740582e-05
2.826573847457878764e-05
2.835324042778055025e-05
2.850446378115344871e-05
2.856481661311028591e-05
2.867657994751490223e-05
2.877424250252909400e-05
2.878661226309588999e-05
2.885599095605580354e-05
2.890490482123181813e-05
2.899439614303364992e-05
2.901219350625209117e-05
2.920091538071291852e-05
2.923228180657070445e-05
2.925993331451957376e-05
2.941403090184272336e-05
2.948105489959980402e-05
2.958563094683491141e-05
2.969340976664321588e-05
2.984410144691398392e-05
2.987471421683093967e-05
2.995966344554704090e-05
3.000212135824572684e-05
3.001260076983405740e-05
3.014536855944289343e-05
3.022309555790698364e-05
3.036476719190126116e-05
3.042088793159029804e-05
3.043633225502283949e-05
3.053704573458220059e-05
3.066817366749868134e-05
3.079655691825103244e-05
3.090477686266720049e-05
3.092450712297523596e-05
3.100273605184598441e-05
3.103652003438589350e-05
3.118896201386352896e-05
3.120816210202923831e-05
3.132029498137414388e-05
3.144735931606712655e-05
3.149789165609292779e-05
3.164364182192614045e-05
3.169084605423937943e-05
3.191024879309398691e-05
3.200430936804773415e-05
3.203060443309637783e-05
3.212113666943785140e-05
3.218264613514543995e-05
3.223329575525282255e-05
3.235991433750060303e-05
3.249109102334918152e-05
3.253563296678120851e-05
3.258410867416903410e-05
3.268511995849259161e-05
3.286346793184659115e-05
3.290381243254085865e-05
3.296646971511989725e-05
3.314060273909342927e-05
3.320481443991311644e-05
3.327550547157080468e-05
3.331533831250132685e-05
3.340772434127896735e-05
3.345982380344113928e-05
3.358123574758312607e-05
3.370334045129211623e-05
3.376305708946500671e-05
3.390025674337890745e-05
3.405477199274653977e-05
3.417504231183368755e-05
3.433941223231462672e-05
3.441430908937089157e-05
3.441868509771223199e-05
3.461906043871262336e-05
3.470502920843506221e-05
3.480528033048572247e-05
3.490044662385679571e-05
3.498666547262752443e-05
3.511707968756608495e-05
3.520171610906763760e-05
3.525496992952353674e-05
3.533769171795296711e-05
3.547259091657395494e-05
3.558407583329001588e-05
3.560748650215227743e-05
3.572058912892824836e-05
3.583920490006140929e-05
3.613659797967716910e-05
3.619437066771371913e-05
3.643724120546106476e-05
3.661079017832060615e-05
3.674036848898463666e-05
3.680777704774163711e-05
3.688951000293109360e-05
3.704694612513057656e-05
3.710324640805789866e-05
3.717333237972634023e-05
3.735265340645260571e-05
3.739231083904064772e-05
3.755950544886003700e-05
3.765128607380015605e-05
3.769433889627458409e-05
3.789981810355581729e-05
3.813378880540894646e-05
3.815155304389579574e-05
3.817085734013610861e-05
3.824761290934923134e-05
3.839777680495155208e-05
3.869307465937515538e-05
3.872829485191394083e-05
3.890840610173110128e-05
3.899525364841963240e-05
3.916639917062084391e-05
3.928244166953139335e-05
3.935882581361346057e-05
3.953740924847595284e-05
3.961406959578040940e-05
3.974242159044342321e-05
3.990788063049647205e-05
4.003164064860569526e-05
4.006327521301622106e-05
4.016358631881666006e-05
4.039831291425391760e-05
4.051627493475924079e-05
4.066198703862450157e-05
4.076868927463397842e-05
4.090447425080705537e-05
4.102549824479897615e-05
4.115192088568993468e-05
4.141715428946498651e-05
4.154153338112019666e-05
4.175093250335676370e-05
4.186852659821389361e-05
4.216498220860825452e-05
4.225293720721300160e-05
4.240894084259884758e-05
4.257277764824970729e-05
4.273962722806352659e-05
4.287511447674921853e-05
4.297916235272467809e-05
4.300265242445990179e-05
4.319678243651311366e-05
4.338519508275754375e-05
4.340766194892374779e-05
4.383415529235436850e-05
4.409997748886124879e-05
4.420051711178063877e-05
4.438516883219289171e-05
4.450384750245977585e-05
4.466232381873508475e-05
4.470574680352892215e-05
4.484464966710108736e-05
4.497567682341644020e-05
4.518241651036928729e-05
4.537604104064474662e-05
4.544055020190461766e-05
4.578411523964318009e-05
4.600991016138586718e-05
4.611540612676547237e-05
4.623199369689625710e-05
4.656805974613985788e-05
4.687778303323470700e-05
4.704954151133950883e-05
4.716483414964615695e-05
4.730979626367036672e-05
4.752442188732184508e-05
4.770571631991126269e-05
4.801404440290425729e-05
4.820694553923843062e-05
4.843885938301789297e-05
4.846925771395955415e-05
4.862715715291106658e-05
4.881617643769349069e-05
4.896768085731391542e-05
4.930220492393993522e-05
4.961724021188402390e-05
5.003420337119448039e-05
5.011867307441301457e-05
5.020622180356501004e-05
5.039410082075376280e-05
5.076231117203157530e-05
5.115068941896384224e-05
5.135656197339038366e-05
5.155737135167611559e-05
5.173387604448601165e-05
5.214175334889624642e-05
5.223706184771451908e-05
5.269855431097166475e-05
5.283941512982253958e-05
5.326745594930377449e-05
5.339728415096686590e-05
5.370978337869339298e-05
5.416668508311574823e-05
5.432080349940984467e-05
5.454503039216490004e-05
5.492925815421488534e-05
5.528543172365137266e-05
5.536471139268357185e-05
5.554279187896283160e-05
5.584613087063300217e-05
5.634014125919626791e-05
5.662458879129658734e-05
5.670166116693686455e-05
5.731137828597187011e-05
5.762569239279859102e-05
5.834898559917541189e-05
5.935388448817943360e-05
5.988258811928466374e-05
6.045853712202145064e-05
6.081612169302818774e-05
6.155767600873051379e-05
6.255836197565095710e-05
7.170057913321558056e-05
