-6.190511250109243750e-05
-6.115182401741445380e-05
-6.061275068960446079e-05
-6.011297551864571754e-05
-5.989268324840220706e-05
-5.902188924671526764e-05
-5.871959478751845026e-05
-5.823545090275117933e-05
-5.770823621058363521e-05
-5.749842304548964135e-05
-5.708369831797572609e-05
-5.676009639714163079e-05
-5.666852919738507089e-05
-5.643832485040351193e-05
-5.585047612129676910e-05
-5.531382714615324406e-05
-5.502940696311289201e-05
-5.466171648165735306e-05
-5.432383314160826930e-05
-5.410993508391750989e-05
-5.378965156596210971e-05
-5.348320483387271232e-05
-5.291050842267120547e-05
-5.283472717467292332e-05
-5.252901008878077451e-05
-5.235106590034568734e-05
-5.209855398871586474e-05
-5.195577804120672443e-05
-5.147988142839642989e-05
-5.114767313748201698e-05
-5.100660012761744702e-05
-5.068211911595488613e-05
-5.051176224445535096e-05
-5.036615126792408858e-05
-5.026070873276867698e-05
-4.995496075242622719e-05
-4.970447194694664188e-05
-4.951160264755232517e-05
-4.934681599023504878e-05
-4.929118694255726576e-05
-4.889031519983420452e-05
-4.874153910029661646e-05
-4.852626801297969133e-05
-4.833819013502947616e-05
-4.802381648803522019e-05
-4.788481006624934708e-05
-4.781250094928470132e-05
-4.765061518900368787e-05
-4.749732021163326028e-05
-4.709844950644154492e-05
-4.708505762578031465e-05
-4.688878477293692445e-05
-4.661385408472900916e-05
-4.642008987422133220e-05
-4.629705435903201302e-05
-4.626247003069389657e-05
-4.582698013701450333e-05
-4.568943834203221643e-05
-4.562722673895196359e-05
-4.551122221191541810e-05
-4.531177527723351809e-05
-4.491668175391564510e-05
-4.477961375921718886e-05
-4.457579464004435087e-05
-4.441998163144595849e-05
-4.423080747403840691e-05
-4.416602871123851597e-05
-4.398571171277460467e-05
-4.381661006538565525e-05
-4.368629876034847297e-05
-4.351053065060119391e-05
-4.323802994596583413e-05
-4.314040078527349605e-05
-4.296817176694889626e-05
-4.290668483662604627e-05
-4.272899112895999955e-05
-4.250652249917721446e-05
-4.239213690611391754e-05
-4.233096448221141837e-05
-4.231122115380342246e-05
-4.193904425955393415e-05
-4.186236651033607801e-05
-4.149259577847023408e-05
-4.139895507087314213e-05
-4.131897803687148831e-05
-4.120770604596044642e-05
-4.104251330151470077e-05
-4.091579701654571522e-05
-4.081029745805209706e-05
-4.066395361276003300e-05
-4.058440341202659921e-05
-4.042522215207271816e-05
-4.026324200813049907e-05
-4.004455813438947953e-05
-3.990723157212902204e-05
-3.974607228862013985e-05
-3.973714554786101787e-05
-3.965459144546723774e-05
-3.950040177801974003e-05
-3.932401995773973018e-05
-3.918111761066530978e-05
-3.908342096539137557e-05
-3.887993548231085598e-05
-3.874433868462877069e-05
-3.866386500743354608e-05
-3.861785375959783553e-05
-3.847180769497366608e-05
-3.845733784318943339e-05
-3.810142138116737914e-05
-3.799898161810223002e-05
-3.785160653578248304e-05
-3.783122439821622653e-05
-3.773086881318873009e-05
-3.759624478480072307e-05
-3.753996325427595194e-05
-3.741706807717268095e-05
-3.729164236247920703e-05
-3.724023044021231130e-05
-3.708362395519247630e-05
-3.689209858758817843e-05
-3.677019289992850194e-05
-3.670100525134015434e-05
-3.651566310424271056e-05
-3.637090304613247300e-05
-3.629106338508756560e-05
-3.620211763434681300e-05
-3.616552526108954372e-05
-3.603347450486410372e-05
-3.595701500500590627e-05
-3.581860464704087952e-05
-3.570383541963395682e-05
-3.563927698383089984e-05
-3.559470931625350449e-05
-3.532048408917963815e-05
-3.520573237466816650e-05
-3.508724190680735482e-05
-3.499294829728940084e-05
-3.491589468330232471e-05
-3.482836686508441245e-05
-3.474800767331783240e-05
-3.463410696059320850e-05
-3.460356033475509734e-05
-3.450280488689701675e-05
-3.434043824494073695e-05
-3.420537212777034568e-05
-3.407692400987474867e-05
-3.402594896365368374e-05
-3.387999011975377576e-05
-3.374061433701316454e-05
-3.368908443147575622e-05
-3.366499604023677494e-05
-3.363565186010807967e-05
-3.348231559571017820e-05
-3.336207444270180292e-05
-3.326802517686208098e-05
-3.314641766794760859e-05
-3.301487337672057393e-05
-3.292160029488563016e-05
-3.279104354524645424e-05
-3.271378656800788044e-05
-3.261882020536988877e-05
-3.259979895789577749e-05
-3.245782050238956015e-05
-3.237639256661348317e-05
-3.226095481761522444e-05
-3.222038351031846615e-05
-3.208887342185519451e-05
-3.204141472147411558e-05
-3.187791446141532991e-05
-3.181394863420881951e-05
-3.167089552703319168e-05
-3.159423047737964287e-05
-3.149132518420364813e-05
-3.132679006162710753e-05
-3.125986277147273424e-05
-3.121106792595527578e-05
-3.113299496980972768e-05
-3.103274798581230978e-05
-3.101677914927600455e-05
-3.083460391247658917e-05
-3.081893076515002089e-05
-3.077178170178354475e-05
-3.068356241266966938e-05
-3.060153135465248475e-05
-3.056403130013091781e-05
-3.042893406313502272e-05
-3.038455767199032539e-05
-3.024326700965379916e-05
-3.020274235574794207e-05
-3.015528979833591080e-05
-3.003630584346663639e-05
-3.001435722437759203e-05
-2.982116115366882742e-05
-2.978382875089488488e-05
-2.974845417140025669e-05
-2.964888524427039605e-05
-2.959442224261964774e-05
-2.949839784753389318e-05
-2.938597155866311828e-05
-2.930223879469443860e-05
-2.926212895534300161e-05
-2.918583637883452627e-05
-2.908894776993881090e-05
-2.907943805136225043e-05
-2.899217027522228333e-05
-2.883863380411311926e-05
-2.876065145979042571e-05
-2.869810417169685457e-05
-2.863969291955940241e-05
-2.849685871164463411e-05
-2.831218100926681600e-05
-2.828134512105615262e-05
-2.818682196582982294e-05
-2.809478443608110998e-05
-2.804205684897290008e-05
-2.801163886870799036e-05
-2.796230003662408334e-05
-2.779730711865049294e-05
-2.773499462021783058e-05
-2.771812001670183581e-05
-2.764660022954935805e-05
-2.758396161039596922e-05
-2.753064839124780985e-05
-2.744989825137404644e-05
-2.743936990799674647e-05
-2.736824547093749771e-05
-2.731152874180645850e-05
-2.715839572861677599e-05
-2.708253560959372457e-05
-2.704196380687754289e-05
-2.700230919662895978e-05
-2.692834337518436907e-05
-2.679589539057674640e-05
-2.673999861713885682e-05
-2.666775588045949580e-05
-2.659315306388492187e-05
-2.653910748248152084e-05
-2.649960158639038814e-05
-2.646209801248661055e-05
-2.632064343283185839e-05
-2.623078354834252964e-05
-2.616377164736998089e-05
-2.614607502021690298e-05
-2.606923990410013297e-05
-2.599241454760841010e-05
-2.594219281130407621e-05
-2.586800416054687346e-05
-2.578925899086562557e-05
-2.574182161102845894e-05
-2.562339382044569454e-05
-2.550121400157945287e-05
-2.546815938670410906e-05
-2.537478000524133654e-05
-2.533422571781060085e-05
-2.527975752096606632e-05
-2.523657018060067146e-05
-2.519199565118196042e-05
-2.514452336434135516e-05
-2.509934280312614769e-05
-2.498881604363449311e-05
-2.493326156214586406e-05
-2.484392644710290112e-05
-2.474484614691957552e-05
-2.470089159133518597e-05
-2.464343307810873887e-05
-2.456391458033316722e-05
-2.452748460507983387e-05
-2.447599124635215623e-05
-2.441248284648579571e-05
-2.437421771125847963e-05
-2.434933328690029247e-05
-2.428317734833905232e-05
-2.415878533559917215e-05
-2.411706085259018181e-05
-2.407877056713036285e-05
-2.398602895118361395e-05
-2.388859293933053108e-05
-2.387946045156511373e-05
-2.377328239923814002e-05
-2.372551003437905389e-05
-2.364296921337752562e-05
-2.359677326475469997e-05
-2.348801484575697789e-05
-2.339975165742905888e-05
-2.335637853254858952e-05
-2.333941872632420446e-05
-2.324241977777489674e-05
-2.319735555012671945e-05
-2.303029135342046953e-05
-2.296381502600159362e-05
-2.291772988505740667e-05
-2.286737359980068951e-05
-2.279333659866255080e-05
-2.278538485483291449e-05
-2.270308246681822798e-05
-2.261717292750223696e-05
-2.256902866751026043e-05
-2.251910130154487983e-05
-2.247753926854420266e-05
-2.246752570557369457e-05
-2.233776976801730939e-05
-2.226879372276228394e-05
-2.222141237138984231e-05
-2.220101199439452827e-05
-2.215909199743687570e-05
-2.205918647605653704e-05
-2.202969623450035916e-05
-2.195705237152491938e-05
-2.189313301021154030e-05
-2.184758612287895688e-05
-2.173145378366289726e-05
-2.169865491878246577e-05
-2.167239585611470141e-05
-2.162667957464256744e-05
-2.156710671605437438e-05
-2.153017082914962930e-05
-2.148802048339264276e-05
-2.140785801670300919e-05
-2.138529570460490575e-05
-2.125530057552693040e-05
-2.123283662958085286e-05
-2.112698212663789721e-05
-2.107392267184992018e-05
-2.103134920846521708e-05
-2.092893827938695610e-05
-2.089108239090374820e-05
-2.081216440747115078e-05
-2.077914583576518517e-05
-2.076707002007114808e-05
-2.065347649381391891e-05
-2.063936923802333208e-05
-2.058225647909251512e-05
-2.047810202427972353e-05
-2.047208709527002852e-05
-2.038452709986840144e-05
-2.035417591525099604e-05
-2.030517696207941958e-05
-2.026089499822383028e-05
-2.020206184877702289e-05
-2.013008799237385349e-05
-2.011791861448391933e-05
-2.010069078401610645e-05
-2.006940253259633994e-05
-1.993610150559796404e-05
-1.985139754593142294e-05
-1.979138467922047839e-05
-1.977976116434162032e-05
-1.969240132340036828e-05
-1.965772130895737896e-05
-1.963355612845718904e-05
-1.955509754997412228e-05
-1.951059967663388569e-05
-1.943856411180120894e-05
-1.939456119384885908e-05
-1.930429483903376570e-05
-1.926802788955350284e-05
-1.922758165424492814e-05
-1.915590237280618942e-05
-1.913502222363415960e-05
-1.910767970220043625e-05
-1.908688315333641135e-05
-1.897325223510461169e-05
-1.894277290949334419e-05
-1.890148561523310200e-05
-1.883000551164178618e-05
-1.874649127927219004e-05
-1.873218982828155877e-05
-1.864505495588304686e-05
-1.857953372071123840e-05
-1.855962046655518230e-05
-1.854421695912069674e-05
-1.848426684016553161e-05
-1.837023977475571302e-05
-1.834817447426784228e-05
-1.829530049704066900e-05
-1.829165626222357147e-05
-1.823573708035781255e-05
-1.815358180705068804e-05
-1.811606317410529774e-05
-1.805593522155519618e-05
-1.798550943438445907e-05
-1.795951921803958757e-05
-1.794373157662539070e-05
-1.786602051158989502e-05
-1.782829908522606040e-05
-1.779712721546346718e-05
-1.769027351675341031e-05
-1.763864590167699823e-05
-1.762073705110403889e-05
-1.752459931127766464e-05
-1.748234335834377790e-05
-1.741876573048599868e-05
-1.738974388061303804e-05
-1.736206443913565871e-05
-1.734028815958187241e-05
-1.730037140456813847e-05
-1.723405996310815299e-05
-1.721679962707280384e-05
-1.711128865670712799e-05
-1.706190826668148479e-05
-1.703895187859363539e-05
-1.694304128228864666e-05
-1.685446868789062695e-05
-1.684304563937443218e-05
-1.679865039678219495e-05
-1.673542863153612960e-05
-1.669124683686825327e-05
-1.663746401632521435e-05
-1.658932288598359884e-05
-1.658104797126225982e-05
-1.650452313460585511e-05
-1.648369861732041118e-05
-1.637202522639018905e-05
-1.629731688885191024e-05
-1.628687097272139088e-05
-1.621816212764202000e-05
-1.618235232219617274e-05
-1.617013963329467225e-05
-1.614935371314894739e-05
-1.612553857132135866e-05
-1.610057887516633628e-05
-1.605929539595171780e-05
-1.600435880188285268e-05
-1.593755236099290607e-05
-1.587726924831105914e-05
-1.584467043031818431e-05
-1.582505750078585588e-05
-1.575642035697418040e-05
-1.572748618484830482e-05
-1.570353548038641689e-05
-1.568532090093870858e-05
-1.558329762569534598e-05
-1.552427334606272982e-05
-1.551377186302095953e-05
-1.547492688964884278e-05
-1.539205800472844929e-05
-1.536731303154909056e-05
-1.531625846320410698e-05
-1.526372708665519213e-05
-1.524687563714539756e-05
-1.522935906270905909e-05
-1.514159455132321108e-05
-1.511294001507513496e-05
-1.503071050297422439e-05
-1.499497597960657449e-05
-1.493576330963230840e-05
-1.489529318684049977e-05
-1.488630762654397347e-05
-1.483308772758775232e-05
-1.476886922314288685e-05
-1.472403675860180136e-05
-1.470990038871370880e-05
-1.465856185709625995e-05
-1.463073100593414698e-05
-1.460318501340396606e-05
-1.457070561973310558e-05
-1.451596703637637981e-05
-1.447131427485848626e-05
-1.442403494321158936e-05
-1.436687155313769545e-05
-1.435239037891049143e-05
-1.430966172335406288e-05
-1.423728595183826405e-05
-1.417871060053371948e-05
-1.416668499027566370e-05
-1.413375634512078566e-05
-1.409084343649044675e-05
-1.402214773852342499e-05
-1.396715815427433312e-05
-1.393763884884824978e-05
-1.389579664987344770e-05
-1.386498283438085779e-05
-1.379055949073700586e-05
-1.375053067308405413e-05
-1.371945314994617634e-05
-1.370415709919447742e-05
-1.367481761845726405e-05
-1.362432178739524134e-05
-1.360366487336841935e-05
-1.355081014573967214e-05
-1.349878371826905054e-05
-1.345535853329755949e-05
-1.339772160747730623e-05
-1.338272683256961328e-05
-1.336150616191054316e-05
-1.333204829259578842e-05
-1.328747360647006646e-05
-1.327639758933704806e-05
-1.319074741740387307e-05
-1.314545322696561514e-05
-1.310761267679178216e-05
-1.310045438648759674e-05
-1.305476733659782571e-05
-1.298314686315576227e-05
-1.295848856980333794e-05
-1.292370255864392270e-05
-1.288137213399894201e-05
-1.287825087940060870e-05
-1.281184911631319272e-05
-1.275065725749346616e-05
-1.272569649688474791e-05
-1.269702981006556128e-05
-1.265833764293413966e-05
-1.264703867151569609e-05
-1.260067335297065086e-05
-1.249981744683933609e-05
-1.248504261552126831e-05
-1.245128182810076161e-05
-1.241542855091204969e-05
-1.240939447416642017e-05
-1.237342824000247327e-05
-1.229081948702832328e-05
-1.226586527283518208e-05
-1.222553823869250120e-05
-1.219377066243832147e-05
-1.217299746463160227e-05
-1.212428200936712141e-05
-1.210450350046456908e-05
-1.207088297278962061e-05
-1.204104212373572013e-05
-1.198599616312549370e-05
-1.192239695236095752e-05
-1.189875955504678188e-05
-1.186770810937868596e-05
-1.181688534119014066e-05
-1.176762639482535020e-05
-1.174147726343172035e-05
-1.171036247133644536e-05
-1.167209828006684035e-05
-1.164443385077458159e-05
-1.160442838815774747e-05
-1.159577654920820870e-05
-1.153912841703974050e-05
-1.149895118471296996e-05
-1.143091690614750002e-05
-1.140856098917412220e-05
-1.139643234267757603e-05
-1.136223695788382334e-05
-1.125352639333800537e-05
-1.124062525314180731e-05
-1.122117708455273020e-05
-1.115499681588658167e-05
-1.114318493410006516e-05
-1.112379187001700383e-05
-1.105288720301643322e-05
-1.102146650804955345e-05
-1.100693690219113452e-05
-1.097412281078978373e-05
-1.091772030558322957e-05
-1.090637370673700041e-05
-1.086489282518975281e-05
-1.082299403119419884e-05
-1.080696892972764988e-05
-1.079957428096539033e-05
-1.074546310192814456e-05
-1.069841176355341102e-05
-1.068773884858990727e-05
-1.067799797968532552e-05
-1.063614582669021720e-05
-1.060334861132594000e-05
-1.054441663129039517e-05
-1.053372135411546563e-05
-1.049469792261990398e-05
-1.042577235500595461e-05
-1.038472094070824915e-05
-1.036682138217275772e-05
-1.034238387180299730e-05
-1.032644168174504746e-05
-1.027514848217544042e-05
-1.023074244898037623e-05
-1.019868231308973210e-05
-1.017081590444142209e-05
-1.011863982149357067e-05
-1.011636172212355679e-05
-1.007988285014532130e-05
-1.003744852659696413e-05
-1.000208671841573798e-05
-9.981424962575333973e-06
-9.934170460866533866e-06
-9.887519250093975703e-06
-9.859935649773116900e-06
-9.812502838775324823e-06
-9.782306078182653072e-06
-9.753096493032759569e-06
-9.746390133097896757e-06
-9.683541603256748338e-06
-9.639313582918240160e-06
-9.598391072419785387e-06
-9.562016541395822587e-06
-9.526027067119052146e-06
-9.508577504174785705e-06
-9.483703039454342596e-06
-9.438952696258823727e-06
-9.399866322575331891e-06
-9.394258021479292821e-06
-9.350092771982541903e-06
-9.321838475868029377e-06
-9.293121338021513068e-06
-9.264603364182573839e-06
-9.212844751308565987e-06
-9.172354221074611221e-06
-9.144252921423211180e-06
-9.124491065222837150e-06
-9.061443609333972682e-06
-9.036795834515092121e-06
-9.017367562147610860e-06
-8.992252098365025411e-06
-8.944619634325013055e-06
-8.930710423851225875e-06
-8.882845812170514990e-06
-8.851509703280686413e-06
-8.816651375209955027e-06
-8.805783111829106207e-06
-8.773094130099735169e-06
-8.746826954531508087e-06
-8.722699685879678401e-06
-8.676320624510007543e-06
-8.653764491652998127e-06
-8.589926012702614290e-06
-8.549587506983249028e-06
-8.516690541707012911e-06
-8.481542796365535211e-06
-8.458138121175610332e-06
-8.430001039534375118e-06
-8.398489297531313026e-06
-8.352318113329354799e-06
-8.311192519198615472e-06
-8.289275130741509349e-06
-8.247930602339907644e-06
-8.207950055674863974e-06
-8.196716449787757233e-06
-8.170790252901084216e-06
-8.158377589962085026e-06
-8.111697331104207435e-06
-8.083951612316082454e-06
-8.047967250502636403e-06
-8.004967503334446698e-06
-7.982571852655664897e-06
-7.956288810543448101e-06
-7.939430800958279376e-06
-7.911448092669754603e-06
-7.867660683837238565e-06
-7.841163862418864546e-06
-7.809665407980671386e-06
-7.789252074794713956e-06
-7.748229638885763458e-06
-7.709708016397589137e-06
-7.663016562743239952e-06
-7.649116147615758627e-06
-7.612923106853096171e-06
-7.585283169552830736e-06
-7.544519176711669073e-06
-7.514298577355313824e-06
-7.479086648710326860e-06
-7.442222951804864693e-06
-7.431148560592285100e-06
-7.393074802792835824e-06
-7.363841887505110864e-06
-7.337310256782507642e-06
-7.299825974995882431e-06
-7.265559212252129738e-06
-7.249774492517108356e-06
-7.218839536375816321e-06
-7.197535048601717162e-06
-7.177075917020812507e-06
-7.139158615705162224e-06
-7.103343838793754811e-06
-7.056890225956349906e-06
-7.049374345344854441e-06
-7.041351455425360274e-06
-7.014804716245174437e-06
-6.971463682536604955e-06
-6.918238123098198656e-06
-6.890537988114340639e-06
-6.862060041178161642e-06
-6.842603726988522705e-06
-6.807618142304802058e-06
-6.782913685779951624e-06
-6.749593260781097617e-06
-6.713721599106994540e-06
-6.698788296027193177e-06
-6.674162816797307230e-06
-6.637753605203175620e-06
-6.609860283889429537e-06
-6.569344234004491062e-06
-6.544235628095750322e-06
-6.536419347573148009e-06
-6.509566227242100540e-06
-6.457515929378427301e-06
-6.438154513359553729e-06
-6.393786062366272435e-06
-6.385232584124877974e-06
-6.362832075359019868e-06
-6.341304268774455335e-06
-6.299156211807126948e-06
-6.277858102390785762e-06
-6.236215914907802083e-06
-6.213567675083925562e-06
-6.198931072102176856e-06
-6.147863305598992285e-06
-6.108929307721139900e-06
-6.089316220105735388e-06
-6.065020765288705461e-06
-6.007658060407906504e-06
-5.984058443109533365e-06
-5.958226878255225706e-06
-5.927013165066305282e-06
-5.901193513108848824e-06
-5.865199813774942225e-06
-5.833654973151157029e-06
-5.814087209196010655e-06
-5.786458152852543129e-06
-5.753498516238308663e-06
-5.734783815942197919e-06
-5.695426029381213115e-06
-5.679140552884123787e-06
-5.638883144051995299e-06
-5.634274622281255647e-06
-5.604958031448120691e-06
-5.582040174329330986e-06
-5.565281781675179045e-06
-5.516003236772212502e-06
-5.494531062793926412e-06
-5.465453212711402345e-06
-5.440437038379129756e-06
-5.399602911660303702e-06
-5.370527722725313522e-06
-5.341245969132342111e-06
-5.326221152834847956e-06
-5.316014936420844488e-06
-5.312716853016024184e-06
-5.261909625577873877e-06
-5.239936671318560776e-06
-5.181025188208635571e-06
-5.158676810601715897e-06
-5.107189989676619230e-06
-5.093821080944598081e-06
-5.078961018263109436e-06
-5.069437932115686985e-06
-5.061432342288597835e-06
-5.028216970707579907e-06
-4.990861214378474710e-06
-4.974787121484620979e-06
-4.942428116390241871e-06
-4.917365463263048092e-06
-4.894329085914374855e-06
-4.862669349612441806e-06
-4.831623742369222063e-06
-4.810081426220016888e-06
-4.790705457400853611e-06
-4.748216482942223344e-06
-4.734129144004695070e-06
-4.725996991933424310e-06
-4.679348451787350928e-06
-4.644509378247485336e-06
-4.615855103114522678e-06
-4.600870742667013276e-06
-4.589726316693028416e-06
-4.567105097132387048e-06
-4.518741541828329038e-06
-4.503620042357339514e-06
-4.494128252360415359e-06
-4.476838018528907398e-06
-4.426619058687938554e-06
-4.399543722776124401e-06
-4.389673754142253212e-06
-4.353334055712368974e-06
-4.323322188956219928e-06
-4.297702700899541794e-06
-4.293628865984319894e-06
-4.270484856641913054e-06
-4.250200573683946754e-06
-4.207923241359728017e-06
-4.195329251396756800e-06
-4.178202445649150328e-06
-4.138118093102320432e-06
-4.107765062450044252e-06
-4.087787084303165170e-06
-4.069564185588943663e-06
-4.053623284329601489e-06
-4.023403983877458408e-06
-4.008985210202629335e-06
-3.974144449014504144e-06
-3.962790915473850309e-06
-3.946918606435445457e-06
-3.924074892481499502e-06
-3.886441426867270996e-06
-3.855052572445211587e-06
-3.846089998433993256e-06
-3.826730613962636972e-06
-3.768785789914146582e-06
-3.745336384025106703e-06
-3.731463085899611251e-06
-3.700229217644405467e-06
-3.685870557736621321e-06
-3.658382048374082027e-06
-3.633686189642732221e-06
-3.605254145110346815e-06
-3.576649683734290007e-06
-3.574744274556509685e-06
-3.560282500337457580e-06
-3.523564609910865639e-06
-3.511535803698230148e-06
-3.469199384305228380e-06
-3.453882648671977739e-06
-3.418625447182568484e-06
-3.385617798451500971e-06
-3.365741287555960423e-06
-3.337623692432215499e-06
-3.332691488389914588e-06
-3.323365357169863384e-06
-3.276243757222224477e-06
-3.254818099400306776e-06
-3.234980190427315709e-06
-3.230507233754252461e-06
-3.193227198147352777e-06
-3.180040773387324487e-06
-3.135189914958280253e-06
-3.105243475703266241e-06
-3.097746330968739865e-06
-3.077222776209014678e-06
-3.052596121686376647e-06
-3.035040183482958202e-06
-3.019947031839544875e-06
-2.986994385418775855e-06
-2.975485950536239403e-06
-2.951233702245600882e-06
-2.922579219518059626e-06
-2.908942244117658529e-06
-2.887817909767115566e-06
-2.863857935660840914e-06
-2.838686927568337654e-06
-2.814152703454221995e-06
-2.807302092511562336e-06
-2.778839188549196509e-06
-2.763782703702446277e-06
-2.755576477970523615e-06
-2.724622095272435791e-06
-2.695017094419471463e-06
-2.666652321518670429e-06
-2.646530691852881750e-06
-2.630530484025119284e-06
-2.595101110762163998e-06
-2.590463576029680906e-06
-2.563694076417638718e-06
-2.545365196536313494e-06
-2.520721970192929682e-06
-2.501007455399660538e-06
-2.471701182764760462e-06
-2.466547114388664913e-06
-2.411769533044129837e-06
-2.400507277969785983e-06
-2.371611342368055023e-06
-2.354246832359197765e-06
-2.338689151802666927e-06
-2.288657038874225679e-06
-2.285692658020830904e-06
-2.242044425291118013e-06
-2.227141739583545275e-06
-2.203077900052023927e-06
-2.181022583415971346e-06
-2.167274710107193227e-06
-2.139920522878582544e-06
-2.115097843282000341e-06
-2.109282732889837661e-06
-2.093580244896082159e-06
-2.084000621412800133e-06
-2.026611208213841304e-06
-2.021173450335621407e-06
-1.990240536830249094e-06
-1.960628338956067694e-06
-1.951882755631414060e-06
-1.927470297567463694e-06
-1.917348868716970267e-06
-1.889261112900777428e-06
-1.870376853015888554e-06
-1.857795558673060645e-06
-1.841805994305134540e-06
-1.806912990069225586e-06
-1.797251551150385662e-06
-1.761396229989475687e-06
-1.742784278905427186e-06
-1.727911223431797658e-06
-1.688996648998734814e-06
-1.675608104116975738e-06
-1.666300067927219826e-06
-1.653941982546692629e-06
-1.626497249909630892e-06
-1.587070071481395058e-06
-1.569360577680283918e-06
-1.546647092184078770e-06
-1.541881423419879169e-06
-1.529826530630888609e-06
-1.491788126037643174e-06
-1.477262733143391503e-06
-1.443247027660468671e-06
-1.438022060614394941e-06
-1.413355579218017388e-06
-1.387065068263693157e-06
-1.369100032832227507e-06
-1.356147203163146853e-06
-1.330176517142778873e-06
-1.327685180685179812e-06
-1.321650610507365081e-06
-1.270998729252284880e-06
-1.244456461869256380e-06
-1.213131802030643359e-06
-1.202029714985579472e-06
-1.179561009876510769e-06
-1.169663942893994213e-06
-1.157211549430275139e-06
-1.139502141120044570e-06
-1.129674203017322330e-06
-1.088278107091048541e-06
-1.056010187923624559e-06
-1.054728226402151701e-06
-1.025563198381500132e-06
-1.009514531707265434e-06
-9.720148609167533746e-07
-9.628929334629306242e-07
-9.538848953359739619e-07
-9.483243176775898301e-07
-9.309348837275650548e-07
-9.174910608794523649e-07
-8.920058239104757615e-07
-8.593426261975175094e-07
-8.494063567846885136e-07
-8.164025802591400621e-07
-8.085940664313453299e-07
-7.896031926748027352e-07
-7.864557186541092235e-07
-7.594216733202188344e-07
-7.496669364553095557e-07
-7.375401851896324738e-07
-7.061525091823539142e-07
-6.643038539608419220e-07
-6.469682530478466062e-07
-6.364083673615561439e-07
-6.302586123464942072e-07
-5.856638899845488953e-07
-5.668699901518752407e-07
-5.511623440063775223e-07
-5.469877785396647444e-07
-5.243260517884141967e-07
-5.184538629279978825e-07
-4.743396361073640209e-07
-4.522379508494863319e-07
-4.408848503364482948e-07
-4.136111236420219167e-07
-3.946422030110139590e-07
-3.761850499333476384e-07
-3.613950263014337237e-07
-3.561107148400485516e-07
-3.305647581432858582e-07
-3.203254215479691418e-07
-3.071945474826913237e-07
-2.600693925842052844e-07
-2.478999385049100696e-07
-2.386114781349877813e-07
-2.262342634179316021e-07
-1.990691317687149767e-07
-1.756161736741560055e-07
-1.472235496881124674e-07
-1.387599934203876208e-07
-1.279971866024804710e-07
-1.150867312517464708e-07
-9.203155832107686275e-08
-7.645355395824650448e-08
-5.803751449224559110e-08
-3.938628715618666329e-08
-2.642687987571705310e-08
-9.805180237225060178e-09
4.843026270868586487e-09
4.876945366306365150e-08
6.242844161115786249e-08
9.106107556370842492e-08
1.069172467546449025e-07
1.213427657480195053e-07
1.519546236098764759e-07
1.783681169890704696e-07
1.832153424511600155e-07
1.891435138298491598e-07
2.080161712011000341e-07
2.295667539803827049e-07
2.372688401712208353e-07
2.789959070489968052e-07
2.923809155638656628e-07
3.086757540796837626e-07
3.305353635473877445e-07
3.539425129006213982e-07
3.600020257246179271e-07
3.783645829882050229e-07
3.932165856070881769e-07
4.231602447465577108e-07
4.498600215511685239e-07
4.622935578482540822e-07
4.751860889604777697e-07
5.001525475196957047e-07
5.254717768881367993e-07
5.363117237076030848e-07
5.575725469610216718e-07
5.801493065554494659e-07
5.910367453355880234e-07
6.001359098012497664e-07
6.075290397201160675e-07
6.466959925584346940e-07
6.560784906577095007e-07
6.618419657884869136e-07
6.865033090992339851e-07
7.189787015038474334e-07
7.379659278490701991e-07
7.559349611740966272e-07
7.705984064424646203e-07
7.775516689334175891e-07
8.097119111877530711e-07
8.364027901638639313e-07
8.685617005634420972e-07
8.798824320986568349e-07
9.067403365627242537e-07
9.210709412517943084e-07
9.516346892295403911e-07
9.593342309797184813e-07
9.795989283581162519e-07
9.862777944329775202e-07
1.001257700428506055e-06
1.040935789235193494e-06
1.066464343301628234e-06
1.070606499425582528e-06
1.092433434176891249e-06
1.109283423194891502e-06
1.121683029155369717e-06
1.134518804097939376e-06
1.160536859970737585e-06
1.184155091055724674e-06
1.208576086230760815e-06
1.219896630277247664e-06
1.243195338668213748e-06
1.269650869303651855e-06
1.309838171616328507e-06
1.326530035300357170e-06
1.359529654490307206e-06
1.365490882420066141e-06
1.388487503839016425e-06
1.398606683570611196e-06
1.409088831253129465e-06
1.446815299281260230e-06
1.462817501468861595e-06
1.475119078437578313e-06
1.482672294008194287e-06
1.522700895903290560e-06
1.542533874795098717e-06
1.564178435880763714e-06
1.567873723919710626e-06
1.586498445557232426e-06
1.629012264201001561e-06
1.655300620316361702e-06
1.682912735003111517e-06
1.688064848301525677e-06
1.696906043481072374e-06
1.737091264855230669e-06
1.744216915756833908e-06
1.779766148318447447e-06
1.804126723555030270e-06
1.821557969150179317e-06
1.851335941732633948e-06
1.864394687396929581e-06
1.886605318864513471e-06
1.892645853043675654e-06
1.908773082101175778e-06
1.944128643630901459e-06
1.994490167499659797e-06
2.003080313036676935e-06
2.024153350001289613e-06
2.035822606803470153e-06
2.049121054668470706e-06
2.078780751547206638e-06
2.106945275910782886e-06
2.115443623885913092e-06
2.147517277271752387e-06
2.163647363679454564e-06
2.218623499206689205e-06
2.221906060670767320e-06
2.238125111512498917e-06
2.248361231372258291e-06
2.260783113483238717e-06
2.301931799026874431e-06
2.313824687061566654e-06
2.332463139039004935e-06
2.353315155140650674e-06
2.382916772551779228e-06
2.407990003880454659e-06
2.431875365297312228e-06
2.440439014226685317e-06
2.451312620149588744e-06
2.457050383996367670e-06
2.488146448307502059e-06
2.508766929588530577e-06
2.539170486742994492e-06
2.540158923664956453e-06
2.589908991545847593e-06
2.597291357147869915e-06
2.619294581932065942e-06
2.644841082696754286e-06
2.687063058323875439e-06
2.718631395561425895e-06
2.728019613984439338e-06
2.762586631360947763e-06
2.774897036291700936e-06
2.798994930706920399e-06
2.812864530420051763e-06
2.833664556676132020e-06
2.856475068478566278e-06
2.875223292295308949e-06
2.900577273211247745e-06
2.924811725687986001e-06
2.931824271161001150e-06
2.950600941833305180e-06
2.978016090623937425e-06
2.993193042470064693e-06
3.018799027988506267e-06
3.060662391934098011e-06
3.086884253858919348e-06
3.111090524741869243e-06
3.118199569528440226e-06
3.140823489604762929e-06
3.174493476126932442e-06
3.186170957162932379e-06
3.193276804647959152e-06
3.236360172104049519e-06
3.244045970959575972e-06
3.284868724701827501e-06
3.305785499621521213e-06
3.328703257301706629e-06
3.349879579842640272e-06
3.382494900285113768e-06
3.399849674371753895e-06
3.444633414197969280e-06
3.447036624710631914e-06
3.477859169245833305e-06
3.495527916992255765e-06
3.508043318587360099e-06
3.527428916398771002e-06
3.547897118807382779e-06
3.580353636169824186e-06
3.582130752797825134e-06
3.618369148481906532e-06
3.647710886671270781e-06
3.671931322730316740e-06
3.711254067412148735e-06
3.735152600142176432e-06
3.762531723615042018e-06
3.780784577214654809e-06
3.802662322806144488e-06
3.831751555119112333e-06
3.853910904120099341e-06
3.876381551944210868e-06
3.900324453796387399e-06
3.915396421233932145e-06
3.944843907996927329e-06
3.964160373914823772e-06
4.004788876209113861e-06
4.034717299047162645e-06
4.046230677238338669e-06
4.104196780051110170e-06
4.113691429757079141e-06
4.144699688349169880e-06
4.158419240505241798e-06
4.169933029269096379e-06
4.216002990842238741e-06
4.232756869431345258e-06
4.264522528685006534e-06
4.269712243196306251e-06
4.315674911183357406e-06
4.320696083487614279e-06
4.327421203418132948e-06
4.339839429399449861e-06
4.376466533321377836e-06
4.402067558284363373e-06
4.410748884511315516e-06
4.478793920706695865e-06
4.512153182639421330e-06
4.536082261606404857e-06
4.560351133516275128e-06
4.570532478794194166e-06
4.602315189220301311e-06
4.623998022289348921e-06
4.640212519777588365e-06
4.674212067844332512e-06
4.688226484745148646e-06
4.718409980479838020e-06
4.763648349339395471e-06
4.792743415724792879e-06
4.821264214755632905e-06
4.851132012128650430e-06
4.857940665052693204e-06
4.895900182379710495e-06
4.919329997676055040e-06
4.937300358809013835e-06
4.954863364212870675e-06
5.016908178002918880e-06
5.043405332928682830e-06
5.055954185957280738e-06
5.085733351285527851e-06
5.105134927353802916e-06
5.126695271370226957e-06
5.145758668904712847e-06
5.188278280502228634e-06
5.215155429164662837e-06
5.249337683867681366e-06
5.259811803341653025e-06
5.274407887085135470e-06
5.291816796471457094e-06
5.310505018494023084e-06
5.330545979300367269e-06
5.380232005834943792e-06
5.408876281673640049e-06
5.440996642045095583e-06
5.453544715652555095e-06
5.490740653537762356e-06
5.535506187829957908e-06
5.551600457295245819e-06
5.589433801055880789e-06
5.623259144372908837e-06
5.649105303281849486e-06
5.674495756319360121e-06
5.700276430125702787e-06
5.723137174473059279e-06
5.751946957461717572e-06
5.774774229658738127e-06
5.809147032349799549e-06
5.838458648057760033e-06
5.876639475539622595e-06
5.907750056961150827e-06
5.923075593415931258e-06
5.964318079933435232e-06
5.972484098004641434e-06
6.044528884694492965e-06
6.060080931775914554e-06
6.087124044783648731e-06
6.103421714088284205e-06
6.109014640335669877e-06
6.148591417968872265e-06
6.205245972244805023e-06
6.209380794219295772e-06
6.218239946788934835e-06
6.249422812753185927e-06
6.279496467158150127e-06
6.305365376239303314e-06
6.347580863650711614e-06
6.363485994197926984e-06
6.373532825300713644e-06
6.422339016456029389e-06
6.451667879070338088e-06
6.468519527867878627e-06
6.487597466011512301e-06
6.521104963674308978e-06
6.552759283095439405e-06
6.588812080185351254e-06
6.621075853150365697e-06
6.695546562002351172e-06
6.713635218144658021e-06
6.741777741935213332e-06
6.759254413243040368e-06
6.806830852203643124e-06
6.820210499395881614e-06
6.847035388875239024e-06
6.864957502155125318e-06
6.887044198624125966e-06
6.908995017348439149e-06
6.943632617103925804e-06
6.950466751558753728e-06
6.986689377656560079e-06
7.005813994271997163e-06
7.049280206089876954e-06
7.056525828645628204e-06
7.095080324277514503e-06
7.125307749349602092e-06
7.154855158348167028e-06
7.162993423787045474e-06
7.216579393106271050e-06
7.252500527110918459e-06
7.297218582746276740e-06
7.317447540835189413e-06
7.364297347059694394e-06
7.385535301603249981e-06
7.418206012641772907e-06
7.429458458215981174e-06
7.444776965139486467e-06
7.523241277508009644e-06
7.555825015787841800e-06
7.559218891771694874e-06
7.573614164331797130e-06
7.617046524323200536e-06
7.642512075466886213e-06
7.669632606458123830e-06
7.710135858557769014e-06
7.736381691915421462e-06
7.764627577880043235e-06
7.786735995759906868e-06
7.806941436693606184e-06
7.841654480885981926e-06
7.852524940005474414e-06
7.878727453162130584e-06
7.936092560269929319e-06
7.954333105526596503e-06
7.997254383396320659e-06
8.053120382445045993e-06
8.078174719513191314e-06
8.090441444566279285e-06
8.129382521124731590e-06
8.180580302518150368e-06
8.192062108739414943e-06
8.221434561674159533e-06
8.273336814322507771e-06
8.320493762141359029e-06
8.338357226344115736e-06
8.354035888282764725e-06
8.378226162319539290e-06
8.398158570580418073e-06
8.449733958899575576e-06
8.481669745583647504e-06
8.518079369587403625e-06
8.540352390698255727e-06
8.599098591616021695e-06
8.620420287997084924e-06
8.634578761506417940e-06
8.666217304785039680e-06
8.689724549069671852e-06
8.744425154736096257e-06
8.752687933448327154e-06
8.811770859825598272e-06
8.836437325489296613e-06
8.855439034359359539e-06
8.892418275818361826e-06
8.942488194678379886e-06
8.989812920938858261e-06
9.021849129445905653e-06
9.064044766693009247e-06
9.073287612855967000e-06
9.110522695114624004e-06
9.138558541355340812e-06
9.166761666170947042e-06
9.196365896551772200e-06
9.209732230770911279e-06
9.272453566469500267e-06
9.286559408457501427e-06
9.324949029269267694e-06
9.353544580975842765e-06
9.368090406042731399e-06
9.413334984535130852e-06
9.435516909284456479e-06
9.471234937775503606e-06
9.493543170507795761e-06
9.523455816537426506e-06
9.578077623391142526e-06
9.628762987009369586e-06
9.651203510862968441e-06
9.678230280118991697e-06
9.705814569870988004e-06
9.717333876442464362e-06
9.785893067203615844e-06
9.809625394287519896e-06
9.865823740927831193e-06
9.899890891183281796e-06
9.939086337257407533e-06
9.957296376846660175e-06
9.991802516945473434e-06
1.002912117937185350e-05
1.008388716265467763e-05
1.012299943569963827e-05
1.016353945893585617e-05
1.017023388554795032e-05
1.023197882188091487e-05
1.025145906574444717e-05
1.029317411350848360e-05
1.032611591171870568e-05
1.038437851432816326e-05
1.039877817669307952e-05
1.041413274179190214e-05
1.044878131082138139e-05
1.047132306456089234e-05
1.053122113297067865e-05
1.055872687076050565e-05
1.056101556695326709e-05
1.063997543605653863e-05
1.065306030489851700e-05
1.068251698624512815e-05
1.074830386890524372e-05
1.076223951925947748e-05
1.082631768847578582e-05
1.086680637445144348e-05
1.087825970630810299e-05
1.094794523545022650e-05
1.096710406834628351e-05
1.100331442360243914e-05
1.104925038531570034e-05
1.105285384391731471e-05
1.109287195056692193e-05
1.113079839812928658e-05
1.115541964180931917e-05
1.117760975008289862e-05
1.124802501954933723e-05
1.128100676038097766e-05
1.131819775015281660e-05
1.135595453967651054e-05
1.138543745734661277e-05
1.143276363172832291e-05
1.145738581264976445e-05
1.151981581576225479e-05
1.153163962384614198e-05
1.156928885201361789e-05
1.161379643934755115e-05
1.164840783927981680e-05
1.166515484005065533e-05
1.170968821133335109e-05
1.175813576569684316e-05
1.178833458682443767e-05
1.183868534156241370e-05
1.184801210121828427e-05
1.189116653388349201e-05
1.197334736352866477e-05
1.198439037178045265e-05
1.202502651125602099e-05
1.206257778758406598e-05
1.209462774502317859e-05
1.210580286003687727e-05
1.213683863528456078e-05
1.222812802885411022e-05
1.223985394501141760e-05
1.225385911618775929e-05
1.230776382648955200e-05
1.231734976485775331e-05
1.240560775542185262e-05
1.243873801613343719e-05
1.248446238367482701e-05
1.251577388516401153e-05
1.256552428506725369e-05
1.261941175592760633e-05
1.265583636546050525e-05
1.266901433853592482e-05
1.270645407671354996e-05
1.273130696419552637e-05
1.275594695778943566e-05
1.277648293474963402e-05
1.285054007585159320e-05
1.286806419173529734e-05
1.288682295789013439e-05
1.292947541245597033e-05
1.295536366146362590e-05
1.296757820097647044e-05
1.302075940702008204e-05
1.310482643997875013e-05
1.313800802680822733e-05
1.321714671264442954e-05
1.325450136517722267e-05
1.328507392485640022e-05
1.333046862766899288e-05
1.336830739955925247e-05
1.341834989622164192e-05
1.345394237169717304e-05
1.346837838526562903e-05
1.351500751276861583e-05
1.357723099780030542e-05
1.358705205445457869e-05
1.365786045833667575e-05
1.368514362173584908e-05
1.372671315864093193e-05
1.374216176292266060e-05
1.383273634784025198e-05
1.384541439081116738e-05
1.389449864104203587e-05
1.395602646199702219e-05
1.398960414214892687e-05
1.400938407702676689e-05
1.405644416609192777e-05
1.413343988094274333e-05
1.415186483091325534e-05
1.419171188391435599e-05
1.425279960540528863e-05
1.427125984919189319e-05
1.431181436824190959e-05
1.433882946200797162e-05
1.440816085436345088e-05
1.450159652050830815e-05
1.453219213084107026e-05
1.456962839662087717e-05
1.459748750327682613e-05
1.464020366899281599e-05
1.467546297425966905e-05
1.469167777836488310e-05
1.475139465609381399e-05
1.478645673384735934e-05
1.485116011438151650e-05
1.487216021072851098e-05
1.490423378243077163e-05
1.495838061808160104e-05
1.498916305192902267e-05
1.504732000434751057e-05
1.507368697746494472e-05
1.514477374120071438e-05
1.515565296652878262e-05
1.520889085943693026e-05
1.530054410667473373e-05
1.532597498955856413e-05
1.533558043170401400e-05
1.536479703573736779e-05
1.538983810895606068e-05
1.543895195818768335e-05
1.550452645260313255e-05
1.552899806467110215e-05
1.556601233791819969e-05
1.560159329209248209e-05
1.574888520001708274e-05
1.578690448055106158e-05
1.585351896119008392e-05
1.590729435217455061e-05
1.595105275183624161e-05
1.597638288096147450e-05
1.600053995314869995e-05
1.605127765387615404e-05
1.607480407447740300e-05
1.612554434278348021e-05
1.614657712537947970e-05
1.622731181509017918e-05
1.626053894552415132e-05
1.628384780706248238e-05
1.635008286840461034e-05
1.638556427047903913e-05
1.644428973819933489e-05
1.649366318406640528e-05
1.651967655245312118e-05
1.657567106260645338e-05
1.660334564460588002e-05
1.663761833208271675e-05
1.669590544054075254e-05
1.670770292468290184e-05
1.675361024704410034e-05
1.681269644364592181e-05
1.689453599156618858e-05
1.691265991211217187e-05
1.695526312743764739e-05
1.696991434865050086e-05
1.704773050453137846e-05
1.707407434006503796e-05
1.716306447279719599e-05
1.718807193144454381e-05
1.722491526559796781e-05
1.724255863129248159e-05
1.729182659166777767e-05
1.736947335258390152e-05
1.740273882217500617e-05
1.747927436103395262e-05
1.751239404500529875e-05
1.753707878093939838e-05
1.762148734320594432e-05
1.768609706061436050e-05
1.769763929507035932e-05
1.776005963149584991e-05
1.784164475469022081e-05
1.786588547576483036e-05
1.791127595154450120e-05
1.796217823794750152e-05
1.798757184927149037e-05
1.803788048313040597e-05
1.807549437620117617e-05
1.808992811974040362e-05
1.823719521546631511e-05
1.826410882115516107e-05
1.836598976600537563e-05
1.843429967164195952e-05
1.845257370628086200e-05
1.852200609061914523e-05
1.858711329485043679e-05
1.861747028165797109e-05
1.866354739553441531e-05
1.869530643518077813e-05
1.879619982614795943e-05
1.882664132548077777e-05
1.886480116495646683e-05
1.891508456596681969e-05
1.896997218342590601e-05
1.902816504722768684e-05
1.903601751895476088e-05
1.909791541681392217e-05
1.915582272650938201e-05
1.920533049488294591e-05
1.928273682472232578e-05
1.936673623812495680e-05
1.941027776639913074e-05
1.947864639061974614e-05
1.949215611379920423e-05
1.954812021414194486e-05
1.958432384361201607e-05
1.965506822155898404e-05
1.971299931235827633e-05
1.979827307892047472e-05
1.983509343380255381e-05
1.984742511066557704e-05
1.989883368907792162e-05
2.000475839799908134e-05
2.000958531123122263e-05
2.007108221609677252e-05
2.013346002330205275e-05
2.020123086793245630e-05
2.026042812618834263e-05
2.033573771406396049e-05
2.036027662474901813e-05
2.040267744628538409e-05
2.044319217812758560e-05
2.051010536712992303e-05
2.053720890808453662e-05
2.061897711548840297e-05
2.069732437444845961e-05
2.074195986322337570e-05
2.080465498739514460e-05
2.084203749826355934e-05
2.092187411253624096e-05
2.094552707700249653e-05
2.099925826926918112e-05
2.105587664423769169e-05
2.109761071621688759e-05
2.116500401806808597e-05
2.120636565939853916e-05
2.125619477105603850e-05
2.138429442591573999e-05
2.141605545848094681e-05
2.142972628185486200e-05
2.149474891606646519e-05
2.159280418448461137e-05
2.159611015415659351e-05
2.167062098132667379e-05
2.174709910679165526e-05
2.180425607703329304e-05
2.187718767730305105e-05
2.195099084853000654e-05
2.204340468440346910e-05
2.210396423370350046e-05
2.214230235350075245e-05
2.220199478307616141e-05
2.222998718215618024e-05
2.231836529929348851e-05
2.235535863309644450e-05
2.238614507642431553e-05
2.247216405216023429e-05
2.252991812546420249e-05
2.258070049963707368e-05
2.263241881671511349e-05
2.267959659761222856e-05
2.275542308263903675e-05
2.278035074762900560e-05
2.291750145861818112e-05
2.291862953697217003e-05
2.295830180907980930e-05
2.299398151580406589e-05
2.306957028086740232e-05
2.314156434873297183e-05
2.323832128048127738e-05
2.326705258361388460e-05
2.331559073676286442e-05
2.344949906532303551e-05
2.349180951433805224e-05
2.357550024305617690e-05
2.362426115593358863e-05
2.366992610656762366e-05
2.373923686253009583e-05
2.379315458721213518e-05
2.384263280821550277e-05
2.394958617186046786e-05
2.403114240317171725e-05
2.405875169005170102e-05
2.410764057813233856e-05
2.422426110694312167e-05
2.427850073141998513e-05
2.431458664705861346e-05
2.433232422006011830e-05
2.441438301924101550e-05
2.445742970429391620e-05
2.451219578793908911e-05
2.461186766726141249e-05
2.465451365065315069e-05
2.470727792317857342e-05
2.477950250256732198e-05
2.486018662583691481e-05
2.495422020611373504e-05
2.501293935082434566e-05
2.512186041285309257e-05
2.525553996780669522e-05
2.527140503196755232e-05
2.534534167617833624e-05
2.540270279488085971e-05
2.546813540028415904e-05
2.553650271824135792e-05
2.558095515499568057e-05
2.568481883890394601e-05
2.571387712293706260e-05
2.581293400288642179e-05
2.584798623801006694e-05
2.599680194670403677e-05
2.611931490771774938e-05
2.614865198650108451e-05
2.622413407346816657e-05
2.638632901680357625e-05
2.640843478720052780e-05
2.648736689850066155e-05
2.653611596463712190e-05
2.657570456401615077e-05
2.663224905160724036e-05
2.674089683935005599e-05
2.685753159414452497e-05
2.690667976374940540e-05
2.693733206304127882e-05
2.708015789074749542e-05
2.714964729679739735e-05
2.716658032048819066e-05
2.724567261366254870e-05
2.727182714378624417e-05
2.736837913427808631e-05
2.744193673548187001e-05
2.755539681833509783e-05
2.765549475281040489e-05
2.773040930729246995e-05
2.777415136161538218e-05
2.780379428173146588e-05
2.786898445845825632e-05
2.799957470814307543e-05
2.809320537620060094e-05
2.815858170317925448e-05
2.822624217935567492e-05
2.841280663491793323e-05
2.846370202383651887e-05
2.853179160808698455e-05
2.858255852503572186e-05
2.862064883775070588e-05
2.870849187517431932e-05
2.874623562408217469e-05
2.880261745860939845e-05
2.885385556024567909e-05
2.891763508830779751e-05
2.906428641987377176e-05
2.917542237578697213e-05
2.925706492106818353e-05
2.931400660834995619e-05
2.947082308801240042e-05
2.954611090755098369e-05
2.967101946321837457e-05
2.973075613012664912e-05
2.976676168113631088e-05
2.980238474336056724e-05
2.993293536438347904e-05
3.000706196555816529e-05
3.006852149877825052e-05
3.014965603550781088e-05
3.026335647207143312e-05
3.035646140849939919e-05
3.038714729786477821e-05
3.047379804658296052e-05
3.059842129810589261e-05
3.063120015861687953e-05
3.075304974909546325e-05
3.084138933893699726e-05
3.094977992447656883e-05
3.098440057161098331e-05
3.104756120555239639e-05
3.111169753380222411e-05
3.125680105766272135e-05
3.127552348923174123e-05
3.136881627224208201e-05
3.141474674822209698e-05
3.147213219869738243e-05
3.153003580169277156e-05
3.157785984694870730e-05
3.175320662191368312e-05
3.179382941116404282e-05
3.185010143825019630e-05
3.191653501546066286e-05
3.213558795884111557e-05
3.216470151929395497e-05
3.231438531644590084e-05
3.236879852058706131e-05
3.252909110133374516e-05
3.264005831817607956e-05
3.279923014599350582e-05
3.281416317245440420e-05
3.299366138793125973e-05
3.311079700653105090e-05
3.316056221177227553e-05
3.325264592601368452e-05
3.329640928618475846e-05
3.337724539109509424e-05
3.340057614086258984e-05
3.352490727205158764e-05
3.364702438932822882e-05
3.369213853486565573e-05
3.388846848184845972e-05
3.394658930492750501e-05
3.401556056419840449e-05
3.423228810731370223e-05
3.431311810045206082e-05
3.447751473643662930e-05
3.449032154950543649e-05
3.464533838910936080e-05
3.467092043542762211e-05
3.475793646673235195e-05
3.489302007613117988e-05
3.503706512457226949e-05
3.512796562849250141e-05
3.527009020154922548e-05
3.531758559840737891e-05
3.537692167845093506e-05
3.557877580349461745e-05
3.573922205541351727e-05
3.577920347947246567e-05
3.590931319052940323e-05
3.603386974443584018e-05
3.613654866855626124e-05
3.617173092748385879e-05
3.624862536792198680e-05
3.638098708930416144e-05
3.657260820516278226e-05
3.662614785066511952e-05
3.684343094256371749e-05
3.697648830350091197e-05
3.706324268012680181e-05
3.719309270249101623e-05
3.725025774703324765e-05
3.736692738190941921e-05
3.744261794558511491e-05
3.762607553883947449e-05
3.775736839038495388e-05
3.779994381160491470e-05
3.788664120884265750e-05
3.814055738343727445e-05
3.819571859874392784e-05
3.831605094517243477e-05
3.844225872861785099e-05
3.865007915981068232e-05
3.869654942178979895e-05
3.869975580168987287e-05
3.897065569769292035e-05
3.918478859765998825e-05
3.934374411876255165e-05
3.938386725690845108e-05
3.956324523699686151e-05
3.967875136657207787e-05
3.981343951787014418e-05
3.999632825675614233e-05
4.004433795437674826e-05
4.006298527528876879e-05
4.018971728745297594e-05
4.036750648490711001e-05
4.044843878865735538e-05
4.058323317963079036e-05
4.069255678703061419e-05
4.098445698410038799e-05
4.105398583661417359e-05
4.111705824147424463e-05
4.130079351411770981e-05
4.149544352717321488e-05
4.159201856251109740e-05
4.179490247838790566e-05
4.193762370682215982e-05
4.208214609880545206e-05
4.212204116455759659e-05
4.237436565611813432e-05
4.253010925608377509e-05
4.261207362933393743e-05
4.289240400155497677e-05
4.297518958645324047e-05
4.300002174840083851e-05
4.315382361037403870e-05
4.339202786109269244e-05
4.357556597339552556e-05
4.386566994085963828e-05
4.405140070210355991e-05
4.425099576269724450e-05
4.441641979336443400e-05
4.459863564862529066e-05
4.480668677452725307e-05
4.490561608659553541e-05
4.508944686251704985e-05
4.522245341455162688e-05
4.549178784885420514e-05
4.559440971550133068e-05
4.572680495214500104e-05
4.588035308954070002e-05
4.614040294849503453e-05
4.631006859007813162e-05
4.646921433753819494e-05
4.672806291505134644e-05
4.694815131273239562e-05
4.714638928787939000e-05
4.723701526644432671e-05
4.740389715305546583e-05
4.760350582872205279e-05
4.765609855476408703e-05
4.797733657227545325e-05
4.814308808210931095e-05
4.829603536465834504e-05
4.867483557667349423e-05
4.876162039294085990e-05
4.891005302002916734e-05
4.915020206509249106e-05
4.925311368489810178e-05
4.967098179440006885e-05
4.981851858823737174e-05
4.996521447012354565e-05
5.014200250924191434e-05
5.053816720069108706e-05
5.073974163999912503e-05
5.107285314032536828e-05
5.126540463321344195e-05
5.159609063989457537e-05
5.164389118004472428e-05
5.213023562972608912e-05
5.230104217116092452e-05
5.248252581017710659e-05
5.286229415207875578e-05
5.309013289574055638e-05
5.322629708821565651e-05
5.342400672289339620e-05
5.353970045087966126e-05
5.395494738365242239e-05
5.420779487670250211e-05
5.442500717295298832e-05
5.492574665664330609e-05
5.501765352390411299e-05
5.538114757602599511e-05
5.555321420003889930e-05
5.584831020586552273e-05
5.606817252291426842e-05
5.680866744067166244e-05
5.707034700417274516e-05
5.711593058613371641e-05
5.758047297913381244e-05
5.796495401627273518e-05
5.886742633966966066e-05
5.893860946039857488e-05
5.932293058682837936e-05
6.008618869078379622e-05
6.034188794012739437e-05
6.085229850631296300e-05
6.207908519951995134e-05
6.256139867570892756e-05
1.128462725270090267e-04
