-1.472774781598329289e-04
-1.462068725145293383e-04
-1.444395190944976963e-04
-1.425147160366765637e-04
-1.415832435312049434e-04
-1.414048488153448651e-04
-1.395595070509842448e-04
-1.390190998678491978e-04
-1.377510754256854215e-04
-1.371400141165397834e-04
-1.366645125010342509e-04
-1.358148466546510349e-04
-1.345385389711584395e-04
-1.337300821230428855e-04
-1.328785866545868723e-04
-1.321492283296742847e-04
-1.318359317375216507e-04
-1.313642618639751091e-04
-1.303510900619240230e-04
-1.290844113248345844e-04
-1.288109046111929280e-04
-1.282092773738522447e-04
-1.281481531430505075e-04
-1.263784528960357667e-04
-1.260470161538357911e-04
-1.257690262595116497e-04
-1.254160308630348315e-04
-1.248746707036748607e-04
-1.245124235219158509e-04
-1.242944861255690250e-04
-1.236643438014094611e-04
-1.221372821016014642e-04
-1.219442091802946915e-04
-1.215767990362736864e-04
-1.214816038107412996e-04
-1.210247672994604586e-04
-1.204053733433449648e-04
-1.196138581312876083e-04
-1.190675724881900768e-04
-1.188507395932026284e-04
-1.183403826683525264e-04
-1.181630115938069964e-04
-1.178463105106152632e-04
-1.171004499200250105e-04
-1.168577902572173809e-04
-1.165097444302830748e-04
-1.160027729955471338e-04
-1.151669083829819952e-04
-1.148527245941649062e-04
-1.146284697496813878e-04
-1.143765466221624143e-04
-1.139097483550948760e-04
-1.134337246791277916e-04
-1.129741870686032086e-04
-1.128784288713094772e-04
-1.125875510907495296e-04
-1.119685141441884556e-04
-1.115396524700400639e-04
-1.111985181377435410e-04
-1.110563859123082963e-04
-1.102758372281336741e-04
-1.101559359702227180e-04
-1.095382125276537811e-04
-1.094587641838329746e-04
-1.089885582127693778e-04
-1.085699479825898850e-04
-1.084352035797414853e-04
-1.082874783113722551e-04
-1.081126108232533032e-04
-1.075991103633664738e-04
-1.071694592585542040e-04
-1.068295564051632390e-04
-1.066303786218316551e-04
-1.063331088825292134e-04
-1.059953451381418253e-04
-1.057865034321835477e-04
-1.055567480265767191e-04
-1.052723358641823091e-04
-1.049680844126925632e-04
-1.046986752125462545e-04
-1.045740094970326009e-04
-1.042754523535157431e-04
-1.037438918197217488e-04
-1.036035384251221184e-04
-1.033923853190563949e-04
-1.030551559345586091e-04
-1.029064279345363924e-04
-1.028171626606269671e-04
-1.021597872773544419e-04
-1.018061752392558395e-04
-1.014590717909623542e-04
-1.012379011774317976e-04
-1.011725811708533851e-04
-1.008439241473234012e-04
-1.004379863786797854e-04
-1.001706581319647361e-04
-9.990525408605766780e-05
-9.976396504530685031e-05
-9.941419136033189817e-05
-9.920425668961918000e-05
-9.908176528687706391e-05
-9.877091934340433317e-05
-9.873710873531967144e-05
-9.825486245964117809e-05
-9.819551055892753735e-05
-9.794210132325904654e-05
-9.780225539762036637e-05
-9.715368746459865812e-05
-9.692401493224686799e-05
-9.684841545149196641e-05
-9.661357015821315478e-05
-9.625181564199338251e-05
-9.617524156295858054e-05
-9.589377225070356832e-05
-9.571014984824815261e-05
-9.556047189345069322e-05
-9.515819558685976347e-05
-9.509769754459844536e-05
-9.488009903289390491e-05
-9.466108373705416318e-05
-9.442338558109244573e-05
-9.434247353711713716e-05
-9.404634543105531508e-05
-9.390304725313380462e-05
-9.378443053036645259e-05
-9.337071809276632967e-05
-9.317692439267784505e-05
-9.291647756930653185e-05
-9.280876338917854091e-05
-9.261455166977131158e-05
-9.245615699813887879e-05
-9.222206179031601329e-05
-9.183868202014752182e-05
-9.177660855281550417e-05
-9.158362051489506205e-05
-9.132754388942120028e-05
-9.129355541109401015e-05
-9.088647459272317704e-05
-9.064278081833894473e-05
-9.056295775858984873e-05
-9.031374454385834351e-05
-9.022655362393409040e-05
-9.007389302939692135e-05
-8.984989764148333343e-05
-8.974833926959014578e-05
-8.951179580516859327e-05
-8.926393169508713133e-05
-8.897826561508388353e-05
-8.894474184747145403e-05
-8.863521086872824817e-05
-8.845931608602638628e-05
-8.828426025354793030e-05
-8.823485392079557404e-05
-8.808669338233829111e-05
-8.781518491528486517e-05
-8.761334216693938417e-05
-8.759620589940286697e-05
-8.744404228986185049e-05
-8.734130606997882618e-05
-8.703211196333464328e-05
-8.676947563675412619e-05
-8.654838188521177928e-05
-8.642325452454526174e-05
-8.619378359782006022e-05
-8.608438829945682215e-05
-8.592971336412278814e-05
-8.570921528570635132e-05
-8.559792744172719039e-05
-8.552898957186727796e-05
-8.540580967008736413e-05
-8.516464444077128163e-05
-8.509757925029405405e-05
-8.492234948739595709e-05
-8.462948216898978572e-05
-8.450275724576997995e-05
-8.436454939900524675e-05
-8.416291625407904941e-05
-8.406955727070877001e-05
-8.381988274878627773e-05
-8.373996114646098312e-05
-8.369454520322267173e-05
-8.333842323594589055e-05
-8.327433862862861265e-05
-8.301860454305977431e-05
-8.290285401667954533e-05
-8.268078363367874087e-05
-8.249422892172707418e-05
-8.243600377649817901e-05
-8.228406504348418943e-05
-8.217000529983027103e-05
-8.204035448582779738e-05
-8.176009781448208963e-05
-8.172849036710365367e-05
-8.153203887223276218e-05
-8.129157972158500484e-05
-8.120638154820342700e-05
-8.096735321941278356e-05
-8.089165285633291374e-05
-8.078831686799580391e-05
-8.067936674751898234e-05
-8.038983091985770543e-05
-8.031180608277271231e-05
-8.016275296198332740e-05
-8.004729791790121945e-05
-7.995913173441857827e-05
-7.974584967966968463e-05
-7.958865980649391686e-05
-7.945937691589831278e-05
-7.935775690073496556e-05
-7.925086542604667763e-05
-7.914805070909457902e-05
-7.897546254851978576e-05
-7.884877777232724349e-05
-7.868078028909726367e-05
-7.845700915149513835e-05
-7.839229823778497694e-05
-7.821341012110231267e-05
-7.814236239970587792e-05
-7.794631808745510013e-05
-7.780437440159446020e-05
-7.773864699313130474e-05
-7.761150718689579337e-05
-7.758442617428616315e-05
-7.738541858993596616e-05
-7.716344955522067917e-05
-7.704315732000526320e-05
-7.692086488999178061e-05
-7.687304079884976619e-05
-7.665848123388013466e-05
-7.656881362478367889e-05
-7.638682485508329495e-05
-7.613178108387453377e-05
-7.609565718842146228e-05
-7.606344327926962078e-05
-7.592293494212433956e-05
-7.575207670427445852e-05
-7.566674406186841011e-05
-7.544136823206807252e-05
-7.536212426538265298e-05
-7.526544988577406597e-05
-7.515661616786747142e-05
-7.511480151045399453e-05
-7.488610000357932524e-05
-7.476592745819839593e-05
-7.467859033489715535e-05
-7.454218837699768145e-05
-7.435994198327028706e-05
-7.415112650097118569e-05
-7.404209644342531508e-05
-7.384441150090007965e-05
-7.379028542083964238e-05
-7.372404437688755510e-05
-7.344459088814616211e-05
-7.331125554045933395e-05
-7.325958602368358409e-05
-7.320262605150873816e-05
-7.310303261799056484e-05
-7.302887910061210892e-05
-7.291408151169011156e-05
-7.277712055660825975e-05
-7.259682818348589571e-05
-7.247049142743821465e-05
-7.237286351451440055e-05
-7.217328754047722930e-05
-7.209916367813983722e-05
-7.199917652773055675e-05
-7.187663161436055935e-05
-7.167491887571510547e-05
-7.166755313511761441e-05
-7.155148799311632734e-05
-7.133350268872078463e-05
-7.115852559264217495e-05
-7.110152933271410411e-05
-7.104711850958299205e-05
-7.093083064659743081e-05
-7.081405220292189310e-05
-7.073157406537147643e-05
-7.062795846149947114e-05
-7.049174194340467666e-05
-7.032413329343054618e-05
-7.020916380556023960e-05
-7.011358238991127810e-05
-6.993517451170421428e-05
-6.977915070093175195e-05
-6.969935412760465258e-05
-6.961966332586295894e-05
-6.949933366490593288e-05
-6.939747002903315083e-05
-6.928184637474213165e-05
-6.914986045252875205e-05
-6.908358884498029258e-05
-6.906714946692883207e-05
-6.887492914823860541e-05
-6.881808925016485285e-05
-6.862987754417947681e-05
-6.859627623802440344e-05
-6.843302600203942970e-05
-6.831402330476576100e-05
-6.813297285879781116e-05
-6.804903076042011559e-05
-6.795905597844170796e-05
-6.785234250820779036e-05
-6.766310148721424108e-05
-6.759816382926743896e-05
-6.752568751904130617e-05
-6.730271138164022721e-05
-6.713615170971473937e-05
-6.711789377074063286e-05
-6.698249335986954925e-05
-6.693592911269899057e-05
-6.682486251952372174e-05
-6.667662101083201523e-05
-6.650046419999581506e-05
-6.643888602316154013e-05
-6.628429100797291818e-05
-6.621371059386185341e-05
-6.617706977896289499e-05
-6.605603242168830546e-05
-6.584053053134611541e-05
-6.581329934091017446e-05
-6.570273628256703561e-05
-6.563801548727427504e-05
-6.556601793308538444e-05
-6.543454583761562290e-05
-6.538468387602759430e-05
-6.521585544730826409e-05
-6.517702798745286655e-05
-6.495729161423089955e-05
-6.492941550835237623e-05
-6.478614097116197569e-05
-6.466915172988011177e-05
-6.453726574481486161e-05
-6.445615043525769656e-05
-6.433420627537052077e-05
-6.425855111660088955e-05
-6.420333073403992213e-05
-6.415286425235351242e-05
-6.403987876200363603e-05
-6.395560381671964003e-05
-6.380840083559916509e-05
-6.372612965865960175e-05
-6.361837218782694450e-05
-6.342543139757018315e-05
-6.330767049428170055e-05
-6.316027582333853276e-05
-6.311195995679595163e-05
-6.296039375093626859e-05
-6.293319144912096284e-05
-6.282202582905311878e-05
-6.277301727448042013e-05
-6.265481170546994215e-05
-6.262652479538865710e-05
-6.252425663855327683e-05
-6.245442417946365750e-05
-6.229402010084374294e-05
-6.221686692078731544e-05
-6.204470607688375981e-05
-6.194272308966561552e-05
-6.187353971069938581e-05
-6.182169834815284121e-05
-6.177312326393481865e-05
-6.171121891699474032e-05
-6.159858957061617934e-05
-6.146521662929850614e-05
-6.132046896799055581e-05
-6.124621338557014849e-05
-6.101773063767379810e-05
-6.095616914042778251e-05
-6.087940865498550641e-05
-6.076361229281828182e-05
-6.072767994114375636e-05
-6.069164625609276725e-05
-6.058018272465715465e-05
-6.055251118597319539e-05
-6.038817431512469753e-05
-6.029101010843581954e-05
-6.022622934671582228e-05
-6.015072274923200928e-05
-6.008464107662924401e-05
-5.996253769326994010e-05
-5.977552917249997734e-05
-5.970228227324338611e-05
-5.968175369948530999e-05
-5.952443443877662786e-05
-5.946767762372211306e-05
-5.940454971042926475e-05
-5.934000058191944547e-05
-5.925130885325632354e-05
-5.917245479164408441e-05
-5.906734238411150243e-05
-5.893764517914246685e-05
-5.890865984957966545e-05
-5.878206647396597400e-05
-5.869214448741814390e-05
-5.861216626638721474e-05
-5.843538115318670231e-05
-5.839991400287399768e-05
-5.832681851232704591e-05
-5.823891466636161310e-05
-5.817314383980641253e-05
-5.802449603401275258e-05
-5.796459753970994181e-05
-5.791339498741218900e-05
-5.785260868027385507e-05
-5.774964110401856546e-05
-5.770831007563640851e-05
-5.758441914699061035e-05
-5.752475505247746422e-05
-5.748618630363754755e-05
-5.737013866841298945e-05
-5.718571038696611871e-05
-5.714745288546947618e-05
-5.705174762171290982e-05
-5.690046794295669584e-05
-5.677501732681738061e-05
-5.657307301950339606e-05
-5.654083607744440291e-05
-5.649448386950865422e-05
-5.641356421325869767e-05
-5.639828231287099495e-05
-5.631678941880639361e-05
-5.626227221184562530e-05
-5.613637912179520899e-05
-5.610124434934591622e-05
-5.605512247720224672e-05
-5.592962954475885876e-05
-5.579334480027328653e-05
-5.572301138509324822e-05
-5.561705519160840388e-05
-5.558767011082260022e-05
-5.550417403850844728e-05
-5.539091295199746458e-05
-5.532501407162642197e-05
-5.521282604884864632e-05
-5.517138851698120494e-05
-5.502848251284267852e-05
-5.495294775933149019e-05
-5.488351179203491574e-05
-5.486188711157607409e-05
-5.483212189602131850e-05
-5.468766083263503934e-05
-5.463064120358689357e-05
-5.451719905459796603e-05
-5.440427478812347178e-05
-5.436151845120213219e-05
-5.433921718725773047e-05
-5.433435764459781415e-05
-5.410909724351459145e-05
-5.405594399670548802e-05
-5.399045646029664031e-05
-5.395935430477277934e-05
-5.380814038910637691e-05
-5.374591097554651790e-05
-5.360087183710113805e-05
-5.355125484601640359e-05
-5.346825261600668248e-05
-5.339113790884281744e-05
-5.335424385789796337e-05
-5.329128110364253523e-05
-5.320358909012615878e-05
-5.313122903155208888e-05
-5.305222952660101286e-05
-5.297850656133259404e-05
-5.286681600363679748e-05
-5.282986517437125766e-05
-5.270641244764111060e-05
-5.268203507231326659e-05
-5.256982732746337777e-05
-5.248150210590945002e-05
-5.244797938820730131e-05
-5.237431559650803720e-05
-5.218521338844133253e-05
-5.212028777809447471e-05
-5.206658461886346412e-05
-5.204318319134525460e-05
-5.191778152355477221e-05
-5.183195650480270945e-05
-5.178266534263235458e-05
-5.172453568246526554e-05
-5.170989398483450658e-05
-5.161741701380585573e-05
-5.148360326874707875e-05
-5.140508086178576631e-05
-5.134420107863744601e-05
-5.134222180753015148e-05
-5.109688575613808659e-05
-5.102782978481842360e-05
-5.098279548326466203e-05
-5.092327720218117195e-05
-5.085828001641659547e-05
-5.072167254879223587e-05
-5.069493292606901792e-05
-5.065787353956725266e-05
-5.061180736452056920e-05
-5.048684731521203671e-05
-5.039733536800892246e-05
-5.027621457518992331e-05
-5.027318906123605206e-05
-5.020384942831096069e-05
-5.007955141902101231e-05
-4.998024936208168254e-05
-4.993219563432034394e-05
-4.979583759849300577e-05
-4.977586737702155645e-05
-4.971833079696943427e-05
-4.960456244279749013e-05
-4.959655087186066406e-05
-4.955219798875631953e-05
-4.938141929327710764e-05
-4.935174529263629712e-05
-4.927360788464097411e-05
-4.924456444506143524e-05
-4.912916898844709980e-05
-4.902571127031352008e-05
-4.893665081193959818e-05
-4.888677979549113824e-05
-4.884531820834535874e-05
-4.872243368967787129e-05
-4.867853862595335223e-05
-4.863831482231358814e-05
-4.858535597234791523e-05
-4.851014016165717076e-05
-4.846889230778877187e-05
-4.840265823458907651e-05
-4.835992026532831274e-05
-4.820312011620289899e-05
-4.815535499231295917e-05
-4.811230360412013899e-05
-4.806494461347956496e-05
-4.794255157865158452e-05
-4.783967872550827841e-05
-4.781887786826817939e-05
-4.775942344237118147e-05
-4.770513476249846081e-05
-4.768703474942927195e-05
-4.760399855925862098e-05
-4.755301901458940615e-05
-4.738878947971602473e-05
-4.736568021634305486e-05
-4.729277625669102729e-05
-4.724250264728848287e-05
-4.722156800722438581e-05
-4.710591677359225949e-05
-4.704847747133682895e-05
-4.697526010173870743e-05
-4.691849434013837725e-05
-4.686914046402467675e-05
-4.681674953086930322e-05
-4.676783656707996065e-05
-4.664836019317304921e-05
-4.663060664870325583e-05
-4.654363719600548458e-05
-4.641421898107247844e-05
-4.638017045938689405e-05
-4.625815565360245083e-05
-4.624536409211611808e-05
-4.618669592265479767e-05
-4.612202988185997663e-05
-4.608203787776040723e-05
-4.604761280842352081e-05
-4.595563288721911605e-05
-4.592620168259265790e-05
-4.579251682547771669e-05
-4.574279712514500848e-05
-4.564617011912678967e-05
-4.558894243342016047e-05
-4.553618665592760431e-05
-4.545396217679040425e-05
-4.541708676039882156e-05
-4.532586520197806585e-05
-4.531607302249207646e-05
-4.524963568737924117e-05
-4.515291195236229661e-05
-4.502823348712408811e-05
-4.495080861996073274e-05
-4.491508737905197787e-05
-4.483007221514519598e-05
-4.480029044522811473e-05
-4.469592899957180733e-05
-4.464248959628760820e-05
-4.455575926545199996e-05
-4.455238870457236411e-05
-4.446874818674527387e-05
-4.441466968809017120e-05
-4.428307506793387996e-05
-4.426472996424821513e-05
-4.417346651201703076e-05
-4.415562300807472862e-05
-4.403955698312640574e-05
-4.397268189919481638e-05
-4.391741507858847753e-05
-4.382609872632529561e-05
-4.381400618531407221e-05
-4.374448745012211610e-05
-4.362596755202668790e-05
-4.361280219989178877e-05
-4.359306260098852145e-05
-4.355452219461393556e-05
-4.345670868359048828e-05
-4.342496032368824252e-05
-4.331643534337685004e-05
-4.320189588055818283e-05
-4.316193434554345594e-05
-4.308083572971989204e-05
-4.301984823123414226e-05
-4.298991443757011036e-05
-4.294355811473477848e-05
-4.287840540043116628e-05
-4.277382999227397097e-05
-4.271201959451098454e-05
-4.269389445727985561e-05
-4.261337515055322093e-05
-4.252010795409324855e-05
-4.247967490427139662e-05
-4.244598399464144197e-05
-4.238671537225622801e-05
-4.231848565906944862e-05
-4.229811883277046083e-05
-4.214398949016993494e-05
-4.213050298705654453e-05
-4.206292500786215486e-05
-4.201682646278669483e-05
-4.195709175539150457e-05
-4.193788136414420582e-05
-4.188384302112466086e-05
-4.178095923789320779e-05
-4.176676730625680117e-05
-4.167266590971250027e-05
-4.164695527058117144e-05
-4.163045695118710703e-05
-4.153930249490050324e-05
-4.140077927721098086e-05
-4.134803257999233812e-05
-4.128721305812927138e-05
-4.127574685665473438e-05
-4.118054158968000635e-05
-4.113277893318505467e-05
-4.110580263945204740e-05
-4.102447570517280939e-05
-4.098319696668913104e-05
-4.091882752271408009e-05
-4.085363951049463931e-05
-4.083201432353028169e-05
-4.075421948258532132e-05
-4.064950956306785776e-05
-4.062732919227184656e-05
-4.057649046759316747e-05
-4.053912856054483170e-05
-4.048973297445489228e-05
-4.039468543226003592e-05
-4.035628608669219607e-05
-4.029053473944270328e-05
-4.024276212238964357e-05
-4.018388567267204743e-05
-4.014560104634522480e-05
-4.009176717144599168e-05
-3.996464626343018684e-05
-3.994774171550843174e-05
-3.991644065069150185e-05
-3.977827011042072227e-05
-3.975231744131506382e-05
-3.969105875168075630e-05
-3.963927184187320788e-05
-3.960481251695051997e-05
-3.953164579441278303e-05
-3.950258945481638080e-05
-3.944316861947234979e-05
-3.937836678433955559e-05
-3.934857011526793238e-05
-3.928572605149170893e-05
-3.918778596012823418e-05
-3.908514901207374003e-05
-3.905856749037908823e-05
-3.895432671085741037e-05
-3.894191854322182929e-05
-3.887130679914487376e-05
-3.876986831651163019e-05
-3.873687569999303867e-05
-3.869144144859273400e-05
-3.862327905185739929e-05
-3.860764321597739984e-05
-3.859542209690494663e-05
-3.848403525981948449e-05
-3.845619801261990396e-05
-3.840667939171555874e-05
-3.837874894052581849e-05
-3.829848863120341592e-05
-3.819936455138628892e-05
-3.815252202409906098e-05
-3.811140849653031143e-05
-3.805037167381081806e-05
-3.800920280960248750e-05
-3.794587091148140395e-05
-3.787069658907472018e-05
-3.784782465526552084e-05
-3.781894364720196671e-05
-3.775066530285016084e-05
-3.768321448216390692e-05
-3.762336292789413342e-05
-3.758928628643349944e-05
-3.751565729394998365e-05
-3.751393699582482685e-05
-3.747220710298281726e-05
-3.740123903301444775e-05
-3.731140774625738097e-05
-3.717614579573136796e-05
-3.711127562398251089e-05
-3.708940377978887102e-05
-3.703682734793927253e-05
-3.695894013318184199e-05
-3.693518689533293437e-05
-3.687600187233285921e-05
-3.686541527784555202e-05
-3.681585498279320117e-05
-3.677944364839591475e-05
-3.676415875801183219e-05
-3.669748402242450794e-05
-3.660370177434900190e-05
-3.655012215261064552e-05
-3.652256108843385983e-05
-3.645591113348632212e-05
-3.642980406012810999e-05
-3.639922628582594177e-05
-3.634824662304904130e-05
-3.625160180467798602e-05
-3.621471614879573115e-05
-3.615394709889826059e-05
-3.610904951736163579e-05
-3.606124121375566086e-05
-3.597290827037837605e-05
-3.594123167727155825e-05
-3.587786529694388809e-05
-3.577382362987056147e-05
-3.572850064167973832e-05
-3.568226393056377321e-05
-3.566451006724832872e-05
-3.555271212210861742e-05
-3.548739482068509840e-05
-3.545682397464123767e-05
-3.542773871363437578e-05
-3.534507887802843874e-05
-3.532312205053082197e-05
-3.524552097148886154e-05
-3.517193142204693850e-05
-3.516200119290554247e-05
-3.510838902996112819e-05
-3.509206400000542493e-05
-3.500622589378154137e-05
-3.495880905817309056e-05
-3.492921616899243237e-05
-3.486421310314089764e-05
-3.479235331177555577e-05
-3.470742608544639696e-05
-3.465031585090704247e-05
-3.463392572990181160e-05
-3.455976931606269647e-05
-3.448428307247644663e-05
-3.442861219863113415e-05
-3.439276101050125063e-05
-3.434325804843967847e-05
-3.429457803706394771e-05
-3.428756782896981030e-05
-3.419090417131442189e-05
-3.418556103319020687e-05
-3.411235799100236269e-05
-3.407603938314876415e-05
-3.400444528675434998e-05
-3.395203460366147830e-05
-3.392530460329032914e-05
-3.387355467478700974e-05
-3.381304311665898888e-05
-3.377796475580784004e-05
-3.371565428232089985e-05
-3.369607017982499518e-05
-3.362885111890153014e-05
-3.362246570980956739e-05
-3.352598795287535353e-05
-3.351437480698860516e-05
-3.346165980081945273e-05
-3.341503279777147475e-05
-3.328712863603806171e-05
-3.326964672873771150e-05
-3.322118699441386255e-05
-3.320456169797872707e-05
-3.314528798677180153e-05
-3.308156894553107916e-05
-3.306279754580239975e-05
-3.303891182257748976e-05
-3.299112712378035047e-05
-3.292706694132027634e-05
-3.284859173480174371e-05
-3.278949076305430721e-05
-3.276874451964272987e-05
-3.275780895803004394e-05
-3.271442360024382921e-05
-3.262190868107998426e-05
-3.260049301009175537e-05
-3.253615950923177940e-05
-3.247036137639406565e-05
-3.242193287749174679e-05
-3.241163707763137705e-05
-3.235954990748765532e-05
-3.230050481607169526e-05
-3.222734743059515252e-05
-3.219743054301212081e-05
-3.214352211976402975e-05
-3.210750149822081534e-05
-3.209107881470002753e-05
-3.201433748851390324e-05
-3.192413806877660075e-05
-3.184577299065054391e-05
-3.183182416571419128e-05
-3.181115992110250816e-05
-3.179125501585584548e-05
-3.175594913497893466e-05
-3.173097817787811639e-05
-3.168369433563862121e-05
-3.165863255666332034e-05
-3.160598431222189227e-05
-3.154805076740299391e-05
-3.150907196938696516e-05
-3.140520085980710749e-05
-3.139302823298184574e-05
-3.132142910311049364e-05
-3.123986072447729114e-05
-3.119379471232390001e-05
-3.115757985821482963e-05
-3.110346075431927060e-05
-3.107100471122001528e-05
-3.105446570948538435e-05
-3.093489009441032639e-05
-3.091744861818863401e-05
-3.086540580885165438e-05
-3.081762611580219643e-05
-3.079655489370767803e-05
-3.075042958400159255e-05
-3.071468909235293985e-05
-3.062612447939196461e-05
-3.056417636628809071e-05
-3.055724309318596078e-05
-3.048737972260846064e-05
-3.046975391928569349e-05
-3.042259761862173186e-05
-3.034996012648468193e-05
-3.028466497558623280e-05
-3.027597589302177215e-05
-3.024004792832071754e-05
-3.021002710168172893e-05
-3.020167652159436798e-05
-3.014415111144951991e-05
-3.010879186549529835e-05
-3.005107737534623650e-05
-3.002320929169459486e-05
-2.994684512563549012e-05
-2.989087267671146613e-05
-2.982647716504191021e-05
-2.977753579777165217e-05
-2.975937975946628232e-05
-2.971031997982199858e-05
-2.968558139644561288e-05
-2.964807765431171362e-05
-2.957804967362535136e-05
-2.954379189516971986e-05
-2.945986394134275204e-05
-2.939762947839177473e-05
-2.936497341116813971e-05
-2.932879174873660486e-05
-2.927551703785061693e-05
-2.924848839091454149e-05
-2.918439628627829513e-05
-2.916077639243199558e-05
-2.914536067323685460e-05
-2.906986305825803477e-05
-2.905085349207298399e-05
-2.903063045857355278e-05
-2.894096052505421628e-05
-2.891115989454457681e-05
-2.887871838670717399e-05
-2.881911148647239396e-05
-2.875287051415531959e-05
-2.871479858195031312e-05
-2.864400294734258110e-05
-2.856552222775269527e-05
-2.854670291094232623e-05
-2.852566329395126379e-05
-2.845387768066507073e-05
-2.839430403895157695e-05
-2.838372854202905177e-05
-2.835974597524125885e-05
-2.830118006769949927e-05
-2.822560108746683018e-05
-2.821334356831834230e-05
-2.816220013453949410e-05
-2.811449447464728902e-05
-2.806221366640075822e-05
-2.802288340235149788e-05
-2.801459969846446438e-05
-2.797610137910046545e-05
-2.791895350575235421e-05
-2.788729753082024208e-05
-2.786086832068831570e-05
-2.782057422406300460e-05
-2.779909404950077124e-05
-2.770655795234796106e-05
-2.770258840016580327e-05
-2.763198804388531188e-05
-2.759318254808228348e-05
-2.755605425186162443e-05
-2.751923383230852222e-05
-2.751522511536621485e-05
-2.743179328403119906e-05
-2.742098653494620799e-05
-2.737679211943962459e-05
-2.729146801804940506e-05
-2.724814449505794149e-05
-2.718477528626104167e-05
-2.715980174252309129e-05
-2.713817938366094396e-05
-2.707569955398683847e-05
-2.699242611923800407e-05
-2.696177164008951738e-05
-2.692959435638383458e-05
-2.690001596480511397e-05
-2.686394773245022376e-05
-2.681593340351933572e-05
-2.679997844103461325e-05
-2.673851333732354995e-05
-2.671945679842027989e-05
-2.667502295682104961e-05
-2.665400258045908311e-05
-2.658058835912808991e-05
-2.651606716715436087e-05
-2.647978984554668231e-05
-2.645337266727646215e-05
-2.640537557536254670e-05
-2.634710817791238157e-05
-2.630750792488768000e-05
-2.626558523722284278e-05
-2.622505264173209598e-05
-2.621738956576715696e-05
-2.615543016859532406e-05
-2.607222614043634010e-05
-2.605997532895125508e-05
-2.602258085592330594e-05
-2.599567263312980878e-05
-2.596520728314897814e-05
-2.595152736971784784e-05
-2.588153749711275814e-05
-2.587724723887062177e-05
-2.582655902359089304e-05
-2.579295477011766922e-05
-2.573551348917586229e-05
-2.568442009594671755e-05
-2.567212623318443210e-05
-2.561536372362948716e-05
-2.556962980458297896e-05
-2.555068655098107901e-05
-2.549064829291581858e-05
-2.544037241449723086e-05
-2.540998726227767390e-05
-2.537766504152567528e-05
-2.531363473090825794e-05
-2.529161869052719421e-05
-2.524702455969244234e-05
-2.522963252541563224e-05
-2.518591419190638374e-05
-2.512625220832967682e-05
-2.506392483521192960e-05
-2.502178124133233413e-05
-2.499176825482853670e-05
-2.493981521657548159e-05
-2.493121269287247203e-05
-2.484677103142667539e-05
-2.481053968714157939e-05
-2.477744887267054302e-05
-2.475920493391799487e-05
-2.472331785940439617e-05
-2.468346991650361509e-05
-2.464486557841210737e-05
-2.461347013669937985e-05
-2.453481672058364531e-05
-2.449460157230223603e-05
-2.448342466320768430e-05
-2.443430379587720118e-05
-2.441370828529269225e-05
-2.436651902305536933e-05
-2.434054748283085061e-05
-2.426523132387765785e-05
-2.422213163289921453e-05
-2.420192773285143552e-05
-2.418497904151246361e-05
-2.415415495014650046e-05
-2.406968820258145625e-05
-2.404896617567759784e-05
-2.400987693076799486e-05
-2.399564074684114401e-05
-2.398478828743199259e-05
-2.393935606360007821e-05
-2.387982628812280973e-05
-2.383174274061266196e-05
-2.378274262187948413e-05
-2.376464766917556228e-05
-2.373060208238260901e-05
-2.372528714352194269e-05
-2.363895441621378517e-05
-2.361550995953735994e-05
-2.357564338651547514e-05
-2.354463705326799054e-05
-2.349166371943323036e-05
-2.344849973098115438e-05
-2.339459197751950101e-05
-2.333359089414354656e-05
-2.331148654170172414e-05
-2.330052322354780501e-05
-2.327708252211799868e-05
-2.322740123875529440e-05
-2.319416666101366590e-05
-2.315761320396154813e-05
-2.313853942063187800e-05
-2.308396887481643466e-05
-2.299125331404835738e-05
-2.298061289622064279e-05
-2.295237717448446498e-05
-2.292007389662459565e-05
-2.291016435261539560e-05
-2.282555192084872078e-05
-2.278611796080439180e-05
-2.276756503506982668e-05
-2.273954931754990289e-05
-2.269673521598285579e-05
-2.264821996392069850e-05
-2.262283540881534477e-05
-2.259472983444340679e-05
-2.257276250770723667e-05
-2.248222541748884967e-05
-2.247020868979541486e-05
-2.241726806936955092e-05
-2.238927500101768047e-05
-2.233756650312027905e-05
-2.232766332718231724e-05
-2.229397564668166446e-05
-2.226775781561158874e-05
-2.223258666468391417e-05
-2.220941843186884909e-05
-2.216936273306909343e-05
-2.209694201340508586e-05
-2.205733003245155180e-05
-2.205344588309464423e-05
-2.198437966209965266e-05
-2.195199606141115070e-05
-2.193777457150517175e-05
-2.188802690130620959e-05
-2.184583473905961422e-05
-2.182145566347464083e-05
-2.176633609531423953e-05
-2.171560051988510195e-05
-2.167700855457328508e-05
-2.165347041762451233e-05
-2.162527402717445680e-05
-2.157546957043293790e-05
-2.150222394665950406e-05
-2.149212496049780416e-05
-2.144192089322971104e-05
-2.142968498008408849e-05
-2.141602113661505099e-05
-2.138188450773042279e-05
-2.130420340977582042e-05
-2.127915961067911558e-05
-2.124114308036309105e-05
-2.120630116196504922e-05
-2.116691795408217263e-05
-2.113211715539148778e-05
-2.108250144712114351e-05
-2.106488639180735875e-05
-2.104886357579807940e-05
-2.103637319928518897e-05
-2.097180986682589747e-05
-2.094010066421850689e-05
-2.092381754116389949e-05
-2.088746744964247904e-05
-2.087382028059048004e-05
-2.082149112757652042e-05
-2.077717626591908800e-05
-2.076209605044688832e-05
-2.072934506784319334e-05
-2.066050641727634418e-05
-2.062608860255042204e-05
-2.056893866666066197e-05
-2.053232440347267109e-05
-2.052560853888718982e-05
-2.049521571056498655e-05
-2.044272938809703805e-05
-2.042755820546304644e-05
-2.039548795573890521e-05
-2.036332911495964499e-05
-2.031777072218715700e-05
-2.028852946627000760e-05
-2.028056136286101373e-05
-2.020357045778110994e-05
-2.019296996328606762e-05
-2.011877509805969937e-05
-2.010837544623765173e-05
-2.008477117412594046e-05
-2.000660366423340900e-05
-1.997130700695630095e-05
-1.995886622388943585e-05
-1.992024749612589091e-05
-1.990638071749921913e-05
-1.988198347387437861e-05
-1.978450355836265000e-05
-1.976944200399468094e-05
-1.973848779501932238e-05
-1.971396621853158148e-05
-1.966858915539986962e-05
-1.963353068332607609e-05
-1.960009781476836527e-05
-1.958373523999077596e-05
-1.952280130041698049e-05
-1.948023985139589568e-05
-1.943546713162396680e-05
-1.942227619330257106e-05
-1.940555110911499972e-05
-1.939712664071807497e-05
-1.933180278589574451e-05
-1.930835333811807089e-05
-1.928561911464720955e-05
-1.923950553854161802e-05
-1.921391805250823821e-05
-1.920735538544057948e-05
-1.917623037128408854e-05
-1.913806222401279948e-05
-1.908216712810011442e-05
-1.905745156413280388e-05
-1.903313379774915790e-05
-1.901052909930204954e-05
-1.895736447827085579e-05
-1.892186433930730479e-05
-1.888776031468052200e-05
-1.884576940133273520e-05
-1.881085817920652843e-05
-1.877521108956491775e-05
-1.874243343074946983e-05
-1.874098687530792754e-05
-1.866957362752555270e-05
-1.865854717520581702e-05
-1.860983952828804491e-05
-1.857305857240086952e-05
-1.855902232304578242e-05
-1.852770741962101448e-05
-1.848430467258579295e-05
-1.845115668899990636e-05
-1.842160777403454579e-05
-1.838821907008825269e-05
-1.834419300093774390e-05
-1.832729331987252003e-05
-1.831210517075436192e-05
-1.826587100329210000e-05
-1.823565300373143798e-05
-1.820139235853621203e-05
-1.817797155719618756e-05
-1.815573184616101608e-05
-1.811784389240448276e-05
-1.808247358177676126e-05
-1.804555148375771242e-05
-1.801316714806289263e-05
-1.794229386980150814e-05
-1.793127596676142419e-05
-1.788665397943901063e-05
-1.786225619905385700e-05
-1.784209937367320313e-05
-1.779930792152054349e-05
-1.774829087002752020e-05
-1.773183302607242846e-05
-1.769422154918319466e-05
-1.768169070064734089e-05
-1.761957940311502683e-05
-1.758043392720605113e-05
-1.754835339926173363e-05
-1.752815559363557320e-05
-1.748612454359177359e-05
-1.745510394909596184e-05
-1.745106557643923671e-05
-1.740895179614428332e-05
-1.736108994557877502e-05
-1.733706011879335303e-05
-1.731128170162600242e-05
-1.725672544768969485e-05
-1.721192019337316142e-05
-1.718826193275395145e-05
-1.717803446102242188e-05
-1.716503616103495723e-05
-1.713808433025922425e-05
-1.711383200554029976e-05
-1.708226369661745942e-05
-1.705229790797907301e-05
-1.699285655891783869e-05
-1.697455425592574586e-05
-1.692721503361521116e-05
-1.691499639109333538e-05
-1.685003913917263233e-05
-1.680895488227460209e-05
-1.678180125747933912e-05
-1.675390297475366853e-05
-1.673273460854559602e-05
-1.670792095269097086e-05
-1.668479256286272913e-05
-1.663225008590503784e-05
-1.661362462810545945e-05
-1.659419250432422579e-05
-1.657401423226482570e-05
-1.652193722658844510e-05
-1.649675546900358073e-05
-1.646622997170482414e-05
-1.646219311322607946e-05
-1.641676745277241038e-05
-1.635880371510059787e-05
-1.633632129168258068e-05
-1.630743713660607236e-05
-1.626435060547628403e-05
-1.622499955158145365e-05
-1.620618949293178658e-05
-1.617351003935510323e-05
-1.614118095007919024e-05
-1.608339235538832008e-05
-1.606549295780749126e-05
-1.605297561774308193e-05
-1.600089589051929441e-05
-1.598036621570979527e-05
-1.593226415447987138e-05
-1.592875075819045214e-05
-1.588103193643697401e-05
-1.585403451839895698e-05
-1.583244139390311748e-05
-1.580290059972864832e-05
-1.574952367842127974e-05
-1.572692173894813227e-05
-1.570995058907609718e-05
-1.566157104271990674e-05
-1.562976973203112396e-05
-1.560264096971445978e-05
-1.558761591921831543e-05
-1.553579770324009849e-05
-1.548894656509435384e-05
-1.547949331621990382e-05
-1.539368118668298790e-05
-1.538632474739202427e-05
-1.534521855969297389e-05
-1.533385114218461238e-05
-1.530941280913185391e-05
-1.526586569393486919e-05
-1.525113725860311438e-05
-1.523975375394311235e-05
-1.521994192958286594e-05
-1.515869982578924404e-05
-1.513059200111828023e-05
-1.511030455812819230e-05
-1.506062620414235917e-05
-1.500467518495912619e-05
-1.499278077700366161e-05
-1.497108462535168483e-05
-1.496498485258396185e-05
-1.492580684242984332e-05
-1.489823231070061444e-05
-1.486898784942643083e-05
-1.483431780778970016e-05
-1.482647429407949529e-05
-1.479366723184342771e-05
-1.477515766882533935e-05
-1.473831275524144906e-05
-1.471704351516920866e-05
-1.468578186489180407e-05
-1.465100331530701244e-05
-1.461528124651542591e-05
-1.459750356459093276e-05
-1.458181236909096558e-05
-1.454306294849001067e-05
-1.449358956734715516e-05
-1.445346811587114145e-05
-1.443775129373163095e-05
-1.440044381576370738e-05
-1.438791792650626221e-05
-1.433921882725885208e-05
-1.432223616729953062e-05
-1.430000453346685208e-05
-1.426403437585719820e-05
-1.425883292801694127e-05
-1.422891302017631039e-05
-1.417374781483569831e-05
-1.416444565742817366e-05
-1.414048664244195723e-05
-1.409942386797314718e-05
-1.407280271829876300e-05
-1.402830226580109334e-05
-1.402216475608609394e-05
-1.401188220182819638e-05
-1.396586557856801844e-05
-1.390935861168630937e-05
-1.390109419443964027e-05
-1.388660880649828929e-05
-1.384735218502252711e-05
-1.381423084504604280e-05
-1.378543472786095949e-05
-1.375580068497762427e-05
-1.373476040830300289e-05
-1.368385710598995632e-05
-1.367949930874358279e-05
-1.366019760219228376e-05
-1.362562879484967536e-05
-1.360495995256183332e-05
-1.357084350406546463e-05
-1.349017453399053290e-05
-1.347878036216089914e-05
-1.343345032954008677e-05
-1.341471637970072906e-05
-1.338558772717900036e-05
-1.335107411550707307e-05
-1.333245918625707768e-05
-1.330297187099384257e-05
-1.329238500671143401e-05
-1.325195536467096338e-05
-1.322302786250452663e-05
-1.318235274192677493e-05
-1.315271573966481742e-05
-1.313964561916403719e-05
-1.312074487038560152e-05
-1.309650254347941335e-05
-1.305611825079796957e-05
-1.304702571459396796e-05
-1.301206402189912731e-05
-1.299441269055918375e-05
-1.295688491137699445e-05
-1.294597639346417875e-05
-1.293645621619016242e-05
-1.288872082330515102e-05
-1.285554066768754111e-05
-1.282600449062986183e-05
-1.280171143881556902e-05
-1.278609222545273438e-05
-1.273761289373712354e-05
-1.269397486305620816e-05
-1.267751123134696496e-05
-1.263813648147386988e-05
-1.261938895745321462e-05
-1.260613524448033782e-05
-1.258819687637554574e-05
-1.255362273184310689e-05
-1.250728451470212427e-05
-1.249694195450024843e-05
-1.248436773083351843e-05
-1.246592834012971234e-05
-1.242364682188943992e-05
-1.239388144490900025e-05
-1.238695142963386021e-05
-1.235620669868404593e-05
-1.234763147496752146e-05
-1.230211559382423637e-05
-1.226842139665323206e-05
-1.220599116843773630e-05
-1.218363110465365604e-05
-1.217974022429055247e-05
-1.214648698175096732e-05
-1.212619556465299850e-05
-1.207148341716495781e-05
-1.204333399901468220e-05
-1.202214962354663670e-05
-1.199634539445535977e-05
-1.197449482137466304e-05
-1.194586687271403474e-05
-1.189361412902623753e-05
-1.187804382294719922e-05
-1.184217379299730136e-05
-1.181417322423446864e-05
-1.180247767815724383e-05
-1.176048490309258776e-05
-1.174535835853443475e-05
-1.171928268318611997e-05
-1.170740372281946592e-05
-1.168300842190357382e-05
-1.165844867788882250e-05
-1.161679141994011657e-05
-1.159056535411955694e-05
-1.157014219884660811e-05
-1.155560410874431499e-05
-1.152628362432722828e-05
-1.149591113228421138e-05
-1.145814064542242506e-05
-1.142941849378692014e-05
-1.142366841370643064e-05
-1.138259166144485769e-05
-1.136408547535581239e-05
-1.130974116557691122e-05
-1.128893218219510185e-05
-1.125839647397635697e-05
-1.124062844767491920e-05
-1.120833104996586255e-05
-1.118912928295695355e-05
-1.115002457511548010e-05
-1.111478990194398135e-05
-1.109855398730277614e-05
-1.108632771408496461e-05
-1.104872795532263195e-05
-1.102027419542960226e-05
-1.101642379358978090e-05
-1.095773449260833769e-05
-1.093990969165561511e-05
-1.091963494181735126e-05
-1.089855016638579640e-05
-1.087318428200688795e-05
-1.085245993810329483e-05
-1.082576246688413868e-05
-1.080359472201643192e-05
-1.078288913491945627e-05
-1.077148766144396739e-05
-1.072757809142976825e-05
-1.068592602724541436e-05
-1.067067907756526869e-05
-1.065005364296526104e-05
-1.060221809297565139e-05
-1.057519488294591796e-05
-1.056295773262649681e-05
-1.055955655327781402e-05
-1.051364817294415995e-05
-1.048167680721909967e-05
-1.047146519993128572e-05
-1.044932241807555434e-05
-1.040332675174202557e-05
-1.038372135721550093e-05
-1.036657219091470591e-05
-1.034434026642469592e-05
-1.033576461687699057e-05
-1.029143119192990116e-05
-1.028153182070555681e-05
-1.022155724903691193e-05
-1.018548444473531866e-05
-1.018255872227935963e-05
-1.015879919224518859e-05
-1.012822564131820997e-05
-1.010770468505120374e-05
-1.006755884324763502e-05
-1.005229505732698823e-05
-1.002708211081243144e-05
-1.000896621689273764e-05
-9.971749502869017647e-06
-9.937019052499618970e-06
-9.922801457859077530e-06
-9.879012531169276590e-06
-9.875504450069929753e-06
-9.856983905240318688e-06
-9.817266650363886147e-06
-9.806819241114649811e-06
-9.775788155811145836e-06
-9.738969781426836653e-06
-9.714233285861574417e-06
-9.705980115236454206e-06
-9.683891195055798376e-06
-9.634136810513838268e-06
-9.618655695362660359e-06
-9.614790414247792710e-06
-9.577346736780011359e-06
-9.548903285348926031e-06
-9.528587977971789499e-06
-9.515975715636470009e-06
-9.497181237668170836e-06
-9.454824079594359931e-06
-9.432991248561064200e-06
-9.415806207394260681e-06
-9.373486704728917765e-06
-9.345499750054902849e-06
-9.333621610239087039e-06
-9.298069349356757207e-06
-9.278322990348142747e-06
-9.258627545955308360e-06
-9.228544313424469331e-06
-9.216271833531918862e-06
-9.175281539273191954e-06
-9.163390859457565707e-06
-9.112357750603540239e-06
-9.071010060791916216e-06
-9.048271528177363930e-06
-9.036307164191142657e-06
-9.018039642875046348e-06
-9.010602228609588225e-06
-8.984956858727239135e-06
-8.969663001932050284e-06
-8.942697278692753968e-06
-8.911828293050855001e-06
-8.875951650533829774e-06
-8.863709639259408359e-06
-8.841201911723095081e-06
-8.826981144698607933e-06
-8.806048629347771565e-06
-8.774941106477632006e-06
-8.756680861329510512e-06
-8.724819372896636317e-06
-8.705462968268784141e-06
-8.677878966877379275e-06
-8.671035100128921300e-06
-8.627109203275732502e-06
-8.609453706913561350e-06
-8.585109675683469003e-06
-8.555912574717839864e-06
-8.538000146182252409e-06
-8.519124966486470109e-06
-8.504053907579206434e-06
-8.487055031930701649e-06
-8.451940576231213885e-06
-8.424053237893956071e-06
-8.403704402525961916e-06
-8.383660144703498275e-06
-8.379879061626214186e-06
-8.329090482172577458e-06
-8.307463487383584674e-06
-8.294673171995875854e-06
-8.281772203763239492e-06
-8.229534411145644920e-06
-8.213202762866063288e-06
-8.191387874679586281e-06
-8.168963378601577178e-06
-8.154350072482851510e-06
-8.147205264520646735e-06
-8.113822439485094827e-06
-8.092648884697384364e-06
-8.086118048751888914e-06
-8.056103330153497455e-06
-8.041073771873048518e-06
-7.999219481803087443e-06
-7.963149114237481048e-06
-7.947031687955287738e-06
-7.928201889759329605e-06
-7.890668051073968786e-06
-7.862704939473702686e-06
-7.853581669294250740e-06
-7.829941173379516024e-06
-7.814442847831266472e-06
-7.775679323377340051e-06
-7.748420889824216497e-06
-7.731164324854673562e-06
-7.701058803805264487e-06
-7.668974120482743457e-06
-7.656203830486175085e-06
-7.612848103509463941e-06
-7.595822088698643630e-06
-7.586828536897412884e-06
-7.547643698728982251e-06
-7.538630463860052888e-06
-7.493590523464491011e-06
-7.473895068948117044e-06
-7.462069433550730304e-06
-7.456922605363239351e-06
-7.436362051440693614e-06
-7.387956522285495709e-06
-7.351612690088460020e-06
-7.327285272869271020e-06
-7.321358197152385236e-06
-7.272388678056021742e-06
-7.254374243932138802e-06
-7.239813498118355238e-06
-7.227710607778893697e-06
-7.201939982738899883e-06
-7.189250822680871813e-06
-7.162986095575144612e-06
-7.149431028925795159e-06
-7.128875118292485770e-06
-7.121149828198378725e-06
-7.104380402306550504e-06
-7.069853667195454992e-06
-7.039946216645714467e-06
-7.031964682696906701e-06
-6.996697453331537420e-06
-6.990662209061626164e-06
-6.938039008022472150e-06
-6.911983681755163380e-06
-6.888791558118804087e-06
-6.854685810393327134e-06
-6.834631937084819214e-06
-6.820340196941269877e-06
-6.790632386020723719e-06
-6.779519233262810446e-06
-6.734410691388162359e-06
-6.723565644570282489e-06
-6.703910718132508575e-06
-6.681399640041448351e-06
-6.672481476170940776e-06
-6.633343066100570581e-06
-6.627093259009690741e-06
-6.618535802330547292e-06
-6.579668709621162053e-06
-6.554378367933539857e-06
-6.535438015286054542e-06
-6.503937638266659577e-06
-6.475371492517491609e-06
-6.451866811791788613e-06
-6.441549872800928665e-06
-6.421487950160864228e-06
-6.376800264995988545e-06
-6.349654883993440351e-06
-6.348230532104217087e-06
-6.333261653041049455e-06
-6.323341527580836388e-06
-6.290462148336425894e-06
-6.268521267768622639e-06
-6.237303904395568788e-06
-6.215357961896963103e-06
-6.200828641424614247e-06
-6.184798112218987227e-06
-6.145050631623362884e-06
-6.116041003842230433e-06
-6.103946398552656047e-06
-6.074472002935136133e-06
-6.069417527748071988e-06
-6.056598301519333094e-06
-6.041092455781750329e-06
-6.013982543297997444e-06
-5.977227038455933441e-06
-5.972959832781343223e-06
-5.963497092965913800e-06
-5.941548251144649091e-06
-5.931762745647908594e-06
-5.893984769643517971e-06
-5.879835749428959500e-06
-5.853831796630747642e-06
-5.840853113205541773e-06
-5.811473113945046890e-06
-5.768624252801946668e-06
-5.762703198676459847e-06
-5.739037225302072552e-06
-5.722276043936648038e-06
-5.690124095752704611e-06
-5.677943072915145255e-06
-5.663439376475534000e-06
-5.621543089413154944e-06
-5.607571131693880806e-06
-5.604152163969556968e-06
-5.569275899161704636e-06
-5.536270348927174388e-06
-5.525041026006806753e-06
-5.489935269149379853e-06
-5.480083355795547877e-06
-5.467870198349700393e-06
-5.465599336095807843e-06
-5.417788157337577524e-06
-5.414966400187747307e-06
-5.394632855375363762e-06
-5.378006625604014754e-06
-5.358527234122011634e-06
-5.345344334253702863e-06
-5.329646152127067959e-06
-5.308064954745947800e-06
-5.277445842413479692e-06
-5.265176738310891698e-06
-5.229282930888970156e-06
-5.175897615487417694e-06
-5.156800041208036324e-06
-5.139647094962975494e-06
-5.136475140121189980e-06
-5.112850749747784149e-06
-5.065984092477256233e-06
-5.055180547196590583e-06
-5.039200226136191613e-06
-5.006328695750762829e-06
-4.992826865594423388e-06
-4.960602148316855702e-06
-4.951194942116023814e-06
-4.932696794091015624e-06
-4.910444187649053307e-06
-4.896916874300138165e-06
-4.881617814983331154e-06
-4.875061298344653607e-06
-4.862327097327739443e-06
-4.824887013291239962e-06
-4.794925057245312791e-06
-4.793233963905796464e-06
-4.775973846436648752e-06
-4.750275035641565874e-06
-4.739106920956876796e-06
-4.718232990237989594e-06
-4.679176040698041900e-06
-4.659638432949505197e-06
-4.633764173198956134e-06
-4.615294454779681216e-06
-4.598171776047164889e-06
-4.587466270642981392e-06
-4.564625779871158894e-06
-4.539635925505894133e-06
-4.516919984894397731e-06
-4.494635878669455926e-06
-4.482591098302161824e-06
-4.463353548336047577e-06
-4.435420717313217963e-06
-4.413645235062795905e-06
-4.402000063459075202e-06
-4.399340949124372131e-06
-4.353624882194549457e-06
-4.345935516736470429e-06
-4.328188272547041974e-06
-4.319186391314801016e-06
-4.293643503006681191e-06
-4.273841322790791896e-06
-4.252811528361519234e-06
-4.236332990783862948e-06
-4.215087068911395366e-06
-4.194737064911603569e-06
-4.183460780176830282e-06
-4.149228758549939892e-06
-4.117362130363213037e-06
-4.109150979867487658e-06
-4.086328918938905770e-06
-4.060213413294814004e-06
-4.046350929277806585e-06
-4.027380026077015561e-06
-4.013776154996699551e-06
-4.001514125319798167e-06
-3.965733134760878806e-06
-3.942496588058346021e-06
-3.934836134914927720e-06
-3.892229480149357299e-06
-3.883879859680939195e-06
-3.872364866209596400e-06
-3.826785756234495077e-06
-3.812649898960499878e-06
-3.798226943758180375e-06
-3.783845938545393583e-06
-3.769901263314617396e-06
-3.756318758566036546e-06
-3.734840104286181104e-06
-3.716429053833091148e-06
-3.698247342014248377e-06
-3.684426651378030850e-06
-3.670893337535234348e-06
-3.625654585447639310e-06
-3.592770243762553572e-06
-3.580005166807562828e-06
-3.574225746828100938e-06
-3.553768743283895352e-06
-3.521529077290647493e-06
-3.505094584915946655e-06
-3.500235327674212283e-06
-3.478181743761851453e-06
-3.454955912631596161e-06
-3.436656190248051230e-06
-3.424351952615956822e-06
-3.386033603110039202e-06
-3.368255014501384721e-06
-3.360393805071633068e-06
-3.349712016782557067e-06
-3.328221354342200803e-06
-3.305550522773705349e-06
-3.288694578906788560e-06
-3.257792677472617677e-06
-3.249231293868838610e-06
-3.228483263334856310e-06
-3.212501158415035469e-06
-3.175544439874104412e-06
-3.164188830116693245e-06
-3.133544564267858948e-06
-3.122482230376675004e-06
-3.113894344669433618e-06
-3.099953842550821319e-06
-3.084718403230834935e-06
-3.065644318210634609e-06
-3.029910419634569756e-06
-3.017222924271132950e-06
-2.993760508678300945e-06
-2.973538769613806996e-06
-2.951536770546986144e-06
-2.948902144291665198e-06
-2.930666302122115578e-06
-2.915959084922600918e-06
-2.891070593962612810e-06
-2.863882672630046450e-06
-2.851251990503701943e-06
-2.815992309364968461e-06
-2.814101516257288666e-06
-2.777658641742294675e-06
-2.765034297281114566e-06
-2.756083744930391229e-06
-2.728991394424559973e-06
-2.717000908110713878e-06
-2.704346979451140699e-06
-2.692951649192172012e-06
-2.665861270905304233e-06
-2.652580624234866818e-06
-2.635360201901185189e-06
-2.613686676320112822e-06
-2.611222589245922226e-06
-2.595097401567657486e-06
-2.546842392684728678e-06
-2.534804895538286403e-06
-2.532329745227654603e-06
-2.512273223613494556e-06
-2.478102479431052772e-06
-2.463410647307997880e-06
-2.452779136153194127e-06
-2.439444935443572037e-06
-2.415595063065870565e-06
-2.392345201909631978e-06
-2.376841060950114449e-06
-2.353218344162355278e-06
-2.323556948531880551e-06
-2.318704761345835230e-06
-2.311507601427916978e-06
-2.298024448521236569e-06
-2.282130875040665217e-06
-2.264701284942928190e-06
-2.237378132988383940e-06
-2.214541748291212433e-06
-2.179307500137554479e-06
-2.160253189362416823e-06
-2.139151301392439307e-06
-2.136011421540571974e-06
-2.105261188610688111e-06
-2.089652995520210300e-06
-2.068240749927429358e-06
-2.046149563999645512e-06
-2.037528410801394293e-06
-2.022202046258704932e-06
-1.994643085014327397e-06
-1.983797017133770267e-06
-1.966382850724825335e-06
-1.947560004170193025e-06
-1.935392720611630197e-06
-1.930608787127244249e-06
-1.914718491231615562e-06
-1.903907509811162502e-06
-1.878876600396452661e-06
-1.872764041565489985e-06
-1.847818969022057801e-06
-1.843204093053898518e-06
-1.821918241679199798e-06
-1.784390692090161497e-06
-1.771479631395930109e-06
-1.736442322700496892e-06
-1.728819191871356473e-06
-1.715239432365601022e-06
-1.688861587853151420e-06
-1.680640274705598385e-06
-1.671983820530692407e-06
-1.647245211889861979e-06
-1.639479608754363594e-06
-1.631644074934045439e-06
-1.602057677928703630e-06
-1.566986781826166503e-06
-1.555710207931519675e-06
-1.537072870712485490e-06
-1.529624931575097733e-06
-1.501998832554846789e-06
-1.487896213603648515e-06
-1.469340819422695494e-06
-1.449263746611250135e-06
-1.440469428348064973e-06
-1.421075908749319752e-06
-1.397820504762180397e-06
-1.383130070909059437e-06
-1.378772033681803203e-06
-1.365112592823027403e-06
-1.352177534034090089e-06
-1.327637689102472170e-06
-1.303316701006376673e-06
-1.268941653105508376e-06
-1.234972781541318510e-06
-1.224214416302652978e-06
-1.207735311775235018e-06
-1.197273528107601414e-06
-1.186445802463849752e-06
-1.180220923038473642e-06
-1.165109221452747119e-06
-1.136050670753169845e-06
-1.119926474910637251e-06
-1.112938114002202021e-06
-1.098639930409329473e-06
-1.084191981960372476e-06
-1.065981476434261908e-06
-1.039447930984416572e-06
-1.009004736703609116e-06
-9.922977030517243223e-07
-9.811269592008813593e-07
-9.630796769475942949e-07
-9.324204396385562071e-07
-9.172878961072748380e-07
-9.051559410800506288e-07
-8.826056135737687443e-07
-8.617052248677620052e-07
-8.474647028302571451e-07
-8.420002124540519821e-07
-8.188436773107569493e-07
-8.090143500437012552e-07
-7.795773690683953513e-07
-7.615590638693041836e-07
-7.415838109298944258e-07
-7.302154243420993033e-07
-7.021168930304272189e-07
-6.985003973199056288e-07
-6.851653235832516558e-07
-6.665211123497742344e-07
-6.496782235239262912e-07
-6.295211616214959902e-07
-6.227265407014305385e-07
-6.127337056216938619e-07
-5.873011892162872657e-07
-5.793484054447121438e-07
-5.753751390447534657e-07
-5.520041396437334450e-07
-5.299796146056361419e-07
-5.151338777166234530e-07
-4.862082569618709056e-07
-4.709005358279057752e-07
-4.563998607366541307e-07
-4.473202280149498051e-07
-4.356782312500916487e-07
-4.124874734789923157e-07
-3.972274656729522513e-07
-3.768374769036112352e-07
-3.533878379966858866e-07
-3.424050012419169821e-07
-3.287441354342986030e-07
-3.143855232598066146e-07
-3.069422150633301742e-07
-2.901497037467373861e-07
-2.855203595032437247e-07
-2.588751339220790867e-07
-2.301635139457918033e-07
-2.167377031937073819e-07
-2.029362122459056417e-07
-1.894951064452738958e-07
-1.745648545897716785e-07
-1.681000665020676929e-07
-1.488250068649741964e-07
-1.127799356920448013e-07
-1.071086222273842494e-07
-8.865451893201938323e-08
-7.700368270252743610e-08
-5.506517895253186127e-08
-4.523357501091715630e-08
-2.475348208904571980e-08
3.695558384142007476e-09
1.576754670220496447e-08
2.250800630182357505e-08
4.004934311412075921e-08
7.093819836221086257e-08
8.198606307509344849e-08
1.030878749184971924e-07
1.154475573098430609e-07
1.265244984650207789e-07
1.445897324549203594e-07
1.568851500832740654e-07
1.615198893429400830e-07
1.919896006657046789e-07
2.112412616860996247e-07
2.144188534055578187e-07
2.293306031525597326e-07
2.424325652142728871e-07
2.627958366739456094e-07
2.645735131544001080e-07
2.872104694059747352e-07
3.200773423714765539e-07
3.494535215945919924e-07
3.583998815004802942e-07
3.765148190333561430e-07
3.788387400920397166e-07
4.106889199479682815e-07
4.214248375403660395e-07
4.295836699394945154e-07
4.497544558280021034e-07
4.621679148783259098e-07
4.879373291237227270e-07
5.082560082575287716e-07
5.296683560832116395e-07
5.405113803715755039e-07
5.512552085844828649e-07
5.728891189713175293e-07
5.808475612693915860e-07
5.957330515074593491e-07
6.051953037004742786e-07
6.094086565341727493e-07
6.282974719839075613e-07
6.364357410980170734e-07
6.459588657075429336e-07
6.626628811153979170e-07
6.888275789885756039e-07
6.996668176528889316e-07
7.229226485217612721e-07
7.416464440064894819e-07
7.529225044637109653e-07
7.877565213828157337e-07
8.008914767716821942e-07
8.174494874109313073e-07
8.268543168902501119e-07
8.324336043857827382e-07
8.472487691827296777e-07
8.640797852749584949e-07
8.790440926243622090e-07
9.100243323364460757e-07
9.176319277637332862e-07
9.257635276874460459e-07
9.400215080061760219e-07
9.698852459810210338e-07
9.808650388700013253e-07
9.821266474958552913e-07
1.009089134216538441e-06
1.036796342655860190e-06
1.059112532523042301e-06
1.066518865213522192e-06
1.077218533777132221e-06
1.108327102927585246e-06
1.126702324075021824e-06
1.130605586108114398e-06
1.158998430687583082e-06
1.171383956808337466e-06
1.181603455870129397e-06
1.238199069114162857e-06
1.247431923869006446e-06
1.255101258804206293e-06
1.292330866037930609e-06
1.299607192587236991e-06
1.309788707486218669e-06
1.334527243860683443e-06
1.346478171876205033e-06
1.364095351884940811e-06
1.384637678314355034e-06
1.401718528967543648e-06
1.418575355753831503e-06
1.428242162760353304e-06
1.458157327583690371e-06
1.476056599190905498e-06
1.494603851329519265e-06
1.502933826325868114e-06
1.526212146671423650e-06
1.540446521565316763e-06
1.564822909973154270e-06
1.578333253001491222e-06
1.586290695155931756e-06
1.607590238485395434e-06
1.638437463815163234e-06
1.660706640543484913e-06
1.672982073941187851e-06
1.692420920851793232e-06
1.704830533399873747e-06
1.715707958595724207e-06
1.728019075671741455e-06
1.731765349946820487e-06
1.746769692927736881e-06
1.787579081459737586e-06
1.806500762138166315e-06
1.810727426845201922e-06
1.836856710415543381e-06
1.860313038939041764e-06
1.864834242726994018e-06
1.884221791874950365e-06
1.898030496575190808e-06
1.906495488289326784e-06
1.931852160124713086e-06
1.956839873019393409e-06
1.977876866625076315e-06
1.984456644777134173e-06
1.998583220261958413e-06
2.009686444391688320e-06
2.054646916998269967e-06
2.074445023306614011e-06
2.089985159915277073e-06
2.105661484464513775e-06
2.113673142688842307e-06
2.133572587506230486e-06
2.153532936671721953e-06
2.177407664188303005e-06
2.196139240975841743e-06
2.211074822996432864e-06
2.228490336470988455e-06
2.260355249015444981e-06
2.276905058061485795e-06
2.286912962981940182e-06
2.316534576038569468e-06
2.334422019712447015e-06
2.340697784951004015e-06
2.369778851288228579e-06
2.392962082621096322e-06
2.402906112192100342e-06
2.412821147396281566e-06
2.438773083466805502e-06
2.457996034207161204e-06
2.480613858911033587e-06
2.511873702055388055e-06
2.517190506283105396e-06
2.538107216967518534e-06
2.553820922012993370e-06
2.571672962897146219e-06
2.600879116415791959e-06
2.614717914708430518e-06
2.631021665271858628e-06
2.653993747891001366e-06
2.666511616244450326e-06
2.683934773520507757e-06
2.696911652035895441e-06
2.716073334033693030e-06
2.734200057633681554e-06
2.752615640729754143e-06
2.770009769758902473e-06
2.814057519947983221e-06
2.814697446940011937e-06
2.827927502721752628e-06
2.834627872833298548e-06
2.874123989405274165e-06
2.910177755246690285e-06
2.925166836093896929e-06
2.929527132826001781e-06
2.940401541097652546e-06
2.964386961081915681e-06
2.996748647604880633e-06
3.014104646423913933e-06
3.019154310964332502e-06
3.045958651286376092e-06
3.054800438570987515e-06
3.079863654915215730e-06
3.096432649669653946e-06
3.115415974909300868e-06
3.144385080626684103e-06
3.170174758517489133e-06
3.186450109835964424e-06
3.203481270937005572e-06
3.231036785216363545e-06
3.239090412282321575e-06
3.266100668119816031e-06
3.275439901397221836e-06
3.293185122290462954e-06
3.307184507242584402e-06
3.318654294923879264e-06
3.332469379942283343e-06
3.352995886552492513e-06
3.369576212090664287e-06
3.403725170710108961e-06
3.412882789010146718e-06
3.420596652884844123e-06
3.452152063728762185e-06
3.464099272239422236e-06
3.485990132067608845e-06
3.530052398867017629e-06
3.547649857652124357e-06
3.569412985740898514e-06
3.574476899242664766e-06
3.582981254172824595e-06
3.618815065696464682e-06
3.640517189522936659e-06
3.671127312209291956e-06
3.698140056989269940e-06
3.700824301495530109e-06
3.736326709756062376e-06
3.746673945891485543e-06
3.764347704076478543e-06
3.782387099921236304e-06
3.816816401927053125e-06
3.843571259501135145e-06
3.855904327599059741e-06
3.879138571151972213e-06
3.895557979774673203e-06
3.900934946070926859e-06
3.917366782536327668e-06
3.944162595165418142e-06
3.950937519260990320e-06
3.979392999952795261e-06
3.993459589064085472e-06
4.008599100258674286e-06
4.015340351937235032e-06
4.039172399865120222e-06
4.077041064586661775e-06
4.093300722197965283e-06
4.106097076521593931e-06
4.128752515285744851e-06
4.136030538460088291e-06
4.163997364637945019e-06
4.174837310663493887e-06
4.190969188056522316e-06
4.217889032725969825e-06
4.231318709180035625e-06
4.281871362356852139e-06
4.285842403482766729e-06
4.300886169193588421e-06
4.323164423415787058e-06
4.336922910374337133e-06
4.363523181124311341e-06
4.383117285090316934e-06
4.399163576982378821e-06
4.413157790746271532e-06
4.427891273295271866e-06
4.469664469351454644e-06
4.488360544583744726e-06
4.499931489660526546e-06
4.510967871786024247e-06
4.555409986761421688e-06
4.563726974092733847e-06
4.581801480482670907e-06
4.619642419309418197e-06
4.646444992423724676e-06
4.667849717385385007e-06
4.685087461681915290e-06
4.695210870845256931e-06
4.701853299526851034e-06
4.726149831314823910e-06
4.751026526568054809e-06
4.761475586280566343e-06
4.776426347785562588e-06
4.803613587235734669e-06
4.808405369020930910e-06
4.832060045906104690e-06
4.850601400240503763e-06
4.882572361654607033e-06
4.903960428526439445e-06
4.949825080866645095e-06
4.969020817305544062e-06
4.972128766253679338e-06
4.995902968564381932e-06
5.001027696517627494e-06
5.037609112853682868e-06
5.058967094195899699e-06
5.072263516608672709e-06
5.092896900499121954e-06
5.104513308727924440e-06
5.113166572944550889e-06
5.130937292176982918e-06
5.163042000715918438e-06
5.178324410982168868e-06
5.210165942891622473e-06
5.245501089074559268e-06
5.268425447182837900e-06
5.270528963503117993e-06
5.325294667263085784e-06
5.338050588037964533e-06
5.358952511307404413e-06
5.376471647108092693e-06
5.392503589368835238e-06
5.412966209145573011e-06
5.416845775817364866e-06
5.463478901845396361e-06
5.476833235318653143e-06
5.500867807971739843e-06
5.517816456527043707e-06
5.548464243827015336e-06
5.564732907815416911e-06
5.598537831337517606e-06
5.632747303169309651e-06
5.638832785273018135e-06
5.655131100616199551e-06
5.674982010724087436e-06
5.695957242593326124e-06
5.715891285765446973e-06
5.761121930104878270e-06
5.769811076098175519e-06
5.785264014064485908e-06
5.802129701067136635e-06
5.827660639761193108e-06
5.853598335654478378e-06
5.871699800684445137e-06
5.881312094968433898e-06
5.897606735820683925e-06
5.925798725004521049e-06
5.966369128539224551e-06
5.977767860377658591e-06
5.986553294948072728e-06
6.000886714668679454e-06
6.017297681400828194e-06
6.040576421391266691e-06
6.067896133398821454e-06
6.091745686138215844e-06
6.105699968666088641e-06
6.132658445983315984e-06
6.140359149239543085e-06
6.182066029682955866e-06
6.191309866958246170e-06
6.193320319882998150e-06
6.220063778168870907e-06
6.246470832634624510e-06
6.265361334812323976e-06
6.324820838830871117e-06
6.336410548155859729e-06
6.357354942888975194e-06
6.383963107934320003e-06
6.417687927064388395e-06
6.420723784288404640e-06
6.434642368499235012e-06
6.465619538210654468e-06
6.474744051972248821e-06
6.506640874009187266e-06
6.529533047871936602e-06
6.562595322926735610e-06
6.574045486836248642e-06
6.605834843543361264e-06
6.621281514487991875e-06
6.630228185876667797e-06
6.684476649302888406e-06
6.711364811711942376e-06
6.715723267301570561e-06
6.733394477773946669e-06
6.762576702670871095e-06
6.783535102291970563e-06
6.786894217132053990e-06
6.818099629199023332e-06
6.834316856695833430e-06
6.856278859271736188e-06
6.859800749966175774e-06
6.900238968594929183e-06
6.916224921239356302e-06
6.942021855116852390e-06
6.952269472457196754e-06
7.011765315862365096e-06
7.025412407294429828e-06
7.038622994222529128e-06
7.054973739791094819e-06
7.087986381369483591e-06
7.113488244417631159e-06
7.133982929935365802e-06
7.175828738501106209e-06
7.190689549392183588e-06
7.214225048868977576e-06
7.231666358607103116e-06
7.252717207360125676e-06
7.275568678517956778e-06
7.320979177855039142e-06
7.341697752211089764e-06
7.343851640559179831e-06
7.378682521024252023e-06
7.387029479398394809e-06
7.400693510062071949e-06
7.438550192303266570e-06
7.466051834927250307e-06
7.485212825029127101e-06
7.507957972957876056e-06
7.525906992060658753e-06
7.558191230493314172e-06
7.573190553922681997e-06
7.613887000623436072e-06
7.623841025745705592e-06
7.646891506979158125e-06
7.673893504992312294e-06
7.680909799947003257e-06
7.692444605230321124e-06
7.697147331266399723e-06
7.732875901519098891e-06
7.753204762596413538e-06
7.797118269901467892e-06
7.847289044651862037e-06
7.853011018822814556e-06
7.876113627561458599e-06
7.893847180576457764e-06
7.934882868005647320e-06
7.946643137515230194e-06
7.976932008641817067e-06
8.028866607961142687e-06
8.031864940781732217e-06
8.053059943246822106e-06
8.070313731323857531e-06
8.108114592904912320e-06
8.115451461129051034e-06
8.134813603029884940e-06
8.156630932995483037e-06
8.160223236421869242e-06
8.211793072795199773e-06
8.220293591221906573e-06
8.258802615208947232e-06
8.294423372699483431e-06
8.315954043589539091e-06
8.330517842957594715e-06
8.376896070919697085e-06
8.419855662685234353e-06
8.428999774078079841e-06
8.440072947335418378e-06
8.466127186539689872e-06
8.485662957043880658e-06
8.523524395736870683e-06
8.536539392236673802e-06
8.554895691075409405e-06
8.572732978824900061e-06
8.588728879691116916e-06
8.601279983570290390e-06
8.624419260854182699e-06
8.635826517472907729e-06
8.649275903875673537e-06
8.713292606685486548e-06
8.743304044194747757e-06
8.755038818189690513e-06
8.798480188140690733e-06
8.805790373636143928e-06
8.831585238540726659e-06
8.843375327272560667e-06
8.858039490617433269e-06
8.871256453158060147e-06
8.892372474770857235e-06
8.914937712364017048e-06
8.946624053570082749e-06
9.005046330388572447e-06
9.009389196881739982e-06
9.028148766448586198e-06
9.040901400363234107e-06
9.053613154927031911e-06
9.079623221895401621e-06
9.091104277957516783e-06
9.144534880791006556e-06
9.158689288289963281e-06
9.181231015643494988e-06
9.206206403754742444e-06
9.266767666749318557e-06
9.270546723446918073e-06
9.295552489122024746e-06
9.319306795763444403e-06
9.338909222533581055e-06
9.356427302580481889e-06
9.380570084708398141e-06
9.394289026955313188e-06
9.422346540281671733e-06
9.446059153220208687e-06
9.498475569478323301e-06
9.519685351620976374e-06
9.536221076127795324e-06
9.554214800898017815e-06
9.595659463649753364e-06
9.615345904964614404e-06
9.651934301453678989e-06
9.668004086287046987e-06
9.700952610810538316e-06
9.714224531665255694e-06
9.719030570793192324e-06
9.772467428937052259e-06
9.784514544477981867e-06
9.808722993412197227e-06
9.828262833066249573e-06
9.866828474921851235e-06
9.874468098117707265e-06
9.891652184462350252e-06
9.923332974407577750e-06
9.961482422869081445e-06
9.979610614297005210e-06
1.000298933544771424e-05
1.006856384671502622e-05
1.008242315602942842e-05
1.009376010408847931e-05
1.015276702112793768e-05
1.016946739452212200e-05
1.019315391541481733e-05
1.021306639912357393e-05
1.023368599628857267e-05
1.024441747656400873e-05
1.027528019090836664e-05
1.028973579372421196e-05
1.029914860818110023e-05
1.035273762386315685e-05
1.037654187654889975e-05
1.041366708556604148e-05
1.044399357167746537e-05
1.046765278384108941e-05
1.049894418609015941e-05
1.050821667377313806e-05
1.052958746036780012e-05
1.056196269518387787e-05
1.059716267758735380e-05
1.062926371581206723e-05
1.064822542753560009e-05
1.067778016564630182e-05
1.069079124287653975e-05
1.069735548757147730e-05
1.073534152847855268e-05
1.075142532764615587e-05
1.077613065401423573e-05
1.078698797244169910e-05
1.081294548023043624e-05
1.085173408984841287e-05
1.086110026533885773e-05
1.089934136965167964e-05
1.092381214954584354e-05
1.096207951337743042e-05
1.097815265798643835e-05
1.100558406304659658e-05
1.105442734119267327e-05
1.108494876564608722e-05
1.109053376811614647e-05
1.112232292828690569e-05
1.113822347363563751e-05
1.115864101451290736e-05
1.118914211079810559e-05
1.123512182728609797e-05
1.126047066812481954e-05
1.127531764192286209e-05
1.129291236374781741e-05
1.131108844925304594e-05
1.135575326218857648e-05
1.136471133827088119e-05
1.138492864483950809e-05
1.141089439703642770e-05
1.145901146946100265e-05
1.148290306223190839e-05
1.149557661033871763e-05
1.152813434143915244e-05
1.157278467912471500e-05
1.159520192816426994e-05
1.161498737989924981e-05
1.163966312053014582e-05
1.168006862725714650e-05
1.169005020743431826e-05
1.172324742439365086e-05
1.173519770549117104e-05
1.178488388372178442e-05
1.179783511549880198e-05
1.180364989542371489e-05
1.183666191130456859e-05
1.186593075009629084e-05
1.188110525885359646e-05
1.192709750330313664e-05
1.193309858161290539e-05
1.194707235436271795e-05
1.199633546164390472e-05
1.201358738799046245e-05
1.204430401005844355e-05
1.208723901882272729e-05
1.210842763363169827e-05
1.214444657869989349e-05
1.217708416257437790e-05
1.219064157979737814e-05
1.221003826932503598e-05
1.223220786691786260e-05
1.224735076872642559e-05
1.227778734888925315e-05
1.231525195408077269e-05
1.234502345906500389e-05
1.236909106098717375e-05
1.238454610966425514e-05
1.240416731739936131e-05
1.245033951745769439e-05
1.249736857626602882e-05
1.251516607815897795e-05
1.255015669233564417e-05
1.256131820093513482e-05
1.257468217806478998e-05
1.260416287756282997e-05
1.263597343972941450e-05
1.265836480429392003e-05
1.270498602995951082e-05
1.274561561265310971e-05
1.276551006997897273e-05
1.278090695993729049e-05
1.281796173408490005e-05
1.283940359675017745e-05
1.286193980728916659e-05
1.288323383975516142e-05
1.289354793248671456e-05
1.290335957261744581e-05
1.295818837665040616e-05
1.297370073688323185e-05
1.301931572550341814e-05
1.307352445580199170e-05
1.311121949612564668e-05
1.313461777532663898e-05
1.319884540598250995e-05
1.321429319810653975e-05
1.322848915106872803e-05
1.324415220094512572e-05
1.327320002484534006e-05
1.330292083178085935e-05
1.331504761671723905e-05
1.334183628237385578e-05
1.339046097794721255e-05
1.341784162508411736e-05
1.344875354405234402e-05
1.346558776792326980e-05
1.350414378295249174e-05
1.352076644650103083e-05
1.355116858558217488e-05
1.357109312803414816e-05
1.359652833345858823e-05
1.362680895698294998e-05
1.366111789762382322e-05
1.369680098703101937e-05
1.374423181094874851e-05
1.375864272464188098e-05
1.379085302306678592e-05
1.380717509192096969e-05
1.383177125593306935e-05
1.387450196135637102e-05
1.391164265841642710e-05
1.393204109552422898e-05
1.396379917694818521e-05
1.398734250707476170e-05
1.401743720934570762e-05
1.402677973645252849e-05
1.406745408976461939e-05
1.408988660760452804e-05
1.411397051279685859e-05
1.418397190257082312e-05
1.419071185254085313e-05
1.424138631262826894e-05
1.427684554695711768e-05
1.428474624447426247e-05
1.429608185077131861e-05
1.433591466155909423e-05
1.434919859180646457e-05
1.435299922437772862e-05
1.438050080396742963e-05
1.442932453831868252e-05
1.444256014290033340e-05
1.447592641693641258e-05
1.452688518840279110e-05
1.454254990948456191e-05
1.457046473408181392e-05
1.458505067403352040e-05
1.463690961985632050e-05
1.467597297791626464e-05
1.469937703332359649e-05
1.471597084321683410e-05
1.473647133185293564e-05
1.477584246343288766e-05
1.483226951161759915e-05
1.484291494636958463e-05
1.485116590038004819e-05
1.490924151768047075e-05
1.493166763407605998e-05
1.495905388898995205e-05
1.496674880608649351e-05
1.498231134652787938e-05
1.502471556767427268e-05
1.504768805924464930e-05
1.508146919530389986e-05
1.511582938650022362e-05
1.514090389978589751e-05
1.518229577000718623e-05
1.520182865555633055e-05
1.522217239423301976e-05
1.526673265696681586e-05
1.531067778443609713e-05
1.532945848396184720e-05
1.536416545222119232e-05
1.537821691413447214e-05
1.540681014057987660e-05
1.541058283605528022e-05
1.545204055062180049e-05
1.548414229355423114e-05
1.550597121619666670e-05
1.554569495955473809e-05
1.559696646348046750e-05
1.562677040297010263e-05
1.566543066353339266e-05
1.569458859475227576e-05
1.573186235642957395e-05
1.575974660027955446e-05
1.578610280818274774e-05
1.582769532839478944e-05
1.586815061242287099e-05
1.587971980934007097e-05
1.592668724930930015e-05
1.594557109784019224e-05
1.597936096517414703e-05
1.600602256746723519e-05
1.601468584088071992e-05
1.606232285274619180e-05
1.607672642235840937e-05
1.608029552557019355e-05
1.613264726777282774e-05
1.616880217596807485e-05
1.621776777053720751e-05
1.623928337546539467e-05
1.627752280976729713e-05
1.631168322183106981e-05
1.633344384286647974e-05
1.636418144676035161e-05
1.639786127865048624e-05
1.642047713541017689e-05
1.647167699015064730e-05
1.652207648566022481e-05
1.652924985599162335e-05
1.657492813852952404e-05
1.660076680575525875e-05
1.660739831369515288e-05
1.666206654400689133e-05
1.669842395341651663e-05
1.671627493738806261e-05
1.675219432544586623e-05
1.679588441415016877e-05
1.682248677238083550e-05
1.689387546516281624e-05
1.691278305976496958e-05
1.692796442728807695e-05
1.696007776310765657e-05
1.699569307056401237e-05
1.700477522603484009e-05
1.704448085327318584e-05
1.707677858489848845e-05
1.711975502730426820e-05
1.715748770191470983e-05
1.717737172197910007e-05
1.719563316339971514e-05
1.724060754703967259e-05
1.725738042130099163e-05
1.729322186181271655e-05
1.732792913634497234e-05
1.734598492380856502e-05
1.738501348158235683e-05
1.743299270001044221e-05
1.743914261538980089e-05
1.747198625494479079e-05
1.752030237474703152e-05
1.755680475035697934e-05
1.756923538202475801e-05
1.762739470542963179e-05
1.766888362650471055e-05
1.767075896747759888e-05
1.768610046430553489e-05
1.773280785749936053e-05
1.775341446362970778e-05
1.778351835474711138e-05
1.781353228710452018e-05
1.783376909836806437e-05
1.787727638441500021e-05
1.794288930190293270e-05
1.797931406311520733e-05
1.805983334527599935e-05
1.811057638615103823e-05
1.812283216814017649e-05
1.813933535967449589e-05
1.817333581005834301e-05
1.822141609234253427e-05
1.823132399839675813e-05
1.825015755637114100e-05
1.827160761494734154e-05
1.832239662592124240e-05
1.834549129702744559e-05
1.838008363097626616e-05
1.844882257175638275e-05
1.846071560885144175e-05
1.846987517681181811e-05
1.849600653948381223e-05
1.851099801618041028e-05
1.859982061477263615e-05
1.862504742286431650e-05
1.864120209979131556e-05
1.865727285318379743e-05
1.869166576073814898e-05
1.874093988416236420e-05
1.878867926987505223e-05
1.882984423167295132e-05
1.886110817794377687e-05
1.890663814887808206e-05
1.890865965590990205e-05
1.894532539580939378e-05
1.898920898406801061e-05
1.903232743923175159e-05
1.904216986851395074e-05
1.906533410533742888e-05
1.909453239632360818e-05
1.912358096772992413e-05
1.915862223922706130e-05
1.916962760468125674e-05
1.922796306480346689e-05
1.924897081333863335e-05
1.929061248063949883e-05
1.932012253962581041e-05
1.937175834169936730e-05
1.942459969670069030e-05
1.947188411599013572e-05
1.949336865351496649e-05
1.950415467405967779e-05
1.956483179515663555e-05
1.960073551357475736e-05
1.962713329223388586e-05
1.965234500800200289e-05
1.970896203216624887e-05
1.973652155437009484e-05
1.977202291582726233e-05
1.979056569977156408e-05
1.982715177312908354e-05
1.988019649875703702e-05
1.990581368794328411e-05
1.991822302738891002e-05
1.995420145623633541e-05
1.996879342247668155e-05
2.001359357748309423e-05
2.006226645202635207e-05
2.009062676779711283e-05
2.014407907398712010e-05
2.014674609010773821e-05
2.018259175962003232e-05
2.028443565211867977e-05
2.034013776066007250e-05
2.035836279496205166e-05
2.037645305342003889e-05
2.040121104777713448e-05
2.041779692715237949e-05
2.043396066873287957e-05
2.050009704601095056e-05
2.052844750963125396e-05
2.054324526256489915e-05
2.061908459685711444e-05
2.068555383554461098e-05
2.073666872802934131e-05
2.076835620123826943e-05
2.080448999964565199e-05
2.086330256540559123e-05
2.088608925201305045e-05
2.089703531140621061e-05
2.093923552425112737e-05
2.097607010859525684e-05
2.100107016094669458e-05
2.103236430973343357e-05
2.105160498829767454e-05
2.108929738087915928e-05
2.114264039192532198e-05
2.118874283552142475e-05
2.120403271536637136e-05
2.127572103304365081e-05
2.130256092205346841e-05
2.130427965756139533e-05
2.137249481133057902e-05
2.147447341984389321e-05
2.148691806198945416e-05
2.150394987374830874e-05
2.153989473632612439e-05
2.155123848846082264e-05
2.158330250938218146e-05
2.160662500251728959e-05
2.162745153125814141e-05
2.167283064767214112e-05
2.171196168724172484e-05
2.178291259524992756e-05
2.181258426452181449e-05
2.184092667648814611e-05
2.185437141952023250e-05
2.189925687602655487e-05
2.198386541322266074e-05
2.201522857369703012e-05
2.206335977196787515e-05
2.208828228938243405e-05
2.212332725021681160e-05
2.219552017127316128e-05
2.221947922226480860e-05
2.224081554434795627e-05
2.227174020329040946e-05
2.230279311749719189e-05
2.231554134514847937e-05
2.234763191826455642e-05
2.239780823504933162e-05
2.242020389569709490e-05
2.248062509085228087e-05
2.249817090625860438e-05
2.252466301453393354e-05
2.256981241301193164e-05
2.257735038695230247e-05
2.261141237865216862e-05
2.267068378329603525e-05
2.268946071118730151e-05
2.274104798066898622e-05
2.279195682817209608e-05
2.281906641869725267e-05
2.286760055365880446e-05
2.291673087262717843e-05
2.293949712311447837e-05
2.296800406150268479e-05
2.298719565776517878e-05
2.306580928472184115e-05
2.310219790358358303e-05
2.313115416710078676e-05
2.316429541319196610e-05
2.317835624701794278e-05
2.322492484449909309e-05
2.327480482352351098e-05
2.334243263237897537e-05
2.337692552874738632e-05
2.341659565681348610e-05
2.342020958641286723e-05
2.344176574990741699e-05
2.351610876039100952e-05
2.354641950145735957e-05
2.357476991857569986e-05
2.358885516654766757e-05
2.360365939889284658e-05
2.369581446592936756e-05
2.373896488695646193e-05
2.374864338560647652e-05
2.377131312804777258e-05
2.385356191919142121e-05
2.387604656320601557e-05
2.392525338337796501e-05
2.395163876392709582e-05
2.397363217504173144e-05
2.403163007929338084e-05
2.405741300808982193e-05
2.412667496565350063e-05
2.413903457859511127e-05
2.415318800038872198e-05
2.421950814997519895e-05
2.424622474057795557e-05
2.430224657862524351e-05
2.432371251791389617e-05
2.438463155192651435e-05
2.441884589135509529e-05
2.447649521293127734e-05
2.455019744018648451e-05
2.456199892044375204e-05
2.460900543488666245e-05
2.462117555369934809e-05
2.466687357976653610e-05
2.470851881572801382e-05
2.473955793774046735e-05
2.476173211492688512e-05
2.479873745907392553e-05
2.485016929359617143e-05
2.490026592108223483e-05
2.496107824796832652e-05
2.499012777493034879e-05
2.504224782154467635e-05
2.507235678742804547e-05
2.511953835975092492e-05
2.518665023843920256e-05
2.523727595251307727e-05
2.526174257759539605e-05
2.530589746140201056e-05
2.533049692877401178e-05
2.536909377465046327e-05
2.542076924095009992e-05
2.544896226338367099e-05
2.549317712757885794e-05
2.552164117149293516e-05
2.556441758949048432e-05
2.563344752045406777e-05
2.564983719291348254e-05
2.568257528849798052e-05
2.575063632276653500e-05
2.577619183567906794e-05
2.577921843819196116e-05
2.585069623236664540e-05
2.591171309111029277e-05
2.596796988632891438e-05
2.601523712105330955e-05
2.601919472934970316e-05
2.606658375317905625e-05
2.612354272410965882e-05
2.614285626230917632e-05
2.616441621134817140e-05
2.623588050391788040e-05
2.627280239690152179e-05
2.631467154039439073e-05
2.633853657431765960e-05
2.636394894926618996e-05
2.639168566760219625e-05
2.642030109627825865e-05
2.647947649696469322e-05
2.654590210526973397e-05
2.658664159526645361e-05
2.659684112232448130e-05
2.662937162775821481e-05
2.667800853005826276e-05
2.671963277484524702e-05
2.678245284265089532e-05
2.682915026747003705e-05
2.683699356943802927e-05
2.688140034797044853e-05
2.692446996108101539e-05
2.695990105217527314e-05
2.697214079534107934e-05
2.701513550394442443e-05
2.707205056651439633e-05
2.717149622702005413e-05
2.718858273375973601e-05
2.727476048270716214e-05
2.728381441529389065e-05
2.736071188861927041e-05
2.739880943833639308e-05
2.741987680664032025e-05
2.744736647582127768e-05
2.754626662850605780e-05
2.757706005335712056e-05
2.762073108796247707e-05
2.765759419798757956e-05
2.768846683434360894e-05
2.770626235743497672e-05
2.774091342298973725e-05
2.776425369892009446e-05
2.783096836084723074e-05
2.787865417577624545e-05
2.791796524588315828e-05
2.795448647243012230e-05
2.800882063277678312e-05
2.802933832217196990e-05
2.806317231585436035e-05
2.813854405922347850e-05
2.817355515472193939e-05
2.819156832018218648e-05
2.828629574721017561e-05
2.833934193826726956e-05
2.835891053376724547e-05
2.839891350780542254e-05
2.844144364947703664e-05
2.846375547366597104e-05
2.849628042552824008e-05
2.854521159702339624e-05
2.862433597631840366e-05
2.865295078748289034e-05
2.867723009626357925e-05
2.877400210551864975e-05
2.880777083106996099e-05
2.882892054593947273e-05
2.889460548669842618e-05
2.893449533712627402e-05
2.898321973261652878e-05
2.901009935274661598e-05
2.901920086843310075e-05
2.912394808121381926e-05
2.914633527829092470e-05
2.920229747338203003e-05
2.922016404591186580e-05
2.928876612659722260e-05
2.931920490453483906e-05
2.942367585990151137e-05
2.944781334560780454e-05
2.947944530451834710e-05
2.955000619217786040e-05
2.956778117830449073e-05
2.959561277248945818e-05
2.964807221356973707e-05
2.969070069449439232e-05
2.971329901642539477e-05
2.975204632776570925e-05
2.983013668791667584e-05
2.983901055910249180e-05
2.989506106491145285e-05
2.992457746045769313e-05
2.997310584848492747e-05
3.000307604891436897e-05
3.004046411640863204e-05
3.011934975851650551e-05
3.014374458604100621e-05
3.018748694621895389e-05
3.026188011410377209e-05
3.030102774106050676e-05
3.033197686603408632e-05
3.038598225992599275e-05
3.042127938422539227e-05
3.050077842423138731e-05
3.053312338505052251e-05
3.056253241283199163e-05
3.063238370334898166e-05
3.066489425544681593e-05
3.069633353413271166e-05
3.073545701956509205e-05
3.076534614323649097e-05
3.086841979003629953e-05
3.087591672322131876e-05
3.095606885947931622e-05
3.097033625103657326e-05
3.104994775537975148e-05
3.109707102191983520e-05
3.114336325470657769e-05
3.118096121386046936e-05
3.122712769898549815e-05
3.130458284020495624e-05
3.135722920236027537e-05
3.136572286099748182e-05
3.142099223562354018e-05
3.147476773832442911e-05
3.156208533328294777e-05
3.158703527865972812e-05
3.161316506327216353e-05
3.165501980420964447e-05
3.167917500316528570e-05
3.173897230364670089e-05
3.177464036810601268e-05
3.185116851988964285e-05
3.192445164542386768e-05
3.194493165706324846e-05
3.198505470748044799e-05
3.199587777176154751e-05
3.204257770463040604e-05
3.214077173016816015e-05
3.219358980524075444e-05
3.221681461106265098e-05
3.231086624493626961e-05
3.234708180534606698e-05
3.237133386209070939e-05
3.239584320647133164e-05
3.242979493559184381e-05
3.250074212516420219e-05
3.251142647431175156e-05
3.256571539637063972e-05
3.260775044212336799e-05
3.275110326314488012e-05
3.276872594414275244e-05
3.280704826014781703e-05
3.281505679496986039e-05
3.289706831975525571e-05
3.290467237675520016e-05
3.298192755073718071e-05
3.304969718690631199e-05
3.312422231218901968e-05
3.315181752942486867e-05
3.317378746136982905e-05
3.321583225777293802e-05
3.331732230316669907e-05
3.338420740404659848e-05
3.342601995512480044e-05
3.347223804017748837e-05
3.349791046133723056e-05
3.365362237189327746e-05
3.366576348242802599e-05
3.371476950171620841e-05
3.373548756871654221e-05
3.376547484051009839e-05
3.380685940255677652e-05
3.384962812082336665e-05
3.388327317236230156e-05
3.394153616363221543e-05
3.397149235758930034e-05
3.404847978648904499e-05
3.411222840082880290e-05
3.415640913596997919e-05
3.424301466890114823e-05
3.430766304292036796e-05
3.432847488205325741e-05
3.436746880632638525e-05
3.441793807831936176e-05
3.449660687214521165e-05
3.451418135461290854e-05
3.455396348189098955e-05
3.461348198444107605e-05
3.470388051833043830e-05
3.472481093246203808e-05
3.475896652894831535e-05
3.481060112408471379e-05
3.488281200487863566e-05
3.492417995133789493e-05
3.495237513771740561e-05
3.503871669984262008e-05
3.507262463551927181e-05
3.508932897352620440e-05
3.522002589476057717e-05
3.527180874703687776e-05
3.528918156813862380e-05
3.529324577102081289e-05
3.535825154120423002e-05
3.539989331469210699e-05
3.547578716702915890e-05
3.551923555541293349e-05
3.557033611007375337e-05
3.561353739096412502e-05
3.568660921547007353e-05
3.575278218501137415e-05
3.582522131730468261e-05
3.587546952474515163e-05
3.592334146845103032e-05
3.597404158281280697e-05
3.604766084891790833e-05
3.611452468657446829e-05
3.615178788384127166e-05
3.617564324849990772e-05
3.623996852308524852e-05
3.629352186653921969e-05
3.635988134409913068e-05
3.637420672186259711e-05
3.640908860860929056e-05
3.649254558543520350e-05
3.652960320766131963e-05
3.665083597034791421e-05
3.667451173169290388e-05
3.675488093906382374e-05
3.676078870411274871e-05
3.680841904670677581e-05
3.683212518806913525e-05
3.690275538419451271e-05
3.692943234333978400e-05
3.702543333421274294e-05
3.705417916586877436e-05
3.709867609420216487e-05
3.717926625474555049e-05
3.724072406265368850e-05
3.725090189719989196e-05
3.734818170347030609e-05
3.739093268519774369e-05
3.745179368182868508e-05
3.752883444856735639e-05
3.762474048660220194e-05
3.763390753384175414e-05
3.770848538090441329e-05
3.774311822884111303e-05
3.778993720382702352e-05
3.783526601956978188e-05
3.788958269704639195e-05
3.791724982993620807e-05
3.804854514538578178e-05
3.807313647170022564e-05
3.818686213606559859e-05
3.823250055373349503e-05
3.825821269094319826e-05
3.830369227395693203e-05
3.835607912130862938e-05
3.843092225712665483e-05
3.845489621218898266e-05
3.847764750471139949e-05
3.851992749676284557e-05
3.858776732473557922e-05
3.868315307205766269e-05
3.871815619929857633e-05
3.882684041196942412e-05
3.889646763111085818e-05
3.893503277377339286e-05
3.897690908189057013e-05
3.904435349590789359e-05
3.910253379451135208e-05
3.913659017206667267e-05
3.915804689971091488e-05
3.924064294583257096e-05
3.932372791494989699e-05
3.941076563209809609e-05
3.947573712202150645e-05
3.952532999280203725e-05
3.959171972680128353e-05
3.962135032818266101e-05
3.973231856529900284e-05
3.977258502712384993e-05
3.980596507723409278e-05
3.988990531677632866e-05
3.990748780226665437e-05
3.996017616202157858e-05
4.000772001825675286e-05
4.005676109848521778e-05
4.012005741287098863e-05
4.019542743906057033e-05
4.023174946779414221e-05
4.030435323991372513e-05
4.039374114577089876e-05
4.045315746998883117e-05
4.049885606934394374e-05
4.060420741087733846e-05
4.063969175564480609e-05
4.070053891700202762e-05
4.071629699020482316e-05
4.073792806054069563e-05
4.089681243304322665e-05
4.095783544472825064e-05
4.099899665314413156e-05
4.106098421088502203e-05
4.109024739724788497e-05
4.114912387148823690e-05
4.120598047563434665e-05
4.126283750743711188e-05
4.134175584325871892e-05
4.136877173298215309e-05
4.141678474993999574e-05
4.145797005330641231e-05
4.157482393517164841e-05
4.165423388230190367e-05
4.169171404662792802e-05
4.174704537455763896e-05
4.185678793545838925e-05
4.189504468338988666e-05
4.191758245972277910e-05
4.198073744496085821e-05
4.199082851430640596e-05
4.214659398762788870e-05
4.221092319714145233e-05
4.224737871185366280e-05
4.229107772358277692e-05
4.237876250288734114e-05
4.239021320696950728e-05
4.244792329403136033e-05
4.252211778415099377e-05
4.259663002639711108e-05
4.260530082676654236e-05
4.265398712149850047e-05
4.270346501055610365e-05
4.273322552351210910e-05
4.277171712149832697e-05
4.284861752869975940e-05
4.299078126894699081e-05
4.305940127169178688e-05
4.314375549925718610e-05
4.316903728065245516e-05
4.319120278606719478e-05
4.323998460666103854e-05
4.334151684956805123e-05
4.341061218476662415e-05
4.343173836707926147e-05
4.348464132092863982e-05
4.352336791750777622e-05
4.352775479192398189e-05
4.364698247616753489e-05
4.367893860230246571e-05
4.379110912135994606e-05
4.384462477661584163e-05
4.388950086262428322e-05
4.394757518874717474e-05
4.397522854283237583e-05
4.406312932462595403e-05
4.411498869223788702e-05
4.416866732341022275e-05
4.425948724645369206e-05
4.428715855721915073e-05
4.433569111640981667e-05
4.444503058021300260e-05
4.449527052980976942e-05
4.459278703491235566e-05
4.464882656887798944e-05
4.469531620582436028e-05
4.474120481150516886e-05
4.481076814384518198e-05
4.486563702928716778e-05
4.492393836336607812e-05
4.500228397383870029e-05
4.510235298314996185e-05
4.517021707331686438e-05
4.517608590762468509e-05
4.530755116862675568e-05
4.533991103855187057e-05
4.544646544016121679e-05
4.551778983440920499e-05
4.552847248624750293e-05
4.556955394982672747e-05
4.565574047346096504e-05
4.569262164025420810e-05
4.578405955928785447e-05
4.584482027201874238e-05
4.591974589295522803e-05
4.600921076819497002e-05
4.607738558386449901e-05
4.617890131033693617e-05
4.624807903215386989e-05
4.628601149147735621e-05
4.645200845696822756e-05
4.654999072092525143e-05
4.661697654119960474e-05
4.664288542907707474e-05
4.671809620494893713e-05
4.677101975348344566e-05
4.682544117938673087e-05
4.686276989716001471e-05
4.689441968939213481e-05
4.702062651552610465e-05
4.705156581484280131e-05
4.709617256942944034e-05
4.718339221701809224e-05
4.724562716063557781e-05
4.736542821942245059e-05
4.740803118526198463e-05
4.747272027502497593e-05
4.755611053671446249e-05
4.768860206894795495e-05
4.770808436049369977e-05
4.777179944708670987e-05
4.783842087704175312e-05
4.795724486377834399e-05
4.798160850893212650e-05
4.804736755559581171e-05
4.810557117077748484e-05
4.813621556213814126e-05
4.821343206424748539e-05
4.823582783941184326e-05
4.832333349928303771e-05
4.838622858091113732e-05
4.845816255041060044e-05
4.855167368327379496e-05
4.860174431486414181e-05
4.867939613891606224e-05
4.877227956958336477e-05
4.881715441799902122e-05
4.895787992993593462e-05
4.899771157874169552e-05
4.907101626980205251e-05
4.914032549887223410e-05
4.922576858193488888e-05
4.924966944373809671e-05
4.934378112170087542e-05
4.940405341882979454e-05
4.948601144339847510e-05
4.957430430329684513e-05
4.962480933564609992e-05
4.965179736235079098e-05
4.969599869054078565e-05
4.982032976743774302e-05
4.984829178029927065e-05
4.989235446501205976e-05
4.999615018104543613e-05
5.006593001970912168e-05
5.016867015907077246e-05
5.035172146143005985e-05
5.044996863223403047e-05
5.053898988987097621e-05
5.064839166890636689e-05
5.067127600157821706e-05
5.073726783581939922e-05
5.082449719520701597e-05
5.092522743000450758e-05
5.094628080509627392e-05
5.100166063328074798e-05
5.109876269922895273e-05
5.111619260134938247e-05
5.125090236277503590e-05
5.135558915135171961e-05
5.139792398976159797e-05
5.146981370865546027e-05
5.150964950479278111e-05
5.164694438072095609e-05
5.166984834665289150e-05
5.177299934870361443e-05
5.186030913467894345e-05
5.186806549396840842e-05
5.192000314560185924e-05
5.203101765942685567e-05
5.215838423691971114e-05
5.216915914490766887e-05
5.223953530644389199e-05
5.227132292033441512e-05
5.240342262573715395e-05
5.243101010915417534e-05
5.248202156976170685e-05
5.254776406240244200e-05
5.264473431217728662e-05
5.277388313377557916e-05
5.286903354445818422e-05
5.297705667090597570e-05
5.310000198782150458e-05
5.310815819729552799e-05
5.313834687438235188e-05
5.331057657007522193e-05
5.334509539923527627e-05
5.341367430178958775e-05
5.354736918079392100e-05
5.366871677516495327e-05
5.368573283408573104e-05
5.378368372808683273e-05
5.388941502584529994e-05
5.394328650613863964e-05
5.407528925301809635e-05
5.411016580996573516e-05
5.419457720926718227e-05
5.428359659901815516e-05
5.433080593747453645e-05
5.436605368691700739e-05
5.442815872079580550e-05
5.461715440009331260e-05
5.464687950904896220e-05
5.469047510266680952e-05
5.480914406754329199e-05
5.494233769804157842e-05
5.500810635106002423e-05
5.507550926934477064e-05
5.519580078927329385e-05
5.525760717794428526e-05
5.531500979011366753e-05
5.544098142033908495e-05
5.548481315857826593e-05
5.554815315169421840e-05
5.562256357742210652e-05
5.566988446318125452e-05
5.575102460420080635e-05
5.587605536745537656e-05
5.595046387742738745e-05
5.598058989418058383e-05
5.599013426220362703e-05
5.608935087774216937e-05
5.616979933405560091e-05
5.623562318232244294e-05
5.632680636856883028e-05
5.640549783741858025e-05
5.653987768540337484e-05
5.661118604581895239e-05
5.673464455285847675e-05
5.683007327728424758e-05
5.684657259446999824e-05
5.696036638014766640e-05
5.716936451250508088e-05
5.727491450955255207e-05
5.728645883855990007e-05
5.743790159966651987e-05
5.750789309424965379e-05
5.756886452701771834e-05
5.765774941252511926e-05
5.773818643246086095e-05
5.784320222197993316e-05
5.790583338978239791e-05
5.801018243814823572e-05
5.803394357609079497e-05
5.819378542388219946e-05
5.834765992550317547e-05
5.838903934066282732e-05
5.846645135653245694e-05
5.852993542449640862e-05
5.863825409297081551e-05
5.868620725020838244e-05
5.878789971947381452e-05
5.892387574295602191e-05
5.904901727474784511e-05
5.911158599971956437e-05
5.912347812113437541e-05
5.933757778235205073e-05
5.937163260832262359e-05
5.941464716373077808e-05
5.958835308926147548e-05
5.965213857557065966e-05
5.971690311885190808e-05
5.982159152937600052e-05
5.992529187283746961e-05
5.996337962872151986e-05
6.002459879191865037e-05
6.017305994063902862e-05
6.022980792412597931e-05
6.033539266817744421e-05
6.045151809297621612e-05
6.054855657024338112e-05
6.055688378120121086e-05
6.068421719577340778e-05
6.083818586597894180e-05
6.086643965010261567e-05
6.102474897826165096e-05
6.105350671536419356e-05
6.127418068710577682e-05
6.136971881828961486e-05
6.147101254725104754e-05
6.158968457760779982e-05
6.165720411781856357e-05
6.174206856529500871e-05
6.182534820238215511e-05
6.187855850757923446e-05
6.192554656227655836e-05
6.204278369740727592e-05
6.211512386854307845e-05
6.220399941561421866e-05
6.227959815293583764e-05
6.235614040107245216e-05
6.237886202384384474e-05
6.248794980268126118e-05
6.272819278622068946e-05
6.276310370825825781e-05
6.292539857260556855e-05
6.295973574168708899e-05
6.305439299099950730e-05
6.308961003710929325e-05
6.326192214553648786e-05
6.333023723571049230e-05
6.354912101184111595e-05
6.359576094467804053e-05
6.377840600455320411e-05
6.389726205290452421e-05
6.394572742624951068e-05
6.415219187354480833e-05
6.421894211257515536e-05
6.427535317091458188e-05
6.446884206816863225e-05
6.451736882130846087e-05
6.466772097113702197e-05
6.469008466502566064e-05
6.479638959380207839e-05
6.490625383552030281e-05
6.510029167867738286e-05
6.514256338039278705e-05
6.527392367371001103e-05
6.534881396591008006e-05
6.549674952535123327e-05
6.562225517138790159e-05
6.566885925112395605e-05
6.575035484888855320e-05
6.582663774668444454e-05
6.597557340089381449e-05
6.606061835866879495e-05
6.615197944583889745e-05
6.628277274339868820e-05
6.638424588994373484e-05
6.661360973815153746e-05
6.665087928789483515e-05
6.667061786736357923e-05
6.681129603844439030e-05
6.683751929990911520e-05
6.700932369463389021e-05
6.713947147887846286e-05
6.721366012011312132e-05
6.745218649271224115e-05
6.754976893002204456e-05
6.759305482956486717e-05
6.773503037907413536e-05
6.780647662842490041e-05
6.796280709228944212e-05
6.811002091007472095e-05
6.821456435722374895e-05
6.833723425211098797e-05
6.849176930574495397e-05
6.857042918519957563e-05
6.872350218007071973e-05
6.880236513762728347e-05
6.882658749558647566e-05
6.898409713270387347e-05
6.911096599008583494e-05
6.914201912250415426e-05
6.932384997959368069e-05
6.937157685257044144e-05
6.947498842965867062e-05
6.975945804660160495e-05
6.987536648495175178e-05
6.989876806513174614e-05
7.007921003262251056e-05
7.014081959166255237e-05
7.029834324905465104e-05
7.043510999002395082e-05
7.054606875982065743e-05
7.060912171080350542e-05
7.069955853837965880e-05
7.075708547394965508e-05
7.093623441884526980e-05
7.095120438603799338e-05
7.119572897961195699e-05
7.126730620535118906e-05
7.139106026475891672e-05
7.159944294281845429e-05
7.163865827044143240e-05
7.178360244313545797e-05
7.183552521952735377e-05
7.197743844220076377e-05
7.208242654440260081e-05
7.223108616844636787e-05
7.228140744624962633e-05
7.241193301175668921e-05
7.254038583171860499e-05
7.258995940941484796e-05
7.273419681447690528e-05
7.279602526292534978e-05
7.297333740294142262e-05
7.304779256858468970e-05
7.321307801050043560e-05
7.335391294488330664e-05
7.349439886811613275e-05
7.361809106137244421e-05
7.372825715693806037e-05
7.380795014384898165e-05
7.407630959542907325e-05
7.415472437711134908e-05
7.424863660769890001e-05
7.429098954343377463e-05
7.456093129548965043e-05
7.470277285791030971e-05
7.484433667673536330e-05
7.493254386387000277e-05
7.509417456286388882e-05
7.514588205340526372e-05
7.531035455893088956e-05
7.545835753344862923e-05
7.556750547999624239e-05
7.560540878789732315e-05
7.571000252743846886e-05
7.597612804714720485e-05
7.606054835758312334e-05
7.614350014924877775e-05
7.629078898459041886e-05
7.645466311455939394e-05
7.659774362833849770e-05
7.670824121058415161e-05
7.681029400543970900e-05
7.684189531698700328e-05
7.694459076474037724e-05
7.716867002110041392e-05
7.731397259359643612e-05
7.744749626184253854e-05
7.754219702839313679e-05
7.766056585969814035e-05
7.779637068645779165e-05
7.801782354539272396e-05
7.808634149477868729e-05
7.814255539123651198e-05
7.835164852048320122e-05
7.838952142738528947e-05
7.857782130718899631e-05
7.866726754846633000e-05
7.872428123973705216e-05
7.909363096964027503e-05
7.910708737437805067e-05
7.930447015317817409e-05
7.947064495486042923e-05
7.950089051187420974e-05
7.973592742973941859e-05
7.988061465368772999e-05
8.005808896417754858e-05
8.032973835341803434e-05
8.046188282035383562e-05
8.054509751582178824e-05
8.072982660357395208e-05
8.092248024881878966e-05
8.102513042555246968e-05
8.117964160015638897e-05
8.127369340065615380e-05
8.143219946785591756e-05
8.158346499693229742e-05
8.176369660725867582e-05
8.189958472992685495e-05
8.207528219105427228e-05
8.220542398207647419e-05
8.230630385708696058e-05
8.259594507506873155e-05
8.276154811990553168e-05
8.280574671819167861e-05
8.299842752097326079e-05
8.312474999323061836e-05
8.336165472019714203e-05
8.338695050371190264e-05
8.358911877307732656e-05
8.370431411719428849e-05
8.391954982519122944e-05
8.396004892302021919e-05
8.420344700353956378e-05
8.429223881223222225e-05
8.437873576551638169e-05
8.457445104931064718e-05
8.481634121755328578e-05
8.497222631675183698e-05
8.508284214350787897e-05
8.522821752496509960e-05
8.541661644750694221e-05
8.555600172080261021e-05
8.570001075929641748e-05
8.577872795285308477e-05
8.598707793431607988e-05
8.625728427926089570e-05
8.643440398316329365e-05
8.670051798138047802e-05
8.682425015081203230e-05
8.706496426103755887e-05
8.709390873621331432e-05
8.737122936563373240e-05
8.741885453424895361e-05
8.772070923220980651e-05
8.798218595515672159e-05
8.801875827332926851e-05
8.833024291557379452e-05
8.838396136410848916e-05
8.861330653134044460e-05
8.880337746758152088e-05
8.908976849630337801e-05
8.922333886552304019e-05
8.927054748488398399e-05
8.962248196136265511e-05
8.975417328220738477e-05
8.995759595892160901e-05
9.003479886967135476e-05
9.015954580584365212e-05
9.034062748839826991e-05
9.045995409119707493e-05
9.072191215216150251e-05
9.113669350891238235e-05
9.137185318263282244e-05
9.138286001993641060e-05
9.147475911112473409e-05
9.177936852638596537e-05
9.192249737713195808e-05
9.236967752899840950e-05
9.247033864742555925e-05
9.253850772364624827e-05
9.271299613199110510e-05
9.285715974165086484e-05
9.314704738929841237e-05
9.334319459963559041e-05
9.357308397267446965e-05
9.367203837892801310e-05
9.412496407245242588e-05
9.434338551556146471e-05
9.456160729191066599e-05
9.460076485010039118e-05
9.492322939070900933e-05
9.503670686035813151e-05
9.532101300397260470e-05
9.556993161108937127e-05
9.567262509078528724e-05
9.590318294276754948e-05
9.602825181909173868e-05
9.662050229870407475e-05
9.669692424095380039e-05
9.694925364704074519e-05
9.700095809950186180e-05
9.710804935267424289e-05
9.730819739351143224e-05
9.798805855248139674e-05
9.801250375047060044e-05
9.815176661804832833e-05
9.825072594223434742e-05
9.872644814412866166e-05
9.891699586014338563e-05
9.915288673515771549e-05
9.952576200324986667e-05
9.988278684790515428e-05
1.001045191787394310e-04
1.001785066783647261e-04
1.003834708591839499e-04
1.005807476097755350e-04
1.013605571133097816e-04
1.014790145390430333e-04
1.016775843013568601e-04
1.019678149292769408e-04
1.023165152843581656e-04
1.026898688118049892e-04
1.028111889024844501e-04
1.029422987237970055e-04
1.033229041864886866e-04
1.034503156645425538e-04
1.039551288603142952e-04
1.042138399541661301e-04
1.042795968137339536e-04
1.049991987731877852e-04
1.051189381542804222e-04
1.053683135660735766e-04
1.059023032960073853e-04
1.059980908027174338e-04
1.063246157717778132e-04
1.065877360424354303e-04
1.069091526146979677e-04
1.071603502778952416e-04
1.073323320675210178e-04
1.079978502704058305e-04
1.083429638337597391e-04
1.086025029791146856e-04
1.087543132562412008e-04
1.091653150572021450e-04
1.094371643350184421e-04
1.097693489476823123e-04
1.101154544180205043e-04
1.103893675948130310e-04
1.110002603013022018e-04
1.111951867682822042e-04
1.119943538850028028e-04
1.121406016502449177e-04
1.122651189926809938e-04
1.124000091172129063e-04
1.125741742721767235e-04
1.135843844012827524e-04
1.138286075406999537e-04
1.142993916580806125e-04
1.144517268575141923e-04
1.147626313126568246e-04
1.151533436109461608e-04
1.154467215747929644e-04
1.165086749073515664e-04
1.165363504729902529e-04
1.167572573226069145e-04
1.176576208727971734e-04
1.180771929635621631e-04
1.186519067481373626e-04
1.189421165682841194e-04
1.193318484796440204e-04
1.196280695435797712e-04
1.200409151721771315e-04
1.205687632479797260e-04
1.207973360783495462e-04
1.218628758769057732e-04
1.220462680663950535e-04
1.224850484196924943e-04
1.226881222646810472e-04
1.229591638038236270e-04
1.235595080642764687e-04
1.241788064101857682e-04
1.252997988662199957e-04
1.255996621585700826e-04
1.257903201176749353e-04
1.260367649543188526e-04
1.269555638121440194e-04
1.273956173644177079e-04
1.281986846852042796e-04
1.292483982301502650e-04
1.296216395055715834e-04
1.303289599205516595e-04
1.305524876323427416e-04
1.315648152061380026e-04
1.320480937409417737e-04
1.326304987163195797e-04
1.330189260764558289e-04
1.334412069282362497e-04
1.346763786155402828e-04
1.355643621538694119e-04
1.360779128066472361e-04
1.365093322966494155e-04
1.372370519928727765e-04
1.379594825954817499e-04
1.384659306675698072e-04
1.398863019468343251e-04
1.405883042694074971e-04
1.417875527693546384e-04
1.442478320580371787e-04
1.457183365895321824e-04
1.462411150517208881e-04
1.474516084563585344e-04
1.490415212872756999e-04
1.585442078646095499e-04
3.674291678572300232e-04
