-2.213940611250845216e-05
-2.202232688727323150e-05
-2.150245752162640450e-05
-2.145470926242900578e-05
-2.099952653097837701e-05
-2.063969135382259966e-05
-2.036827933201649710e-05
-2.022951128320339250e-05
-2.007201787221740190e-05
-1.990118715172705985e-05
-1.975121932568520180e-05
-1.951486690988477954e-05
-1.932321496965512186e-05
-1.922583664656311170e-05
-1.897255519445349819e-05
-1.888724980451025859e-05
-1.875094591643624190e-05
-1.868820680607936654e-05
-1.848971153452491891e-05
-1.831968716558331098e-05
-1.814513294196673404e-05
-1.799716450534620155e-05
-1.790750812245169355e-05
-1.774567611458685381e-05
-1.763707120516455111e-05
-1.744263814239987426e-05
-1.731160902735082264e-05
-1.726234652917045225e-05
-1.710550697230130767e-05
-1.701560281643914617e-05
-1.694145528166302289e-05
-1.676683642511098124e-05
-1.662000055086727089e-05
-1.650986359811085330e-05
-1.643917137426130861e-05
-1.629888414175877030e-05
-1.622032741649289851e-05
-1.608743014578708916e-05
-1.590176111528966200e-05
-1.579394779659072908e-05
-1.571204582068102493e-05
-1.557299326275046964e-05
-1.534947151308833416e-05
-1.526713745156685342e-05
-1.521818894683758913e-05
-1.496186135542635102e-05
-1.491251160621054350e-05
-1.483764095014180150e-05
-1.477517824567074270e-05
-1.472727861792888878e-05
-1.465891653800904463e-05
-1.449975210478826535e-05
-1.446265520774922803e-05
-1.437855212850851015e-05
-1.425538542349463684e-05
-1.419723302789653254e-05
-1.403161253989814070e-05
-1.399377512372899576e-05
-1.390692613084894504e-05
-1.375052272290360791e-05
-1.367351789975648624e-05
-1.356895516430702446e-05
-1.350110262151640240e-05
-1.341451009665629748e-05
-1.336423896794687049e-05
-1.325430270487796061e-05
-1.317140806571799059e-05
-1.308637388284408071e-05
-1.300992811837135055e-05
-1.286617064446034417e-05
-1.283823403059544823e-05
-1.273552256760717830e-05
-1.264914762912397135e-05
-1.253353132047631929e-05
-1.229627219110131693e-05
-1.223310978368805359e-05
-1.216686329637970897e-05
-1.205839257541498462e-05
-1.205199038125561816e-05
-1.195963082437045052e-05
-1.191859711010213313e-05
-1.183926129029641268e-05
-1.171358065348480860e-05
-1.167042464785015621e-05
-1.164950681133770214e-05
-1.156139330249758317e-05
-1.152517994489739952e-05
-1.139291053751190543e-05
-1.136591424602393895e-05
-1.124780086956661823e-05
-1.119995671355528888e-05
-1.109772030869326856e-05
-1.108197617088652639e-05
-1.100385742146982909e-05
-1.095149064007103390e-05
-1.088424892463597259e-05
-1.086200902933246464e-05
-1.081344328041189346e-05
-1.073899474815112764e-05
-1.066393204022325062e-05
-1.060432821670350419e-05
-1.057142660360520182e-05
-1.046710386729493080e-05
-1.043840158403620781e-05
-1.036688126574419713e-05
-1.029423426073415122e-05
-1.014224230094820996e-05
-1.010737994029153907e-05
-1.002688057061000021e-05
-1.000297040393177445e-05
-9.892026407021684977e-06
-9.853702512295938910e-06
-9.841101527190018955e-06
-9.767618856681857376e-06
-9.665934094885912897e-06
-9.616811600287342930e-06
-9.582560740502986637e-06
-9.526141390771357913e-06
-9.487810484752517143e-06
-9.433586114447745013e-06
-9.355083243699332320e-06
-9.303481496226182948e-06
-9.243689113369997446e-06
-9.203888686075407024e-06
-9.160583439145424304e-06
-9.023542244017380707e-06
-9.013117844723356057e-06
-8.944591130911497761e-06
-8.890558435448073810e-06
-8.852903860464175328e-06
-8.783677196754622647e-06
-8.716273816653828731e-06
-8.676106509037463031e-06
-8.610740831327011449e-06
-8.582379040981891999e-06
-8.501947225362301792e-06
-8.465265746542660253e-06
-8.373983468288702240e-06
-8.327863706904697869e-06
-8.302456064284986347e-06
-8.300778249712209423e-06
-8.194002445960465165e-06
-8.164090148760493019e-06
-8.099691847854626915e-06
-8.051975469386230086e-06
-8.009341438945648216e-06
-7.935865025638707082e-06
-7.868038558739771677e-06
-7.824074204052704293e-06
-7.772073731344735832e-06
-7.698702256563140758e-06
-7.664124214355345549e-06
-7.605487946532547791e-06
-7.591701866020934715e-06
-7.531562777324465280e-06
-7.505619808985127736e-06
-7.448672424251990885e-06
-7.389886392011516202e-06
-7.350694982440401645e-06
-7.304252459981520724e-06
-7.225309530258018664e-06
-7.208698356476940194e-06
-7.157081512344586033e-06
-7.136312929883198256e-06
-7.108485857617657743e-06
-7.041361119085781705e-06
-7.017447204449389582e-06
-6.986701625428838196e-06
-6.924825062865518413e-06
-6.863138429689676193e-06
-6.837944414750965609e-06
-6.752694687952555095e-06
-6.719367560500990817e-06
-6.688746833079252601e-06
-6.644929938615205613e-06
-6.599938654596007896e-06
-6.572700966599614719e-06
-6.568159410673070165e-06
-6.522905383457853908e-06
-6.456610397513637035e-06
-6.405691993879296007e-06
-6.375269751869628227e-06
-6.328566350362411488e-06
-6.295523833326296218e-06
-6.267430213227913410e-06
-6.179920535917856298e-06
-6.100492248982382159e-06
-6.091712499414584694e-06
-6.087125668344352842e-06
-6.053505105672439901e-06
-6.006480215817687406e-06
-5.979568507358808767e-06
-5.929718812409551660e-06
-5.885372675233168365e-06
-5.820502479606488931e-06
-5.804091868347684771e-06
-5.706918947238894377e-06
-5.691812656584404066e-06
-5.653626730640236357e-06
-5.609446345077296742e-06
-5.573282690104788310e-06
-5.534524065835577315e-06
-5.509373216436091914e-06
-5.476442750853814351e-06
-5.434767845934564668e-06
-5.395532271513746778e-06
-5.359374299019183533e-06
-5.323461553010513075e-06
-5.245932852230973378e-06
-5.206426389150316735e-06
-5.182091684856644036e-06
-5.146543871913986017e-06
-5.139187780658778177e-06
-5.100536892059131489e-06
-5.032069807033910880e-06
-4.943639981860403852e-06
-4.936691723561401830e-06
-4.891335565141429326e-06
-4.862839023462856121e-06
-4.815237623461731077e-06
-4.786603576106542658e-06
-4.760246581282372897e-06
-4.717792693297882459e-06
-4.684260347215276421e-06
-4.651095745035064995e-06
-4.603804210567230539e-06
-4.549173201340140568e-06
-4.508704379860165799e-06
-4.495286977970689229e-06
-4.444909824036964153e-06
-4.436418328061169318e-06
-4.359786812648530963e-06
-4.336466580999732878e-06
-4.300737000814311779e-06
-4.272735043135307519e-06
-4.246024522412132667e-06
-4.206011579614916927e-06
-4.190652022750372284e-06
-4.153660019406930359e-06
-4.088649398812554426e-06
-4.030962044955678463e-06
-3.985834502147815749e-06
-3.964831372888130577e-06
-3.935559611684249503e-06
-3.896551028696536274e-06
-3.843031847224727475e-06
-3.818717093677602245e-06
-3.800460917414564047e-06
-3.738735553457902194e-06
-3.725960007495639919e-06
-3.684929773546935077e-06
-3.649743747238078042e-06
-3.621505286508061672e-06
-3.568033282638986199e-06
-3.552938740335335929e-06
-3.504828844955564880e-06
-3.497311744185489834e-06
-3.479645867255839681e-06
-3.435135998163520851e-06
-3.418453458279832910e-06
-3.390431175214379255e-06
-3.352092276812692530e-06
-3.337905971248604176e-06
-3.291124995570662891e-06
-3.213379008870732605e-06
-3.205375959094071882e-06
-3.176247256318582302e-06
-3.130045435217173593e-06
-3.117050213072245036e-06
-3.091015877366490854e-06
-3.055886380839726838e-06
-3.024382974747242800e-06
-2.993985326442233754e-06
-2.955328890875291109e-06
-2.944804529151317747e-06
-2.893730449623210155e-06
-2.876055432088631820e-06
-2.825530474822634688e-06
-2.807049247865304719e-06
-2.796347456577264394e-06
-2.750359160198755053e-06
-2.736828211631158288e-06
-2.679114126862175883e-06
-2.652275523021462375e-06
-2.643342909255518363e-06
-2.616362114159833055e-06
-2.580459758263013506e-06
-2.518741702467478324e-06
-2.510407002279125648e-06
-2.476662043163343524e-06
-2.459750650800260703e-06
-2.426052024351810879e-06
-2.398696902285364544e-06
-2.363564485762648494e-06
-2.337579645830197354e-06
-2.309129826616764535e-06
-2.307297815311673114e-06
-2.287535793954064712e-06
-2.250593317866502317e-06
-2.239519001691394569e-06
-2.195759559694037361e-06
-2.151503849761157308e-06
-2.128843659179491292e-06
-2.083971487361398346e-06
-2.049180994178886677e-06
-2.036278149283911179e-06
-2.022581191780459945e-06
-1.987162930854611565e-06
-1.977937978149500957e-06
-1.939736882258590684e-06
-1.904240384680410211e-06
-1.857080503045180395e-06
-1.812329290995919471e-06
-1.807271320338453805e-06
-1.787103282969817204e-06
-1.770759617030613672e-06
-1.724527836020127550e-06
-1.687061703668225355e-06
-1.683675107922148343e-06
-1.646486353808310175e-06
-1.615917614289560338e-06
-1.600200380238102071e-06
-1.594440579794253753e-06
-1.537635679519672334e-06
-1.532574813295827693e-06
-1.526888008701731496e-06
-1.471175857136620672e-06
-1.468026223990169559e-06
-1.427759499950271285e-06
-1.420177585464947902e-06
-1.388532961089453615e-06
-1.364954328258302042e-06
-1.327590909157001322e-06
-1.286416218314906779e-06
-1.267784590475945234e-06
-1.261768502787691745e-06
-1.249043549568988800e-06
-1.211994133026831462e-06
-1.156517404310277157e-06
-1.119187664842420801e-06
-1.095451035763499274e-06
-1.070396374893102571e-06
-1.051735426861586877e-06
-1.031706874673315762e-06
-1.022840108212072473e-06
-9.954052207972590836e-07
-9.406871792251383121e-07
-9.077655043931589497e-07
-8.926873313556313766e-07
-8.882436892497726582e-07
-8.771737467298206293e-07
-8.512587304271979032e-07
-8.136015095199854803e-07
-7.812246484498789740e-07
-7.624113668954471679e-07
-7.591103277988128912e-07
-7.510085769645258095e-07
-7.169573467246720931e-07
-6.912503525632368402e-07
-6.751183795538038745e-07
-6.531562962803340415e-07
-6.123535181917127824e-07
-5.902746189731501450e-07
-5.697344520077407793e-07
-5.417068873041528373e-07
-5.155830702370011762e-07
-4.935183210473834322e-07
-4.730085142127534818e-07
-4.218500811729466692e-07
-4.176809615106517163e-07
-3.938863993898784152e-07
-3.706432556827548156e-07
-3.424776842689297279e-07
-3.399797222593766838e-07
-3.087745789591667306e-07
-2.938013698154055708e-07
-2.560844879729724777e-07
-2.337015650223139390e-07
-2.053933047863590864e-07
-1.850006905252694998e-07
-1.585330934751316976e-07
-1.411643175245755952e-07
-9.745955929803389161e-08
-7.433037970880569643e-08
-5.995241273683255005e-08
-3.203708544402170686e-08
-6.924866146366812963e-09
0.000000000000000000e+00
2.780345255447053936e-08
4.452939366489453686e-08
8.855225043486858593e-08
1.118431277638764026e-07
1.244033699129246403e-07
1.466981889957885308e-07
1.511618630559517869e-07
1.807573585217264864e-07
2.300554524316700421e-07
2.360112003444774131e-07
2.400394130216698678e-07
2.625838067912077602e-07
2.837695711869284567e-07
3.066462964870342238e-07
3.182754077651218737e-07
3.677766939358382602e-07
3.697799297091436336e-07
3.871891751998164354e-07
3.992542028143883780e-07
4.299034314665541747e-07
4.429878135889478639e-07
4.734393264062119344e-07
5.314634599166765486e-07
5.371283535162727758e-07
5.683887600453943200e-07
5.865973474569302655e-07
5.995991712321672900e-07
6.222006867972835258e-07
6.382631452703735776e-07
6.770943286232519380e-07
7.217960356667119493e-07
7.264265366545594881e-07
7.408723421231478056e-07
7.798386649682149844e-07
7.945483219174434363e-07
8.103378380337105691e-07
8.590200009764791414e-07
8.878377146477154081e-07
9.176772091346344405e-07
9.220058220418373599e-07
9.461654662427614679e-07
9.588257344938365140e-07
9.816805182812711730e-07
9.975369849352210305e-07
1.034768462953503480e-06
1.059775307012305589e-06
1.087869346378149359e-06
1.111160003289397610e-06
1.157998170315973464e-06
1.166799745541310613e-06
1.205788044711141756e-06
1.216543380435541951e-06
1.235758677508413118e-06
1.249570620221563078e-06
1.297516793507414982e-06
1.328180870194541768e-06
1.353939917498580880e-06
1.379192903653821184e-06
1.437680860758966339e-06
1.442096083540939600e-06
1.447067831799527707e-06
1.478825594631573620e-06
1.524445725084627829e-06
1.548720433730381472e-06
1.565455965935452087e-06
1.602957896834370750e-06
1.609529363980191297e-06
1.640119302928873596e-06
1.670028747289386147e-06
1.698231044245372590e-06
1.713363624114101851e-06
1.732343331089782183e-06
1.770308012138635010e-06
1.782553956685835312e-06
1.821466347005303751e-06
1.857740933662044294e-06
1.890824816086721549e-06
1.914753875562365440e-06
1.944750727104423582e-06
1.964719417675793838e-06
1.988046165302838342e-06
2.005099049222733156e-06
2.038722751438797485e-06
2.081614928733830434e-06
2.099673094177820175e-06
2.157871637170791536e-06
2.165986387860640060e-06
2.196422735870694222e-06
2.221477781726658139e-06
2.237595974083074853e-06
2.247584516070526964e-06
2.285825009466168158e-06
2.336419071257016926e-06
2.386908505911557171e-06
2.402596878848992119e-06
2.413969875703108265e-06
2.474682650870470090e-06
2.497776438716065890e-06
2.499349820008914842e-06
2.526659061111962856e-06
2.548457322834297613e-06
2.578503224388324170e-06
2.620122903124586140e-06
2.644534522443186613e-06
2.692918869670984590e-06
2.729158303786250816e-06
2.769010586573113661e-06
2.799261465166895038e-06
2.812692155836587553e-06
2.825863605609298249e-06
2.836138458972492293e-06
2.865707326965740424e-06
2.934521742327596254e-06
2.951776581902192068e-06
2.968243428458053610e-06
3.005047706919277733e-06
3.028391954063517646e-06
3.071035483760960823e-06
3.082765100913261159e-06
3.122151270929190898e-06
3.159197818614893925e-06
3.184652208492639062e-06
3.194841133040211533e-06
3.222601087205973098e-06
3.256178212453434528e-06
3.299064482615092041e-06
3.333853141187066085e-06
3.350843576884322575e-06
3.402367559081423562e-06
3.417136793239029546e-06
3.454855136045698320e-06
3.473464572732082626e-06
3.533018395159740477e-06
3.576057827265066639e-06
3.583604280192018289e-06
3.646512382299299904e-06
3.675814822550742311e-06
3.684134668911563717e-06
3.734278759648707915e-06
3.750955424176083581e-06
3.772904336732116379e-06
3.807953219348645569e-06
3.851373799690421233e-06
3.899082290396679499e-06
3.932135706487917810e-06
3.986727902372979184e-06
3.995757498644072541e-06
4.033912177324219705e-06
4.050760300444754786e-06
4.088737224720207398e-06
4.115603061956658512e-06
4.173637686131829521e-06
4.233842502783004280e-06
4.246928530151065673e-06
4.271559850756827056e-06
4.298402862583896030e-06
4.377604192819054797e-06
4.402147980427407472e-06
4.432546997289822946e-06
4.482686544690697536e-06
4.510131594420132860e-06
4.533466112628591390e-06
4.556582165823248389e-06
4.611525110686648580e-06
4.623459657859770155e-06
4.681147209596763933e-06
4.729341649003684986e-06
4.745026659169496934e-06
4.759785529051215915e-06
4.855216411428085408e-06
4.884012954480124889e-06
4.912928436018575676e-06
4.949528499856223194e-06
4.971569650071746009e-06
5.000045608382770634e-06
5.044885951831881370e-06
5.078672857736247260e-06
5.132739119840086564e-06
5.145113507806234820e-06
5.210092398973237521e-06
5.249602882536577342e-06
5.273211164974446206e-06
5.314646026530596471e-06
5.402664697470498120e-06
5.426555165956427833e-06
5.461436088252089251e-06
5.498252034244495011e-06
5.556591312201692219e-06
5.581858393857176196e-06
5.600459769250347429e-06
5.635019228237887637e-06
5.688267897558912296e-06
5.799806453277616262e-06
5.808976547301670296e-06
5.883502488000431353e-06
5.919689367138652852e-06
5.962693436436253317e-06
6.001525559037201811e-06
6.035192630453431127e-06
6.045418615386660420e-06
6.084272361344649588e-06
6.094242529929265061e-06
6.142381891273613141e-06
6.204270568139744347e-06
6.254349852276338977e-06
6.299940440897740335e-06
6.329480878406224731e-06
6.364246132228853943e-06
6.434055712340192373e-06
6.476068012941268045e-06
6.498106121345646361e-06
6.547922256461992809e-06
6.590948437528522429e-06
6.664241323547565030e-06
6.701241097425822733e-06
6.711526100572879987e-06
6.758167097135904229e-06
6.828905801682469835e-06
6.863538003328518675e-06
6.908258933101673172e-06
6.934874949653551093e-06
6.994523028887770792e-06
7.025812159436693224e-06
7.092333277447485981e-06
7.178198493867440176e-06
7.195406143760723373e-06
7.227464128958261231e-06
7.246677302794347118e-06
7.348167653256958970e-06
7.418972750506968776e-06
7.443113580745165025e-06
7.472947692909177905e-06
7.516030527707767181e-06
7.567297270531560610e-06
7.600843004784858894e-06
7.611179189712195329e-06
7.724466942140333084e-06
7.779799377949873969e-06
7.878284694614369284e-06
7.902504001551651115e-06
7.923791257269319416e-06
8.011814711538172332e-06
8.047362389428665654e-06
8.094231081261878794e-06
8.184347770433463180e-06
8.203761154250960224e-06
8.242591655339728379e-06
8.267737773227204059e-06
8.342267558274715653e-06
8.408230833964947302e-06
8.430918492658150305e-06
8.484141716718670960e-06
8.553655679087456787e-06
8.585173072428753811e-06
8.692770104168525666e-06
8.728501802184774228e-06
8.772107612799644337e-06
8.794220951289551322e-06
8.868882159115066131e-06
8.894692448958674717e-06
9.003150019504257035e-06
9.058278172739819083e-06
9.120261376587795362e-06
9.178599939648881002e-06
9.210742750288568911e-06
9.298507741118573620e-06
9.351528495300649138e-06
9.392881369280102745e-06
9.453579003574317735e-06
9.493932289322641187e-06
9.544994268754215976e-06
9.634711927491813603e-06
9.738924163914571680e-06
9.764276261200542691e-06
9.837458406786163824e-06
9.875124210550849301e-06
9.947392000424884042e-06
1.003617534752345469e-05
1.008756214794990743e-05
1.011782134364761678e-05
1.018373675548627572e-05
1.031057496256652150e-05
1.035655230831103503e-05
1.039596411166361136e-05
1.049821075626081349e-05
1.054921793384755502e-05
1.063805466045535148e-05
1.066471974226718593e-05
1.072061141449192752e-05
1.079962936472527039e-05
1.082012901207708652e-05
1.097591684147195725e-05
1.109490741302817482e-05
1.111941363379348819e-05
1.120183979153152342e-05
1.124434992581332761e-05
1.129308146394061454e-05
1.138840116569577741e-05
1.149168747873035513e-05
1.154130635777623287e-05
1.169296046602196955e-05
1.173026963553538519e-05
1.175268666304330344e-05
1.184508322403687009e-05
1.189027316958375634e-05
1.198578592100836503e-05
1.203159499259164295e-05
1.214454874756294768e-05
1.216347788888812160e-05
1.233725669448439469e-05
1.243906404723741885e-05
1.250673436442346033e-05
1.257305210831525663e-05
1.264869169275709039e-05
1.270850339808722513e-05
1.279633468253378663e-05
1.285434489975929667e-05
1.297007304796527608e-05
1.301722919018083886e-05
1.308516889382673742e-05
1.316563216380920667e-05
1.330926081522784301e-05
1.336472486759748076e-05
1.348667057945721322e-05
1.360699023070126265e-05
1.366933895763101361e-05
1.371641003652098123e-05
1.382729017221245034e-05
1.390516786253242031e-05
1.408649946452411551e-05
1.417369291199486957e-05
1.428908775785030469e-05
1.433159852832978538e-05
1.446149802673873786e-05
1.458572113846893203e-05
1.461804084578834150e-05
1.469969807828978359e-05
1.477150824291908240e-05
1.486901846631000657e-05
1.502372322141710538e-05
1.509010917629919913e-05
1.521227923485724973e-05
1.527615158551222325e-05
1.533672150737639374e-05
1.545032527247645719e-05
1.554352838520451724e-05
1.568708717390960504e-05
1.576796693931621697e-05
1.609447930927495709e-05
1.610256744373141332e-05
1.618719033402345062e-05
1.622344525956322559e-05
1.639810964232625570e-05
1.653174243058277604e-05
1.665557647252739027e-05
1.674680312789668805e-05
1.697333576988189452e-05
1.709254947573876884e-05
1.732542472825091920e-05
1.739622245191064576e-05
1.750077723859738441e-05
1.762255767746025330e-05
1.773890537261549661e-05
1.786625760983523569e-05
1.789946275886832662e-05
1.802158134056961868e-05
1.822566279022811927e-05
1.831032278510268560e-05
1.837216914926626549e-05
1.842816402854156361e-05
1.868711926211878195e-05
1.887019795810622702e-05
1.914137925885400250e-05
1.930085500968606270e-05
1.943400562162116371e-05
1.969745033471478180e-05
1.987498791201159552e-05
1.996468796536139667e-05
2.028071574404590919e-05
2.041128814217169115e-05
2.065273670822874826e-05
2.087299989176587069e-05
2.104605552364561242e-05
2.135243064518651157e-05
2.189897553361720408e-05
2.259560085215632866e-05
2.920669187892738821e-05
