-2.066513394422968572e-06
-2.003651654813114085e-06
-1.623465333903897792e-06
-1.482303141947960990e-06
-1.393009657309989737e-06
-1.168965315498563821e-06
-1.050674947915121713e-06
-8.652673223172232008e-07
-8.399859169443391937e-07
-8.399859169443381349e-07
-7.940694086432026602e-07
-5.887444983001984565e-07
-5.112459041150939302e-07
-3.763956198908992999e-07
-3.595918283589885173e-07
-2.619470215432152499e-22
-1.935582975580686977e-22
-1.638363134576668285e-22
-1.288155066168992996e-22
-7.745912692789209849e-23
-7.499148648596907799e-23
-3.671120417619452556e-23
-2.190906410276800582e-23
-3.914113797777183532e-24
-2.348246173105914163e-38
-1.241996231660282222e-38
-4.033464661420515383e-39
-2.111464908860261388e-39
-8.708648384707707464e-41
0.000000000000000000e+00
0.000000000000000000e+00
0.000000000000000000e+00
1.510871954724426942e-70
4.457576824936586042e-39
1.035580316985116669e-38
2.069988824806999762e-23
4.260219415272256211e-23
6.628670045081710740e-23
1.057242751011143038e-22
1.443399545992403497e-22
1.917220986517533767e-22
2.419478266766775104e-22
3.595918283589886761e-07
3.763956198908992470e-07
5.112459041150940361e-07
5.887444983001984565e-07
7.940694086432025543e-07
8.399859169443386643e-07
8.399859169443389819e-07
8.652673223172234125e-07
1.050674947915121078e-06
1.168965315498563821e-06
1.393009657309988678e-06
1.482303141947960990e-06
1.623465333903897580e-06
2.003651654813114085e-06
2.066513394422968572e-06
