-2.234838427330318380e-05
-2.204152080873877440e-05
-2.154269193123724638e-05
-2.118239179199656584e-05
-2.102121601436121495e-05
-2.073581544511119909e-05
-2.048432081189619210e-05
-2.030172166110661653e-05
-2.003243659003282740e-05
-1.985940487720696718e-05
-1.977222817742780862e-05
-1.939218476537838160e-05
-1.916602416887958397e-05
-1.904019596701142788e-05
-1.884052659104965124e-05
-1.876107185027318675e-05
-1.867340636654463056e-05
-1.835947539773246978e-05
-1.826357563563290785e-05
-1.817403345671539407e-05
-1.802227380707696456e-05
-1.795816269251709164e-05
-1.775513745006815456e-05
-1.760336609214460982e-05
-1.751280147556329619e-05
-1.733354585307088176e-05
-1.720695286937820337e-05
-1.699494528693102374e-05
-1.687580027470850431e-05
-1.680417348757192093e-05
-1.664491441200384792e-05
-1.655580332824567699e-05
-1.653398678338257135e-05
-1.625448587119193011e-05
-1.614234014883695237e-05
-1.600885688280776474e-05
-1.589952796764744012e-05
-1.584644775899738409e-05
-1.572604457874965592e-05
-1.557847367799683255e-05
-1.552423085957331571e-05
-1.540842822840815982e-05
-1.536490291507220505e-05
-1.523614379179848339e-05
-1.518554621080483656e-05
-1.512622109849368066e-05
-1.503241292999303607e-05
-1.494993210185308763e-05
-1.480687837927848419e-05
-1.467293340597852771e-05
-1.454106626797751681e-05
-1.445779810946614903e-05
-1.440632174550928622e-05
-1.430680502663206635e-05
-1.422027683645831796e-05
-1.405882399446032215e-05
-1.404530621662417912e-05
-1.393089136313193301e-05
-1.378532807984675498e-05
-1.371556628258296609e-05
-1.368327627741626434e-05
-1.356228084875441723e-05
-1.344993811937512513e-05
-1.340297864537878019e-05
-1.324830673936953491e-05
-1.321573696871550631e-05
-1.307110191096532410e-05
-1.300913990915726471e-05
-1.293933662181630905e-05
-1.287854023142874559e-05
-1.282560005532424798e-05
-1.271240825893172664e-05
-1.262510501933362101e-05
-1.258337600108949259e-05
-1.248967406671049270e-05
-1.242611816126744858e-05
-1.232411072102180063e-05
-1.220921610049392724e-05
-1.217232203235581376e-05
-1.211227271381477250e-05
-1.199551542309688904e-05
-1.195722061179317432e-05
-1.180547073090720723e-05
-1.177354262999006840e-05
-1.171387955056627490e-05
-1.167272905247450108e-05
-1.152882982175388910e-05
-1.146527371805322067e-05
-1.143342511567799337e-05
-1.134087654907103692e-05
-1.126738670649309489e-05
-1.124899130050633638e-05
-1.118430335544787651e-05
-1.115930430668398693e-05
-1.106880690304292590e-05
-1.095957605485859391e-05
-1.095205961804936294e-05
-1.091275537685041500e-05
-1.083028174525091365e-05
-1.077679097669697871e-05
-1.067878840600961109e-05
-1.060995354738410509e-05
-1.053434915340904490e-05
-1.050914818932257905e-05
-1.045274815629448252e-05
-1.032218165089195382e-05
-1.026751203815815905e-05
-1.022082385998883122e-05
-1.016986501632180473e-05
-1.008245123162348003e-05
-1.006337311527016292e-05
-1.002442465047472423e-05
-9.890136478332418028e-06
-9.872953407738931458e-06
-9.830844407609106271e-06
-9.652544589049732036e-06
-9.615363662486189273e-06
-9.538491368257957375e-06
-9.457129452081830323e-06
-9.408570236020365250e-06
-9.360801646856648948e-06
-9.333422995047124630e-06
-9.301045178362122421e-06
-9.240559985391676604e-06
-9.184246396824822305e-06
-9.138443507858842274e-06
-9.086819028377524242e-06
-9.036575130675947757e-06
-8.977682015159785264e-06
-8.946336462893396700e-06
-8.825578450400959360e-06
-8.784920936420423195e-06
-8.673813899302127746e-06
-8.641022480375431429e-06
-8.596053944659266458e-06
-8.556369199075549952e-06
-8.483143090844476143e-06
-8.423873780567402072e-06
-8.406461503321591844e-06
-8.313432415391464167e-06
-8.205088139937196084e-06
-8.174839485279094010e-06
-8.136255191444269745e-06
-8.124574022810360758e-06
-8.031173346038603477e-06
-8.006078524091530288e-06
-7.960247682265219140e-06
-7.878764729033142829e-06
-7.862427808739846398e-06
-7.829717132942146774e-06
-7.770801749080825246e-06
-7.729229742975489878e-06
-7.681826435867700708e-06
-7.598003793299597701e-06
-7.534977078019797628e-06
-7.487526853640392264e-06
-7.412281115505444417e-06
-7.326563190421272643e-06
-7.322903274621536291e-06
-7.260182754820326293e-06
-7.241615813027660624e-06
-7.207677460584911418e-06
-7.163518350102074215e-06
-7.077849005574716954e-06
-7.048471068513042794e-06
-7.025853626869960496e-06
-7.019241363046801827e-06
-6.950145915060893588e-06
-6.919407150836936397e-06
-6.887922636272261905e-06
-6.819623690966677266e-06
-6.770236767506570660e-06
-6.739171484344347795e-06
-6.694790095363615161e-06
-6.629957071739502823e-06
-6.578703655156045099e-06
-6.519320605147838257e-06
-6.504613095424776131e-06
-6.476805876738058884e-06
-6.396933906124210257e-06
-6.340889879979878162e-06
-6.297712405935812872e-06
-6.250747258461328280e-06
-6.204357864924433851e-06
-6.126995423463293960e-06
-6.110380478747197084e-06
-6.090882580808001152e-06
-6.004208035020578316e-06
-5.978389300384782453e-06
-5.922701290507619517e-06
-5.916691986775177423e-06
-5.847748064137153912e-06
-5.794380846953688934e-06
-5.743102947660465376e-06
-5.729393090421868008e-06
-5.715853674081280507e-06
-5.662682903004065265e-06
-5.609386894692268302e-06
-5.598125455714588691e-06
-5.547188666484294670e-06
-5.487720756102787770e-06
-5.472305307815118420e-06
-5.418338460715836474e-06
-5.386873145729642156e-06
-5.359175686904456246e-06
-5.288675752436824204e-06
-5.276847742702031701e-06
-5.243263874498218300e-06
-5.183544481448874419e-06
-5.152396637053763276e-06
-5.137080040552181551e-06
-5.081875946062167334e-06
-5.045750123144601710e-06
-5.015025866484095285e-06
-5.006416409531393487e-06
-4.939869991299526953e-06
-4.921171625591552013e-06
-4.889925291500575214e-06
-4.838938720268878976e-06
-4.795420562125885735e-06
-4.732411008925598548e-06
-4.714100649414527361e-06
-4.678505960221258339e-06
-4.658199517078402617e-06
-4.613428163341595198e-06
-4.550166952306545930e-06
-4.515479265159088741e-06
-4.496925695697932936e-06
-4.459454032346812923e-06
-4.453135794894608048e-06
-4.407530058405324879e-06
-4.361759353553055490e-06
-4.316813137935560190e-06
-4.301702114560461880e-06
-4.260528166148284989e-06
-4.223776091518037616e-06
-4.203559439751243485e-06
-4.184142752968821424e-06
-4.097151681553009051e-06
-4.060941876234650383e-06
-4.045972497021181293e-06
-3.997158526548371817e-06
-3.992693366423149478e-06
-3.980657111474499195e-06
-3.937722799987144711e-06
-3.891448381508389789e-06
-3.859686476661389731e-06
-3.820755148019448985e-06
-3.790980805049949888e-06
-3.754904353912542741e-06
-3.711764829641486830e-06
-3.694816519706371340e-06
-3.625119386025027330e-06
-3.595746709645382428e-06
-3.568934187149034882e-06
-3.533497687788043776e-06
-3.510244380813015599e-06
-3.463832253959318793e-06
-3.428672516689257104e-06
-3.380592039613411417e-06
-3.360019092083283484e-06
-3.317138545119990613e-06
-3.298172388789550571e-06
-3.268278443843813750e-06
-3.234063754246570975e-06
-3.202077661216139914e-06
-3.180052002508025381e-06
-3.146720102739880476e-06
-3.100182368928927029e-06
-3.063756533186862644e-06
-3.042900047945930796e-06
-3.001340335979235578e-06
-2.986796771172941440e-06
-2.931324707596712418e-06
-2.910709736724495752e-06
-2.887486543932126602e-06
-2.855666263737589670e-06
-2.835316452101229067e-06
-2.811203068723485131e-06
-2.769556232532706825e-06
-2.722593259399017944e-06
-2.690613262740266725e-06
-2.680524707642957669e-06
-2.646252955070906075e-06
-2.614218460511149594e-06
-2.606191079222576187e-06
-2.555629023580910943e-06
-2.539334597672190538e-06
-2.526937475774976695e-06
-2.504061018007934294e-06
-2.444422259132554948e-06
-2.415006515748488904e-06
-2.375949071668653111e-06
-2.364325455669972224e-06
-2.335534550154916070e-06
-2.325944646701221731e-06
-2.294430665185955247e-06
-2.259939479714670829e-06
-2.223054284765801343e-06
-2.210370913525412303e-06
-2.187337135092918172e-06
-2.126550230003149038e-06
-2.083697187669607196e-06
-2.066952315515049603e-06
-2.028672105037793425e-06
-2.002058683839063223e-06
-1.969456603571973576e-06
-1.959531975802381277e-06
-1.933466552084275967e-06
-1.904373307155001078e-06
-1.869744191907455376e-06
-1.856619581544916333e-06
-1.825399911321778415e-06
-1.803508952454760810e-06
-1.747963260742961354e-06
-1.718709357368672268e-06
-1.692574980755389892e-06
-1.677337066427771551e-06
-1.654426260437092676e-06
-1.622438429524353715e-06
-1.606028518897363922e-06
-1.557685566843197877e-06
-1.546134157603312379e-06
-1.521096237558562474e-06
-1.492519685055595480e-06
-1.480027761098414247e-06
-1.466367345918477713e-06
-1.426911179917565009e-06
-1.360472806700509132e-06
-1.337079984003714770e-06
-1.312216479292818515e-06
-1.300566397024428706e-06
-1.266537822968176709e-06
-1.255971793831401148e-06
-1.240406050716122039e-06
-1.234028391078974738e-06
-1.182619176441431445e-06
-1.158199673619804249e-06
-1.140449665418905836e-06
-1.125780357057602778e-06
-1.102774100496492509e-06
-1.053251885656995382e-06
-1.025800610356987412e-06
-1.010527070696700106e-06
-9.931320776892070619e-07
-9.709287745428330012e-07
-9.505051678340191832e-07
-9.457053636117947224e-07
-9.224375173788929641e-07
-8.873882774907132953e-07
-8.703130779909117179e-07
-8.208904007313269322e-07
-7.897200020207665619e-07
-7.526227657295086049e-07
-7.451740947498252456e-07
-7.234674585021405561e-07
-6.930300939835494317e-07
-6.494521611681194032e-07
-6.313878388030916674e-07
-6.145183324642430988e-07
-6.019733742751035891e-07
-5.860646012283336219e-07
-5.539735743716449944e-07
-5.284281776277165616e-07
-5.060347853453253590e-07
-4.947786371355957008e-07
-4.728108793529652157e-07
-4.504279529438759443e-07
-4.249890781681384089e-07
-3.859981693122061973e-07
-3.657771919321406059e-07
-3.542121789868763459e-07
-3.208553327518106515e-07
-2.943492921018883339e-07
-2.811895882534528841e-07
-2.647495752053230944e-07
-2.448480812156201239e-07
-2.117588732674850106e-07
-2.078723487555042497e-07
-1.947414776267060918e-07
-1.608273072373140050e-07
-1.390773405622696135e-07
-1.246019378849428095e-07
-9.945439104971957730e-08
-4.624342319419720406e-08
-4.022298219147070897e-08
-1.787779488310970525e-08
-1.447984339762199322e-09
0.000000000000000000e+00
2.023276546735468147e-08
3.135130084176865432e-08
5.897012860876443778e-08
9.996134864689667347e-08
1.313544284810386038e-07
1.623523457649285921e-07
1.721761334900949031e-07
2.020771964131886404e-07
2.213398083545460884e-07
2.369751264940731765e-07
2.552336737040606408e-07
2.918397771934948133e-07
3.128329654053654955e-07
3.249802290130080165e-07
3.505415676478015146e-07
4.004865712502797173e-07
4.130631295814577202e-07
4.354860784389189780e-07
4.706164373094862585e-07
4.931853111892953154e-07
5.243866821829542267e-07
5.443541329176462535e-07
5.546524855330445785e-07
5.905830418520558575e-07
6.101776919302983675e-07
6.306558426230621516e-07
6.401215787189555808e-07
6.690043751085753931e-07
6.794315110999768523e-07
7.014565322824252978e-07
7.437266112596520653e-07
7.549348665476522427e-07
7.829276508620835404e-07
8.037924242294295459e-07
8.278638744939281788e-07
8.644533067778757412e-07
8.759853188292865027e-07
8.953841010818699314e-07
9.400125678671135100e-07
9.498713659919193059e-07
9.572720618875231406e-07
9.706172257943006837e-07
1.021569125319962048e-06
1.026403118310365062e-06
1.047835163893601887e-06
1.073241631285792391e-06
1.115318466399297054e-06
1.133885830724207358e-06
1.176797666616700025e-06
1.188848313692868269e-06
1.206295984062852636e-06
1.244935435157527204e-06
1.259764702823249171e-06
1.322132690994622732e-06
1.327345733109238627e-06
1.358546412701839436e-06
1.367012425737084119e-06
1.382424069373567633e-06
1.418784255557439403e-06
1.448488265538251403e-06
1.471210554403386260e-06
1.498289660829065779e-06
1.519279892195166888e-06
1.573201453060297849e-06
1.590660144710562516e-06
1.619093206022437914e-06
1.634518056977033278e-06
1.689283296578892004e-06
1.714924228663974401e-06
1.726123362571403682e-06
1.751862679257743598e-06
1.796899968853685961e-06
1.824668476551766656e-06
1.847107257853424052e-06
1.878269626562049576e-06
1.916406656627030948e-06
1.933322842385687389e-06
1.968928833073227048e-06
1.988900720237361283e-06
2.017418595220009774e-06
2.025937640120473189e-06
2.074260571498989227e-06
2.086111992816937559e-06
2.130491917035613057e-06
2.140282562647972291e-06
2.174275422434440315e-06
2.193957315039092199e-06
2.241111453104205764e-06
2.260397580302550535e-06
2.302304063263445442e-06
2.325289496103165235e-06
2.349626896921099275e-06
2.376134487749263594e-06
2.391818030245060700e-06
2.405628822163850520e-06
2.450846255506133606e-06
2.505887558756518143e-06
2.521892002204829873e-06
2.559800064031005912e-06
2.596559659896089852e-06
2.625428275195373299e-06
2.662079936135379534e-06
2.691424129581530409e-06
2.712835997741235696e-06
2.738568763807740575e-06
2.754094547443901847e-06
2.793194166317444666e-06
2.816121433176759845e-06
2.854095949917895660e-06
2.890532447319318893e-06
2.900211912415187812e-06
2.925073906127162682e-06
2.961349177060190913e-06
2.997244779801873162e-06
3.020258980738574163e-06
3.038155701442199597e-06
3.108112155307317621e-06
3.117453040488096511e-06
3.157624103421078642e-06
3.184132982537887239e-06
3.219206983172129853e-06
3.281850377589942526e-06
3.303390039335973896e-06
3.328439884848679600e-06
3.360479871249442085e-06
3.396730011091237032e-06
3.411242904735359532e-06
3.428172063741369019e-06
3.479199329970282250e-06
3.528963564831099808e-06
3.565288145158118253e-06
3.611409064083108871e-06
3.641862343892564466e-06
3.683337928558302180e-06
3.696917626743736337e-06
3.705296247599634486e-06
3.753390219196438080e-06
3.817492302277571538e-06
3.829628469270080240e-06
3.867023304731644437e-06
3.917872309996265363e-06
3.925540446929169217e-06
3.967760984619039072e-06
4.010103739022984298e-06
4.027048054752057452e-06
4.080233643702825252e-06
4.140601144388880158e-06
4.167409862743580256e-06
4.198905111873120877e-06
4.225185815262994953e-06
4.252588566411655449e-06
4.296089405912722724e-06
4.306118970444276554e-06
4.339750910777411449e-06
4.379410856561167315e-06
4.438182568149493268e-06
4.458857713545694214e-06
4.482250261484473350e-06
4.525484223451129921e-06
4.571562253074478510e-06
4.625805799799669620e-06
4.640109164448312988e-06
4.682772222373384521e-06
4.744353698720016350e-06
4.780659622894220398e-06
4.826119099033689233e-06
4.852297718927088241e-06
4.873550601678342178e-06
4.910371090104534433e-06
4.973566881705676431e-06
4.976757094278436608e-06
5.036404415919285064e-06
5.079142980432399998e-06
5.105647921844398209e-06
5.132958559124516325e-06
5.144785129044503124e-06
5.201062631349980172e-06
5.245209134651714433e-06
5.294259793398299050e-06
5.313508798701044250e-06
5.340967739868144560e-06
5.384126499763891082e-06
5.429912399143881326e-06
5.476686321640944163e-06
5.507015399017740702e-06
5.550010059926738298e-06
5.579601376728443070e-06
5.640880853198071417e-06
5.705694887556942843e-06
5.738140976881462874e-06
5.756837990590526429e-06
5.788678475002231195e-06
5.871161284566472300e-06
5.894751736167631339e-06
5.944581265076153265e-06
5.967079894513348685e-06
6.000964668117685873e-06
6.078980243145245991e-06
6.106315370287843760e-06
6.187173576997443654e-06
6.234063145774742695e-06
6.248159746053832377e-06
6.284299793611852246e-06
6.294132324466450410e-06
6.316850052190125126e-06
6.339215522601429383e-06
6.412075192705217388e-06
6.469442177336474788e-06
6.512467246280735403e-06
6.611100819470419029e-06
6.634928157428433672e-06
6.675275163270656744e-06
6.733557388496829087e-06
6.777355510107224503e-06
6.792899230129120609e-06
6.880229566207638793e-06
6.908878341710627748e-06
6.920301173672156605e-06
6.948347146428768669e-06
6.985997039510661407e-06
7.075169364447328979e-06
7.111628270870833805e-06
7.221713741328770343e-06
7.258586740407737119e-06
7.284198680138175579e-06
7.353129062674638581e-06
7.376411231230005007e-06
7.396301711397615671e-06
7.439520498042213702e-06
7.541501322289496436e-06
7.572679047303162676e-06
7.608394705801697658e-06
7.654697152096244541e-06
7.688805344347243576e-06
7.746870836166954409e-06
7.758951852549815861e-06
7.810730229367724841e-06
7.863262813816213921e-06
7.894950255018895905e-06
7.956841736317894412e-06
8.045018238435559097e-06
8.091430113434007414e-06
8.127308339039641101e-06
8.162922373946665164e-06
8.194491553048712250e-06
8.298754295930081109e-06
8.334061779960106676e-06
8.365077998635760679e-06
8.468059827300988433e-06
8.500293293659820750e-06
8.532722444006318179e-06
8.553673340944153118e-06
8.629277023852821455e-06
8.705768313169815153e-06
8.794451258540719830e-06
8.892287068974896454e-06
8.935381754394194437e-06
8.945343685901700138e-06
8.973432379956639181e-06
9.010132845573207483e-06
9.056118657710118347e-06
9.097820026500277104e-06
9.170850954672036265e-06
9.234874162818949104e-06
9.311298504985899530e-06
9.345158318539230179e-06
9.401388545133979174e-06
9.427178791419742057e-06
9.468924610418290495e-06
9.513543572785138273e-06
9.650761316761466378e-06
9.706103030868497926e-06
9.787692258349246066e-06
9.895603713848236566e-06
9.898076150666199280e-06
9.950105960761647210e-06
1.005903764280113787e-05
1.008496939082284945e-05
1.018131299160655314e-05
1.021629198418773009e-05
1.028697575014934573e-05
1.032909870072362011e-05
1.035755652919554170e-05
1.045285733640910139e-05
1.054284922214858581e-05
1.055230339664192455e-05
1.057672330532975759e-05
1.067508021563453651e-05
1.078046578975014577e-05
1.084767591182470928e-05
1.091002593663298074e-05
1.096327607355871273e-05
1.104476601382059108e-05
1.117125942945868294e-05
1.121185850658451394e-05
1.127078492708295481e-05
1.130664041441657562e-05
1.137837307302041035e-05
1.148235656160503800e-05
1.158161015207272432e-05
1.162129281638439478e-05
1.168768923366275091e-05
1.176182998698044309e-05
1.186617777143920769e-05
1.195661631425777553e-05
1.201491678090539292e-05
1.208409623568002860e-05
1.213808038575593814e-05
1.226397458257666441e-05
1.234876130659362046e-05
1.240158592377660455e-05
1.244522887940093640e-05
1.260525912684624394e-05
1.270085604546738889e-05
1.278986107979803134e-05
1.289931470584439844e-05
1.293322045131551032e-05
1.294360044832572395e-05
1.315736307515301947e-05
1.325242112391085690e-05
1.336121998096539069e-05
1.343319380598362448e-05
1.348230203377656884e-05
1.364315326947350484e-05
1.368710479001523009e-05
1.369171650900873565e-05
1.374045649350869117e-05
1.384606051840807889e-05
1.396036782505100648e-05
1.403123605604570753e-05
1.412986401231711592e-05
1.416496181793803541e-05
1.423364904333121159e-05
1.441817500701044640e-05
1.447098238215771993e-05
1.459614558503635844e-05
1.467948112605943138e-05
1.476811713907045506e-05
1.495849874792649292e-05
1.497994959148055010e-05
1.514315726205615945e-05
1.516114789015389854e-05
1.527546205192375231e-05
1.548991994501787531e-05
1.557182769585843985e-05
1.569701883375496877e-05
1.571991841027538451e-05
1.580000097267666927e-05
1.601753583000935645e-05
1.608876469418772797e-05
1.620762307086396565e-05
1.629842543096584860e-05
1.635446439865840347e-05
1.652846529789557558e-05
1.663893994057362902e-05
1.678570005998871061e-05
1.695188025109691147e-05
1.707966708609719064e-05
1.713316251383512577e-05
1.725828416003206584e-05
1.731723367653857887e-05
1.744870274982326185e-05
1.770674569616414564e-05
1.788264524901893524e-05
1.800123718054778076e-05
1.826464329024717493e-05
1.842608413742018172e-05
1.849713716812531730e-05
1.866517643756897702e-05
1.884734766023097110e-05
1.900200458131056624e-05
1.907991429727074449e-05
1.935072713828938547e-05
1.953302777404493612e-05
1.959651628075988691e-05
1.971481222587957965e-05
1.988805585950971253e-05
2.001779481744178375e-05
2.008101380006806563e-05
2.038136548445458051e-05
2.068342633609899768e-05
2.075864453103970852e-05
2.103004049382255927e-05
2.131169427050171814e-05
2.171459008193926332e-05
2.184198036502750409e-05
