-6.195198004610861565e-05
-6.085292180971600836e-05
-6.060630692182832736e-05
-5.928616510464361505e-05
-5.856308464672182334e-05
-5.827700272091412907e-05
-5.805193743293258671e-05
-5.764700521714080509e-05
-5.737943721771382314e-05
-5.708078904627872992e-05
-5.675054784324922406e-05
-5.644231466317725470e-05
-5.590854578819989362e-05
-5.538314438014380807e-05
-5.533118481453934645e-05
-5.501989814255087391e-05
-5.462630419164103495e-05
-5.435722513004234967e-05
-5.421148771354520197e-05
-5.400055965817669289e-05
-5.366386958025267143e-05
-5.314724646707768148e-05
-5.306468517633427471e-05
-5.286771563349008967e-05
-5.247347023080886456e-05
-5.223616002948005708e-05
-5.210916746417749285e-05
-5.188071654715843190e-05
-5.166584780225933230e-05
-5.139831879896313775e-05
-5.110166219488848643e-05
-5.075053244706217580e-05
-5.049413003989902991e-05
-5.032022722587809339e-05
-5.014326485824090044e-05
-4.967927607294535751e-05
-4.937245740807061546e-05
-4.913287294567106073e-05
-4.896923300297446354e-05
-4.873052950552643031e-05
-4.843748167607627364e-05
-4.841846377161359725e-05
-4.817737708054859911e-05
-4.796609009521362585e-05
-4.762561267498401448e-05
-4.751574774504156609e-05
-4.743489640961968978e-05
-4.700790943978691837e-05
-4.688469499931543631e-05
-4.681628512974897439e-05
-4.644358757897811040e-05
-4.617737556334232900e-05
-4.604116321568030534e-05
-4.587148159312498644e-05
-4.574603221726468921e-05
-4.563131094073755135e-05
-4.549199576437313355e-05
-4.518702067596820702e-05
-4.514220684906202413e-05
-4.502886865340844334e-05
-4.492133850741991544e-05
-4.464493041064453285e-05
-4.438028949736675131e-05
-4.418933806408654449e-05
-4.392684506067634872e-05
-4.375183747259665053e-05
-4.368132023241144734e-05
-4.355082443891550770e-05
-4.327467861462286884e-05
-4.311252944787374999e-05
-4.306552984969489627e-05
-4.285434238268513068e-05
-4.275368004014615204e-05
-4.258789620990204375e-05
-4.230618184014934050e-05
-4.223163464717918626e-05
-4.190383425249378922e-05
-4.185372836413372999e-05
-4.178568569434579314e-05
-4.167815621680432021e-05
-4.160332620706568756e-05
-4.149736984910733299e-05
-4.119297495589250934e-05
-4.103831907147565051e-05
-4.091070303394295075e-05
-4.077795659045393615e-05
-4.066392205086963660e-05
-4.043589681133300147e-05
-4.037440333815895007e-05
-4.023496871618697975e-05
-4.008650448713867084e-05
-3.991046187868729707e-05
-3.983895579381065469e-05
-3.980460714253331809e-05
-3.951972241482277880e-05
-3.943603215561339726e-05
-3.936417291097722124e-05
-3.925099273553830421e-05
-3.912005331937232585e-05
-3.897473642845079617e-05
-3.883559692014044263e-05
-3.874558373312506510e-05
-3.859807593654400497e-05
-3.852772850157007558e-05
-3.833129639430587072e-05
-3.817112208645967312e-05
-3.811097650551193534e-05
-3.795187233631029314e-05
-3.785905180760820943e-05
-3.774721656451139655e-05
-3.758137577659100123e-05
-3.751630576593166245e-05
-3.739364514749523997e-05
-3.729017452366851062e-05
-3.711873596537273681e-05
-3.691120570932713532e-05
-3.684562494265775339e-05
-3.672200486083399663e-05
-3.663681973590164853e-05
-3.641365660546976875e-05
-3.639365623292912383e-05
-3.635591890875196016e-05
-3.616996537118770502e-05
-3.615525852096974300e-05
-3.595465838419351280e-05
-3.591092262186166813e-05
-3.573800723823915135e-05
-3.569217353795927440e-05
-3.555054468004811131e-05
-3.540067048681477753e-05
-3.531289002598190011e-05
-3.519187336399057979e-05
-3.511173808675827312e-05
-3.503140987693523234e-05
-3.486830248332678295e-05
-3.467954835856728511e-05
-3.463805688376369338e-05
-3.458382645248822958e-05
-3.447187695406336513e-05
-3.436413641190803989e-05
-3.427240659842912667e-05
-3.418508078197533254e-05
-3.401102195566508630e-05
-3.396228018248571704e-05
-3.380077606191382350e-05
-3.372457076605694671e-05
-3.365521246846981529e-05
-3.361635763115914803e-05
-3.348425801695983477e-05
-3.346977595607086251e-05
-3.321062948575520383e-05
-3.316850558001344036e-05
-3.305952915373356970e-05
-3.293428093794620581e-05
-3.282907333084301895e-05
-3.276331050897937316e-05
-3.268975272551879530e-05
-3.264333244851310762e-05
-3.253793121178183558e-05
-3.242116312814686852e-05
-3.232643103097352917e-05
-3.224559367241916101e-05
-3.218719691817253209e-05
-3.205894012031430308e-05
-3.193353843219706961e-05
-3.189190093133481481e-05
-3.183365330468869268e-05
-3.171894941415101283e-05
-3.159955258908944296e-05
-3.158446387079605106e-05
-3.145638847794159960e-05
-3.140531160711640700e-05
-3.127333948320337964e-05
-3.119243549330950036e-05
-3.108075420362887856e-05
-3.106404976883943964e-05
-3.094275813380993807e-05
-3.074009342947499958e-05
-3.071284073413425457e-05
-3.059055100686880441e-05
-3.048354351024214903e-05
-3.046337451546001892e-05
-3.032086288924609700e-05
-3.023631228458295832e-05
-3.015523494135247343e-05
-3.009987993878881327e-05
-3.002913088813614150e-05
-2.997599216706183666e-05
-2.980900031987692258e-05
-2.977016445111848881e-05
-2.970239533654824167e-05
-2.955601036442575467e-05
-2.951391592029836288e-05
-2.946211741210293865e-05
-2.938324059706142846e-05
-2.937403234500371701e-05
-2.915623815308186686e-05
-2.910182285614890891e-05
-2.901812557188345002e-05
-2.900861800337239184e-05
-2.892921209991804638e-05
-2.888873946511247621e-05
-2.881500460455972912e-05
-2.873833791869523141e-05
-2.856576902687863769e-05
-2.851879953698425104e-05
-2.844886462440819201e-05
-2.836747928333050993e-05
-2.832190519555374879e-05
-2.816011569280479451e-05
-2.812364820295593229e-05
-2.808063156919577110e-05
-2.799189882855948391e-05
-2.792511985556541843e-05
-2.778899426018690308e-05
-2.773174689602326951e-05
-2.764169793509680973e-05
-2.762227386715239305e-05
-2.747175675420844947e-05
-2.745038269360027913e-05
-2.730985994067090344e-05
-2.728164149703479855e-05
-2.722781993720821956e-05
-2.716823372593460729e-05
-2.710580046360025862e-05
-2.701210385487616740e-05
-2.692530060009854127e-05
-2.683979504080720449e-05
-2.683551692880457412e-05
-2.674910314218599235e-05
-2.670984782059633903e-05
-2.659693710008507149e-05
-2.651183929917121283e-05
-2.644902658883670999e-05
-2.630648008909759145e-05
-2.622555239276968633e-05
-2.617534528692047418e-05
-2.612425391200049086e-05
-2.606866514446809385e-05
-2.591638937427069770e-05
-2.588497816848273756e-05
-2.582541996174059223e-05
-2.577137956287487200e-05
-2.568634545033063459e-05
-2.563414687009319385e-05
-2.562043085373274232e-05
-2.545509069629178480e-05
-2.537868859621284279e-05
-2.535338476243901104e-05
-2.529609118773378914e-05
-2.522360887450554823e-05
-2.515312065181418697e-05
-2.506059179580201677e-05
-2.503562907544166772e-05
-2.493504448332734501e-05
-2.490944128455467544e-05
-2.478310761244719191e-05
-2.477172706987862831e-05
-2.458025786948543745e-05
-2.456142771393003969e-05
-2.452977142971908331e-05
-2.452187024436217251e-05
-2.441801646498220526e-05
-2.439483585087181037e-05
-2.433422332256245316e-05
-2.430198689901194784e-05
-2.423680746477064810e-05
-2.411642569704380555e-05
-2.404711262008242070e-05
-2.395875279351164625e-05
-2.389174977048544242e-05
-2.387668503017122235e-05
-2.378714075731669885e-05
-2.369588554055346579e-05
-2.363939263895847111e-05
-2.359346613406888379e-05
-2.350914168091747765e-05
-2.346749335244176560e-05
-2.338708148898724471e-05
-2.333754150189311350e-05
-2.325329202761757487e-05
-2.323598993042549817e-05
-2.317070443567426536e-05
-2.313376906561112858e-05
-2.310692357258719814e-05
-2.302908974453461791e-05
-2.289738790730085912e-05
-2.283741527468829919e-05
-2.276243434026319136e-05
-2.271760870312639245e-05
-2.267421117193771425e-05
-2.261742978853857714e-05
-2.252561954232936358e-05
-2.248831752204131249e-05
-2.246518538764323100e-05
-2.235216497375090651e-05
-2.230254702957519948e-05
-2.226432632320693978e-05
-2.220677091241177498e-05
-2.213648648170870329e-05
-2.211482360885808386e-05
-2.210712468145460737e-05
-2.195920292186846084e-05
-2.192776412326887951e-05
-2.185644519234498307e-05
-2.180165160129743146e-05
-2.176503828615901874e-05
-2.174366400848444245e-05
-2.170716371755024941e-05
-2.155302938889595802e-05
-2.146470626630235534e-05
-2.145115402890137373e-05
-2.138436954166580276e-05
-2.133837007621858955e-05
-2.130186515660259655e-05
-2.128685035461090681e-05
-2.121114337287208763e-05
-2.113661343702742071e-05
-2.107348823339883214e-05
-2.101856349741570838e-05
-2.099170706862075141e-05
-2.083894105232791347e-05
-2.081571827017923135e-05
-2.077307683315013863e-05
-2.067517354058745631e-05
-2.058896047203348693e-05
-2.056650590413763922e-05
-2.052003886875261419e-05
-2.046903589004309067e-05
-2.042437581830984191e-05
-2.040555925892861507e-05
-2.031900802045100572e-05
-2.027951238299900569e-05
-2.019875328606819526e-05
-2.014268935013331619e-05
-2.010217404951327464e-05
-1.998844972824915717e-05
-1.994358393894933411e-05
-1.990648674341092595e-05
-1.986216184361699991e-05
-1.978407813553920255e-05
-1.977895005930932633e-05
-1.971019850399448439e-05
-1.965033179158826645e-05
-1.959196903818443837e-05
-1.952297676134678289e-05
-1.945841205446724350e-05
-1.940269784325745871e-05
-1.936380976679474313e-05
-1.932401542647064436e-05
-1.930629926393329700e-05
-1.925236350909400899e-05
-1.917855297956025921e-05
-1.914676312517506410e-05
-1.909498916298138973e-05
-1.905297819677167798e-05
-1.901118166159081104e-05
-1.893117299271727721e-05
-1.889754186569851975e-05
-1.882538477132031834e-05
-1.878205081945576442e-05
-1.873437034503111495e-05
-1.871972760642070949e-05
-1.862359367429098589e-05
-1.854634864299865168e-05
-1.846592574129230576e-05
-1.843177620073863595e-05
-1.836060926537124444e-05
-1.827131884553528961e-05
-1.821384356971650091e-05
-1.817936022510305256e-05
-1.816595866357221468e-05
-1.809588536994351975e-05
-1.806999650935910612e-05
-1.803433135358561230e-05
-1.801282106382657075e-05
-1.795170925278491208e-05
-1.792368710040462279e-05
-1.784228734298346568e-05
-1.781764591104018460e-05
-1.774386739502811731e-05
-1.768848050953364902e-05
-1.762630551166214545e-05
-1.758629305570820042e-05
-1.753508001558220055e-05
-1.746032789624728609e-05
-1.741054058207642147e-05
-1.732554744524157170e-05
-1.731113878555696114e-05
-1.725643585934048038e-05
-1.723646328207823668e-05
-1.719789348201279696e-05
-1.718099839965815914e-05
-1.708568365955764231e-05
-1.703927686965739615e-05
-1.698070244023523742e-05
-1.694863446256026623e-05
-1.690715378990796560e-05
-1.687646107652734996e-05
-1.683170034623993682e-05
-1.677711448117413575e-05
-1.673552197202746481e-05
-1.667819196227027646e-05
-1.660879833613090726e-05
-1.660272528264191577e-05
-1.649932283725859692e-05
-1.647676606931424922e-05
-1.640484789947643427e-05
-1.635718968134497789e-05
-1.632089431310406382e-05
-1.631376552057159292e-05
-1.623066525483765952e-05
-1.621290721579195785e-05
-1.615705790526461642e-05
-1.614721804657091438e-05
-1.603943325266544691e-05
-1.596120926381930786e-05
-1.593214033060914191e-05
-1.591514351532652091e-05
-1.586874012085492735e-05
-1.583744805857430002e-05
-1.578579825133570057e-05
-1.575934584431248051e-05
-1.572601450497508650e-05
-1.570425784345800787e-05
-1.563153822671768396e-05
-1.560415880109954033e-05
-1.556991737225870982e-05
-1.549155004103899610e-05
-1.546467196685773996e-05
-1.543871468704032608e-05
-1.539290279643921032e-05
-1.536739684211621611e-05
-1.530959598139229448e-05
-1.527937266837470296e-05
-1.525357924807943989e-05
-1.522540319517851876e-05
-1.517714736452689790e-05
-1.509798366200647254e-05
-1.507259270854739052e-05
-1.499264067559216295e-05
-1.497003065613700087e-05
-1.490312708815689558e-05
-1.485105497580935844e-05
-1.484300307807534990e-05
-1.478306222097888859e-05
-1.474793936577514890e-05
-1.468457549389531458e-05
-1.464229958218232209e-05
-1.460591580398602262e-05
-1.457530216100789491e-05
-1.454700396511935171e-05
-1.447687463833726560e-05
-1.446975301102596818e-05
-1.437016082057504880e-05
-1.432632612118922689e-05
-1.430309918449923012e-05
-1.429211033982440134e-05
-1.424372943563187540e-05
-1.417534215846068542e-05
-1.415591252053846558e-05
-1.408496485388294134e-05
-1.406029360895890184e-05
-1.400623086256209379e-05
-1.396845399684509129e-05
-1.392168512033873469e-05
-1.391642514055167468e-05
-1.382368862087281420e-05
-1.379427468240584278e-05
-1.373215131471530471e-05
-1.369958221369341997e-05
-1.364340999070779060e-05
-1.362916639406893975e-05
-1.359763551045859413e-05
-1.357606696988293047e-05
-1.350743982496798680e-05
-1.348544407865098177e-05
-1.341037445770150036e-05
-1.340431297460101263e-05
-1.337864074555804310e-05
-1.336915962376250965e-05
-1.327695245564275836e-05
-1.322065148087816784e-05
-1.317183694309536713e-05
-1.315690734644539994e-05
-1.309510186651124451e-05
-1.307818477960747376e-05
-1.299087871681039780e-05
-1.297055245474775355e-05
-1.292006322064064507e-05
-1.287342054139728570e-05
-1.284145865249777091e-05
-1.279482032747949310e-05
-1.278423184325117399e-05
-1.274616307513118426e-05
-1.267494838206125227e-05
-1.263007612908678669e-05
-1.259085207485288469e-05
-1.257260168083149484e-05
-1.250352751131470002e-05
-1.249432068778295505e-05
-1.244444356882805887e-05
-1.234284130151188616e-05
-1.232643748068139804e-05
-1.229086047487239471e-05
-1.225536709946472356e-05
-1.221125699794004145e-05
-1.219488245067831795e-05
-1.217598175489456808e-05
-1.214705955328984308e-05
-1.210137187455492106e-05
-1.207444019602565205e-05
-1.200272579961662852e-05
-1.197556662407571311e-05
-1.194110739086585468e-05
-1.189432983760623451e-05
-1.186339784156427799e-05
-1.182966653854619052e-05
-1.177463908289593046e-05
-1.176998257313407956e-05
-1.172899702749466996e-05
-1.170007610389619329e-05
-1.167223510284316316e-05
-1.163088495110984073e-05
-1.157972603341904769e-05
-1.156532848184962944e-05
-1.152853681308442574e-05
-1.144652186270830876e-05
-1.141705090910875060e-05
-1.138225927844652881e-05
-1.134800131296701698e-05
-1.133145607852229658e-05
-1.130151247363635802e-05
-1.124616021400847445e-05
-1.118808046704681896e-05
-1.115106238068591221e-05
-1.112649410221191081e-05
-1.110603183930622616e-05
-1.105548148048277746e-05
-1.103763386103786058e-05
-1.100641753014878731e-05
-1.090105898512548231e-05
-1.087216869484522284e-05
-1.087189911896778048e-05
-1.082797831052613771e-05
-1.080564116134697017e-05
-1.079562853034046613e-05
-1.074684715723106723e-05
-1.070976117261020562e-05
-1.065987988512745980e-05
-1.061397851949845607e-05
-1.059931882904151976e-05
-1.056856936399256237e-05
-1.053847211277947999e-05
-1.049184008442673965e-05
-1.046127623643433466e-05
-1.040724957777430905e-05
-1.034490571225598375e-05
-1.034209724574733686e-05
-1.031773837685481103e-05
-1.027841857912559665e-05
-1.026721726635226860e-05
-1.023878343724588781e-05
-1.015202950100961523e-05
-1.013565559911613137e-05
-1.012504585217487962e-05
-1.008949826860405794e-05
-1.005774449772351799e-05
-1.001901372724303286e-05
-1.000126854892810682e-05
-9.946569458410877624e-06
-9.917854049470894431e-06
-9.897010029430257293e-06
-9.860602612986680548e-06
-9.813807291511953744e-06
-9.773847017134864698e-06
-9.761639419249216372e-06
-9.729740806399357609e-06
-9.687734184125355719e-06
-9.658750458934286899e-06
-9.629221429495931627e-06
-9.565415093138303904e-06
-9.556399061310036483e-06
-9.531706792026812630e-06
-9.492950744051694890e-06
-9.464101004258504700e-06
-9.414927184157999374e-06
-9.382245038238302384e-06
-9.358119325459551726e-06
-9.334895978241349967e-06
-9.321724052986654096e-06
-9.270522228510726312e-06
-9.232674993651793495e-06
-9.213075109452872262e-06
-9.182411029522671468e-06
-9.171320662959107646e-06
-9.111631969508204905e-06
-9.075026431443187323e-06
-9.052072661088040548e-06
-9.022510425179529087e-06
-8.977883768908592375e-06
-8.924802614779752310e-06
-8.906545454390544985e-06
-8.891120443177660107e-06
-8.875310478641447532e-06
-8.822355749151399417e-06
-8.782713722332204849e-06
-8.734165999321250973e-06
-8.706202893563113411e-06
-8.658625863546859610e-06
-8.643619522934553484e-06
-8.579986166673714778e-06
-8.547620125970918466e-06
-8.533352402628741792e-06
-8.522974339029316395e-06
-8.488594771549183248e-06
-8.467048551670044602e-06
-8.452772540032253858e-06
-8.411978630953864848e-06
-8.358298004462347898e-06
-8.302872282538705106e-06
-8.267105727682946711e-06
-8.241145376984032085e-06
-8.210751773260391149e-06
-8.183784887631830062e-06
-8.173951043393519198e-06
-8.152332974716437657e-06
-8.110861251073368163e-06
-8.066701367266399246e-06
-8.030729219964275270e-06
-8.026691398226389970e-06
-7.967171092939053219e-06
-7.933067235824319924e-06
-7.897487608732736152e-06
-7.867713271571078547e-06
-7.851714883437985941e-06
-7.827368377679863126e-06
-7.800693575912067082e-06
-7.759568676072057603e-06
-7.738874066088555049e-06
-7.689320524590485015e-06
-7.685155535938307397e-06
-7.638920683207753038e-06
-7.625974396132909844e-06
-7.602438815511596178e-06
-7.545249869737689190e-06
-7.523320635109585766e-06
-7.498590792578393201e-06
-7.486324634169647999e-06
-7.450623658894585724e-06
-7.423280602866049978e-06
-7.361871135946187245e-06
-7.349409848434155666e-06
-7.333338402768898307e-06
-7.299700712122208014e-06
-7.235498999436941821e-06
-7.232545081816179083e-06
-7.192145363129338171e-06
-7.180787552734734677e-06
-7.146578941296599655e-06
-7.070187739200707183e-06
-7.052082546242298644e-06
-7.020389294848409449e-06
-6.979355876747103459e-06
-6.977727404400599157e-06
-6.929044450825820862e-06
-6.913239543208647211e-06
-6.869413852667736922e-06
-6.859715221777417632e-06
-6.817659763333197997e-06
-6.799852007377676718e-06
-6.739368158145422975e-06
-6.722906353182841490e-06
-6.705827469420754125e-06
-6.668622200867499004e-06
-6.639006573585752405e-06
-6.618310367384147901e-06
-6.559882039520232640e-06
-6.537030245743492242e-06
-6.521132239326421799e-06
-6.499313135026741332e-06
-6.465608989333619044e-06
-6.431842158746408630e-06
-6.421485855589021937e-06
-6.388519559729388775e-06
-6.369191442236923608e-06
-6.320463181496795878e-06
-6.286369362446664294e-06
-6.263883224519951591e-06
-6.236729653563525760e-06
-6.216674017410240291e-06
-6.193738680792331780e-06
-6.186328047261255617e-06
-6.116581513680470037e-06
-6.101185208034234368e-06
-6.075426838973667383e-06
-6.043222162861463570e-06
-6.035924914382545117e-06
-5.978151622615832605e-06
-5.944327066612228343e-06
-5.931177848319557756e-06
-5.890929124195612924e-06
-5.855243855036179127e-06
-5.846126309189268940e-06
-5.806568897089605667e-06
-5.790594533160772417e-06
-5.780930028096759194e-06
-5.751884912880671428e-06
-5.709169058172768992e-06
-5.683808575471964202e-06
-5.634952023452490476e-06
-5.629310493016819840e-06
-5.613943219629961186e-06
-5.574028472097811408e-06
-5.565941235736068365e-06
-5.549855348166153374e-06
-5.525275256109113392e-06
-5.515892414743832785e-06
-5.506399122067431775e-06
-5.402531413598847921e-06
-5.371274599488248857e-06
-5.364668005738427597e-06
-5.344731933518341336e-06
-5.331287575801191975e-06
-5.305200963013808164e-06
-5.256455043469019995e-06
-5.208919764968900154e-06
-5.186199695346933529e-06
-5.173943161454667697e-06
-5.151402992483779670e-06
-5.110095058149772437e-06
-5.090609433640116174e-06
-5.064296882294184989e-06
-5.034992018196227594e-06
-5.021971220812704126e-06
-4.970980345020252229e-06
-4.927861948218483151e-06
-4.912886392373515890e-06
-4.902443110959913385e-06
-4.870392269968731892e-06
-4.852988625492587441e-06
-4.820402712008295135e-06
-4.779849581548160474e-06
-4.768179999292524854e-06
-4.750499334422890517e-06
-4.737291316328741739e-06
-4.710997697830808761e-06
-4.664810733191141109e-06
-4.653177969089871676e-06
-4.619362283432488944e-06
-4.595681047321483164e-06
-4.561317616732545656e-06
-4.532004627029503778e-06
-4.517557554079968945e-06
-4.505518763263237386e-06
-4.483900996950332191e-06
-4.468324567997101697e-06
-4.439356145766313097e-06
-4.425680504435360790e-06
-4.397837165274398532e-06
-4.373667449607808951e-06
-4.330369509941358016e-06
-4.319283585350503448e-06
-4.296008109531836439e-06
-4.269954110328978666e-06
-4.249463695850323511e-06
-4.236446435917761673e-06
-4.226169039805831894e-06
-4.158235285078810744e-06
-4.142153006406961124e-06
-4.120064804114537878e-06
-4.078999495401135962e-06
-4.050763577323467214e-06
-4.018482129255189443e-06
-3.999926136740662090e-06
-3.977882775554173367e-06
-3.956037700943276928e-06
-3.927368014321186520e-06
-3.911462157732804198e-06
-3.900297462960462580e-06
-3.885736716118011712e-06
-3.820311304784506676e-06
-3.813556898786422586e-06
-3.775058067492429915e-06
-3.763138277349137091e-06
-3.737266270706954479e-06
-3.728415822407599204e-06
-3.694314936207938022e-06
-3.679909764210302153e-06
-3.633612279998472696e-06
-3.620915606681310524e-06
-3.610004222089647448e-06
-3.581107337408525411e-06
-3.560010557974155522e-06
-3.542163398483429384e-06
-3.484891464227307045e-06
-3.482936968412283538e-06
-3.449287398822246622e-06
-3.442359321384126471e-06
-3.426948448757651225e-06
-3.412682420198219395e-06
-3.374692112375692395e-06
-3.341972087030173439e-06
-3.320847586043648950e-06
-3.300519040380527462e-06
-3.281254873425476427e-06
-3.263691758840919218e-06
-3.233955330713647951e-06
-3.206397941870508850e-06
-3.183220448760489820e-06
-3.161141142949947089e-06
-3.149399069614633135e-06
-3.132360341705822276e-06
-3.099433937124511827e-06
-3.078317043546520818e-06
-3.042332410427129611e-06
-3.009262376888435102e-06
-3.000988129340515897e-06
-2.968192136415698013e-06
-2.951646808561428054e-06
-2.920808436845758326e-06
-2.899915130207109302e-06
-2.877878961959245571e-06
-2.849447655831986206e-06
-2.839707134838174612e-06
-2.811834494695047598e-06
-2.779351766014340867e-06
-2.765445414302923564e-06
-2.747260799449457425e-06
-2.723847216390879700e-06
-2.700449285712004849e-06
-2.682581301319486625e-06
-2.668405971528463749e-06
-2.625223197992249601e-06
-2.613005901130083009e-06
-2.592835598645179214e-06
-2.567846417261542950e-06
-2.558688298411175486e-06
-2.533970723059521429e-06
-2.523426052687751270e-06
-2.476977333089245511e-06
-2.449575541729774702e-06
-2.432554677311342663e-06
-2.408005459980849402e-06
-2.376224727680762312e-06
-2.367410205711179924e-06
-2.350626041218739388e-06
-2.325705929324102163e-06
-2.312534309737425331e-06
-2.299655486835603796e-06
-2.248950058045651559e-06
-2.240403836951199487e-06
-2.231326535122270834e-06
-2.196583523356411044e-06
-2.163868068310410410e-06
-2.150773678708904991e-06
-2.124290417418324164e-06
-2.104009987140495672e-06
-2.090408574191682607e-06
-2.080530840989449982e-06
-2.046395903415940685e-06
-2.033497064654697210e-06
-2.017300006175771155e-06
-1.987950259180742799e-06
-1.962990741171774753e-06
-1.941581953468984186e-06
-1.912963638133954197e-06
-1.889499789605859428e-06
-1.885968992200408408e-06
-1.868844328456092594e-06
-1.835145347505634069e-06
-1.813402650214523538e-06
-1.804358710998668968e-06
-1.761978953370986262e-06
-1.751684799587060024e-06
-1.726864919242200862e-06
-1.701739926603134614e-06
-1.688216665327346243e-06
-1.647476167094241466e-06
-1.640672169112688807e-06
-1.616479691719542654e-06
-1.575235798115840034e-06
-1.565682753027122533e-06
-1.549587516734975977e-06
-1.528024204064275557e-06
-1.501963557018701875e-06
-1.478481336613143821e-06
-1.468484743567043061e-06
-1.453606001079013566e-06
-1.440987266250384021e-06
-1.425923893636534182e-06
-1.362727028795410835e-06
-1.342568735608101524e-06
-1.340803518762837864e-06
-1.312550599636196269e-06
-1.295912028015363232e-06
-1.285053055328431149e-06
-1.275946056298213329e-06
-1.251474679499245826e-06
-1.233687046461131469e-06
-1.212141291589143362e-06
-1.189734754149860338e-06
-1.169801401078293697e-06
-1.123683135373441425e-06
-1.122949528461927474e-06
-1.108592037774028958e-06
-1.083479313614857730e-06
-1.063374980656587050e-06
-1.039697815660681451e-06
-1.008155626465258586e-06
-9.918873927536456448e-07
-9.760195612335834930e-07
-9.662664180605432805e-07
-9.290800017473499896e-07
-9.082174939617277470e-07
-8.926955949777648046e-07
-8.756384644353371472e-07
-8.502321221970921579e-07
-8.398544473216775215e-07
-8.267897500788186924e-07
-8.094453141708524554e-07
-7.903619522115287221e-07
-7.622333681448829790e-07
-7.459979675249568947e-07
-7.314247444984306857e-07
-7.127852346147514081e-07
-6.853430427694051220e-07
-6.743688162777136378e-07
-6.684877825723176898e-07
-6.272460679286960641e-07
-6.210346543428465291e-07
-5.999022243028955799e-07
-5.809120350179080255e-07
-5.637475350146190019e-07
-5.280829892552398173e-07
-5.100650819091396903e-07
-5.022635585727870665e-07
-4.845983191727323867e-07
-4.740187225073250651e-07
-4.455515265883631069e-07
-4.117792765148220919e-07
-3.949799294854358139e-07
-3.821604701827974787e-07
-3.779602002327673159e-07
-3.554614720282012480e-07
-3.228208205402252109e-07
-3.179391047585435533e-07
-2.779712384149755074e-07
-2.635447291341767866e-07
-2.575137427216109815e-07
-2.402965877410703515e-07
-2.153297008659647227e-07
-2.085597714623539923e-07
-1.930641066952610294e-07
-1.518245223684183943e-07
-1.248828801110893327e-07
-1.206185814095722650e-07
-1.129411900191254676e-07
-9.095440992482002909e-08
-6.678640371987868331e-08
-5.406146258328818757e-08
-4.146693081127719263e-08
-2.810713892079770397e-08
-2.273696975151446165e-08
1.323433029487044688e-08
2.848500522655617528e-08
5.255249593095848902e-08
6.641153757390407713e-08
9.943709237246178293e-08
1.068254108221069484e-07
1.261701982298256624e-07
1.449428990429675798e-07
1.573109658032105367e-07
1.641473679321105795e-07
1.791193229195783884e-07
2.209328840390477290e-07
2.398805234577075865e-07
2.557274340813474927e-07
2.787226708271559902e-07
3.013140166622477327e-07
3.218321101815811477e-07
3.376486709624733228e-07
3.466229994561135202e-07
3.649247076418987095e-07
3.847681079813376302e-07
4.145918386899458753e-07
4.400809517166411878e-07
4.631518105542643365e-07
4.885975593033315052e-07
4.981470982299970848e-07
5.166540501478733556e-07
5.228674330588711474e-07
5.694919967474380593e-07
5.820633121314127239e-07
5.983289187860425822e-07
6.109623484479272818e-07
6.319179489572611870e-07
6.381499642602066770e-07
6.468366018402243829e-07
6.857452269382424110e-07
6.882882686927830015e-07
7.121280321982387104e-07
7.365183952083424521e-07
7.639881009506932005e-07
7.810204125056677116e-07
8.051981097356930668e-07
8.224578745656096764e-07
8.434406096622473890e-07
8.558738483909715977e-07
8.733602789997635583e-07
8.846056312369360381e-07
8.949998821756120613e-07
9.228705313494449497e-07
9.301891340180465417e-07
9.641011901611894031e-07
9.821923669803111882e-07
9.869892638138495306e-07
1.027017092607394866e-06
1.030818263652976442e-06
1.043675820044649876e-06
1.065718694690854118e-06
1.092635573763713390e-06
1.097336146121792432e-06
1.123920994658678523e-06
1.128938302958157666e-06
1.195307305519641100e-06
1.204943962769449084e-06
1.226443933629534622e-06
1.265070544643544134e-06
1.269864091051799434e-06
1.293006789066501306e-06
1.316047949228711132e-06
1.324945443810621756e-06
1.349493683515588123e-06
1.357181038641566829e-06
1.385977548583856660e-06
1.416201795690157511e-06
1.431209992708997904e-06
1.469271798062741462e-06
1.476385303697026280e-06
1.490327329135537002e-06
1.535309583275154495e-06
1.558336313109412181e-06
1.570309322145146255e-06
1.579999270914934932e-06
1.601972758512516492e-06
1.610978731638254936e-06
1.626504595817858861e-06
1.633240838415586553e-06
1.643634359379065711e-06
1.684897761249095857e-06
1.710411853763221234e-06
1.720010442362349283e-06
1.752894601625712326e-06
1.757725052800120400e-06
1.796113224552573963e-06
1.845714436819494662e-06
1.851778468798515989e-06
1.869030074439095162e-06
1.879281657554353847e-06
1.903858406424543916e-06
1.929851979763877517e-06
1.939789856017869948e-06
1.962100512581027311e-06
1.986152774849926979e-06
2.008096927328350057e-06
2.049066363146505842e-06
2.075341993335498346e-06
2.086114655366425323e-06
2.099826351859006792e-06
2.121668787814050238e-06
2.142148491391270386e-06
2.161836719964413606e-06
2.191803207426525359e-06
2.201387722023865513e-06
2.213644617598532361e-06
2.224594022993413338e-06
2.247149473195860959e-06
2.283191297185522760e-06
2.301165463803611773e-06
2.324514015695170588e-06
2.342600031733365817e-06
2.388382231627416253e-06
2.398170893037500634e-06
2.404952032169838481e-06
2.436285248255279776e-06
2.441751681428695253e-06
2.499247128891957457e-06
2.508570929215762484e-06
2.535218357169849041e-06
2.546939064445782383e-06
2.568077686510477721e-06
2.608261229532383443e-06
2.622560086882273694e-06
2.651153913008775393e-06
2.670419434271541257e-06
2.684013499721935072e-06
2.720869877264945939e-06
2.732954155204542530e-06
2.757867119867560939e-06
2.777911634730010021e-06
2.781888348076434639e-06
2.827554539523106146e-06
2.855741344494575846e-06
2.876861679515175546e-06
2.882648844900155343e-06
2.907665749200984270e-06
2.922044822456508302e-06
2.931421283740076637e-06
2.935468363723392188e-06
2.980994691778256238e-06
3.002803453651526732e-06
3.020507651025901886e-06
3.030792761632818904e-06
3.098762112826168912e-06
3.108330087713922500e-06
3.140607516919609058e-06
3.176362386047031420e-06
3.189228569690276876e-06
3.194354754418935984e-06
3.227805859420935574e-06
3.251762134100701637e-06
3.295847303620076424e-06
3.314528417210667519e-06
3.334257543463966778e-06
3.345824742366712302e-06
3.363347648236884724e-06
3.369691615631795816e-06
3.384202403463078488e-06
3.451450398958855028e-06
3.458149247211443565e-06
3.478371273527050049e-06
3.506550667698258281e-06
3.527430633473046244e-06
3.538950440302476441e-06
3.559381320646164766e-06
3.583085253783207556e-06
3.654664079329297780e-06
3.663021429546755568e-06
3.665733619024188708e-06
3.711187242077668926e-06
3.729326612552167221e-06
3.744985452453147266e-06
3.767742148234285870e-06
3.786240415988766148e-06
3.812308669850656883e-06
3.844982187536627032e-06
3.846520852816225700e-06
3.886890720284969211e-06
3.888094227893384719e-06
3.917001466474159686e-06
3.959946334530186432e-06
3.980942289861099474e-06
4.031825336004399159e-06
4.043259260764771567e-06
4.073032419998222165e-06
4.099038578468720107e-06
4.114805661901673423e-06
4.129884723616154431e-06
4.156665368683016130e-06
4.175678399205924498e-06
4.200869831635380826e-06
4.256485357243387253e-06
4.270784536424409737e-06
4.293235522835064091e-06
4.318319167677773299e-06
4.326114956161662600e-06
4.333344787970657006e-06
4.357683669487496852e-06
4.397020959772781940e-06
4.420311986151689961e-06
4.439297081084396563e-06
4.495957602520167978e-06
4.505817081727319811e-06
4.541181972289229634e-06
4.557413833541185733e-06
4.562738031249001379e-06
4.587124760483663984e-06
4.639908654035749538e-06
4.668694136608901268e-06
4.684061314439042407e-06
4.700563927405726720e-06
4.722499255002622036e-06
4.747965397749066655e-06
4.788080602236365911e-06
4.809254908491953524e-06
4.818594354219029561e-06
4.862803167810637213e-06
4.884977502408519487e-06
4.915593205291164841e-06
4.936876931378730848e-06
4.980374924096915692e-06
5.009671285486889356e-06
5.043559709836267730e-06
5.059458610962175221e-06
5.078234214532276091e-06
5.095003560746307732e-06
5.116493880080586593e-06
5.125836939223131738e-06
5.165096778356260218e-06
5.197537645389880663e-06
5.237884077584533216e-06
5.251260287111016858e-06
5.289167806120310451e-06
5.311157734897871295e-06
5.350139850141451281e-06
5.364147173101277972e-06
5.402068828355414517e-06
5.429005666956639899e-06
5.441201238528004059e-06
5.453074796505859920e-06
5.487456004921441027e-06
5.530015638484149390e-06
5.562194624149001417e-06
5.589036823468797625e-06
5.601289875772563361e-06
5.646945186629452523e-06
5.699051568184060112e-06
5.717218457753760656e-06
5.750628151151010510e-06
5.758426813548275494e-06
5.785536515069468058e-06
5.798655967574185106e-06
5.815708996521338707e-06
5.854828027523714079e-06
5.871560260353724432e-06
5.895171402168965421e-06
5.921220174029428328e-06
5.976189801109425023e-06
5.999099301839013859e-06
6.016449256989486590e-06
6.050521537168630299e-06
6.070157721837128775e-06
6.118107754823867326e-06
6.153080429474880187e-06
6.176760194929686539e-06
6.216066432296406338e-06
6.239566175539564390e-06
6.255297944270775485e-06
6.285808009652770772e-06
6.306855206989628459e-06
6.325541079504257644e-06
6.367070036107214607e-06
6.395241458751090821e-06
6.411658460469426123e-06
6.419736908141722349e-06
6.488039085631526355e-06
6.500568909146633097e-06
6.510595079743890184e-06
6.559989973999820566e-06
6.590536748774589338e-06
6.642379686738424190e-06
6.662068407382334986e-06
6.675884270627132830e-06
6.703253278310561215e-06
6.719117223410954209e-06
6.755577947258294972e-06
6.784193047695651290e-06
6.799657304437564948e-06
6.850764865596436174e-06
6.855072968056563172e-06
6.899423168368213415e-06
6.969622674811948024e-06
6.986625212844078208e-06
6.996867183111591453e-06
7.042493554334605153e-06
7.054366723459776526e-06
7.087056324325005530e-06
7.128531571660327280e-06
7.177039018305235881e-06
7.202538509854622261e-06
7.224113630812914989e-06
7.246986775470843823e-06
7.270244093737998673e-06
7.305148176179188130e-06
7.336600279028193535e-06
7.361709755131246154e-06
7.404146648193454484e-06
7.431329904190399833e-06
7.435699781085473848e-06
7.473010854243251822e-06
7.504426981670106432e-06
7.521040918067745756e-06
7.538505940379559553e-06
7.570287407949567051e-06
7.589442445856583501e-06
7.614727141504110182e-06
7.664715853736229475e-06
7.684736784258498266e-06
7.708772680222644087e-06
7.731405949851310973e-06
7.778854096832418769e-06
7.824036487540846500e-06
7.866535451824803354e-06
7.889137964698795041e-06
7.904713855703679253e-06
7.953751579617031935e-06
8.002238687358864628e-06
8.028576578782473835e-06
8.072294475952687771e-06
8.087636003077864057e-06
8.130416440206971268e-06
8.185274039877292948e-06
8.224368212222461211e-06
8.253592725845325994e-06
8.258054947689837097e-06
8.279097837443704394e-06
8.315083292541699777e-06
8.371280621476214322e-06
8.382931008463463885e-06
8.398671743187001410e-06
8.420939265700367232e-06
8.458529999217874313e-06
8.498949476031764124e-06
8.533806832047647871e-06
8.545858382962584978e-06
8.586139009164744725e-06
8.614556022681501106e-06
8.653258792528132913e-06
8.688104276501584677e-06
8.698489106888964358e-06
8.752098330352852860e-06
8.788310167664350309e-06
8.803882024374375554e-06
8.839218117120129151e-06
8.897992721513254044e-06
8.941466592770088269e-06
8.983782650305134962e-06
8.995234070605289745e-06
9.027356962572348324e-06
9.046105799293901008e-06
9.082048892124495570e-06
9.099671923722936899e-06
9.125903981146194592e-06
9.166361773506729154e-06
9.222468619791872457e-06
9.243525555970495778e-06
9.266909616563419528e-06
9.325868625033635623e-06
9.348648533371771579e-06
9.360052827652393722e-06
9.382052055674650482e-06
9.450097054676357566e-06
9.466022733856879564e-06
9.490311946570698966e-06
9.530330230921010067e-06
9.571419691977904538e-06
9.609827926302367640e-06
9.626680021990016275e-06
9.668755691359030125e-06
9.689124122012698036e-06
9.746786182836091468e-06
9.783981489469289209e-06
9.811728308999211095e-06
9.864032472610274505e-06
9.893583791577688106e-06
9.926548403223988640e-06
9.982090595528868293e-06
1.002011735679506902e-05
1.003392165859335609e-05
1.007180826627802500e-05
1.011055392533298375e-05
1.014991294698895942e-05
1.016333508766433437e-05
1.019654466213882291e-05
1.023160162970365260e-05
1.025539345289351522e-05
1.028779795112843124e-05
1.032708064953114915e-05
1.035933184553727074e-05
1.037601081227006046e-05
1.038928247116847003e-05
1.043339694621937694e-05
1.047361048001734203e-05
1.048118697203863262e-05
1.054204110613176854e-05
1.057218398416804763e-05
1.061001383295062195e-05
1.064679842962921290e-05
1.067059567606720099e-05
1.074877424856961110e-05
1.077529753042325657e-05
1.082258722313334360e-05
1.084430848871489916e-05
1.089395348074344000e-05
1.090518477247791677e-05
1.094070059507973953e-05
1.096834768171847043e-05
1.099862122536950314e-05
1.107786380980150383e-05
1.108378474795111246e-05
1.113335186157160385e-05
1.116313556759252142e-05
1.119054628192600724e-05
1.124569465761741858e-05
1.128556925998780598e-05
1.131122357060037437e-05
1.133176395614752919e-05
1.139370669706340625e-05
1.140213669641585314e-05
1.144143720314212430e-05
1.152001104125421444e-05
1.154829037292312642e-05
1.157751590085840456e-05
1.160394696369154923e-05
1.162042938011409281e-05
1.168104325829884641e-05
1.170615018999419252e-05
1.172019423087259096e-05
1.178012444800898177e-05
1.186245244733477316e-05
1.189655340474700313e-05
1.194006535045047004e-05
1.197864850108153585e-05
1.198767935344799867e-05
1.202599431022392463e-05
1.209477030711348186e-05
1.212397486878587482e-05
1.219491812013344792e-05
1.220005370941400682e-05
1.227930521758805610e-05
1.228464522586211535e-05
1.233931066535216390e-05
1.237920140061074039e-05
1.239643708879519229e-05
1.246223906943483880e-05
1.250083647417313754e-05
1.252182067324423522e-05
1.253609478638661174e-05
1.258132204911231654e-05
1.260004693326480321e-05
1.266906443204401703e-05
1.268882835977238353e-05
1.271844591085150269e-05
1.275414102163157914e-05
1.280689674420377600e-05
1.284847551164434865e-05
1.289637557506467511e-05
1.294106160553440327e-05
1.297795766164604699e-05
1.299288370877577325e-05
1.302017648336719874e-05
1.309799867001953792e-05
1.315719681137139724e-05
1.318914389414782318e-05
1.320234151533967094e-05
1.326526820367293531e-05
1.332333590541818027e-05
1.335479019476011744e-05
1.339384598234424491e-05
1.343842346521470914e-05
1.346103357024698207e-05
1.351439829406365760e-05
1.352858227869621517e-05
1.353834387800890461e-05
1.362033703640032974e-05
1.364458315454601974e-05
1.369422344469058260e-05
1.373456357132647854e-05
1.376914380966910861e-05
1.377887425635894981e-05
1.383276807718165560e-05
1.389153381052911304e-05
1.391337237593904096e-05
1.395361982907623672e-05
1.401371846400916853e-05
1.405771346377578850e-05
1.407060809210410007e-05
1.412565550256471842e-05
1.419601553530507187e-05
1.424973513922256956e-05
1.427573391007096521e-05
1.431492046913261696e-05
1.435093536214548156e-05
1.437661681832312565e-05
1.440605234710820259e-05
1.445515054421494505e-05
1.450610824676044370e-05
1.452977479559193832e-05
1.459854629017223575e-05
1.461422435134604145e-05
1.465650379145335329e-05
1.472189541133374962e-05
1.475080475434631489e-05
1.477247228279927940e-05
1.477859915633717434e-05
1.486027913734495403e-05
1.486542663356185342e-05
1.495481637499181952e-05
1.503702519499851283e-05
1.510051667159225529e-05
1.516367011122501078e-05
1.524005463718079630e-05
1.526602314828212184e-05
1.527820756896590643e-05
1.530184930610529011e-05
1.535412441201333751e-05
1.541849386357633321e-05
1.544725475160590826e-05
1.548121470040693460e-05
1.551916280594686009e-05
1.552318694448436812e-05
1.558273825063101112e-05
1.561931358545872779e-05
1.566429070673683825e-05
1.569185586328635573e-05
1.578367158632562172e-05
1.581136752929017590e-05
1.586190507071329035e-05
1.592925348274893692e-05
1.596497566453726141e-05
1.606615719935905459e-05
1.607803424042062953e-05
1.615275838695926077e-05
1.618094703983991831e-05
1.619095947456850376e-05
1.623088636785757183e-05
1.628684778980861079e-05
1.629962076356532145e-05
1.635903564747494897e-05
1.639780001891975560e-05
1.646211202075156417e-05
1.648384511717586068e-05
1.656900838670856744e-05
1.658510903592987329e-05
1.666174257532791698e-05
1.670643101935889867e-05
1.675466803816495984e-05
1.678536440386673407e-05
1.687278150759419064e-05
1.697762913855874816e-05
1.704905234862467441e-05
1.709477654969586357e-05
1.711899431892096606e-05
1.715529245877617806e-05
1.719662097861851817e-05
1.722407407109916854e-05
1.731194583716634408e-05
1.732639856143996501e-05
1.738000955692463808e-05
1.738752907525836758e-05
1.744343509269563551e-05
1.748375887211457740e-05
1.750945391639226767e-05
1.754368487936639950e-05
1.762550158441406685e-05
1.768278551448450379e-05
1.772893372757579166e-05
1.776049662260419481e-05
1.782858760356456683e-05
1.783614610904080716e-05
1.789815471778659372e-05
1.796804508427165471e-05
1.802285524551981483e-05
1.805566027978360987e-05
1.814217860073520766e-05
1.815326280908255478e-05
1.821190539143403814e-05
1.827377267269903960e-05
1.830958166930659659e-05
1.837204681034259921e-05
1.843147817583082389e-05
1.849594506262989055e-05
1.852261173404226347e-05
1.854287552188954848e-05
1.866545996983018060e-05
1.872522126233556918e-05
1.875586949996551662e-05
1.880005096208391428e-05
1.884349843502063586e-05
1.890419460344629001e-05
1.892611207674981232e-05
1.898067211561941400e-05
1.904890650949699876e-05
1.910580528728981773e-05
1.914444752209409461e-05
1.921000832168364781e-05
1.926583981569611747e-05
1.932687512103808540e-05
1.939641179963603581e-05
1.948531655455120853e-05
1.949713601819733248e-05
1.954477615030820282e-05
1.959958718775240045e-05
1.963277651237461114e-05
1.964372255893013657e-05
1.970126407343081299e-05
1.979458766380990496e-05
1.984281001369074584e-05
1.992010029965892429e-05
1.994626389438510907e-05
1.999921764211994593e-05
2.001417685381008489e-05
2.005445945085498075e-05
2.012829953712114134e-05
2.019631568392539568e-05
2.019850618684894218e-05
2.035298031453330989e-05
2.036814956291502329e-05
2.045057888635371776e-05
2.051624565006721077e-05
2.055148796104278144e-05
2.058930739303342349e-05
2.061947170806005376e-05
2.068840298029564690e-05
2.074978286120990358e-05
2.082126136035115322e-05
2.090777835212251928e-05
2.092647498220040754e-05
2.102683542728310624e-05
2.106715065218505277e-05
2.111018979621340631e-05
2.121054059126061087e-05
2.126490852993514748e-05
2.132508266323084070e-05
2.136343338131648555e-05
2.140523895048079337e-05
2.150502224068149998e-05
2.151280815606634940e-05
2.155442279719670164e-05
2.164168524542264867e-05
2.169564912217473480e-05
2.175153211117229258e-05
2.176624088999139665e-05
2.182734631151877821e-05
2.194487376104066494e-05
2.196741255396881940e-05
2.201106436684286275e-05
2.208246046158521205e-05
2.215148617333502455e-05
2.218897040676462350e-05
2.225405225503195370e-05
2.232582123302217196e-05
2.238154285425287380e-05
2.240900524679299209e-05
2.254034673426488701e-05
2.257011473296159477e-05
2.261393507721019006e-05
2.266164361178967264e-05
2.269944127834983298e-05
2.281039184313399671e-05
2.290106967014669963e-05
2.299678750825224450e-05
2.306139816326787436e-05
2.306520712477081592e-05
2.309844753801832394e-05
2.316506180787151684e-05
2.328900302729872162e-05
2.337191006850906797e-05
2.340184763687461544e-05
2.350000619640766375e-05
2.357100227138119830e-05
2.364427166176787893e-05
2.368997123965636725e-05
2.370900349182442689e-05
2.378509415400959444e-05
2.386432254129299788e-05
2.391804618923746664e-05
2.402118248207607993e-05
2.406305840902121083e-05
2.406741779737094392e-05
2.407025248664843207e-05
2.416972238993852926e-05
2.422154283480412590e-05
2.423883874922390445e-05
2.441452539129795239e-05
2.448038587299247005e-05
2.458229202973081397e-05
2.464122172179330987e-05
2.476376995090841279e-05
2.479316376120067333e-05
2.482009276910156697e-05
2.496925884671153558e-05
2.498166381182957406e-05
2.507586546781070551e-05
2.512847156335091254e-05
2.515454271481692435e-05
2.522188981284825582e-05
2.532272953932837131e-05
2.539991036876306914e-05
2.542675185723836394e-05
2.555529902725785197e-05
2.559480460658145436e-05
2.566965497970900671e-05
2.575738461366894433e-05
2.579614063829885318e-05
2.583564841512751191e-05
2.597272600559234258e-05
2.604400789827896487e-05
2.606990405177675254e-05
2.607663961950044333e-05
2.628035007204949989e-05
2.634845518259244329e-05
2.641232279578137703e-05
2.648518502135361328e-05
2.649805008892780668e-05
2.661492992535099684e-05
2.669384814194316542e-05
2.673779040285369715e-05
2.682181118360187368e-05
2.686310674470343231e-05
2.689921459465990737e-05
2.697610470759131219e-05
2.702594691581651257e-05
2.714790586916438172e-05
2.718260703293839953e-05
2.723523290999080280e-05
2.730610210022564255e-05
2.736646250722673642e-05
2.745203870988363709e-05
2.749611159493695097e-05
2.755254635137320034e-05
2.768295068815109687e-05
2.773588505040014307e-05
2.774826780044419003e-05
2.785238244935693344e-05
2.797809735630269907e-05
2.803438844133972834e-05
2.815689470466055440e-05
2.821378505959014319e-05
2.833495565872587045e-05
2.837811713211264874e-05
2.849455663884189097e-05
2.851698209748327258e-05
2.859189066505564257e-05
2.868015853329424622e-05
2.882391981969358220e-05
2.896768908412631661e-05
2.902676587342845790e-05
2.908050297673742802e-05
2.917519729270701725e-05
2.918051245021989782e-05
2.927286925144695904e-05
2.946498943413986585e-05
2.957570295460981198e-05
2.965169566008019129e-05
2.967699958293750132e-05
2.974876539480404532e-05
2.988748195731748343e-05
2.994429530673611259e-05
2.998624174115723710e-05
3.006693808491885683e-05
3.014359056258080114e-05
3.018753397631585586e-05
3.025957086994641366e-05
3.033983491559785550e-05
3.039079999374178563e-05
3.051960029833630512e-05
3.066001311568890183e-05
3.087075604029297334e-05
3.089619860116680643e-05
3.096459551629675397e-05
3.099967154212025767e-05
3.104480082616513657e-05
3.109902463517959936e-05
3.122206275998262232e-05
3.130194763206091955e-05
3.132166793978935525e-05
3.153454918312336146e-05
3.163376435914555778e-05
3.167127154577484787e-05
3.173219729832555221e-05
3.179537556049409039e-05
3.184048138978168145e-05
3.196284632952266149e-05
3.207558918119554479e-05
3.214734982503490230e-05
3.226142207784460738e-05
3.232216564098846731e-05
3.243359252325493392e-05
3.246979833971423891e-05
3.263466253417991584e-05
3.280821270053740121e-05
3.289675897400204591e-05
3.294019839025098394e-05
3.295396776527335594e-05
3.314604607542549547e-05
3.326845349563402408e-05
3.342639020435407278e-05
3.345494220620920069e-05
3.351251259024663640e-05
3.365563666581136145e-05
3.381535762391558921e-05
3.392160429005856712e-05
3.397243160205813553e-05
3.407505137214213072e-05
3.415597481034455385e-05
3.424071748954890450e-05
3.447834710429362192e-05
3.450959020912503335e-05
3.459207086921846976e-05
3.463005422670460058e-05
3.471945886205948486e-05
3.484106709888244729e-05
3.498698300943505504e-05
3.507927220023652007e-05
3.515877945628194634e-05
3.518979500349321749e-05
3.535629763901847823e-05
3.543621230180526332e-05
3.561693595298668947e-05
3.568457600197749821e-05
3.585035278078851998e-05
3.602804593995528496e-05
3.615928219298577287e-05
3.621983411655945313e-05
3.624717078778404844e-05
3.636019277082545674e-05
3.648322900002444463e-05
3.664752354919410013e-05
3.672334195819179148e-05
3.695768322920621468e-05
3.708528897308974165e-05
3.715099673573119129e-05
3.724132007865215918e-05
3.724878274974684152e-05
3.737688862935058747e-05
3.744511282127073611e-05
3.754125040139909058e-05
3.769388985487094796e-05
3.783200247306653743e-05
3.794762983085071654e-05
3.818025535510924704e-05
3.825180531558203207e-05
3.843433904561738523e-05
3.850438951725988681e-05
3.855983662742136129e-05
3.877337767262330778e-05
3.879714558236619130e-05
3.905859027723136120e-05
3.917499578373694980e-05
3.937090652844928937e-05
3.952669122216545034e-05
3.966781245112248295e-05
3.978307110544261453e-05
3.980937108005016265e-05
3.992872775138951383e-05
4.005169096153368951e-05
4.021415450697524602e-05
4.036421073217921280e-05
4.048164765084150639e-05
4.062187098585430463e-05
4.074232833765792199e-05
4.075937216595021205e-05
4.101017373967504005e-05
4.118351547734333442e-05
4.129053848855737343e-05
4.147261644819050653e-05
4.151021549384753908e-05
4.174351528934555226e-05
4.180943456773586708e-05
4.197892506826763742e-05
4.214614146809505027e-05
4.227282736204394524e-05
4.251247930426782702e-05
4.267711481501091075e-05
4.272006583174842956e-05
4.284962585868263749e-05
4.303740010043208226e-05
4.324545423950631659e-05
4.341651697695180656e-05
4.354411879783868106e-05
4.377237651835874822e-05
4.389100347888341778e-05
4.417626979971802671e-05
4.429834587678662495e-05
4.447316160947675638e-05
4.452874521305993927e-05
4.463235876391183712e-05
4.489268778588855505e-05
4.499237243014681355e-05
4.524200678627658304e-05
4.533068911216576248e-05
4.559410778573231589e-05
4.578873350066248735e-05
4.586568990586213683e-05
4.617745814739021234e-05
4.631958215633597686e-05
4.641960436433748287e-05
4.671207147935889289e-05
4.689256224726214624e-05
4.702889823890781201e-05
4.741336899040552664e-05
4.758706645449455979e-05
4.785474855033881950e-05
4.790938745010184631e-05
4.814958410235865990e-05
4.822580216743724507e-05
4.843430279778266061e-05
4.872363530102166344e-05
4.893255081160666458e-05
4.925794619128848011e-05
4.934151696694945370e-05
4.943432582078652386e-05
4.976044442179486138e-05
5.008928321965413751e-05
5.017236195671616610e-05
5.040213619540048724e-05
5.066332665922272833e-05
5.082801123161425982e-05
5.118108421867477567e-05
5.145747218983865378e-05
5.181972839759139499e-05
5.187248232152505271e-05
5.196722896156881965e-05
5.238659085849449920e-05
5.269754501255533014e-05
5.329777614690815182e-05
5.337433649213696408e-05
5.366353608613907376e-05
5.376128000959013586e-05
5.401161907752198847e-05
5.443798760125230464e-05
5.458939876860497136e-05
5.503457698474838606e-05
5.513529037657894901e-05
5.567314283895104899e-05
5.607336732689527684e-05
5.632449530351109422e-05
5.668504296224001102e-05
5.712043132260361878e-05
5.742236766625306757e-05
5.777772155325893426e-05
5.825507041498745688e-05
5.850360405209442801e-05
5.918073615473872916e-05
5.936904872664741206e-05
5.969940750189300704e-05
6.077632015918473565e-05
6.093164977957727475e-05
6.360903955399510969e-05
9.161701183438466904e-05
