-2.213940611250843861e-05
-2.202232688727323828e-05
-2.150245752162639433e-05
-2.145470926242900916e-05
-2.099952653097837362e-05
-2.063969135382259627e-05
-2.036827933201648016e-05
-2.022951128320338911e-05
-2.007201787221739512e-05
-1.990118715172706663e-05
-1.975121932568519502e-05
-1.951486690988479310e-05
-1.932321496965513203e-05
-1.922583664656310831e-05
-1.897255519445351175e-05
-1.888724980451026537e-05
-1.875094591643625545e-05
-1.868820680607938687e-05
-1.848971153452490875e-05
-1.831968716558331775e-05
-1.814513294196674420e-05
-1.799716450534619817e-05
-1.790750812245169694e-05
-1.774567611458684364e-05
-1.763707120516455788e-05
-1.744263814239987087e-05
-1.731160902735082602e-05
-1.726234652917045225e-05
-1.710550697230130428e-05
-1.701560281643914278e-05
-1.694145528166301950e-05
-1.676683642511096769e-05
-1.662000055086727089e-05
-1.650986359811085330e-05
-1.643917137426131539e-05
-1.629888414175877030e-05
-1.622032741649290528e-05
-1.608743014578708578e-05
-1.590176111528967217e-05
-1.579394779659074264e-05
-1.571204582068101816e-05
-1.557299326275047303e-05
-1.534947151308834433e-05
-1.526713745156685342e-05
-1.521818894683759083e-05
-1.496186135542635441e-05
-1.491251160621054858e-05
-1.483764095014179811e-05
-1.477517824567074609e-05
-1.472727861792888539e-05
-1.465891653800905310e-05
-1.449975210478827382e-05
-1.446265520774923311e-05
-1.437855212850850506e-05
-1.425538542349464531e-05
-1.419723302789653932e-05
-1.403161253989814747e-05
-1.399377512372900085e-05
-1.390692613084894334e-05
-1.375052272290360791e-05
-1.367351789975649302e-05
-1.356895516430703124e-05
-1.350110262151640240e-05
-1.341451009665629240e-05
-1.336423896794687726e-05
-1.325430270487796908e-05
-1.317140806571800414e-05
-1.308637388284408918e-05
-1.300992811837134717e-05
-1.286617064446034586e-05
-1.283823403059544654e-05
-1.273552256760717661e-05
-1.264914762912397304e-05
-1.253353132047632268e-05
-1.229627219110131185e-05
-1.223310978368805020e-05
-1.216686329637971235e-05
-1.205839257541498801e-05
-1.205199038125562154e-05
-1.195963082437045222e-05
-1.191859711010212974e-05
-1.183926129029641607e-05
-1.171358065348480691e-05
-1.167042464785015960e-05
-1.164950681133770044e-05
-1.156139330249758486e-05
-1.152517994489740291e-05
-1.139291053751190204e-05
-1.136591424602393895e-05
-1.124780086956661146e-05
-1.119995671355528718e-05
-1.109772030869327872e-05
-1.108197617088652809e-05
-1.100385742146982909e-05
-1.095149064007103559e-05
-1.088424892463596751e-05
-1.086200902933247141e-05
-1.081344328041189346e-05
-1.073899474815112594e-05
-1.066393204022325232e-05
-1.060432821670351605e-05
-1.057142660360519844e-05
-1.046710386729493080e-05
-1.043840158403620950e-05
-1.036688126574420222e-05
-1.029423426073415461e-05
-1.014224230094822012e-05
-1.010737994029154076e-05
-1.002688057061000530e-05
-1.000297040393177614e-05
-9.892026407021681589e-06
-9.853702512295942298e-06
-9.841101527190017261e-06
-9.767618856681862459e-06
-9.665934094885914591e-06
-9.616811600287341236e-06
-9.582560740502991720e-06
-9.526141390771356219e-06
-9.487810484752522226e-06
-9.433586114447743318e-06
-9.355083243699327238e-06
-9.303481496226179560e-06
-9.243689113370002529e-06
-9.203888686075407024e-06
-9.160583439145420916e-06
-9.023542244017382401e-06
-9.013117844723361139e-06
-8.944591130911502843e-06
-8.890558435448077198e-06
-8.852903860464171940e-06
-8.783677196754620953e-06
-8.716273816653830425e-06
-8.676106509037474890e-06
-8.610740831327006367e-06
-8.582379040981898775e-06
-8.501947225362303486e-06
-8.465265746542667029e-06
-8.373983468288710710e-06
-8.327863706904704646e-06
-8.302456064284994818e-06
-8.300778249712212811e-06
-8.194002445960466859e-06
-8.164090148760498101e-06
-8.099691847854625221e-06
-8.051975469386228392e-06
-8.009341438945656686e-06
-7.935865025638705388e-06
-7.868038558739769983e-06
-7.824074204052704293e-06
-7.772073731344735832e-06
-7.698702256563139064e-06
-7.664124214355345549e-06
-7.605487946532548638e-06
-7.591701866020932174e-06
-7.531562777324468669e-06
-7.505619808985129430e-06
-7.448672424251988344e-06
-7.389886392011514508e-06
-7.350694982440403339e-06
-7.304252459981513101e-06
-7.225309530258019511e-06
-7.208698356476946123e-06
-7.157081512344591116e-06
-7.136312929883200797e-06
-7.108485857617665366e-06
-7.041361119085786787e-06
-7.017447204449387041e-06
-6.986701625428840737e-06
-6.924825062865513331e-06
-6.863138429689675346e-06
-6.837944414750964762e-06
-6.752694687952557636e-06
-6.719367560500985735e-06
-6.688746833079250907e-06
-6.644929938615206460e-06
-6.599938654596006202e-06
-6.572700966599621495e-06
-6.568159410673061694e-06
-6.522905383457849673e-06
-6.456610397513630259e-06
-6.405691993879298548e-06
-6.375269751869620604e-06
-6.328566350362417417e-06
-6.295523833326292830e-06
-6.267430213227915951e-06
-6.179920535917857145e-06
-6.100492248982379618e-06
-6.091712499414581306e-06
-6.087125668344360466e-06
-6.053505105672440748e-06
-6.006480215817686559e-06
-5.979568507358813849e-06
-5.929718812409550813e-06
-5.885372675233175141e-06
-5.820502479606495707e-06
-5.804091868347677995e-06
-5.706918947238895224e-06
-5.691812656584404913e-06
-5.653626730640237204e-06
-5.609446345077293354e-06
-5.573282690104790004e-06
-5.534524065835576468e-06
-5.509373216436096997e-06
-5.476442750853816045e-06
-5.434767845934560433e-06
-5.395532271513744236e-06
-5.359374299019191157e-06
-5.323461553010509687e-06
-5.245932852230974225e-06
-5.206426389150316735e-06
-5.182091684856646577e-06
-5.146543871913990252e-06
-5.139187780658778177e-06
-5.100536892059128101e-06
-5.032069807033912574e-06
-4.943639981860397075e-06
-4.936691723561399289e-06
-4.891335565141431867e-06
-4.862839023462858662e-06
-4.815237623461720913e-06
-4.786603576106540964e-06
-4.760246581282373744e-06
-4.717792693297880765e-06
-4.684260347215273033e-06
-4.651095745035064148e-06
-4.603804210567227998e-06
-4.549173201340140568e-06
-4.508704379860164105e-06
-4.495286977970691771e-06
-4.444909824036965000e-06
-4.436418328061169318e-06
-4.359786812648531810e-06
-4.336466580999730337e-06
-4.300737000814309238e-06
-4.272735043135305825e-06
-4.246024522412132667e-06
-4.206011579614922856e-06
-4.190652022750373978e-06
-4.153660019406935441e-06
-4.088649398812556120e-06
-4.030962044955677616e-06
-3.985834502147818290e-06
-3.964831372888129730e-06
-3.935559611684248656e-06
-3.896551028696537968e-06
-3.843031847224726628e-06
-3.818717093677605633e-06
-3.800460917414563623e-06
-3.738735553457900924e-06
-3.725960007495633989e-06
-3.684929773546940582e-06
-3.649743747238078042e-06
-3.621505286508059978e-06
-3.568033282638992975e-06
-3.552938740335337199e-06
-3.504828844955561916e-06
-3.497311744185485598e-06
-3.479645867255832904e-06
-3.435135998163526780e-06
-3.418453458279826134e-06
-3.390431175214383066e-06
-3.352092276812694224e-06
-3.337905971248602058e-06
-3.291124995570665009e-06
-3.213379008870733452e-06
-3.205375959094076540e-06
-3.176247256318584419e-06
-3.130045435217173170e-06
-3.117050213072246306e-06
-3.091015877366491277e-06
-3.055886380839725144e-06
-3.024382974747241530e-06
-2.993985326442235872e-06
-2.955328890875294921e-06
-2.944804529151317324e-06
-2.893730449623207190e-06
-2.876055432088631820e-06
-2.825530474822634688e-06
-2.807049247865305990e-06
-2.796347456577268629e-06
-2.750359160198752512e-06
-2.736828211631159135e-06
-2.679114126862171648e-06
-2.652275523021463645e-06
-2.643342909255520057e-06
-2.616362114159836443e-06
-2.580459758263010118e-06
-2.518741702467477054e-06
-2.510407002279126495e-06
-2.476662043163346065e-06
-2.459750650800261550e-06
-2.426052024351814690e-06
-2.398696902285364120e-06
-2.363564485762651883e-06
-2.337579645830196507e-06
-2.309129826616767499e-06
-2.307297815311675232e-06
-2.287535793954067677e-06
-2.250593317866506129e-06
-2.239519001691392451e-06
-2.195759559694038631e-06
-2.151503849761160696e-06
-2.128843659179490869e-06
-2.083971487361400887e-06
-2.049180994178887101e-06
-2.036278149283913720e-06
-2.022581191780462910e-06
-1.987162930854606906e-06
-1.977937978149501804e-06
-1.939736882258590684e-06
-1.904240384680411270e-06
-1.857080503045178489e-06
-1.812329290995919894e-06
-1.807271320338450417e-06
-1.787103282969819322e-06
-1.770759617030612614e-06
-1.724527836020125009e-06
-1.687061703668226202e-06
-1.683675107922143473e-06
-1.646486353808308904e-06
-1.615917614289564361e-06
-1.600200380238101224e-06
-1.594440579794254177e-06
-1.537635679519669793e-06
-1.532574813295828540e-06
-1.526888008701732766e-06
-1.471175857136617496e-06
-1.468026223990170617e-06
-1.427759499950270015e-06
-1.420177585464952561e-06
-1.388532961089454674e-06
-1.364954328258301407e-06
-1.327590909157004075e-06
-1.286416218314905508e-06
-1.267784590475939728e-06
-1.261768502787694922e-06
-1.249043549568984353e-06
-1.211994133026832309e-06
-1.156517404310281816e-06
-1.119187664842417413e-06
-1.095451035763502874e-06
-1.070396374893108289e-06
-1.051735426861582642e-06
-1.031706874673319150e-06
-1.022840108212068873e-06
-9.954052207972597189e-07
-9.406871792251386298e-07
-9.077655043931620201e-07
-8.926873313556288355e-07
-8.882436892497726582e-07
-8.771737467298196764e-07
-8.512587304271998091e-07
-8.136015095199831510e-07
-7.812246484498829974e-07
-7.624113668954402857e-07
-7.591103277988127853e-07
-7.510085769645296211e-07
-7.169573467246735754e-07
-6.912503525632358873e-07
-6.751183795538024981e-07
-6.531562962803326650e-07
-6.123535181917124648e-07
-5.902746189731499333e-07
-5.697344520077422616e-07
-5.417068873041533667e-07
-5.155830702370021291e-07
-4.935183210473796206e-07
-4.730085142127552818e-07
-4.218500811729452928e-07
-4.176809615106534633e-07
-3.938863993898792622e-07
-3.706432556827588390e-07
-3.424776842689273986e-07
-3.399797222593781132e-07
-3.087745789591694835e-07
-2.938013698154057826e-07
-2.560844879729710484e-07
-2.337015650223163213e-07
-2.053933047863589011e-07
-1.850006905252701880e-07
-1.585330934751312211e-07
-1.411643175245754099e-07
-9.745955929803741209e-08
-7.433037970880394942e-08
-5.995241273683207360e-08
-3.203708544402214361e-08
-6.924866146365326519e-09
0.000000000000000000e+00
2.780345255446756812e-08
4.452939366489261780e-08
8.855225043486810947e-08
1.118431277638763232e-07
1.244033699129248785e-07
1.466981889957858044e-07
1.511618630559522369e-07
1.807573585217318069e-07
2.300554524316722126e-07
2.360112003444730985e-07
2.400394130216703972e-07
2.625838067912084484e-07
2.837695711869281391e-07
3.066462964870360237e-07
3.182754077651216090e-07
3.677766939358332309e-07
3.697799297091428395e-07
3.871891751998146354e-07
3.992542028143880603e-07
4.299034314665613215e-07
4.429878135889492403e-07
4.734393264062089698e-07
5.314634599166758074e-07
5.371283535162708700e-07
5.683887600453948494e-07
5.865973474569299479e-07
5.995991712321681371e-07
6.222006867972854316e-07
6.382631452703755893e-07
6.770943286232510910e-07
7.217960356667106787e-07
7.264265366545598058e-07
7.408723421231516173e-07
7.798386649682130785e-07
7.945483219174387776e-07
8.103378380337125808e-07
8.590200009764817884e-07
8.878377146477147728e-07
9.176772091346346523e-07
9.220058220418366187e-07
9.461654662427596679e-07
9.588257344938363022e-07
9.816805182812692672e-07
9.975369849352237833e-07
1.034768462953503904e-06
1.059775307012306225e-06
1.087869346378149571e-06
1.111160003289397399e-06
1.157998170315974099e-06
1.166799745541308072e-06
1.205788044711137309e-06
1.216543380435542163e-06
1.235758677508416718e-06
1.249570620221564772e-06
1.297516793507415618e-06
1.328180870194540709e-06
1.353939917498580033e-06
1.379192903653819490e-06
1.437680860758960833e-06
1.442096083540940236e-06
1.447067831799526436e-06
1.478825594631572772e-06
1.524445725084625923e-06
1.548720433730379778e-06
1.565455965935454417e-06
1.602957896834372656e-06
1.609529363980194261e-06
1.640119302928877619e-06
1.670028747289386994e-06
1.698231044245369413e-06
1.713363624114094863e-06
1.732343331089786206e-06
1.770308012138640304e-06
1.782553956685835736e-06
1.821466347005302057e-06
1.857740933662045988e-06
1.890824816086719432e-06
1.914753875562363323e-06
1.944750727104424429e-06
1.964719417675798920e-06
1.988046165302839189e-06
2.005099049222730191e-06
2.038722751438799179e-06
2.081614928733831281e-06
2.099673094177823140e-06
2.157871637170787301e-06
2.165986387860637095e-06
2.196422735870692528e-06
2.221477781726658139e-06
2.237595974083078241e-06
2.247584516070526964e-06
2.285825009466162652e-06
2.336419071257015655e-06
2.386908505911560559e-06
2.402596878848991696e-06
2.413969875703106994e-06
2.474682650870473055e-06
2.497776438716068008e-06
2.499349820008914842e-06
2.526659061111970056e-06
2.548457322834295072e-06
2.578503224388320358e-06
2.620122903124582752e-06
2.644534522443185342e-06
2.692918869670986284e-06
2.729158303786244463e-06
2.769010586573109003e-06
2.799261465166890380e-06
2.812692155836590094e-06
2.825863605609296979e-06
2.836138458972494834e-06
2.865707326965739153e-06
2.934521742327597948e-06
2.951776581902200115e-06
2.968243428458055304e-06
3.005047706919281968e-06
3.028391954063518070e-06
3.071035483760958282e-06
3.082765100913255653e-06
3.122151270929190051e-06
3.159197818614892655e-06
3.184652208492638638e-06
3.194841133040210686e-06
3.222601087205979027e-06
3.256178212453431140e-06
3.299064482615087806e-06
3.333853141187061003e-06
3.350843576884319611e-06
3.402367559081424409e-06
3.417136793239021923e-06
3.454855136045704673e-06
3.473464572732080932e-06
3.533018395159739206e-06
3.576057827265069604e-06
3.583604280192020406e-06
3.646512382299299057e-06
3.675814822550743581e-06
3.684134668911569223e-06
3.734278759648707915e-06
3.750955424176085699e-06
3.772904336732117650e-06
3.807953219348645993e-06
3.851373799690423774e-06
3.899082290396676110e-06
3.932135706487922045e-06
3.986727902372981725e-06
3.995757498644073388e-06
4.033912177324214623e-06
4.050760300444756480e-06
4.088737224720204856e-06
4.115603061956658512e-06
4.173637686131826133e-06
4.233842502782998351e-06
4.246928530151067367e-06
4.271559850756826209e-06
4.298402862583892642e-06
4.377604192819057339e-06
4.402147980427412554e-06
4.432546997289823793e-06
4.482686544690698383e-06
4.510131594420139637e-06
4.533466112628589696e-06
4.556582165823247542e-06
4.611525110686652815e-06
4.623459657859771002e-06
4.681147209596760545e-06
4.729341649003679056e-06
4.745026659169501169e-06
4.759785529051213373e-06
4.855216411428078632e-06
4.884012954480124889e-06
4.912928436018575676e-06
4.949528499856229123e-06
4.971569650071753633e-06
5.000045608382768940e-06
5.044885951831883911e-06
5.078672857736239637e-06
5.132739119840088258e-06
5.145113507806237361e-06
5.210092398973234980e-06
5.249602882536585812e-06
5.273211164974443665e-06
5.314646026530593930e-06
5.402664697470496426e-06
5.426555165956425292e-06
5.461436088252091792e-06
5.498252034244495011e-06
5.556591312201691372e-06
5.581858393857167726e-06
5.600459769250346582e-06
5.635019228237885943e-06
5.688267897558914837e-06
5.799806453277620497e-06
5.808976547301673684e-06
5.883502488000436435e-06
5.919689367138650311e-06
5.962693436436255858e-06
6.001525559037204352e-06
6.035192630453431127e-06
6.045418615386657879e-06
6.084272361344646199e-06
6.094242529929263366e-06
6.142381891273616529e-06
6.204270568139740959e-06
6.254349852276338130e-06
6.299940440897742029e-06
6.329480878406229813e-06
6.364246132228852249e-06
6.434055712340194067e-06
6.476068012941269739e-06
6.498106121345647208e-06
6.547922256461988574e-06
6.590948437528529205e-06
6.664241323547570112e-06
6.701241097425821039e-06
6.711526100572873211e-06
6.758167097135908464e-06
6.828905801682469835e-06
6.863538003328516981e-06
6.908258933101668936e-06
6.934874949653551940e-06
6.994523028887771639e-06
7.025812159436688989e-06
7.092333277447494451e-06
7.178198493867445258e-06
7.195406143760731844e-06
7.227464128958263772e-06
7.246677302794348812e-06
7.348167653256958970e-06
7.418972750506973859e-06
7.443113580745166719e-06
7.472947692909182987e-06
7.516030527707772263e-06
7.567297270531565692e-06
7.600843004784858047e-06
7.611179189712199564e-06
7.724466942140338166e-06
7.779799377949875663e-06
7.878284694614365896e-06
7.902504001551659586e-06
7.923791257269321110e-06
8.011814711538177414e-06
8.047362389428672430e-06
8.094231081261882182e-06
8.184347770433466569e-06
8.203761154250958530e-06
8.242591655339721602e-06
8.267737773227209141e-06
8.342267558274724123e-06
8.408230833964942219e-06
8.430918492658157082e-06
8.484141716718679430e-06
8.553655679087466952e-06
8.585173072428753811e-06
8.692770104168523972e-06
8.728501802184775922e-06
8.772107612799640949e-06
8.794220951289551322e-06
8.868882159115054273e-06
8.894692448958683187e-06
9.003150019504258729e-06
9.058278172739817389e-06
9.120261376587808914e-06
9.178599939648886084e-06
9.210742750288572299e-06
9.298507741118578702e-06
9.351528495300650832e-06
9.392881369280099357e-06
9.453579003574317735e-06
9.493932289322637799e-06
9.544994268754217670e-06
9.634711927491818685e-06
9.738924163914573374e-06
9.764276261200544385e-06
9.837458406786167212e-06
9.875124210550844219e-06
9.947392000424885736e-06
1.003617534752345977e-05
1.008756214794991251e-05
1.011782134364761339e-05
1.018373675548627403e-05
1.031057496256652320e-05
1.035655230831104181e-05
1.039596411166361136e-05
1.049821075626081857e-05
1.054921793384756010e-05
1.063805466045535656e-05
1.066471974226719271e-05
1.072061141449193599e-05
1.079962936472527377e-05
1.082012901207708313e-05
1.097591684147196741e-05
1.109490741302818837e-05
1.111941363379348989e-05
1.120183979153152511e-05
1.124434992581333608e-05
1.129308146394062471e-05
1.138840116569577910e-05
1.149168747873036530e-05
1.154130635777622779e-05
1.169296046602197125e-05
1.173026963553538689e-05
1.175268666304330683e-05
1.184508322403687009e-05
1.189027316958375634e-05
1.198578592100837180e-05
1.203159499259164634e-05
1.214454874756295276e-05
1.216347788888812329e-05
1.233725669448439977e-05
1.243906404723742224e-05
1.250673436442346372e-05
1.257305210831525833e-05
1.264869169275708700e-05
1.270850339808723529e-05
1.279633468253379510e-05
1.285434489975930176e-05
1.297007304796528285e-05
1.301722919018084394e-05
1.308516889382674250e-05
1.316563216380920328e-05
1.330926081522784132e-05
1.336472486759748923e-05
1.348667057945721153e-05
1.360699023070125926e-05
1.366933895763101192e-05
1.371641003652098462e-05
1.382729017221245712e-05
1.390516786253242878e-05
1.408649946452411043e-05
1.417369291199488312e-05
1.428908775785030977e-05
1.433159852832978708e-05
1.446149802673874972e-05
1.458572113846893203e-05
1.461804084578833472e-05
1.469969807828978359e-05
1.477150824291908917e-05
1.486901846631000318e-05
1.502372322141710030e-05
1.509010917629918727e-05
1.521227923485725820e-05
1.527615158551223342e-05
1.533672150737641068e-05
1.545032527247645719e-05
1.554352838520451047e-05
1.568708717390961520e-05
1.576796693931622714e-05
1.609447930927495371e-05
1.610256744373142010e-05
1.618719033402345739e-05
1.622344525956323914e-05
1.639810964232626248e-05
1.653174243058277604e-05
1.665557647252739366e-05
1.674680312789669483e-05
1.697333576988190130e-05
1.709254947573877223e-05
1.732542472825091920e-05
1.739622245191065932e-05
1.750077723859738780e-05
1.762255767746026007e-05
1.773890537261550677e-05
1.786625760983523231e-05
1.789946275886833340e-05
1.802158134056962546e-05
1.822566279022811588e-05
1.831032278510268560e-05
1.837216914926626888e-05
1.842816402854156700e-05
1.868711926211877856e-05
1.887019795810622702e-05
1.914137925885399911e-05
1.930085500968607964e-05
1.943400562162116710e-05
1.969745033471477841e-05
1.987498791201158536e-05
1.996468796536140006e-05
2.028071574404591258e-05
2.041128814217170470e-05
2.065273670822873810e-05
2.087299989176588424e-05
2.104605552364561242e-05
2.135243064518651157e-05
2.189897553361720408e-05
2.259560085215632188e-05
2.920669187892755762e-05
