-7.307394931328675938e-06
-6.978389786568427690e-06
-6.875774796614790846e-06
-6.582150086743908217e-06
-6.443908240479432160e-06
-6.265306379627521313e-06
-6.030372794542701729e-06
-5.945774489693769954e-06
-5.901317453265719567e-06
-5.689176867310910786e-06
-5.429303821680266601e-06
-5.368175830512079173e-06
-5.316178080253300251e-06
-5.093120302711504021e-06
-5.004232836634252747e-06
-4.820795467717687036e-06
-4.787622117434776283e-06
-4.736107970940588760e-06
-4.680364418755174344e-06
-4.597025753519802014e-06
-4.528987540213709247e-06
-4.450682606620327349e-06
-4.333603012830795135e-06
-4.240542630815110973e-06
-4.182438113593090404e-06
-4.118530692610911915e-06
-4.014486433830719597e-06
-3.980668076354956447e-06
-3.923486262802653644e-06
-3.838580489727751047e-06
-3.791922883838713561e-06
-3.759113340172654367e-06
-3.704966565366071807e-06
-3.611141520969417227e-06
-3.551857280916869831e-06
-3.535471689341663841e-06
-3.447085595622946934e-06
-3.360869359661317799e-06
-3.318303385837498273e-06
-3.237128663299229421e-06
-3.181410494391077967e-06
-3.105679704383605802e-06
-3.068947629672759985e-06
-2.995254030364279057e-06
-2.941310505099348492e-06
-2.892379036035095765e-06
-2.839163141161444777e-06
-2.831285625217993830e-06
-2.738396332150755075e-06
-2.667946701872007934e-06
-2.635495618644811449e-06
-2.591047560744788865e-06
-2.507574407843569376e-06
-2.461218024269876970e-06
-2.410563851713796465e-06
-2.376708293409978300e-06
-2.312376876301099944e-06
-2.247945824471927266e-06
-2.226651310645222250e-06
-2.188443532926681178e-06
-2.105202697433072826e-06
-2.074080302277220845e-06
-1.987235955998347644e-06
-1.939562830269287107e-06
-1.923975884542020511e-06
-1.891972142331920880e-06
-1.832932385543132254e-06
-1.817233636431959256e-06
-1.738320795937896173e-06
-1.721842464640377088e-06
-1.643867815900261428e-06
-1.628366353299730411e-06
-1.613600512232524150e-06
-1.510306857672804368e-06
-1.480750615783463735e-06
-1.445337381432746935e-06
-1.384137645031339252e-06
-1.360233559697987750e-06
-1.325462523680695958e-06
-1.321602873090291298e-06
-1.262157433616691469e-06
-1.176333238496757234e-06
-1.158308673071684826e-06
-1.151628563138028543e-06
-1.102161043158171798e-06
-1.073340847444563340e-06
-1.063087887415692255e-06
-1.041654786678830637e-06
-1.020850321419634878e-06
-9.827129304834779665e-07
-9.464260352439048860e-07
-9.084737720631474769e-07
-8.917045495932944423e-07
-8.424931115126574579e-07
-7.959787813499422222e-07
-7.449841750682604218e-07
-6.892242595591885114e-07
-6.699663071214568026e-07
-6.345395500018081226e-07
-6.243535340985081423e-07
-6.119852685279637389e-07
-5.531741155818432048e-07
-5.158231666498897008e-07
-5.049878099727796112e-07
-4.568866975490622607e-07
-4.315609026367834060e-07
-4.229784934453478801e-07
-3.896345065146119713e-07
-3.326566616509946096e-07
-3.209340860244040793e-07
-2.825526362427618451e-07
-2.499194687941404841e-07
-2.284238866833316719e-07
-1.949586502604743507e-07
-1.629177592601276324e-07
-1.407054561460871915e-07
-1.066280232682699434e-07
-8.882858288194182195e-08
-7.004638078444386238e-08
-5.316505778540725865e-08
-3.552666251701673081e-08
-1.751413445169578432e-08
6.591554098332454573e-23
1.111011100773351576e-22
2.870642271793837426e-08
5.410343414204373687e-08
7.288992398644934076e-08
8.520037516607152198e-08
1.150162873563318166e-07
1.559183791919911930e-07
1.767903207357887019e-07
1.914848558551866722e-07
2.194915800034099456e-07
2.248703021711512506e-07
2.756455470638076304e-07
3.265367936080092206e-07
3.406781543756857187e-07
3.609521032511034647e-07
3.855934656366279745e-07
4.041289794249811608e-07
4.172104184148998681e-07
4.560214058580011150e-07
4.788780630550561079e-07
5.455971690144127051e-07
5.719046398169429213e-07
6.037406441412070480e-07
6.562146982231025687e-07
6.994274854232126991e-07
7.172466153017437315e-07
7.191497428628095129e-07
7.781447313019900769e-07
7.816755522115714732e-07
8.819509954755711901e-07
8.902166401220088237e-07
9.637158105511621658e-07
9.741028491731595599e-07
1.013539836653842304e-06
1.060683702212581792e-06
1.074659991154153733e-06
1.087442954581564904e-06
1.163255424544211494e-06
1.198385075286537271e-06
1.234144179579526844e-06
1.246495213553495742e-06
1.271162739709814925e-06
1.379935747386246479e-06
1.409456488775911338e-06
1.435843471043348304e-06
1.453779288320087818e-06
1.511653278094221609e-06
1.539113421965014993e-06
1.597239662572821508e-06
1.612468663925300439e-06
1.646225814796148132e-06
1.717809323638412048e-06
1.728880038125384050e-06
1.812550238549344625e-06
1.843239730224061079e-06
1.903823931969497794e-06
1.930617629735226386e-06
1.966818300974266884e-06
2.011485611883645240e-06
2.074838585144747467e-06
2.102851097195405600e-06
2.152611431547937150e-06
2.164451212505847055e-06
2.251473574089037587e-06
2.289072033733606248e-06
2.327343429060430326e-06
2.359721702114744367e-06
2.412563425311181887e-06
2.428950076551959398e-06
2.487072754570271635e-06
2.512137934656070022e-06
2.583393291841033863e-06
2.596014878715820109e-06
2.672101817427311531e-06
2.730569601050661789e-06
2.746016072377671146e-06
2.871823184574977828e-06
2.893631004491394246e-06
2.982637377720264295e-06
3.043218676100150129e-06
3.049410851655376129e-06
3.210996615858107846e-06
3.225070588784246076e-06
3.354918228333083747e-06
3.375961906284521796e-06
3.403884370760409410e-06
3.444905436356131260e-06
3.526587383456051762e-06
3.619200162849533350e-06
3.665949030708130664e-06
3.695169818653235828e-06
3.834528764060260500e-06
3.895631659368875423e-06
3.951694404674008923e-06
4.104049115306712727e-06
4.137362478553808803e-06
4.238813181511321002e-06
4.259504537173954613e-06
4.338474782285133577e-06
4.491013524467227824e-06
4.587592360911987826e-06
4.626881684870764863e-06
4.643176439066454443e-06
4.742017939995966369e-06
4.811361502124307704e-06
4.969471754345330514e-06
5.058984821015874317e-06
5.140597729618255365e-06
5.218867256685073403e-06
5.347823664017108519e-06
5.412182836843700328e-06
5.621613717876638643e-06
5.817829664194189552e-06
5.979940245649452665e-06
6.084964700276853179e-06
6.239935709695816399e-06
6.304754938735871716e-06
6.458232700729241887e-06
6.572509566699372595e-06
6.649051539573016170e-06
7.138545911884086957e-06
7.544981189531640256e-06
