-2.236278360486091394e-05
-2.219371003913670466e-05
-2.180434154731303523e-05
-2.156836315494686001e-05
-2.088083739595187642e-05
-2.055997417900222782e-05
-2.034636062389684157e-05
-2.021240469094193673e-05
-2.006094377790896074e-05
-2.002902638607041279e-05
-1.972042961330835881e-05
-1.957146072507270283e-05
-1.923735746400522672e-05
-1.918900193489436856e-05
-1.907039760573761585e-05
-1.878174190277602857e-05
-1.861079060627089362e-05
-1.855113484236024492e-05
-1.842136703926802654e-05
-1.814664122220018677e-05
-1.804227032570878263e-05
-1.791628948885642895e-05
-1.766977693168424345e-05
-1.763633224860988247e-05
-1.758355657477650549e-05
-1.735866084441534533e-05
-1.723623155111782062e-05
-1.711342224445517023e-05
-1.697684427865306042e-05
-1.677365007491248992e-05
-1.665786766535871011e-05
-1.653843740233343861e-05
-1.647843367819314643e-05
-1.636232631737776535e-05
-1.622841137796246109e-05
-1.617781938320133215e-05
-1.601392430738484633e-05
-1.594018640458697657e-05
-1.584591436836616367e-05
-1.572247939242125026e-05
-1.559411981768179769e-05
-1.547004877073033955e-05
-1.540733711597373036e-05
-1.529139598844738511e-05
-1.516041124851005262e-05
-1.494130517256728688e-05
-1.482376684120507150e-05
-1.473067490330158139e-05
-1.465306807917024460e-05
-1.457320487155350476e-05
-1.446668206064397507e-05
-1.443665174905192098e-05
-1.433516344810451874e-05
-1.426412927707057621e-05
-1.419775126164438535e-05
-1.405282281141360640e-05
-1.400966924941177452e-05
-1.378663724438695288e-05
-1.375683313908872943e-05
-1.372065640522718093e-05
-1.362835431847479365e-05
-1.346984133773246465e-05
-1.342642977700716825e-05
-1.336178684594986290e-05
-1.329853167361320171e-05
-1.323215487113027664e-05
-1.319372312773203819e-05
-1.313019783004011130e-05
-1.300377388688452119e-05
-1.299298360250597467e-05
-1.288904465417315233e-05
-1.271968232172590055e-05
-1.262761765601078920e-05
-1.256473432648562724e-05
-1.255208777367126522e-05
-1.238732690650071331e-05
-1.230684008510134759e-05
-1.226286286442898482e-05
-1.225454713130057062e-05
-1.211646711204210609e-05
-1.204396818265678956e-05
-1.192232790632747435e-05
-1.190073380763313316e-05
-1.180506002554119307e-05
-1.171649335703878470e-05
-1.163180887204940082e-05
-1.155982567424725274e-05
-1.147619644548377613e-05
-1.132348898431392814e-05
-1.129347719430708462e-05
-1.123255140154796174e-05
-1.119438158088615106e-05
-1.112665669123667397e-05
-1.098094025148337013e-05
-1.095949969220739432e-05
-1.091925665472170966e-05
-1.077857272946661784e-05
-1.065737812176788657e-05
-1.059908560250742605e-05
-1.059184146537528803e-05
-1.049607329907498105e-05
-1.043320090142582559e-05
-1.034992240561057911e-05
-1.030455339793824974e-05
-1.020163170762899037e-05
-1.018866854959500900e-05
-1.009223125383625815e-05
-1.007469012307540471e-05
-1.007069803520650892e-05
-9.993165788822459968e-06
-9.936055657468679440e-06
-9.848991609804951937e-06
-9.804771179496409036e-06
-9.755010091230032190e-06
-9.659175392613742584e-06
-9.646551775595516015e-06
-9.602537905726956426e-06
-9.525080364868449329e-06
-9.464446723221637758e-06
-9.336437691372525638e-06
-9.230353978355040095e-06
-9.166927915249651099e-06
-9.137762347866921166e-06
-9.126759158038802458e-06
-9.075659034811446165e-06
-9.027434863929938947e-06
-8.909272437615783897e-06
-8.894408040475317904e-06
-8.836074232306208025e-06
-8.749757962916889699e-06
-8.726839699587099014e-06
-8.687939999066813333e-06
-8.632535873420835553e-06
-8.611777273528424369e-06
-8.590216735804617531e-06
-8.439112104850589728e-06
-8.416879896548685669e-06
-8.360056885709480720e-06
-8.311638400281518737e-06
-8.273576001043831784e-06
-8.209513596810573795e-06
-8.195970997535237260e-06
-8.144438836065469886e-06
-8.122305325012759577e-06
-8.093042754243298499e-06
-8.048785688020103148e-06
-7.920627370372561508e-06
-7.915806055336863445e-06
-7.859517903136421565e-06
-7.834727566930432629e-06
-7.783651850331068910e-06
-7.765767365201295188e-06
-7.702374638722983118e-06
-7.630912752225160582e-06
-7.627599393078022168e-06
-7.519493517947130909e-06
-7.509108732596073752e-06
-7.466114798655330834e-06
-7.410005995952156547e-06
-7.403110083157815525e-06
-7.320153637619308222e-06
-7.264540193605904767e-06
-7.218688510237453038e-06
-7.154206416363436876e-06
-7.098403609511934376e-06
-7.074835736107760847e-06
-7.072525794357349454e-06
-7.010123613061732627e-06
-6.932969245180509156e-06
-6.885931467826231843e-06
-6.836615148343038396e-06
-6.813085288862456607e-06
-6.743636207716231425e-06
-6.716723216258957388e-06
-6.667941721759146688e-06
-6.611152837158826543e-06
-6.564959423840129327e-06
-6.548314116404413776e-06
-6.534216055281967479e-06
-6.436922194738619488e-06
-6.400911816500869717e-06
-6.286945727843272402e-06
-6.266248244576698486e-06
-6.224282567951643033e-06
-6.215848888671715074e-06
-6.121942194614297254e-06
-6.092308860695559367e-06
-6.061481692293784466e-06
-6.008484260793516792e-06
-5.985720762311367470e-06
-5.963852588773953639e-06
-5.925672069821361155e-06
-5.886301101040149730e-06
-5.820975260160883195e-06
-5.741981279032764714e-06
-5.740593648695789682e-06
-5.707474376096326491e-06
-5.671684412823634554e-06
-5.644246086968973283e-06
-5.588363541772267389e-06
-5.530424099355794376e-06
-5.524321186024655619e-06
-5.456833394237304549e-06
-5.431045978981800858e-06
-5.402821611910097842e-06
-5.372278631247243297e-06
-5.307331049833978759e-06
-5.267237466055429314e-06
-5.220326741167752477e-06
-5.193081882843535987e-06
-5.124315395418696275e-06
-5.089948786269207304e-06
-5.064748802680215501e-06
-5.031043332899296410e-06
-4.975130883247719367e-06
-4.953294142130397125e-06
-4.888636192175903415e-06
-4.815868845533802158e-06
-4.787230175120204530e-06
-4.780865082951397156e-06
-4.754861323788193364e-06
-4.733566951191089738e-06
-4.704642527006469242e-06
-4.681436143351372251e-06
-4.619466421918665299e-06
-4.592024898200126503e-06
-4.532696208563520470e-06
-4.481886689355454538e-06
-4.443925669324083880e-06
-4.386977266636220848e-06
-4.383462628649827586e-06
-4.363800246579527963e-06
-4.344214482286388265e-06
-4.282520038469218270e-06
-4.232286736989851457e-06
-4.214552611034683033e-06
-4.178462144267790099e-06
-4.148725157645302172e-06
-4.142992492079842441e-06
-4.107250098571457210e-06
-4.036590332220167265e-06
-4.023892924408711060e-06
-3.995177416951301553e-06
-3.917421674786490870e-06
-3.887005681219124855e-06
-3.840148118208880166e-06
-3.830496684908905571e-06
-3.792960864616142627e-06
-3.723897615871907728e-06
-3.703026925046167638e-06
-3.695770768386784565e-06
-3.665994179677702470e-06
-3.641774472616317426e-06
-3.595319056355315710e-06
-3.563505247270975933e-06
-3.529719453787558958e-06
-3.489235076408535592e-06
-3.457936281002536614e-06
-3.373813103526945959e-06
-3.364759790773812873e-06
-3.329561700338237451e-06
-3.294205225541457710e-06
-3.254145130312891346e-06
-3.236283361755266173e-06
-3.186779375551175312e-06
-3.164623539791169110e-06
-3.125850440020299366e-06
-3.125614693186002531e-06
-3.061175795340141736e-06
-3.046653336819881848e-06
-3.036203512339531752e-06
-2.945371135665739737e-06
-2.929526422951957452e-06
-2.900864721210899633e-06
-2.878370470403606193e-06
-2.839719304513225981e-06
-2.822767287158550085e-06
-2.798927720523785029e-06
-2.766139317586172505e-06
-2.759825661783088783e-06
-2.723822018400683969e-06
-2.716678498438576616e-06
-2.673005944007820267e-06
-2.649084617836928871e-06
-2.642870921652650751e-06
-2.596207559518892613e-06
-2.559870255852464583e-06
-2.525178835303418603e-06
-2.492502536675412372e-06
-2.467582407568124606e-06
-2.444994426566024043e-06
-2.429402898068343396e-06
-2.395580312641647080e-06
-2.379856430936096765e-06
-2.369855787048058304e-06
-2.329901799102182864e-06
-2.279040380791240641e-06
-2.246675686051191832e-06
-2.242993377252658458e-06
-2.196257933964985058e-06
-2.151930971304102935e-06
-2.096432920222590032e-06
-2.061047580369535546e-06
-2.053116160544697716e-06
-2.032690247533578580e-06
-2.018080770083894501e-06
-1.954439395537124078e-06
-1.927403802922856784e-06
-1.912058107850429178e-06
-1.870490521734891238e-06
-1.859629156950939583e-06
-1.845175569568136897e-06
-1.825292980057593653e-06
-1.795364795659897833e-06
-1.761181823209415549e-06
-1.748811718367821132e-06
-1.719433386119151052e-06
-1.699512957137523087e-06
-1.671238202221321309e-06
-1.624593365704591700e-06
-1.608598487782938449e-06
-1.570820099738446098e-06
-1.548823534658593875e-06
-1.511956728117104247e-06
-1.474971679372738047e-06
-1.464234481270549449e-06
-1.440812279355271033e-06
-1.427584853075816335e-06
-1.403417392259771206e-06
-1.367043799482694385e-06
-1.337122941247078001e-06
-1.272786679998026074e-06
-1.266481186486249226e-06
-1.262007592652547786e-06
-1.204413732709722244e-06
-1.186845121779550785e-06
-1.170251307836228741e-06
-1.159924464335422632e-06
-1.128585023364604136e-06
-1.088296429449354884e-06
-1.087620975804930470e-06
-1.062477064772792639e-06
-1.028060800450223051e-06
-1.010190634621383997e-06
-9.818221240104759597e-07
-9.489391698530223459e-07
-9.142601625358394888e-07
-8.773518342003639896e-07
-8.606696659604894562e-07
-8.263935269842032189e-07
-8.075939196399248908e-07
-7.925908269981060485e-07
-7.819035356227515323e-07
-7.655250211660280307e-07
-7.368355070700637393e-07
-7.187949036014718928e-07
-7.065070424079962441e-07
-6.835381042381046104e-07
-6.415922398989726226e-07
-6.285202426943918367e-07
-6.065120307746223783e-07
-5.848664785492890652e-07
-5.727288868448472875e-07
-5.505667381274440596e-07
-5.171148212172968474e-07
-4.914750860168804332e-07
-4.730454332030538822e-07
-4.112863821003376473e-07
-3.917577069148448156e-07
-3.688913220514143649e-07
-3.515158455043543098e-07
-3.299188281098140786e-07
-3.115497980681334929e-07
-2.699756364433584170e-07
-2.470819271364887336e-07
-2.347807009739684446e-07
-2.099089811822522554e-07
-1.927872001691237089e-07
-1.493909566729987687e-07
-1.364092122196003215e-07
-1.258501504149830867e-07
-9.452216306728201073e-08
-5.860465932997621800e-08
-4.517536399798601647e-08
-3.416066472192954532e-08
-1.557652359480173048e-08
-8.288355850210555131e-09
0.000000000000000000e+00
2.532370983616385492e-09
3.803552249580361241e-08
6.280262723966616603e-08
9.366980091532967050e-08
1.233510927411972328e-07
1.398045666647209779e-07
1.694836366439434976e-07
1.966255001370843045e-07
2.154711399715817692e-07
2.241154491455551273e-07
2.601871450473881804e-07
2.885478271944785846e-07
3.174740839029972986e-07
3.234034896653851977e-07
3.519602224879321060e-07
3.639430209513702655e-07
4.100609230488341165e-07
4.372765279280742109e-07
4.583176439444068658e-07
4.708081944905180290e-07
5.083205946043590922e-07
5.330409434327510321e-07
5.512212473104031701e-07
5.669996191370472071e-07
5.699774413770465064e-07
5.992515182424040179e-07
6.229380071779709544e-07
6.324857963138337713e-07
6.538550868824764273e-07
6.722094735157697464e-07
6.965327154856989682e-07
7.396132529680097739e-07
7.566856067653673017e-07
7.764457798357987846e-07
8.365798229915911175e-07
8.559362163027189990e-07
8.624208953350449213e-07
9.014775197632524382e-07
9.351446637479601311e-07
9.495391788689915358e-07
9.723364443960235327e-07
9.998679268216590826e-07
1.024464752847683610e-06
1.038717411831910926e-06
1.070711813779414250e-06
1.090085513953587592e-06
1.106605114411279857e-06
1.127672647205093787e-06
1.145405420009022218e-06
1.209691441385186341e-06
1.221427464870026462e-06
1.241337137753659649e-06
1.276836993168076789e-06
1.287668765955516754e-06
1.299503209020738017e-06
1.341963315422892040e-06
1.373450120333300230e-06
1.394514575092750727e-06
1.408199848559148473e-06
1.420891524925246258e-06
1.449240482699938186e-06
1.486071666351124777e-06
1.489785736403654231e-06
1.506613587527403957e-06
1.572735751437330924e-06
1.595393922670266469e-06
1.613410382468645173e-06
1.635055000639739473e-06
1.660121491407342301e-06
1.690619805970575788e-06
1.694317256972523783e-06
1.749101712347008833e-06
1.769999903214571617e-06
1.800912002258184437e-06
1.837302309199161354e-06
1.877012971063340622e-06
1.917353873342338868e-06
1.941248968012902334e-06
1.956419960283617976e-06
1.965664777822438609e-06
1.998758524931968890e-06
2.023270951998723360e-06
2.037656555580586922e-06
2.073675171901194328e-06
2.088267104706065569e-06
2.111982538708420067e-06
2.156327991303657504e-06
2.179774021727046883e-06
2.193999080248468781e-06
2.239224436107715705e-06
2.271812862746446373e-06
2.291795990795310025e-06
2.333410414086178668e-06
2.357629773344496763e-06
2.390207574079379853e-06
2.439999315237769442e-06
2.455762682462652152e-06
2.493252675293030496e-06
2.538549853937674605e-06
2.558488981551038864e-06
2.575150689364857416e-06
2.629364407984206048e-06
2.641258871721414159e-06
2.662039187501704439e-06
2.708475590854500133e-06
2.716548880877725209e-06
2.757123955138757558e-06
2.770666450971734468e-06
2.782576742372846076e-06
2.814537027132612819e-06
2.851798295942216808e-06
2.875696506812211932e-06
2.907644706378269754e-06
2.934131737968467221e-06
2.980166807542966590e-06
3.008343606551483732e-06
3.033041110974668805e-06
3.081469190827651031e-06
3.106356011351511274e-06
3.151022771837945662e-06
3.178872825960939569e-06
3.218296245444552110e-06
3.250388480096211477e-06
3.268672255580215855e-06
3.316935044522142048e-06
3.346100595313440062e-06
3.386660699799170888e-06
3.410625001416491566e-06
3.439856744924600506e-06
3.502433878486437881e-06
3.511501925415353047e-06
3.550455493744035382e-06
3.560260023292361432e-06
3.633011361957735295e-06
3.652807873513768751e-06
3.696867151251061496e-06
3.729241218878708199e-06
3.738754857927457595e-06
3.771975838498296640e-06
3.788145699614124786e-06
3.834409342681281607e-06
3.869301013791952645e-06
3.885355877821257765e-06
3.931389303237429278e-06
3.984979071196313396e-06
4.002269907607935866e-06
4.020069360471006732e-06
4.067229479302267619e-06
4.124990392524314433e-06
4.148610770034921762e-06
4.236353548411347422e-06
4.252176760730062888e-06
4.261930596654941372e-06
4.302061311771359674e-06
4.379631783175348690e-06
4.420019791599392210e-06
4.470564415435794433e-06
4.476215045668485881e-06
4.485343530933819309e-06
4.515840166312649433e-06
4.531754696256731821e-06
4.621053486891679779e-06
4.642568095349331864e-06
4.671460082199886133e-06
4.710496569005443658e-06
4.736665467386033668e-06
4.814444121826650241e-06
4.851308746184277734e-06
4.867528116535104924e-06
4.880315603831672481e-06
4.911158156385048393e-06
4.950904193607392681e-06
4.974122180524955380e-06
5.017488538748007552e-06
5.034837212406950570e-06
5.112594478817632918e-06
5.128086520292284275e-06
5.154972149812438708e-06
5.216807804542329475e-06
5.248241421326244278e-06
5.299412557592371806e-06
5.334301596710474481e-06
5.362707011916759474e-06
5.436009378741724786e-06
5.455825666639967339e-06
5.489572234874728170e-06
5.554142309282876772e-06
5.590358136087150003e-06
5.600673283347567451e-06
5.629822563716651365e-06
5.644737868451189962e-06
5.743202213507325094e-06
5.825858744602549427e-06
5.857587341565675886e-06
5.912068750851202088e-06
5.929762398819497320e-06
5.946141442405400876e-06
5.974575601947221114e-06
6.055228373283133858e-06
6.107264945083570977e-06
6.122499139375078668e-06
6.217407884101251122e-06
6.235630915807905613e-06
6.262192138526813849e-06
6.266144606789312150e-06
6.368517035659066335e-06
6.378501349009447512e-06
6.398643924581694491e-06
6.431986464149242570e-06
6.474452599778605511e-06
6.556034024517766004e-06
6.611470706022283288e-06
6.650235002584047004e-06
6.671836221821101254e-06
6.755736534944501170e-06
6.788912083395861927e-06
6.854588510268538686e-06
6.879336482209648623e-06
6.921935853514308341e-06
6.963494076408546453e-06
7.029672136524209574e-06
7.046592559261747807e-06
7.095982229003259518e-06
7.153213870380638915e-06
7.186586831171135514e-06
7.254855777433741619e-06
7.322501957996362303e-06
7.339007581578545344e-06
7.389131936486869377e-06
7.456928525702922732e-06
7.513183946927610677e-06
7.538256774375505378e-06
7.596408897686293412e-06
7.615830060302612880e-06
7.656181847895708934e-06
7.728848837117395837e-06
7.748693639475797394e-06
7.795771234093821196e-06
7.859495842192505859e-06
7.920290734773905900e-06
7.977460047151479857e-06
8.008871877618168073e-06
8.036770979686230245e-06
8.131337009071455986e-06
8.148018619357004535e-06
8.216334942960489961e-06
8.249192717691638282e-06
8.303892904197112095e-06
8.371831589308078764e-06
8.445075979257791982e-06
8.520662750279853952e-06
8.535640950351674273e-06
8.569011026101317432e-06
8.640326095096734969e-06
8.671562700756374080e-06
8.722768219682797242e-06
8.815203936109618544e-06
8.888238581695347943e-06
8.930577023340566400e-06
9.020261357073531102e-06
9.043778611820782701e-06
9.122674837745971765e-06
9.162164808009614199e-06
9.209630690590354048e-06
9.259656803956141534e-06
9.354036437413588051e-06
9.371242484737649344e-06
9.440130783142078774e-06
9.475094181367323557e-06
9.569395066237903512e-06
9.619706877299960464e-06
9.675859921747417385e-06
9.759834935117943746e-06
9.796454944627589758e-06
9.833096267149212520e-06
9.908063671808023783e-06
9.960855867899947832e-06
1.002005964860575916e-05
1.022416891394261265e-05
1.022616210414424059e-05
1.030627830123104842e-05
1.031860803882424810e-05
1.035717038234849990e-05
1.043236509847693596e-05
1.047048529679815066e-05
1.053486581220228396e-05
1.055045636951327280e-05
1.065898315818391714e-05
1.067982532971639473e-05
1.077508155038666012e-05
1.085862406161707497e-05
1.099743998499976668e-05
1.105752715230188999e-05
1.108829536794940622e-05
1.120360779435988300e-05
1.130838908179668415e-05
1.134978749614241219e-05
1.140257250425725841e-05
1.146187596825658700e-05
1.158053756511523388e-05
1.166252064496112878e-05
1.167515072841256395e-05
1.178514394848661599e-05
1.186929065795310043e-05
1.191400696408109075e-05
1.198071154891594107e-05
1.202450640010325771e-05
1.212038229510503110e-05
1.220696194506305535e-05
1.226652469213615165e-05
1.233216808000882407e-05
1.244121562470882123e-05
1.247818866269777555e-05
1.257062739280329791e-05
1.257735615278225889e-05
1.264892418381750568e-05
1.277078848503185376e-05
1.288351048003074929e-05
1.296580501768818325e-05
1.306432312352846526e-05
1.315728964587381510e-05
1.321145300376520230e-05
1.335532844484606151e-05
1.346337495562346159e-05
1.350219404964315888e-05
1.355148858990455896e-05
1.371736866118994362e-05
1.378931651359783366e-05
1.385820475045176864e-05
1.400001319225543739e-05
1.403385459174631113e-05
1.411742971128296705e-05
1.418452215296327741e-05
1.429616923749869628e-05
1.431960620316002976e-05
1.454099538362878905e-05
1.455969842165379912e-05
1.463723228431644984e-05
1.481061838421708343e-05
1.484541550235069525e-05
1.487660666583443835e-05
1.500553886294534498e-05
1.511356936487836370e-05
1.524730103574231358e-05
1.526764064537679001e-05
1.545274208640888384e-05
1.561151090934033363e-05
1.566217768913412810e-05
1.590434126355497069e-05
1.600307288395560408e-05
1.613609173832639045e-05
1.630182537203181758e-05
1.641158517059579272e-05
1.642557431338784136e-05
1.650329689035547471e-05
1.662686866360148862e-05
1.666526194186022827e-05
1.676670427599008439e-05
1.689710864540934084e-05
1.710585646710834117e-05
1.728995894593073600e-05
1.737322871030438565e-05
1.758456354839783747e-05
1.778665113249261877e-05
1.795505886618110487e-05
1.804007853706082019e-05
1.819225182452367475e-05
1.822939712619885312e-05
1.848233487831415578e-05
1.856774163341996301e-05
1.877799044984882189e-05
1.891307808984263330e-05
1.913122259128375709e-05
1.919320075507250918e-05
1.937336771904252464e-05
1.950750110303091446e-05
1.968475017092524994e-05
1.980441772782460955e-05
1.998794158406823248e-05
2.020011110973216967e-05
2.085881641629520403e-05
2.107070705498325372e-05
2.128247532784014140e-05
2.152597998109928871e-05
2.169334365657429116e-05
2.227390681175570557e-05
2.329965808069760984e-05
