-6.253981523364890362e-05
-6.086968172356809571e-05
-6.042203250326886016e-05
-6.022632232566346998e-05
-5.973510206100885128e-05
-5.920249923904101730e-05
-5.857781869033592729e-05
-5.818909998487834255e-05
-5.795642638291897465e-05
-5.692977247499913113e-05
-5.686350139605492486e-05
-5.669045177038522864e-05
-5.640911032632799023e-05
-5.568751338319665562e-05
-5.526679093158171958e-05
-5.502017715402192588e-05
-5.458749348755016502e-05
-5.440870152792338346e-05
-5.412187227527294584e-05
-5.381964287233349993e-05
-5.375969825149882802e-05
-5.356592810363920227e-05
-5.305569536128731495e-05
-5.262059937794571438e-05
-5.233865065725906170e-05
-5.229589786110539032e-05
-5.200107835108279576e-05
-5.181734066505991809e-05
-5.167212726321096522e-05
-5.139933159196618601e-05
-5.088851235275736586e-05
-5.074228837564557061e-05
-5.062895315756831200e-05
-5.033242832380633956e-05
-4.999728688386111130e-05
-4.985615554393390533e-05
-4.956201875111378440e-05
-4.926360799298637981e-05
-4.913695961086247060e-05
-4.889833333330129427e-05
-4.855628123560397878e-05
-4.836759097369494755e-05
-4.827341940838972858e-05
-4.799199771371239647e-05
-4.775779132978903295e-05
-4.752701580750255846e-05
-4.735701647205491522e-05
-4.725204018974760151e-05
-4.710794784044715626e-05
-4.684314144521133636e-05
-4.674135646317705570e-05
-4.639050366587300721e-05
-4.629729258181764748e-05
-4.622440125590544514e-05
-4.613708501315784514e-05
-4.606487038212081270e-05
-4.575790905620738763e-05
-4.557829200229360439e-05
-4.533794235841314178e-05
-4.518117776702806036e-05
-4.496994802235489608e-05
-4.484557366149961199e-05
-4.457048730995240895e-05
-4.439397920187903207e-05
-4.431926940273420471e-05
-4.416724325390348311e-05
-4.399075010776093653e-05
-4.371923940007452490e-05
-4.358970983422515014e-05
-4.353489808058993678e-05
-4.327480405950343305e-05
-4.310085350042777409e-05
-4.300710668773578414e-05
-4.292413507900892970e-05
-4.274909370795839205e-05
-4.266042731534984065e-05
-4.235771445014638412e-05
-4.224004654165762853e-05
-4.219994279850496993e-05
-4.199468749299834646e-05
-4.178664643556923394e-05
-4.173021248116570053e-05
-4.162766524523996403e-05
-4.143434791378144668e-05
-4.123685591034332893e-05
-4.108384789436446714e-05
-4.095451111306232955e-05
-4.077390376153845693e-05
-4.075784619876605632e-05
-4.048549736054237499e-05
-4.037069045113460855e-05
-4.034286511940383632e-05
-4.009393776772918975e-05
-4.005709389954093360e-05
-3.989328042189932340e-05
-3.961125113020461444e-05
-3.952405754733948930e-05
-3.938377712276892591e-05
-3.931362668480883156e-05
-3.922808651048295204e-05
-3.907122176638163827e-05
-3.898272478787570642e-05
-3.893659197183380380e-05
-3.874021145142378565e-05
-3.865354357605267681e-05
-3.847470317803056492e-05
-3.833572216278371991e-05
-3.827430471820982531e-05
-3.808269697681005285e-05
-3.797069981394336405e-05
-3.780595227848912438e-05
-3.772454248554392653e-05
-3.760058343061547094e-05
-3.745163869360731789e-05
-3.729311878143224415e-05
-3.721785001698836869e-05
-3.714885845794253989e-05
-3.697982223545861992e-05
-3.691669951305913427e-05
-3.670665780654765344e-05
-3.657638601141943328e-05
-3.648809586788823351e-05
-3.639117003614298674e-05
-3.624639872504810753e-05
-3.616110059081547071e-05
-3.601088811698255983e-05
-3.591284584869146746e-05
-3.584331233693082336e-05
-3.570729870428851959e-05
-3.561626575669419741e-05
-3.549472251202465155e-05
-3.530383775465127200e-05
-3.511570159925611427e-05
-3.507784643932878709e-05
-3.492190351088863708e-05
-3.479694182827505468e-05
-3.470669685591815345e-05
-3.462426366682956624e-05
-3.458389161864946088e-05
-3.448801857162151434e-05
-3.440426415419586327e-05
-3.425958813947615198e-05
-3.422963576083175687e-05
-3.412027271621041887e-05
-3.403116023034926589e-05
-3.390351194524676476e-05
-3.384991189465592394e-05
-3.368393480014445336e-05
-3.354340602093245196e-05
-3.351701299427697108e-05
-3.339854550544843096e-05
-3.330790116132945549e-05
-3.318358723788343291e-05
-3.308001625276333778e-05
-3.303693428071988679e-05
-3.301660795732268560e-05
-3.280941065279004262e-05
-3.264745171583852265e-05
-3.260738637059694227e-05
-3.253902642779262709e-05
-3.245720688332219138e-05
-3.240916760457986719e-05
-3.237439582545601543e-05
-3.225102910835580823e-05
-3.206728775730685713e-05
-3.202938109537122410e-05
-3.194237135666266522e-05
-3.187117170448023777e-05
-3.179377552042150703e-05
-3.176427190761898876e-05
-3.159761089879806260e-05
-3.145377745343309867e-05
-3.133076845354235579e-05
-3.128198130350731188e-05
-3.120981890869986282e-05
-3.111021717141291800e-05
-3.101371706628213473e-05
-3.096995367957366084e-05
-3.086589114036785456e-05
-3.070448856272957523e-05
-3.065508445909371430e-05
-3.058127486489607959e-05
-3.051394461956105297e-05
-3.041683342385038095e-05
-3.026828201345811378e-05
-3.022207035864563998e-05
-3.018467083079234118e-05
-3.000238511777104922e-05
-2.995379720765834277e-05
-2.991010539702697898e-05
-2.987244150462933220e-05
-2.972476630968506168e-05
-2.963915143812535425e-05
-2.952547823556315280e-05
-2.945081859805573230e-05
-2.941561678093339679e-05
-2.928844755321837763e-05
-2.918582374924101879e-05
-2.912937825979954252e-05
-2.903299834853495810e-05
-2.898363034090524883e-05
-2.892354874466871042e-05
-2.880527644604595879e-05
-2.872469729510417961e-05
-2.869807826078252382e-05
-2.865797225378571023e-05
-2.848499995145418621e-05
-2.846514909417742291e-05
-2.835024147830985986e-05
-2.828319927533210268e-05
-2.824976863295162527e-05
-2.822284326196441851e-05
-2.805864117516468706e-05
-2.796076281713030006e-05
-2.792943855027680197e-05
-2.788292835285374974e-05
-2.778792043153327463e-05
-2.776756376074260115e-05
-2.771173338072402482e-05
-2.758914988461736161e-05
-2.747573656777116546e-05
-2.742007337240371859e-05
-2.735070596778287007e-05
-2.721172221364838664e-05
-2.715183652551235081e-05
-2.706439215912787111e-05
-2.689682027164192230e-05
-2.687696281568330891e-05
-2.680275849422321505e-05
-2.670224390685507356e-05
-2.663050738619484101e-05
-2.656584221996582400e-05
-2.651850612034276845e-05
-2.649260793837826801e-05
-2.644882233395508253e-05
-2.633109598258546517e-05
-2.631398264362234200e-05
-2.628759029430335748e-05
-2.618568185612626985e-05
-2.612809756999858043e-05
-2.608745749903984505e-05
-2.601862612885329096e-05
-2.595935287925802050e-05
-2.583838696431979174e-05
-2.578901164018177560e-05
-2.568494681962542545e-05
-2.559859479534877500e-05
-2.554155583052125606e-05
-2.541008445310196103e-05
-2.537266276409632396e-05
-2.534415196377289456e-05
-2.527911779609275827e-05
-2.517826300282571337e-05
-2.514399376604139428e-05
-2.503248108019871861e-05
-2.495796329995607373e-05
-2.493808348861857669e-05
-2.488895717284402272e-05
-2.480230510575749637e-05
-2.471458868143660271e-05
-2.463859298310232195e-05
-2.459852327842688004e-05
-2.453739564281481772e-05
-2.444948711419984294e-05
-2.440340043475849565e-05
-2.430957956701164526e-05
-2.425821214468925369e-05
-2.420647893257187307e-05
-2.412132788467384744e-05
-2.407199723555697701e-05
-2.401531617071366365e-05
-2.394167361548761859e-05
-2.393302576762135986e-05
-2.389360366743009971e-05
-2.378067310783209888e-05
-2.374522631933853489e-05
-2.363751498093225121e-05
-2.357772260176575817e-05
-2.354119202496227675e-05
-2.343497726485117556e-05
-2.342022352202036714e-05
-2.338796269655551104e-05
-2.328639065755975815e-05
-2.321941489176508749e-05
-2.318113992781988084e-05
-2.303732345206328311e-05
-2.297647445721126287e-05
-2.292141486378381534e-05
-2.283008412423315320e-05
-2.281160297926433712e-05
-2.270717046495769574e-05
-2.262910995084050549e-05
-2.258215040682186957e-05
-2.253423546877139172e-05
-2.244495782762789181e-05
-2.239424204257046109e-05
-2.235420477346619555e-05
-2.231172220784631886e-05
-2.226055752151922984e-05
-2.221727971869436817e-05
-2.212219928306191787e-05
-2.210766405297865482e-05
-2.209309484194009444e-05
-2.200967057750892179e-05
-2.193534996571251623e-05
-2.180546469373181994e-05
-2.175986798218658942e-05
-2.174451715088366764e-05
-2.169189406590715086e-05
-2.164041735457771924e-05
-2.158727803465841535e-05
-2.155855192086080974e-05
-2.143485548200650822e-05
-2.134846417924724088e-05
-2.132991345696445904e-05
-2.130628192002753375e-05
-2.125963537942794586e-05
-2.122360006817754764e-05
-2.116275838778777197e-05
-2.109463306384756127e-05
-2.102787875502069216e-05
-2.100046615916867528e-05
-2.083160006335255763e-05
-2.080045760476027146e-05
-2.069912220547673527e-05
-2.066853663861351327e-05
-2.060736915038487605e-05
-2.058332883149909808e-05
-2.055516398868230236e-05
-2.043550308547734321e-05
-2.042434869895598054e-05
-2.038658346807638240e-05
-2.033851519895982262e-05
-2.027913157674226909e-05
-2.024699466193764544e-05
-2.018148518581721121e-05
-2.010453390833935965e-05
-1.999365083995084845e-05
-1.998071552752298278e-05
-1.992617699366872297e-05
-1.990386884460612003e-05
-1.983561068095732603e-05
-1.977879529027398373e-05
-1.969708145808189551e-05
-1.965722385509029567e-05
-1.957872500690592516e-05
-1.955648728339536661e-05
-1.955004915577127826e-05
-1.950445986912110051e-05
-1.945970719563779226e-05
-1.933759700044418859e-05
-1.925754081277571879e-05
-1.924462858486565399e-05
-1.920442047031310935e-05
-1.917084283871367870e-05
-1.909140936629008693e-05
-1.902147249252622056e-05
-1.900618625307154658e-05
-1.897498922757348409e-05
-1.892372228918402430e-05
-1.888523427427683712e-05
-1.882642138203678635e-05
-1.871859154720303608e-05
-1.871649078569522791e-05
-1.866490828173923496e-05
-1.862119794167785310e-05
-1.855347326759835934e-05
-1.849785196668801013e-05
-1.844004163190463922e-05
-1.837419688105103394e-05
-1.833770670458663931e-05
-1.828168849763350855e-05
-1.823720522499741852e-05
-1.816848407876585822e-05
-1.814174126670483884e-05
-1.808869406528244069e-05
-1.799361290318065337e-05
-1.796742023824303753e-05
-1.789676735714991167e-05
-1.783980913629463444e-05
-1.779634483686549381e-05
-1.773032026600822715e-05
-1.772256717423971041e-05
-1.767767496508462440e-05
-1.761051797149343763e-05
-1.759052708305269949e-05
-1.756641689764971054e-05
-1.740608730627726141e-05
-1.738024318935223433e-05
-1.737581264817988086e-05
-1.727571310748222670e-05
-1.723125648919750406e-05
-1.722282675643596505e-05
-1.716440832978417672e-05
-1.711093297723145220e-05
-1.708643613509480067e-05
-1.703567597189092490e-05
-1.696147956872693949e-05
-1.693575912620127438e-05
-1.687944474353671555e-05
-1.679946850660731219e-05
-1.676810587601120810e-05
-1.670391645360196062e-05
-1.668128373327070583e-05
-1.666165400550386855e-05
-1.661316665641819349e-05
-1.652375506714474844e-05
-1.649857444468514540e-05
-1.645922496500228078e-05
-1.641779900798934810e-05
-1.638285472987185428e-05
-1.633799018757924875e-05
-1.629328320108485817e-05
-1.625290946802976548e-05
-1.620821560065866207e-05
-1.614804750546669490e-05
-1.613743123023363865e-05
-1.606075223548869067e-05
-1.600249873922992145e-05
-1.595417457946615513e-05
-1.594486403255891170e-05
-1.586939679170232579e-05
-1.578997133547193235e-05
-1.576018685967739107e-05
-1.571294999598044586e-05
-1.569532653627895083e-05
-1.567261297784966684e-05
-1.561740352843900940e-05
-1.553077054312667886e-05
-1.549662304883044948e-05
-1.543372017665893537e-05
-1.541461850673496941e-05
-1.534665252476048408e-05
-1.525658568795538374e-05
-1.524432587838625714e-05
-1.519909146587931903e-05
-1.517701948952453234e-05
-1.509971386726708309e-05
-1.503360433516129847e-05
-1.500003550682273941e-05
-1.497507175173909354e-05
-1.496518917959830693e-05
-1.490068606320600462e-05
-1.488211344616496905e-05
-1.484206650776521666e-05
-1.479062573459657787e-05
-1.478814992057920934e-05
-1.471901192950134990e-05
-1.466853496174913830e-05
-1.458869717039760772e-05
-1.457050805642025718e-05
-1.449677706468715598e-05
-1.446222350007981201e-05
-1.443101104061492115e-05
-1.438991067634095304e-05
-1.432758535705480470e-05
-1.427833879922540053e-05
-1.425087480116330602e-05
-1.416278127729368486e-05
-1.415411544886188637e-05
-1.411727430371637217e-05
-1.410393552354038328e-05
-1.405053082863021369e-05
-1.399964822752391053e-05
-1.393782456444031266e-05
-1.392815132529931968e-05
-1.389583622424985197e-05
-1.384187453829482437e-05
-1.379461047137131511e-05
-1.376608373533343895e-05
-1.370224594211267896e-05
-1.368213024218018175e-05
-1.364014416388782465e-05
-1.357388554301241532e-05
-1.353605659944314190e-05
-1.352586253642390696e-05
-1.350694273567084324e-05
-1.348344966448293170e-05
-1.343340982627123505e-05
-1.334520029760821313e-05
-1.330124649335418239e-05
-1.326755834222841229e-05
-1.324296046600313703e-05
-1.320052831591001787e-05
-1.317911032338448352e-05
-1.313771835841592908e-05
-1.310174755168419729e-05
-1.306219722036961440e-05
-1.302106055218011286e-05
-1.296948875101909174e-05
-1.295583730656059364e-05
-1.294324732481615283e-05
-1.286588371942270232e-05
-1.281987139872927893e-05
-1.279155519766990868e-05
-1.275634720574884169e-05
-1.271645382770962603e-05
-1.270569313446587070e-05
-1.259789184444209251e-05
-1.253128704006871828e-05
-1.250121661155165568e-05
-1.247427199134621866e-05
-1.242590912467211172e-05
-1.240617422074033050e-05
-1.235978597810694424e-05
-1.232185252353001262e-05
-1.228560921938510886e-05
-1.223422272628207231e-05
-1.220780216025562399e-05
-1.213741096241823585e-05
-1.209135950311989172e-05
-1.207425288364997246e-05
-1.203962771597012605e-05
-1.199631623454492514e-05
-1.196623361252663029e-05
-1.191257178221194925e-05
-1.188458882248377609e-05
-1.184811075325711648e-05
-1.180675344412779554e-05
-1.176252481822455739e-05
-1.175476437257909485e-05
-1.170283967879659059e-05
-1.167523902692605048e-05
-1.165932057751348059e-05
-1.159480993430221052e-05
-1.159200700187263666e-05
-1.155596960768514246e-05
-1.151794356155636027e-05
-1.147462672698733969e-05
-1.143972303686706110e-05
-1.137631439050855660e-05
-1.136297187023143662e-05
-1.129774424561736477e-05
-1.124727291918661702e-05
-1.120134599492955385e-05
-1.115427217149514162e-05
-1.113800737462676688e-05
-1.109041556698490416e-05
-1.105309358756106173e-05
-1.102180207908014340e-05
-1.097275027902726170e-05
-1.094927608391833543e-05
-1.091237650312784852e-05
-1.087851382682327291e-05
-1.083975881922048921e-05
-1.079601470006318105e-05
-1.075836699445850879e-05
-1.073424970524942565e-05
-1.068891632288920754e-05
-1.067612475967694351e-05
-1.061953634432430461e-05
-1.059795525723172176e-05
-1.055793842078128899e-05
-1.052369545516151633e-05
-1.044061782682563405e-05
-1.043321361742858603e-05
-1.041384789604929078e-05
-1.038838511183527891e-05
-1.036211052125519135e-05
-1.033862627882627411e-05
-1.028935637246056976e-05
-1.025265491039026474e-05
-1.022338135809247626e-05
-1.020246068477484990e-05
-1.017642231007541253e-05
-1.016889954581151484e-05
-1.013177956388112497e-05
-1.011585662656177257e-05
-1.001942389254616939e-05
-9.964515514347538683e-06
-9.926575444857217072e-06
-9.901628272592033099e-06
-9.868653446455088736e-06
-9.847962216532211698e-06
-9.804916386619647660e-06
-9.776794145334178612e-06
-9.737899950520071033e-06
-9.714810582726474949e-06
-9.666274504957493607e-06
-9.642422522210924291e-06
-9.589007494096144470e-06
-9.563540571520453358e-06
-9.524420730978416490e-06
-9.488797266523987003e-06
-9.463590416938029142e-06
-9.429673668781638076e-06
-9.388861612203414211e-06
-9.355851417458765665e-06
-9.345440371970300316e-06
-9.302658565473556041e-06
-9.263991532499451216e-06
-9.247898715759502789e-06
-9.213023553855873349e-06
-9.163024408590026004e-06
-9.135234444154219518e-06
-9.098010597969077875e-06
-9.087228771715404318e-06
-9.039184757228046970e-06
-9.030178927751628091e-06
-8.979071570432573934e-06
-8.960471251614476681e-06
-8.918629462850597239e-06
-8.903244938143680407e-06
-8.876005612796044787e-06
-8.852608209242463373e-06
-8.831303164179096313e-06
-8.785388120261872821e-06
-8.771759203555426555e-06
-8.731691563739779700e-06
-8.689149909180706905e-06
-8.664151023418953390e-06
-8.627820276262306698e-06
-8.618964093031354683e-06
-8.551086961941179590e-06
-8.527454939585308455e-06
-8.495588616244539071e-06
-8.453354623479761648e-06
-8.421615449696535948e-06
-8.381008555567151771e-06
-8.375989118394554358e-06
-8.348552343143892705e-06
-8.318796626485576163e-06
-8.246687010783755625e-06
-8.235373504032911872e-06
-8.221131038440209889e-06
-8.202463610078045353e-06
-8.162775497983348883e-06
-8.132129517026424737e-06
-8.095770958294334162e-06
-8.076597121719693328e-06
-8.041945962461308225e-06
-8.006495975889653770e-06
-7.973376345280941164e-06
-7.960378063334343164e-06
-7.907960146931540988e-06
-7.884733757807492211e-06
-7.833502832661252095e-06
-7.802847320662642966e-06
-7.781365790100312779e-06
-7.730318945157347305e-06
-7.710340765801810775e-06
-7.688684573994244325e-06
-7.648170116692012694e-06
-7.617743703540923457e-06
-7.603313417881785414e-06
-7.570213052134770012e-06
-7.544420562372852867e-06
-7.523196760835296803e-06
-7.479944457284834274e-06
-7.438107044951791145e-06
-7.431704091555984855e-06
-7.417250551348123760e-06
-7.355096944959684970e-06
-7.338799915310444934e-06
-7.321621234655163118e-06
-7.269105142990011063e-06
-7.249531145567314303e-06
-7.198822250290924093e-06
-7.178663023638549970e-06
-7.156301782779487466e-06
-7.119541561745388645e-06
-7.114548965578769866e-06
-7.063765446015701707e-06
-7.048631618651102236e-06
-6.993639113588076500e-06
-6.960654359012821795e-06
-6.946134824631499893e-06
-6.923409773821990681e-06
-6.852083522069764335e-06
-6.831087800180835095e-06
-6.796618054212706832e-06
-6.766683416315429065e-06
-6.747000838728035639e-06
-6.715061048904446993e-06
-6.672465326502792687e-06
-6.640056396523296079e-06
-6.608079179569036161e-06
-6.593423559129413785e-06
-6.582188989751857816e-06
-6.537710929894273924e-06
-6.528803239842827919e-06
-6.495004256214212778e-06
-6.457459125604814840e-06
-6.436692084831881444e-06
-6.421504763037533587e-06
-6.420430911327066078e-06
-6.396382649515085315e-06
-6.390602963366972907e-06
-6.342068508614244073e-06
-6.297619870443998510e-06
-6.257690650230830873e-06
-6.237121899965431102e-06
-6.224041010070146548e-06
-6.185341785503241915e-06
-6.153921238428953395e-06
-6.143824135628611457e-06
-6.116534750795633999e-06
-6.080537163788839114e-06
-6.060055223461453914e-06
-6.016785301213616284e-06
-5.994196443406130324e-06
-5.943063843789350141e-06
-5.922812825326502937e-06
-5.918395880181748959e-06
-5.894333597710051043e-06
-5.857626129150481183e-06
-5.844194254401366988e-06
-5.831557155146280795e-06
-5.770149641350996905e-06
-5.718625290791735059e-06
-5.693242039428159593e-06
-5.672953673168505051e-06
-5.654980814696268844e-06
-5.630631993131795195e-06
-5.609199336021901454e-06
-5.566329281742012920e-06
-5.541568400946138505e-06
-5.527818050159346250e-06
-5.509048245683251180e-06
-5.480590036115262074e-06
-5.446956736297413045e-06
-5.433166382990728008e-06
-5.406991873826799577e-06
-5.356208150149097052e-06
-5.329186207520820431e-06
-5.291405060540945732e-06
-5.271625557572110530e-06
-5.258171135275497375e-06
-5.254282826934696613e-06
-5.197832473164888491e-06
-5.174491025625752492e-06
-5.161413496964896816e-06
-5.121435213783236483e-06
-5.105125393183948178e-06
-5.081771909468364167e-06
-5.048340919933512793e-06
-5.032521804506205942e-06
-4.998744087200518575e-06
-4.960544562228084644e-06
-4.942505432011702519e-06
-4.914239670624949813e-06
-4.891228663316436440e-06
-4.884194575487657284e-06
-4.864864218141599565e-06
-4.837269871660356963e-06
-4.804306826960619945e-06
-4.786559952160334482e-06
-4.772398654113069396e-06
-4.751992237726640017e-06
-4.711331892538447161e-06
-4.690584520471738267e-06
-4.662434332069348340e-06
-4.634742199106863521e-06
-4.609202575631253399e-06
-4.585423506518122961e-06
-4.551740376615307505e-06
-4.532511003442260054e-06
-4.468593937269303334e-06
-4.458619733899379029e-06
-4.445665418939664655e-06
-4.437338229078594000e-06
-4.410790908745382036e-06
-4.340623205803635848e-06
-4.331518250106313516e-06
-4.306405327646416922e-06
-4.301205177792171511e-06
-4.281304727153533070e-06
-4.272219237400387128e-06
-4.226430585570836023e-06
-4.182659453524554773e-06
-4.173532414681530325e-06
-4.136226761952759048e-06
-4.101379949479108334e-06
-4.071848358710274398e-06
-4.034262392783854893e-06
-3.997014359655134363e-06
-3.970625188126241832e-06
-3.964101041929769165e-06
-3.944981808222087379e-06
-3.926828390810243025e-06
-3.874244712308274771e-06
-3.843168578848389946e-06
-3.833540348841369738e-06
-3.826164270845651525e-06
-3.807865177288827850e-06
-3.791348357730613769e-06
-3.759076544413927397e-06
-3.747376550261842198e-06
-3.733229907863017159e-06
-3.692017906762852612e-06
-3.674006245017904998e-06
-3.654696881174484490e-06
-3.635497495530167327e-06
-3.614894593308854130e-06
-3.548255609559546779e-06
-3.543519942847403270e-06
-3.514256106983900534e-06
-3.501546955471694467e-06
-3.476286663854076953e-06
-3.443850332238452484e-06
-3.433337191813072576e-06
-3.411815578048443999e-06
-3.403285572491880775e-06
-3.377608870118480274e-06
-3.353968697684859854e-06
-3.339736557340788378e-06
-3.321098369000684581e-06
-3.271150198266811662e-06
-3.257403179105666225e-06
-3.231188732175247170e-06
-3.217561763103377205e-06
-3.172466159616590720e-06
-3.137044294928891638e-06
-3.119967933425968446e-06
-3.089771564275112723e-06
-3.072362749638998145e-06
-3.059010513980024507e-06
-3.022761781278213740e-06
-3.011964379989070402e-06
-2.998461385869106803e-06
-2.973130995633478846e-06
-2.945006853384170891e-06
-2.916992410751341071e-06
-2.902120987532024071e-06
-2.893521720431807157e-06
-2.851964107141948215e-06
-2.829334486419521984e-06
-2.784512754442587502e-06
-2.767846534892694402e-06
-2.753017296080600482e-06
-2.733410341763874729e-06
-2.716861447105006461e-06
-2.679144412210175620e-06
-2.660112518091636303e-06
-2.639699850871565978e-06
-2.608740448615088945e-06
-2.605821584870461930e-06
-2.585587396089075557e-06
-2.560169788543568313e-06
-2.537442261133239486e-06
-2.507742755392431552e-06
-2.489566353969352634e-06
-2.481120171090044112e-06
-2.456565547383570797e-06
-2.439637564453059082e-06
-2.428804581107492225e-06
-2.375972752922163119e-06
-2.363698740445409316e-06
-2.352102837925222049e-06
-2.348404635819579991e-06
-2.309949860169171673e-06
-2.277657266356317125e-06
-2.261883928592119265e-06
-2.256868896759008202e-06
-2.219990140016748535e-06
-2.210428553254913050e-06
-2.190648532718390785e-06
-2.152961622933460680e-06
-2.138011515633978388e-06
-2.113593383861747821e-06
-2.109598397945421859e-06
-2.086810957314994944e-06
-2.053485910095257153e-06
-2.036093348244676781e-06
-2.021522265057931782e-06
-2.016289073495715163e-06
-1.975325474472129640e-06
-1.945157498531894563e-06
-1.925428821967434937e-06
-1.901694196570457689e-06
-1.872940842363491720e-06
-1.836937796906278067e-06
-1.831163066136320846e-06
-1.824281900772967365e-06
-1.799070489417281308e-06
-1.779297834312625708e-06
-1.756658192751927467e-06
-1.748319782095713695e-06
-1.698198900067444714e-06
-1.677642427275870050e-06
-1.655758453866514756e-06
-1.636749277057519109e-06
-1.620417651665451268e-06
-1.607421075981021872e-06
-1.583806158706553465e-06
-1.572229928997464193e-06
-1.553491367071856933e-06
-1.523926298580492463e-06
-1.507836522283254929e-06
-1.506706031971102600e-06
-1.479688028584565790e-06
-1.443118287665726975e-06
-1.390421471196250885e-06
-1.376570851443981121e-06
-1.359706511132078787e-06
-1.344382211255261159e-06
-1.325531314088815362e-06
-1.288773703532208646e-06
-1.279963840752178321e-06
-1.261766473582082490e-06
-1.243703889199374058e-06
-1.200755846632002549e-06
-1.195847375816834805e-06
-1.170260907761449803e-06
-1.166927049723584430e-06
-1.130573285156796595e-06
-1.112698672459027064e-06
-1.100335729253982177e-06
-1.084024782276331182e-06
-1.054729458849782590e-06
-1.040625892401535700e-06
-1.024917573271361648e-06
-1.007313140795703485e-06
-9.875919467862738804e-07
-9.555221364537043458e-07
-9.278812774214721542e-07
-9.040744281032057140e-07
-8.776081192842851030e-07
-8.668415606942661012e-07
-8.484912994305545731e-07
-8.430332701518515165e-07
-8.383869211019106430e-07
-8.124586765011562270e-07
-7.979809144301199784e-07
-7.682807203913842383e-07
-7.440735747641199223e-07
-7.282001331213631208e-07
-7.001011024181990683e-07
-6.870538827047089141e-07
-6.713913945356050380e-07
-6.440903393197695535e-07
-6.353093932659328338e-07
-6.269745636434264933e-07
-6.092395557962634287e-07
-5.750367919744524830e-07
-5.473036209168376072e-07
-5.388019069036637298e-07
-5.143066575477320561e-07
-5.050477140123269816e-07
-4.967421240888239663e-07
-4.677026782637938125e-07
-4.461175248589643513e-07
-4.143851384227287715e-07
-3.815679140407309010e-07
-3.701470760964938843e-07
-3.558899216562397524e-07
-3.430238797763311595e-07
-3.353237039642646366e-07
-3.097929780760859782e-07
-2.804008343653902180e-07
-2.695133503252189471e-07
-2.530652076180746011e-07
-2.406850613057080580e-07
-1.916325807337151239e-07
-1.794363632366365336e-07
-1.550763280867722029e-07
-1.414777239825305503e-07
-1.244858128935986895e-07
-1.057610585927333295e-07
-9.695752153992455227e-08
-7.963239053184546928e-08
-4.799113132429042328e-08
-3.936887679596836185e-08
-1.707507938668006730e-08
-3.624323157197226879e-09
9.854252802831384258e-09
2.143699170298365468e-08
4.489584459043914926e-08
5.564405819437574807e-08
8.774772175484076265e-08
9.902672417481428134e-08
1.109310202496211346e-07
1.285540708653703536e-07
1.509251360288480101e-07
1.715354427658768899e-07
1.936328809672664541e-07
2.028136674687865616e-07
2.316463727479802341e-07
2.367060837506436804e-07
2.825376382699337788e-07
2.926010673175784522e-07
3.237524906108642832e-07
3.284879909283557995e-07
3.461838434655972932e-07
3.597567366556671926e-07
3.782596161558080945e-07
3.870089951964211467e-07
4.143885162429322359e-07
4.269246110931130727e-07
4.511159012841750929e-07
4.778394638056659825e-07
4.998424916060177071e-07
5.063638699843490004e-07
5.325344494460265960e-07
5.690654727475433016e-07
5.707006497608572116e-07
6.019108227485192950e-07
6.111611656215606304e-07
6.292426378057768562e-07
6.615701922716728169e-07
6.747008407649011945e-07
6.938814665782581047e-07
7.069067778138270091e-07
7.330118146856824747e-07
7.503384453472885424e-07
7.557579899824249136e-07
8.015902051572273367e-07
8.100913596788928603e-07
8.328926701841573370e-07
8.478533329571530292e-07
8.583195814133990764e-07
8.661815422498803573e-07
8.895219305421196683e-07
9.284242049304306480e-07
9.476055557607273530e-07
9.597302320625030637e-07
9.766900355163691392e-07
9.984185140037704338e-07
1.033397029949173525e-06
1.056586152382174626e-06
1.067239448567716291e-06
1.084152731788848650e-06
1.094694940404883592e-06
1.115806306656590060e-06
1.130728999143557350e-06
1.135999539653861925e-06
1.171754416227432554e-06
1.197054691693751548e-06
1.225595370728821561e-06
1.238617636115896670e-06
1.256516654012307193e-06
1.267584258838491268e-06
1.289229362606126480e-06
1.308355057576654062e-06
1.313796531271041267e-06
1.342669561103676079e-06
1.361287702744329631e-06
1.370557660979108883e-06
1.415747775488368953e-06
1.434015854988985155e-06
1.475873023998053629e-06
1.494531453285956317e-06
1.502768069510084021e-06
1.524593964881368806e-06
1.561859737010491545e-06
1.569896035826206431e-06
1.595074953731269665e-06
1.631559007265527072e-06
1.638454476325646999e-06
1.653856048412901005e-06
1.682933790906433018e-06
1.718272941071221198e-06
1.726204466370562501e-06
1.739565378826653356e-06
1.748575010832077795e-06
1.769506509022054154e-06
1.777632879257498735e-06
1.806046313162096611e-06
1.829028502953594807e-06
1.833723748658017838e-06
1.851770414676868936e-06
1.893181392592571739e-06
1.901939843168945548e-06
1.923351285180951096e-06
1.954483516675670146e-06
1.999646279543665706e-06
2.011714908339242646e-06
2.035529197276443353e-06
2.048409516200538387e-06
2.061325162537638145e-06
2.090631391034291696e-06
2.107563448289730923e-06
2.121755277280459843e-06
2.149372028034571948e-06
2.182808745446728931e-06
2.219323687178084578e-06
2.242467076959436889e-06
2.268924386318248217e-06
2.282069749600440046e-06
2.294531837026376592e-06
2.316427057608874985e-06
2.324261390408744055e-06
2.358359391527468503e-06
2.400355748883297726e-06
2.431415143606093268e-06
2.443080871530114425e-06
2.456058168399926562e-06
2.483160363804365464e-06
2.516870698553474411e-06
2.539574368820424663e-06
2.570801949545104024e-06
2.580382049765051484e-06
2.602699533033367995e-06
2.610024915063600167e-06
2.646996825432010145e-06
2.666810014659150174e-06
2.694531255923362237e-06
2.725261719422570895e-06
2.739207692098020685e-06
2.759242674481328367e-06
2.759553364648219105e-06
2.769153329807450353e-06
2.805345674903849311e-06
2.820122507029889587e-06
2.873911265216793232e-06
2.886156477918912993e-06
2.907599818127316561e-06
2.924619811716044274e-06
2.944970805224826309e-06
2.966697407234465840e-06
2.978610778281101944e-06
2.998809107186495572e-06
3.025862470191587978e-06
3.053197110145681774e-06
3.077006311280502645e-06
3.096835223895939059e-06
3.112939693778927447e-06
3.120274288164478040e-06
3.151060713852460621e-06
3.176191256593274388e-06
3.217550102122486425e-06
3.233257309566880679e-06
3.259962507021098073e-06
3.272844226146698431e-06
3.285105409049967038e-06
3.301067461063455956e-06
3.325363477502360345e-06
3.366374172527492713e-06
3.410838488397587825e-06
3.425110363553957896e-06
3.457496522551432233e-06
3.462545321570176695e-06
3.493727373646589573e-06
3.521010238029675711e-06
3.549276023186613642e-06
3.563147421600596542e-06
3.576421065974196566e-06
3.628232843662713146e-06
3.636293246433082104e-06
3.663778425875026916e-06
3.697876052788068597e-06
3.706938254286806724e-06
3.747374981083474767e-06
3.753881542650719009e-06
3.799395767139701983e-06
3.821927886974343197e-06
3.838580088979071574e-06
3.860449936835349195e-06
3.874562332274478780e-06
3.910052452227119123e-06
3.942335027534061515e-06
3.960825884703827340e-06
3.971541228086380480e-06
4.021356157868901896e-06
4.029418356605818297e-06
4.051770789868717547e-06
4.074166746811814337e-06
4.097868272287303701e-06
4.125296135377375390e-06
4.147914623606603411e-06
4.183807120961895766e-06
4.188084011564784943e-06
4.233442390715322523e-06
4.278952909082714661e-06
4.295184407397157500e-06
4.310337669481811191e-06
4.359729603028427140e-06
4.374100276894398945e-06
4.395998196033547320e-06
4.410580011202112417e-06
4.440864405126912284e-06
4.471874823949160721e-06
4.511823518331414896e-06
4.516203219712349611e-06
4.527608593314536163e-06
4.578146722501907808e-06
4.603785370044980784e-06
4.624748573482001421e-06
4.645187318025726044e-06
4.673242196804496397e-06
4.681480842518071344e-06
4.723504216691528509e-06
4.747213279598347931e-06
4.764979107162184607e-06
4.771300277038860609e-06
4.815880769928670762e-06
4.855772052693323575e-06
4.883115637434225262e-06
4.893064859860679818e-06
4.906069172634491951e-06
4.941371373325686762e-06
4.964307539965350302e-06
4.968448138153863184e-06
5.018147897550159619e-06
5.047489397901946866e-06
5.074545044823757113e-06
5.088691827638015899e-06
5.110039165657572719e-06
5.167907294757672337e-06
5.185490477696542110e-06
5.192039811447150499e-06
5.233443393020573493e-06
5.246532790318235591e-06
5.270582351303358943e-06
5.300349540650455682e-06
5.357263172889574504e-06
5.376800672825179312e-06
5.408539624348366574e-06
5.456135330078728529e-06
5.481400138548356444e-06
5.531692747467835741e-06
5.537987171952362668e-06
5.545511142550551581e-06
5.556691042265866699e-06
5.588487636012850744e-06
5.618673052564446834e-06
5.664731568194199568e-06
5.673428201658567150e-06
5.715081758573702011e-06
5.742109444412134468e-06
5.766544676734754112e-06
5.798134932631494081e-06
5.831297811693575325e-06
5.844981119298619515e-06
5.876428080956456451e-06
5.912646542265975543e-06
5.958527142181693003e-06
5.972097048319803483e-06
5.988014576264025708e-06
6.015709226415691654e-06
6.050898070259213197e-06
6.064605564604468747e-06
6.107154283372722471e-06
6.133222356421779408e-06
6.175574695908663919e-06
6.182776594023876084e-06
6.210838135893851692e-06
6.251732400223728092e-06
6.290102366914702869e-06
6.311498463815355271e-06
6.330884294648233270e-06
6.377135745302092465e-06
6.388380332681890236e-06
6.410157896430752463e-06
6.428802120871246478e-06
6.456525794547196103e-06
6.469262333626764246e-06
6.539631058997304892e-06
6.556931940532595776e-06
6.595200763251667350e-06
6.616818974829060937e-06
6.634338311399154015e-06
6.676433366745793297e-06
6.687119255518236745e-06
6.713441557123810638e-06
6.755766720295894182e-06
6.769960255514918011e-06
6.788665775708611617e-06
6.842621049681109302e-06
6.858266520280699669e-06
6.882743548572707114e-06
6.924686281103496050e-06
6.934806220833130791e-06
6.988345352924231371e-06
7.007435097282086293e-06
7.044662756520838518e-06
7.062262986104416620e-06
7.093727148474782466e-06
7.105027201958967127e-06
7.114894760329842995e-06
7.203771374878797622e-06
7.214888612013196703e-06
7.262589088446965680e-06
7.282238590914274591e-06
7.307491887112597598e-06
7.333445074662792042e-06
7.376177521522048302e-06
7.383115063095172401e-06
7.398289511151191704e-06
7.407488686132032588e-06
7.463767048499900544e-06
7.487276948295427411e-06
7.558051969049822737e-06
7.571501596391696538e-06
7.596442027931909785e-06
7.609321045753459668e-06
7.633379895962813102e-06
7.679919640085103129e-06
7.704862375160711916e-06
7.757191971295863338e-06
7.782026639812950837e-06
7.795109971578160105e-06
7.806252721007337034e-06
7.849623894302945409e-06
7.884618914566389407e-06
7.957310832335011207e-06
7.984532559010102147e-06
8.007739898046171870e-06
8.025799046274200257e-06
8.033946525138923103e-06
8.061727755616028668e-06
8.086070392350387597e-06
8.100822526366255550e-06
8.160535815849596970e-06
8.187927761544345091e-06
8.210394590114956191e-06
8.246012093049076290e-06
8.325550806197673794e-06
8.336702994647384536e-06
8.349500077553190041e-06
8.356504565381166408e-06
8.423112223649793551e-06
8.429112883342396704e-06
8.452902194361484981e-06
8.479451366271261305e-06
8.514301548291196433e-06
8.551003135803216776e-06
8.592698319054352680e-06
8.605729519308746549e-06
8.644280213050185521e-06
8.704436824242395209e-06
8.741648378642537411e-06
8.770597789745249935e-06
8.789063289848004045e-06
8.812579738270118912e-06
8.882297789852603871e-06
8.904711768780695837e-06
8.930359699829091628e-06
8.983633475814554569e-06
9.010855807336982614e-06
9.026900466664142145e-06
9.072301465502137293e-06
9.094062154730970406e-06
9.134074401959939185e-06
9.183882883836446857e-06
9.209118477310504974e-06
9.223799171891525211e-06
9.260025884444467563e-06
9.315510428073463305e-06
9.316390571369020980e-06
9.344789900772973551e-06
9.355334180921258370e-06
9.427681790430723639e-06
9.446979262440133443e-06
9.483269054725773495e-06
9.504984050296151521e-06
9.539381924745997756e-06
9.601414930738824319e-06
9.620068758095179376e-06
9.666022056300854073e-06
9.686151552515418828e-06
9.748182968721767947e-06
9.777968617277441618e-06
9.836164753431597476e-06
9.860305263579310811e-06
9.895792017654301959e-06
9.913021937050525576e-06
9.932825053878358912e-06
9.948905601517604085e-06
9.967196117170053132e-06
1.001699430377220453e-05
1.003710989518832254e-05
1.010305777028508313e-05
1.012288006480884001e-05
1.018222247674379435e-05
1.020427867646398433e-05
1.023256051114922993e-05
1.028866207872472069e-05
1.032056719204207331e-05
1.033689199769119896e-05
1.039823883094465970e-05
1.044383115682094836e-05
1.047828496785141159e-05
1.052347654055137455e-05
1.054628627649006438e-05
1.056352822883864570e-05
1.060364906053178008e-05
1.064150381996332896e-05
1.066687301891997736e-05
1.069558993814823019e-05
1.072182301967647794e-05
1.075852129888248166e-05
1.080817442265447513e-05
1.085566000782905676e-05
1.091493726169386721e-05
1.092907022863932194e-05
1.096330635913653537e-05
1.100533151323795164e-05
1.102927545812326291e-05
1.105147051271689539e-05
1.112579461894507872e-05
1.115710179137143550e-05
1.115827099847036714e-05
1.118821541467715297e-05
1.122536350691694503e-05
1.128830363356109319e-05
1.133652106787571781e-05
1.137770265317767164e-05
1.141001940493580592e-05
1.143608696294043316e-05
1.147638253501274509e-05
1.149059506202315346e-05
1.151933133650806660e-05
1.158935805082154957e-05
1.159666951110541697e-05
1.163948060941714210e-05
1.167338717142278385e-05
1.170408723539675093e-05
1.171882121993201611e-05
1.178174036277943959e-05
1.179849270403193610e-05
1.186126117028930051e-05
1.188858044943613949e-05
1.194386510028721377e-05
1.197472184302808214e-05
1.200116985068933752e-05
1.205510559850367308e-05
1.207075176739479672e-05
1.211128373729549778e-05
1.213906975938580196e-05
1.224650643882129864e-05
1.226949960577312779e-05
1.230408006283536714e-05
1.232352396717268128e-05
1.233867233132070936e-05
1.239225652811197245e-05
1.244270314960213602e-05
1.250026990421522141e-05
1.253643869994739008e-05
1.255500767589141754e-05
1.259300000604598519e-05
1.264947127719293173e-05
1.266301836350787200e-05
1.267581030469141091e-05
1.275393759264317581e-05
1.278436509874369934e-05
1.284166451475167063e-05
1.284782085645999426e-05
1.287903583470052423e-05
1.294416923732560686e-05
1.297193658404032723e-05
1.301103886985206760e-05
1.302652395388576151e-05
1.307955945799629867e-05
1.313427731808053744e-05
1.319557832257853309e-05
1.322062950833618568e-05
1.325663587494065016e-05
1.328135039312153266e-05
1.333806518230610791e-05
1.337273842594485322e-05
1.344560216028033049e-05
1.346987921305733340e-05
1.355966561265257551e-05
1.358525333970119972e-05
1.361458756157140349e-05
1.366719426991878050e-05
1.374579713701463319e-05
1.376434166125868970e-05
1.379131501582524423e-05
1.383329192474875437e-05
1.384155683154259275e-05
1.391720616516707868e-05
1.394345652055920462e-05
1.399091270035933771e-05
1.399546166457610431e-05
1.405986265009385346e-05
1.410306540415624962e-05
1.413725892292910282e-05
1.420039237498547211e-05
1.423585596584041653e-05
1.430241244645764947e-05
1.433511725019442781e-05
1.434668554365909833e-05
1.436546708747488614e-05
1.443959626902232494e-05
1.447049779736815285e-05
1.451194491783601740e-05
1.454127081077103017e-05
1.458567937805444252e-05
1.463536917409311674e-05
1.466064893617729282e-05
1.469985367881219148e-05
1.473535237646931768e-05
1.476984298971311662e-05
1.480200940205757783e-05
1.486203049152134701e-05
1.488166867656502142e-05
1.494593036905817154e-05
1.495996800196779294e-05
1.500344970230378189e-05
1.504713052038132244e-05
1.512356186047624984e-05
1.514850953644369594e-05
1.519119789475963493e-05
1.525825117005526783e-05
1.530366274031274537e-05
1.535626652091962233e-05
1.537359805590627772e-05
1.540212650728019935e-05
1.543462631073054764e-05
1.549210570267911630e-05
1.556422862374280656e-05
1.562323058019253583e-05
1.564603818925818172e-05
1.569732648928001415e-05
1.570447069869893131e-05
1.577666770371351633e-05
1.582404453551039739e-05
1.588334640450410088e-05
1.591796273408941324e-05
1.596256436473214666e-05
1.603472965268045160e-05
1.612032568478137439e-05
1.615944361072310211e-05
1.619413861233032461e-05
1.624457508604237782e-05
1.628238541870825125e-05
1.631069828589241442e-05
1.634563412401017154e-05
1.637521089141736802e-05
1.644413107153220221e-05
1.648881610468241418e-05
1.656349554166119617e-05
1.659849329375120356e-05
1.665124379944411047e-05
1.668725177085722238e-05
1.673964584464825259e-05
1.674734115947770674e-05
1.681782117312471267e-05
1.690410872736716641e-05
1.692099587071316523e-05
1.695459072997587851e-05
1.697529165934740235e-05
1.705848271631762021e-05
1.711396546543142135e-05
1.715823469855520106e-05
1.717747177124531816e-05
1.726071045620264797e-05
1.731880126247971522e-05
1.735303410250442163e-05
1.745986114448256228e-05
1.746010743446002570e-05
1.752703898087912238e-05
1.756345778909457688e-05
1.761366521934739930e-05
1.764650255338253511e-05
1.767153552019941042e-05
1.770762880833441028e-05
1.775844478713355172e-05
1.786521484513646551e-05
1.793228926843638021e-05
1.795681139801204461e-05
1.799974398118748311e-05
1.809317090555615385e-05
1.813445705771830188e-05
1.819705134844487010e-05
1.822681582081079341e-05
1.831659839555923095e-05
1.836186793165781779e-05
1.837054212425299227e-05
1.843203196585112464e-05
1.851578422344887651e-05
1.854170066370761327e-05
1.859034029118685405e-05
1.865990956660291215e-05
1.868988356915637794e-05
1.873097114144757150e-05
1.875053648819456907e-05
1.885355262261017594e-05
1.892343255509073627e-05
1.897823728632776002e-05
1.905544209620231461e-05
1.907799665926720160e-05
1.913391603185090231e-05
1.919243797033331819e-05
1.925580177749350969e-05
1.928979877443624775e-05
1.931395929272385593e-05
1.938021843736632675e-05
1.941360315026536412e-05
1.950024760888625818e-05
1.951881695009771464e-05
1.958483465630289180e-05
1.959886758812089388e-05
1.971325098196584431e-05
1.973749845038480581e-05
1.982836110175542803e-05
1.986361814279528413e-05
1.992503212582319764e-05
1.997187416847847499e-05
2.006558295335809344e-05
2.010308136687468796e-05
2.018574543720687604e-05
2.022128159598126235e-05
2.025072979676468103e-05
2.027110995747077773e-05
2.030481656318577552e-05
2.040195724407821670e-05
2.043559367437693155e-05
2.046341169056969687e-05
2.054310652354552133e-05
2.056243620127752545e-05
2.061759374497051334e-05
2.072166228975494612e-05
2.077722077018022791e-05
2.082764007310982911e-05
2.088088641722627513e-05
2.093548962255444360e-05
2.099038764107512693e-05
2.100003284744341914e-05
2.103188042868896465e-05
2.110786960975868671e-05
2.118934613823625105e-05
2.122301118952642733e-05
2.127709530201498747e-05
2.128554368003795450e-05
2.140595614088132957e-05
2.147513388576664656e-05
2.149632259872673599e-05
2.157227034798369771e-05
2.163352216584282943e-05
2.168381235818033327e-05
2.172974102574768587e-05
2.183203387398470279e-05
2.188538915101834658e-05
2.192946910673464799e-05
2.198060645790625591e-05
2.206599347341083351e-05
2.208156537207618279e-05
2.215055595978881231e-05
2.217597465131653325e-05
2.226053636294797653e-05
2.233555178878022417e-05
2.238981944448572865e-05
2.244484858750115126e-05
2.245122226914216397e-05
2.253979676644404356e-05
2.257088514068137115e-05
2.264948155835298400e-05
2.275502710939486284e-05
2.278177056879746129e-05
2.284693888986991776e-05
2.290447967423278117e-05
2.300340382750449989e-05
2.303795439711321609e-05
2.312185102731643878e-05
2.315186659168844957e-05
2.320016310664995974e-05
2.332675530268540283e-05
2.335620950579544796e-05
2.340143535159919716e-05
2.341938758733954306e-05
2.353517551494783527e-05
2.355294397081261662e-05
2.363789065782292615e-05
2.368922764346101010e-05
2.377147827928543893e-05
2.386189536579856339e-05
2.396444560645769436e-05
2.399774053263492899e-05
2.407678464511879776e-05
2.412639718494711825e-05
2.425749127512636551e-05
2.433571936769088353e-05
2.434956766832451421e-05
2.439083370307682533e-05
2.445472998891862733e-05
2.451754394181773105e-05
2.461689918980880981e-05
2.466399689564867303e-05
2.472199343701034441e-05
2.479774079254539216e-05
2.482453852741097676e-05
2.485583949436268554e-05
2.493290356498019286e-05
2.498339066364934315e-05
2.507587237373091782e-05
2.516758960659097236e-05
2.521192242568712276e-05
2.530078882982538882e-05
2.535283550763946405e-05
2.541150304888356947e-05
2.546587899902644621e-05
2.548864912496166203e-05
2.554715642762947378e-05
2.562522095337992390e-05
2.567280382737275091e-05
2.578509834582166100e-05
2.586868909147641929e-05
2.592516569567966024e-05
2.598712147386403210e-05
2.609142336484601335e-05
2.617972646552893228e-05
2.631747591608499246e-05
2.634407117923266435e-05
2.637648015664664720e-05
2.648278818168731065e-05
2.653344362448838628e-05
2.665647722747948179e-05
2.669998817415133497e-05
2.676353897708761190e-05
2.683492551340672832e-05
2.700481149747352517e-05
2.701864382841676236e-05
2.717209057987644117e-05
2.724285986201282404e-05
2.735596955117428856e-05
2.741319287272729716e-05
2.742056716132327551e-05
2.745406643776578934e-05
2.755460527846376439e-05
2.766964151823772425e-05
2.772091578317498957e-05
2.779108417822975067e-05
2.788951792351922386e-05
2.791042077967699334e-05
2.797482674284504839e-05
2.809888776999828298e-05
2.813702684207743479e-05
2.822416659587740243e-05
2.826573847457881136e-05
2.835324042778055025e-05
2.850446378115344194e-05
2.856481661311028252e-05
2.867657994751490223e-05
2.877424250252908383e-05
2.878661226309590354e-05
2.885599095605580693e-05
2.890490482123182490e-05
2.899439614303364653e-05
2.901219350625208100e-05
2.920091538071292869e-05
2.923228180657069767e-05
2.925993331451957714e-05
2.941403090184272336e-05
2.948105489959981080e-05
2.958563094683491480e-05
2.969340976664322604e-05
2.984410144691398392e-05
2.987471421683092612e-05
2.995966344554704090e-05
3.000212135824574717e-05
3.001260076983407096e-05
3.014536855944289682e-05
3.022309555790699380e-05
3.036476719190125777e-05
3.042088793159030143e-05
3.043633225502283271e-05
3.053704573458220737e-05
3.066817366749870167e-05
3.079655691825103244e-05
3.090477686266722082e-05
3.092450712297523596e-05
3.100273605184598441e-05
3.103652003438590705e-05
3.118896201386351540e-05
3.120816210202923831e-05
3.132029498137413711e-05
3.144735931606711977e-05
3.149789165609292779e-05
3.164364182192615400e-05
3.169084605423937943e-05
3.191024879309398014e-05
3.200430936804772060e-05
3.203060443309639816e-05
3.212113666943786495e-05
3.218264613514541962e-05
3.223329575525280899e-05
3.235991433750060303e-05
3.249109102334916797e-05
3.253563296678121529e-05
3.258410867416905443e-05
3.268511995849259161e-05
3.286346793184658437e-05
3.290381243254086543e-05
3.296646971511989725e-05
3.314060273909342927e-05
3.320481443991312321e-05
3.327550547157079113e-05
3.331533831250132007e-05
3.340772434127896735e-05
3.345982380344115283e-05
3.358123574758311929e-05
3.370334045129210268e-05
3.376305708946499316e-05
3.390025674337890745e-05
3.405477199274654655e-05
3.417504231183368077e-05
3.433941223231462672e-05
3.441430908937090512e-05
3.441868509771221844e-05
3.461906043871263691e-05
3.470502920843505543e-05
3.480528033048570891e-05
3.490044662385679571e-05
3.498666547262751765e-05
3.511707968756607140e-05
3.520171610906762405e-05
3.525496992952354352e-05
3.533769171795298066e-05
3.547259091657394817e-05
3.558407583329002943e-05
3.560748650215228421e-05
3.572058912892826869e-05
3.583920490006140929e-05
3.613659797967715555e-05
3.619437066771370558e-05
3.643724120546106476e-05
3.661079017832061971e-05
3.674036848898464344e-05
3.680777704774163033e-05
3.688951000293110038e-05
3.704694612513054945e-05
3.710324640805791221e-05
3.717333237972634700e-05
3.735265340645261249e-05
3.739231083904064772e-05
3.755950544886005056e-05
3.765128607380015605e-05
3.769433889627458409e-05
3.789981810355583762e-05
3.813378880540893291e-05
3.815155304389576186e-05
3.817085734013609506e-05
3.824761290934921101e-05
3.839777680495155208e-05
3.869307465937518926e-05
3.872829485191393406e-05
3.890840610173110128e-05
3.899525364841962562e-05
3.916639917062083036e-05
3.928244166953138658e-05
3.935882581361346735e-05
3.953740924847593929e-05
3.961406959578042295e-05
3.974242159044341643e-05
3.990788063049645850e-05
4.003164064860567493e-05
4.006327521301621429e-05
4.016358631881666684e-05
4.039831291425394471e-05
4.051627493475924756e-05
4.066198703862448802e-05
4.076868927463398520e-05
4.090447425080705537e-05
4.102549824479899648e-05
4.115192088568994145e-05
4.141715428946500684e-05
4.154153338112018311e-05
4.175093250335677048e-05
4.186852659821388683e-05
4.216498220860825452e-05
4.225293720721298127e-05
4.240894084259886791e-05
4.257277764824968019e-05
4.273962722806351982e-05
4.287511447674922531e-05
4.297916235272467131e-05
4.300265242445990179e-05
4.319678243651310011e-05
4.338519508275754375e-05
4.340766194892375457e-05
4.383415529235438205e-05
4.409997748886123524e-05
4.420051711178064554e-05
4.438516883219288493e-05
4.450384750245976907e-05
4.466232381873506442e-05
4.470574680352891537e-05
4.484464966710107381e-05
4.497567682341643342e-05
4.518241651036930084e-05
4.537604104064473984e-05
4.544055020190462444e-05
4.578411523964320042e-05
4.600991016138585363e-05
4.611540612676547237e-05
4.623199369689627065e-05
4.656805974613987821e-05
4.687778303323469344e-05
4.704954151133950205e-05
4.716483414964616372e-05
4.730979626367037350e-05
4.752442188732185186e-05
4.770571631991126269e-05
4.801404440290425729e-05
4.820694553923843739e-05
4.843885938301791330e-05
4.846925771395958125e-05
4.862715715291105980e-05
4.881617643769345681e-05
4.896768085731390864e-05
4.930220492393994877e-05
4.961724021188402390e-05
5.003420337119448039e-05
5.011867307441300780e-05
5.020622180356501004e-05
5.039410082075375602e-05
5.076231117203157530e-05
5.115068941896385579e-05
5.135656197339037688e-05
5.155737135167612236e-05
5.173387604448603197e-05
5.214175334889623964e-05
5.223706184771453940e-05
5.269855431097169186e-05
5.283941512982253281e-05
5.326745594930378127e-05
5.339728415096687268e-05
5.370978337869337265e-05
5.416668508311573468e-05
5.432080349940987177e-05
5.454503039216490004e-05
5.492925815421487179e-05
5.528543172365138621e-05
5.536471139268355830e-05
5.554279187896283160e-05
5.584613087063300217e-05
5.634014125919622725e-05
5.662458879129655346e-05
5.670166116693686455e-05
5.731137828597185655e-05
5.762569239279855037e-05
5.834898559917540511e-05
5.935388448817938617e-05
5.988258811928467729e-05
6.045853712202143031e-05
6.081612169302814708e-05
6.155767600873052734e-05
6.255836197565097065e-05
7.170057913321555346e-05
