-7.307394931328674244e-06
-6.978389786568422608e-06
-6.875774796614781529e-06
-6.582150086743904829e-06
-6.443908240479438089e-06
-6.265306379627521313e-06
-6.030372794542706811e-06
-5.945774489693771648e-06
-5.901317453265721261e-06
-5.689176867310910786e-06
-5.429303821680263213e-06
-5.368175830512076632e-06
-5.316178080253298557e-06
-5.093120302711504868e-06
-5.004232836634249359e-06
-4.820795467717689577e-06
-4.787622117434776283e-06
-4.736107970940585371e-06
-4.680364418755175191e-06
-4.597025753519803708e-06
-4.528987540213705858e-06
-4.450682606620325655e-06
-4.333603012830792594e-06
-4.240542630815110973e-06
-4.182438113593090404e-06
-4.118530692610911915e-06
-4.014486433830722138e-06
-3.980668076354953059e-06
-3.923486262802651950e-06
-3.838580489727749353e-06
-3.791922883838710596e-06
-3.759113340172655638e-06
-3.704966565366074348e-06
-3.611141520969424427e-06
-3.551857280916866866e-06
-3.535471689341667229e-06
-3.447085595622942699e-06
-3.360869359661319917e-06
-3.318303385837499544e-06
-3.237128663299233232e-06
-3.181410494391077967e-06
-3.105679704383603684e-06
-3.068947629672758291e-06
-2.995254030364277363e-06
-2.941310505099348068e-06
-2.892379036035097035e-06
-2.839163141161446047e-06
-2.831285625217994254e-06
-2.738396332150752534e-06
-2.667946701872009204e-06
-2.635495618644806790e-06
-2.591047560744788441e-06
-2.507574407843572764e-06
-2.461218024269876970e-06
-2.410563851713794771e-06
-2.376708293409979571e-06
-2.312376876301099521e-06
-2.247945824471926419e-06
-2.226651310645221826e-06
-2.188443532926682448e-06
-2.105202697433074520e-06
-2.074080302277223810e-06
-1.987235955998346374e-06
-1.939562830269288378e-06
-1.923975884542023052e-06
-1.891972142331924056e-06
-1.832932385543134160e-06
-1.817233636431960950e-06
-1.738320795937898290e-06
-1.721842464640374123e-06
-1.643867815900262063e-06
-1.628366353299728717e-06
-1.613600512232526268e-06
-1.510306857672802674e-06
-1.480750615783461194e-06
-1.445337381432746512e-06
-1.384137645031339887e-06
-1.360233559697988386e-06
-1.325462523680696381e-06
-1.321602873090289181e-06
-1.262157433616693163e-06
-1.176333238496755964e-06
-1.158308673071686309e-06
-1.151628563138028331e-06
-1.102161043158173916e-06
-1.073340847444564610e-06
-1.063087887415693738e-06
-1.041654786678828731e-06
-1.020850321419635513e-06
-9.827129304834800840e-07
-9.464260352439043566e-07
-9.084737720631454652e-07
-8.917045495932969834e-07
-8.424931115126554462e-07
-7.959787813499465632e-07
-7.449841750682619041e-07
-6.892242595591903114e-07
-6.699663071214587084e-07
-6.345395500018082285e-07
-6.243535340985118481e-07
-6.119852685279654330e-07
-5.531741155818405578e-07
-5.158231666498890655e-07
-5.049878099727839522e-07
-4.568866975490618901e-07
-4.315609026367842530e-07
-4.229784934453503682e-07
-3.896345065146191181e-07
-3.326566616509946096e-07
-3.209340860244054557e-07
-2.825526362427597275e-07
-2.499194687941421782e-07
-2.284238866833315395e-07
-1.949586502604756477e-07
-1.629177592601273942e-07
-1.407054561460888591e-07
-1.066280232682696390e-07
-8.882858288194298662e-08
-7.004638078444412708e-08
-5.316505778540792701e-08
-3.552666251701688963e-08
-1.751413445169711112e-08
2.143025041576489482e-22
9.669114105342414461e-22
2.870642271793790111e-08
5.410343414204170531e-08
7.288992398644996280e-08
8.520037516607100582e-08
1.150162873563313137e-07
1.559183791919919607e-07
1.767903207357898931e-07
1.914848558551862751e-07
2.194915800034080398e-07
2.248703021711493712e-07
2.756455470638056717e-07
3.265367936080080030e-07
3.406781543756856657e-07
3.609521032511037294e-07
3.855934656366264922e-07
4.041289794249818490e-07
4.172104184149005034e-07
4.560214058579993151e-07
4.788780630550566373e-07
5.455971690144114345e-07
5.719046398169429213e-07
6.037406441412052481e-07
6.562146982231008746e-07
6.994274854232155578e-07
7.172466153017424610e-07
7.191497428628082424e-07
7.781447313019909239e-07
7.816755522115722143e-07
8.819509954755686490e-07
8.902166401220095649e-07
9.637158105511640716e-07
9.741028491731604069e-07
1.013539836653841245e-06
1.060683702212579675e-06
1.074659991154152462e-06
1.087442954581566387e-06
1.163255424544207471e-06
1.198385075286535789e-06
1.234144179579525150e-06
1.246495213553495953e-06
1.271162739709814501e-06
1.379935747386247115e-06
1.409456488775911338e-06
1.435843471043350633e-06
1.453779288320086971e-06
1.511653278094222667e-06
1.539113421965016687e-06
1.597239662572821931e-06
1.612468663925301286e-06
1.646225814796148343e-06
1.717809323638413530e-06
1.728880038125386379e-06
1.812550238549344625e-06
1.843239730224060444e-06
1.903823931969496947e-06
1.930617629735228503e-06
1.966818300974268578e-06
2.011485611883642699e-06
2.074838585144748314e-06
2.102851097195404753e-06
2.152611431547936726e-06
2.164451212505849173e-06
2.251473574089038857e-06
2.289072033733607095e-06
2.327343429060433715e-06
2.359721702114746061e-06
2.412563425311179346e-06
2.428950076551959821e-06
2.487072754570269941e-06
2.512137934656067481e-06
2.583393291841034710e-06
2.596014878715820956e-06
2.672101817427314072e-06
2.730569601050661789e-06
2.746016072377672840e-06
2.871823184574977405e-06
2.893631004491395940e-06
2.982637377720266413e-06
3.043218676100148435e-06
3.049410851655378247e-06
3.210996615858105305e-06
3.225070588784245229e-06
3.354918228333086712e-06
3.375961906284519679e-06
3.403884370760410680e-06
3.444905436356132107e-06
3.526587383456050492e-06
3.619200162849533350e-06
3.665949030708129817e-06
3.695169818653236675e-06
3.834528764060262194e-06
3.895631659368876270e-06
3.951694404674010617e-06
4.104049115306708492e-06
4.137362478553804568e-06
4.238813181511321849e-06
4.259504537173956307e-06
4.338474782285136118e-06
4.491013524467226130e-06
4.587592360911986132e-06
4.626881684870762321e-06
4.643176439066453596e-06
4.742017939995968910e-06
4.811361502124304316e-06
4.969471754345335597e-06
5.058984821015872623e-06
5.140597729618257906e-06
5.218867256685070015e-06
5.347823664017108519e-06
5.412182836843698634e-06
5.621613717876639490e-06
5.817829664194200563e-06
5.979940245649449277e-06
6.084964700276854026e-06
6.239935709695818940e-06
6.304754938735869175e-06
6.458232700729246969e-06
6.572509566699369207e-06
6.649051539573014476e-06
7.138545911884093733e-06
7.544981189531649573e-06
