-1.467459643284997487e-04
-1.458907296195987072e-04
-1.443484902461209148e-04
-1.421817714071641522e-04
-1.419740074996037006e-04
-1.401459304436438380e-04
-1.390354680809814452e-04
-1.378810431400545339e-04
-1.373291545721737718e-04
-1.367450581937101515e-04
-1.359619188315349812e-04
-1.351848553149011245e-04
-1.343386464824865897e-04
-1.337136337160756941e-04
-1.331540149342499285e-04
-1.322669604502931060e-04
-1.317102765731943844e-04
-1.310923479580049906e-04
-1.303047565493275844e-04
-1.298267385499210491e-04
-1.293732996531226644e-04
-1.287137512067553825e-04
-1.279636323502207781e-04
-1.273638973355731903e-04
-1.263099686286239646e-04
-1.258620420388760648e-04
-1.255297382768920779e-04
-1.250417363742452423e-04
-1.244337331447157463e-04
-1.239930756509556641e-04
-1.236035820928842448e-04
-1.231593298996849805e-04
-1.225328756875270061e-04
-1.217701298208252134e-04
-1.216554983260284724e-04
-1.215178747679137406e-04
-1.211569215817516975e-04
-1.205370091765933517e-04
-1.200773806617695303e-04
-1.198391261073970696e-04
-1.195341955097062954e-04
-1.187354144649225001e-04
-1.184501578314478142e-04
-1.181638498191015234e-04
-1.176474969501059239e-04
-1.173216155407502849e-04
-1.168663641507691113e-04
-1.157847959242804236e-04
-1.157737927598441843e-04
-1.148165847277046302e-04
-1.146302541653598794e-04
-1.144007504888084302e-04
-1.143174438560307430e-04
-1.140314345646788852e-04
-1.135523528382433365e-04
-1.128581097982947332e-04
-1.124143426867199006e-04
-1.118606800289257108e-04
-1.114924924802887231e-04
-1.112344034379436690e-04
-1.109193220482818950e-04
-1.107180699425607960e-04
-1.099819290978810445e-04
-1.099429962996216454e-04
-1.094649314334897794e-04
-1.091457830520739877e-04
-1.087505629767001301e-04
-1.084271107254589908e-04
-1.079860605674673885e-04
-1.076200656055055011e-04
-1.074268744354800367e-04
-1.068923082326068703e-04
-1.067831299515365623e-04
-1.065149395232926509e-04
-1.062376750700692955e-04
-1.057392299937805294e-04
-1.055648287472395159e-04
-1.053379248440178137e-04
-1.050299129416709914e-04
-1.046325296869377546e-04
-1.039459824625527676e-04
-1.039156220052538863e-04
-1.038161625640671441e-04
-1.036208542090340197e-04
-1.032659868423489079e-04
-1.030650481862701359e-04
-1.029430698817537516e-04
-1.024597598009598088e-04
-1.022747965238425603e-04
-1.019927795643733089e-04
-1.017962731594559641e-04
-1.013602587903901373e-04
-1.011068605176456965e-04
-1.009304313735129576e-04
-1.006296512911121889e-04
-1.001361296804366007e-04
-9.985871718143163810e-05
-9.978190800228220773e-05
-9.958325012604894038e-05
-9.923263699436205769e-05
-9.880292091119135991e-05
-9.860670086146514763e-05
-9.851765685888986353e-05
-9.807111886569785985e-05
-9.802578263481819692e-05
-9.774322346648598662e-05
-9.724203218461055563e-05
-9.710308249996025469e-05
-9.686314627940205435e-05
-9.671882855628372759e-05
-9.658606295556800469e-05
-9.634498824742017430e-05
-9.611288823827301736e-05
-9.586153161819501790e-05
-9.581344956546521672e-05
-9.564883995845782562e-05
-9.546992785492077491e-05
-9.508022589512517395e-05
-9.475939135559652163e-05
-9.460729297942126561e-05
-9.427135804767070102e-05
-9.418290138016003363e-05
-9.413359926940874259e-05
-9.384414891015726743e-05
-9.358051912321405585e-05
-9.342425281941730284e-05
-9.333433291711764528e-05
-9.313971645142142769e-05
-9.293050201056441805e-05
-9.284964215459221471e-05
-9.247634815739936773e-05
-9.228718527139247196e-05
-9.214159176845542962e-05
-9.196988306670005866e-05
-9.190641799040266343e-05
-9.158728944820797161e-05
-9.139733650326117484e-05
-9.127601235100906189e-05
-9.117068980498876029e-05
-9.096392557784741483e-05
-9.053420682295960789e-05
-9.042329431893929466e-05
-9.032376809265601581e-05
-9.022995776506738917e-05
-8.989043369690118146e-05
-8.975462226095090481e-05
-8.946409994410368883e-05
-8.924718172464301841e-05
-8.911191315114734275e-05
-8.896276447293823345e-05
-8.877105784250947647e-05
-8.858607374623018700e-05
-8.839126424746624909e-05
-8.828465442329276147e-05
-8.785338961229053722e-05
-8.772789022720161602e-05
-8.769782663799453014e-05
-8.748103922840008099e-05
-8.731187761047728263e-05
-8.720954983807476728e-05
-8.697425206354656021e-05
-8.677799770533884999e-05
-8.652170388306519035e-05
-8.647271731736553505e-05
-8.642205600469574751e-05
-8.605756766929036495e-05
-8.595917796680315425e-05
-8.579486148496200625e-05
-8.573141662060496809e-05
-8.540809717303721475e-05
-8.526989973987194834e-05
-8.515212686849188179e-05
-8.507823490627230490e-05
-8.471064589769255614e-05
-8.451828364124424665e-05
-8.445528777457468139e-05
-8.436130024274585452e-05
-8.411661380702151896e-05
-8.407575198508450973e-05
-8.393468346793671916e-05
-8.370333079596406110e-05
-8.330845592554465536e-05
-8.320309309582523424e-05
-8.304788554254915361e-05
-8.288662825356446625e-05
-8.282784217180669620e-05
-8.259741478267780437e-05
-8.246485420620280318e-05
-8.235464406560081077e-05
-8.227962462368860390e-05
-8.208683978081350542e-05
-8.201965972184951221e-05
-8.183128358788049688e-05
-8.175823125578113857e-05
-8.160812741154360467e-05
-8.138736115403464168e-05
-8.103915633959280960e-05
-8.086163338805722354e-05
-8.076293867598058243e-05
-8.063208859075785429e-05
-8.054742696327010472e-05
-8.033443780651191668e-05
-8.019095534528535973e-05
-8.001230734179821664e-05
-7.982698189544468973e-05
-7.971210849189823010e-05
-7.963661754934448747e-05
-7.945898474981249332e-05
-7.916827179378639579e-05
-7.903280276117908914e-05
-7.892311778905554420e-05
-7.877159302536956918e-05
-7.873733037916337335e-05
-7.860926857947364912e-05
-7.841146174683786001e-05
-7.834277152832145816e-05
-7.813597734857472108e-05
-7.802085907169324631e-05
-7.795002895522162704e-05
-7.789014588453516629e-05
-7.760777877810595866e-05
-7.756834642253772349e-05
-7.738434277406592958e-05
-7.735119297752085672e-05
-7.732287552901047280e-05
-7.703721438533550799e-05
-7.696216711714927417e-05
-7.688939668483568408e-05
-7.685610538524805153e-05
-7.660893754524521042e-05
-7.641780903902525076e-05
-7.639226615101954118e-05
-7.626788162492888407e-05
-7.598003341264041261e-05
-7.586081839155281773e-05
-7.578304601692609861e-05
-7.560723305519574363e-05
-7.555556615034085945e-05
-7.521218013923008179e-05
-7.518548271698200674e-05
-7.498279782552811723e-05
-7.492587200298479885e-05
-7.477019377575643119e-05
-7.469804984665524112e-05
-7.460322746389177432e-05
-7.428067771059956718e-05
-7.419608130464188506e-05
-7.409500474278231288e-05
-7.391218427752956229e-05
-7.385863192607342292e-05
-7.375636371885381244e-05
-7.359517372267929743e-05
-7.353039266373455807e-05
-7.345936673331669080e-05
-7.335616914361464897e-05
-7.318239928693616133e-05
-7.299272317722550947e-05
-7.284619779232948502e-05
-7.281157723492211089e-05
-7.275032068825915740e-05
-7.253569419674519550e-05
-7.243526564953937387e-05
-7.230735012139420886e-05
-7.220567486711910142e-05
-7.203526901913041511e-05
-7.197545268076924066e-05
-7.194294179010595413e-05
-7.178467352614581476e-05
-7.164258812590995477e-05
-7.155328901740423133e-05
-7.132286903189922317e-05
-7.128310862911480612e-05
-7.114562209894314388e-05
-7.110484495509329509e-05
-7.097748212400300117e-05
-7.087446291919458075e-05
-7.067168523325986524e-05
-7.048125504268814559e-05
-7.036955697061848738e-05
-7.034953878185420094e-05
-7.020939027741748481e-05
-7.004301285954507355e-05
-6.991046803560511805e-05
-6.982201972180342414e-05
-6.968884906103967091e-05
-6.961162356957396869e-05
-6.949242129656530635e-05
-6.947854401725766203e-05
-6.930789842690377410e-05
-6.909286271149281519e-05
-6.897111018590204286e-05
-6.890789882422383998e-05
-6.881655457329151793e-05
-6.870920568577908692e-05
-6.854388068604572106e-05
-6.842175842136412345e-05
-6.839020639220313362e-05
-6.829790738468545562e-05
-6.822112254913714833e-05
-6.800786335936993192e-05
-6.788898500195940302e-05
-6.782071248853199742e-05
-6.763410857898232245e-05
-6.756327565137909953e-05
-6.741317878486087131e-05
-6.728951238233524918e-05
-6.724570028626206792e-05
-6.712904047288819785e-05
-6.694087742103355424e-05
-6.689913063514226833e-05
-6.682926397945237204e-05
-6.673488660973884773e-05
-6.656961825044979686e-05
-6.649601882929089100e-05
-6.632624201345014821e-05
-6.626811646032324725e-05
-6.620255094149675706e-05
-6.604904972505919799e-05
-6.595534826451333920e-05
-6.577218396798347236e-05
-6.574624482267523871e-05
-6.557647375921105766e-05
-6.550385590011526709e-05
-6.549354838797145798e-05
-6.546314288758416338e-05
-6.528157156203695792e-05
-6.524534735538470645e-05
-6.511139376588432682e-05
-6.504631638879767534e-05
-6.494056047219613152e-05
-6.488842893622500524e-05
-6.473697658655821498e-05
-6.458930866332597879e-05
-6.448532476576375081e-05
-6.438174426555195854e-05
-6.434753995818725148e-05
-6.424402378731442051e-05
-6.419637573699656314e-05
-6.402308261444259688e-05
-6.394634749658899958e-05
-6.384372550721962745e-05
-6.375899891524364834e-05
-6.372483802068888215e-05
-6.350974604008827228e-05
-6.333607719094895008e-05
-6.324597839616827723e-05
-6.307681728689078302e-05
-6.302825313340450339e-05
-6.298897767930502795e-05
-6.284389201929326376e-05
-6.277841236554237557e-05
-6.261819656451923484e-05
-6.258020480123494499e-05
-6.246526726061780381e-05
-6.229955596366984407e-05
-6.219831432078916692e-05
-6.215381340636362615e-05
-6.203189612324847143e-05
-6.199055083144921368e-05
-6.188280448702346758e-05
-6.183638051524500035e-05
-6.174995703458131173e-05
-6.156093163867583254e-05
-6.143102598546294237e-05
-6.136958589053841107e-05
-6.127314117508789019e-05
-6.118732224790565547e-05
-6.112576360180579146e-05
-6.103680148658680526e-05
-6.098129314018293557e-05
-6.089853980335733298e-05
-6.088436487347525340e-05
-6.079630524490319134e-05
-6.075144414036300484e-05
-6.045022646519629221e-05
-6.038314939551891965e-05
-6.031206953645237596e-05
-6.019573687085265433e-05
-6.016345367471371538e-05
-6.010396552892786394e-05
-6.002539197478978659e-05
-5.995818293848509769e-05
-5.973780963663134601e-05
-5.965295202838488209e-05
-5.958222505939375570e-05
-5.951100478464817537e-05
-5.946822098717369692e-05
-5.936831477514942543e-05
-5.921003878968350537e-05
-5.907487590968606763e-05
-5.895993248953245152e-05
-5.894279395833889229e-05
-5.880103680949401245e-05
-5.877720831707400258e-05
-5.874812685027588942e-05
-5.856138612568949088e-05
-5.852429960508930424e-05
-5.830103354324665419e-05
-5.817955031735058138e-05
-5.805995350106353379e-05
-5.798973885057596620e-05
-5.791169143556647807e-05
-5.784208058809082651e-05
-5.778872367266925749e-05
-5.774345920316937848e-05
-5.765413919941972555e-05
-5.757283448784951884e-05
-5.743835684131608655e-05
-5.737569702172110151e-05
-5.726847175580816594e-05
-5.718277053093394824e-05
-5.713666368694131814e-05
-5.698876294616078106e-05
-5.692981576312441949e-05
-5.690247125227556327e-05
-5.681276556541304927e-05
-5.662567527744074322e-05
-5.653277897363329188e-05
-5.652680819651824130e-05
-5.636229366210178371e-05
-5.633035119439356458e-05
-5.624053083197388058e-05
-5.614416033065615759e-05
-5.603560218991933010e-05
-5.594568951819152669e-05
-5.587943910931824059e-05
-5.585255296966646195e-05
-5.580788972024303975e-05
-5.579516519917164736e-05
-5.569075036583073340e-05
-5.557399643030062740e-05
-5.551274091158431582e-05
-5.541348070363140015e-05
-5.540290943230541864e-05
-5.532248552366934771e-05
-5.514346828049144762e-05
-5.506165125774728183e-05
-5.495779359339401178e-05
-5.489143416410986948e-05
-5.485647292492733284e-05
-5.473183903052612217e-05
-5.471599937825662998e-05
-5.466931279590065958e-05
-5.458312084982406713e-05
-5.441433491245328428e-05
-5.435423258801595352e-05
-5.424119774776952561e-05
-5.418728803307189582e-05
-5.409945971569182923e-05
-5.400324579847307831e-05
-5.396208321638560127e-05
-5.385006085616668501e-05
-5.377710645793920845e-05
-5.374427130580672449e-05
-5.370406605152859883e-05
-5.355020225052717180e-05
-5.349361157001239633e-05
-5.344935384823111432e-05
-5.332193587298846699e-05
-5.329030969883663028e-05
-5.317413836189610095e-05
-5.314083535624709588e-05
-5.307055696971040888e-05
-5.290270556721577360e-05
-5.287436221412105812e-05
-5.279193779012518071e-05
-5.275105647090464340e-05
-5.262564976315340271e-05
-5.248657073921324029e-05
-5.239952999486251553e-05
-5.233597304473340355e-05
-5.227887928496699737e-05
-5.219920018677813735e-05
-5.213340323401645290e-05
-5.194885180362111880e-05
-5.193274409983691259e-05
-5.188464799731094742e-05
-5.179915999485620702e-05
-5.174181744838293474e-05
-5.163043036595414903e-05
-5.162391544487257290e-05
-5.149929013015019295e-05
-5.144965224759918076e-05
-5.132684663264357243e-05
-5.131039019679569985e-05
-5.124500097865858226e-05
-5.117071166325541176e-05
-5.115025792704428885e-05
-5.102624197976248996e-05
-5.090458387145055640e-05
-5.079216394648144924e-05
-5.070169032831432960e-05
-5.064416766313340905e-05
-5.054965291675017278e-05
-5.051768657467485042e-05
-5.049693065228663842e-05
-5.042338011091276520e-05
-5.040239725384521914e-05
-5.038952964292675384e-05
-5.022872314999922010e-05
-5.018594672242357484e-05
-5.005403019337475643e-05
-4.998168771151475078e-05
-4.991287663968554521e-05
-4.984770019100464938e-05
-4.978484393647607140e-05
-4.969993194252278620e-05
-4.968227182939946720e-05
-4.958723785458559418e-05
-4.953063460676605757e-05
-4.937121105789979360e-05
-4.934017022216666943e-05
-4.923302861024083228e-05
-4.923022829841809461e-05
-4.912608810475808485e-05
-4.897850014212082445e-05
-4.892672900987693235e-05
-4.888818774876762678e-05
-4.871388579486152519e-05
-4.864426352385199507e-05
-4.858721866974424579e-05
-4.854828458943765150e-05
-4.851980894209854261e-05
-4.840695432200393884e-05
-4.838498541856958848e-05
-4.822525273551967324e-05
-4.820682932596414308e-05
-4.813913067050754394e-05
-4.812033611982422079e-05
-4.802592114798753977e-05
-4.796034096538461054e-05
-4.786903263370760408e-05
-4.782808390347985698e-05
-4.776004679849646449e-05
-4.763587700464356285e-05
-4.759715365085915819e-05
-4.754229615351131439e-05
-4.743858837704595301e-05
-4.742371953738587400e-05
-4.738287734641476466e-05
-4.734130206769758943e-05
-4.723997209964871514e-05
-4.719513518761781195e-05
-4.717461703256208146e-05
-4.704750471336533824e-05
-4.700693469970349756e-05
-4.691862931912951659e-05
-4.683957327508211915e-05
-4.680779714898295927e-05
-4.672284600403575129e-05
-4.666105728878976633e-05
-4.657050840686709843e-05
-4.651933989849448172e-05
-4.644191276533712041e-05
-4.635217216163896856e-05
-4.624860508473562767e-05
-4.620661423673784560e-05
-4.608899186075410249e-05
-4.605049387084516081e-05
-4.601732004164287601e-05
-4.592565284533607780e-05
-4.587140664415164862e-05
-4.584952116107967907e-05
-4.573993830447526575e-05
-4.566620726021995203e-05
-4.560505642762410344e-05
-4.550786424192747683e-05
-4.548500105884219821e-05
-4.534275018935117165e-05
-4.523062891624279321e-05
-4.519227194916324518e-05
-4.513756689480375551e-05
-4.509600693100792202e-05
-4.500621342427941828e-05
-4.495133823228347991e-05
-4.493008702043550649e-05
-4.487093748836816769e-05
-4.484374709683134372e-05
-4.478203090406306021e-05
-4.465024730898604877e-05
-4.460401726260611424e-05
-4.455196234063868302e-05
-4.444590841753516335e-05
-4.440105082747917205e-05
-4.436604703552582591e-05
-4.435526869675317268e-05
-4.426029183650641053e-05
-4.424562062260656368e-05
-4.408608279035084620e-05
-4.405444581696570284e-05
-4.399933978567447421e-05
-4.389881159345438040e-05
-4.386510148516970870e-05
-4.379750119771842661e-05
-4.373301565677226155e-05
-4.370840597091678450e-05
-4.363605373111292948e-05
-4.356103601593770111e-05
-4.346117320141758679e-05
-4.340371717844593432e-05
-4.334739804507974965e-05
-4.325411971354227773e-05
-4.322660589031552191e-05
-4.315063472182690141e-05
-4.308337840423114078e-05
-4.303417823491872838e-05
-4.300545000408974278e-05
-4.290867885132797807e-05
-4.282190832257781987e-05
-4.279933971790213953e-05
-4.270720981475540284e-05
-4.264222162443894376e-05
-4.258052471000738618e-05
-4.255188206225582969e-05
-4.244882755517659129e-05
-4.242693026038204867e-05
-4.232635421046205550e-05
-4.224390503268333976e-05
-4.221346792551172348e-05
-4.211812601580405959e-05
-4.211156101868277374e-05
-4.203325608183256033e-05
-4.200191447774081929e-05
-4.197582623682889074e-05
-4.190174078249355144e-05
-4.182833414990526892e-05
-4.177879343748139881e-05
-4.172131014881889514e-05
-4.168994069905287427e-05
-4.161591901645184073e-05
-4.157790976662392501e-05
-4.153293717917287724e-05
-4.145084446501801838e-05
-4.140773684262909264e-05
-4.137335366134243814e-05
-4.134637007402142898e-05
-4.126806398026466801e-05
-4.117473723641529667e-05
-4.105758645792036317e-05
-4.099528539752013390e-05
-4.096048534849362120e-05
-4.093007405073179007e-05
-4.087796485377731374e-05
-4.075244010425047302e-05
-4.069941457708880903e-05
-4.061751269725190263e-05
-4.058191623580982099e-05
-4.053606752979660059e-05
-4.049936010709941282e-05
-4.042729755431981109e-05
-4.040172015905554647e-05
-4.036445155376567403e-05
-4.025018078130459485e-05
-4.015633808744242073e-05
-4.010708337801011754e-05
-4.009429417624801043e-05
-4.001651226137365754e-05
-3.996710035294869401e-05
-3.993821492701994376e-05
-3.983256917009802309e-05
-3.972942309171007566e-05
-3.970741217458584847e-05
-3.961676685997577016e-05
-3.953312908816103432e-05
-3.951376753475051138e-05
-3.947677641194923133e-05
-3.943165699194607832e-05
-3.932330877037727051e-05
-3.928738594456029193e-05
-3.924104763923711814e-05
-3.913417317814292279e-05
-3.910750334131855946e-05
-3.908607798244763913e-05
-3.896895838392676781e-05
-3.893743558561153567e-05
-3.892122473798360303e-05
-3.883707998581208278e-05
-3.879067551564079281e-05
-3.870306430675909438e-05
-3.860116764664852865e-05
-3.858656670952335650e-05
-3.856688308381585339e-05
-3.850365309057443932e-05
-3.844644854356979024e-05
-3.835362929179079284e-05
-3.829181062813225646e-05
-3.828789255246784244e-05
-3.825730428689399766e-05
-3.823082196135311903e-05
-3.816067809203425838e-05
-3.814528155598686686e-05
-3.802654272843321759e-05
-3.801044468903786165e-05
-3.796102446844411445e-05
-3.790085207801981545e-05
-3.784153299228763329e-05
-3.775458841314775343e-05
-3.766277909388447850e-05
-3.763082428601326960e-05
-3.759293335652934813e-05
-3.748595532899840838e-05
-3.743676192123702507e-05
-3.739714454518331901e-05
-3.733250905574935727e-05
-3.728979006952559862e-05
-3.723138719848973854e-05
-3.713920267109533795e-05
-3.712753687067760601e-05
-3.710011179748969626e-05
-3.706947369769757688e-05
-3.704189558569300823e-05
-3.691678477893246889e-05
-3.690173119079907490e-05
-3.682718569718730742e-05
-3.677605225389770293e-05
-3.672550305409809785e-05
-3.664275103804996025e-05
-3.659168059603343850e-05
-3.655767125262230933e-05
-3.651017831671721453e-05
-3.649915747797669431e-05
-3.642362947282737150e-05
-3.634490185689381446e-05
-3.632280441731391719e-05
-3.627484972902956975e-05
-3.620462824288815337e-05
-3.615852619849862782e-05
-3.604105150804237477e-05
-3.597657511419198313e-05
-3.593401237955846353e-05
-3.588346495003229367e-05
-3.581358092869880630e-05
-3.580295652385637151e-05
-3.578669872015543006e-05
-3.572424805358166835e-05
-3.567355467051199012e-05
-3.563694341038564883e-05
-3.554244192763850586e-05
-3.548602906695461860e-05
-3.542082347794756400e-05
-3.538634385533741543e-05
-3.535315508211565226e-05
-3.530264012707730293e-05
-3.526038229083302758e-05
-3.518807017268464155e-05
-3.512807006683983532e-05
-3.508652068869616190e-05
-3.501753098031214846e-05
-3.498542536878571812e-05
-3.489704515029587060e-05
-3.484338083257588830e-05
-3.475166192839446795e-05
-3.471872504768947133e-05
-3.465894328691281946e-05
-3.461723112045632096e-05
-3.457636026697719599e-05
-3.455543425861098088e-05
-3.444034891180530012e-05
-3.443912666279628620e-05
-3.439162731328846280e-05
-3.435819099447263688e-05
-3.433360453900269766e-05
-3.427283144589758423e-05
-3.417766108332874632e-05
-3.416994305173939200e-05
-3.408614778408683969e-05
-3.402118524570260557e-05
-3.397171407828489611e-05
-3.394096806336452046e-05
-3.389901269424590454e-05
-3.385045344247931395e-05
-3.380977767791367122e-05
-3.373072114757061157e-05
-3.371714816906194268e-05
-3.366035366677075499e-05
-3.353597881006628671e-05
-3.351279780205327567e-05
-3.347691352374729192e-05
-3.340149818474156174e-05
-3.337440391055666259e-05
-3.334357800444316574e-05
-3.328565945431068168e-05
-3.324979356086881784e-05
-3.321425146716108366e-05
-3.311633071292336805e-05
-3.307086450783839715e-05
-3.305635641744983778e-05
-3.302436599911371431e-05
-3.290698488356035348e-05
-3.288436943928068680e-05
-3.282391360258605373e-05
-3.280397658544320042e-05
-3.277298984464023100e-05
-3.272233835063450018e-05
-3.265227009301699461e-05
-3.258901186848352059e-05
-3.251568706533323908e-05
-3.248986327844308165e-05
-3.243646513023127953e-05
-3.235655731435738977e-05
-3.234011147357545912e-05
-3.226103059475634427e-05
-3.223427107056368364e-05
-3.216667953344303470e-05
-3.213362689702494487e-05
-3.206666220901519026e-05
-3.200396762345861126e-05
-3.193587669395133355e-05
-3.191784940386892299e-05
-3.188258817253068327e-05
-3.181634058049746078e-05
-3.179779093198829360e-05
-3.172721397509504435e-05
-3.164965450525995442e-05
-3.163860030607292852e-05
-3.159044600376412036e-05
-3.153137745361664129e-05
-3.149686282194356977e-05
-3.143336666443052294e-05
-3.140183503958296485e-05
-3.134089968936012971e-05
-3.129311778624892118e-05
-3.127671560574970936e-05
-3.124406882392760323e-05
-3.122260380715350081e-05
-3.116979779146318076e-05
-3.112315807939764861e-05
-3.105805228124089364e-05
-3.101620729941864088e-05
-3.098645912721317467e-05
-3.090008553586111458e-05
-3.089239397301735834e-05
-3.083789487125981264e-05
-3.077359330097242289e-05
-3.070197683847055494e-05
-3.066994752324847518e-05
-3.062410609401871930e-05
-3.058047903068603746e-05
-3.057178267785270028e-05
-3.051856757474627734e-05
-3.040726624568084219e-05
-3.038469368178170984e-05
-3.034188738354340261e-05
-3.027516887558107827e-05
-3.022367644439530825e-05
-3.019165481232152535e-05
-3.018293384344164504e-05
-3.011107854318381821e-05
-3.008442427130293028e-05
-3.002703135154307490e-05
-2.996240949083092149e-05
-2.993281775739307907e-05
-2.984600191946484667e-05
-2.978755433723268323e-05
-2.977690918835243364e-05
-2.969867777175352208e-05
-2.964868380943338824e-05
-2.958475190623248077e-05
-2.957675059689813553e-05
-2.956361782708644197e-05
-2.953674980722866203e-05
-2.948203437247426447e-05
-2.944526380945603435e-05
-2.942511108899491316e-05
-2.938726310516085255e-05
-2.936174155502445013e-05
-2.929471945495960503e-05
-2.928028070460250739e-05
-2.917262713541213815e-05
-2.915356750533118398e-05
-2.912892431648033927e-05
-2.906471603459647815e-05
-2.903513551799215175e-05
-2.899315348951249371e-05
-2.894110459455846420e-05
-2.890800287044307157e-05
-2.884935948026053532e-05
-2.877962514530033308e-05
-2.875838766178188494e-05
-2.871870950866842607e-05
-2.866478418831739278e-05
-2.863348352998799302e-05
-2.856575695854225280e-05
-2.852116397139791199e-05
-2.846826738673798751e-05
-2.842470849812275715e-05
-2.835470173276799006e-05
-2.832453926363628718e-05
-2.830272173192824078e-05
-2.826476834488014382e-05
-2.823510424922175973e-05
-2.822079754436931278e-05
-2.816143029464501161e-05
-2.810583972621625833e-05
-2.806500122655080585e-05
-2.805687625118937558e-05
-2.798614133135420855e-05
-2.793458963990557686e-05
-2.786993376567159649e-05
-2.782827130423165600e-05
-2.780403188182515580e-05
-2.774019172199925398e-05
-2.770769531313145708e-05
-2.763894815032949512e-05
-2.759997571605368285e-05
-2.754783074515047196e-05
-2.749462723451523367e-05
-2.746195852427194472e-05
-2.744951742790659985e-05
-2.737762648763763146e-05
-2.732784100459774394e-05
-2.732464792272228454e-05
-2.722335243329178912e-05
-2.718949813124731370e-05
-2.716653171617559599e-05
-2.713574339023186270e-05
-2.712765462617698907e-05
-2.703761785354644423e-05
-2.700352216858063753e-05
-2.695966454834184908e-05
-2.691357460811658257e-05
-2.687365859526297634e-05
-2.684456193071852893e-05
-2.683080973749659329e-05
-2.677809586326914242e-05
-2.673768348296898435e-05
-2.670835461655114281e-05
-2.665142173663893768e-05
-2.659676833103356245e-05
-2.657753853141299228e-05
-2.655240856676633869e-05
-2.651368686660160551e-05
-2.644945995268599184e-05
-2.641715256085947158e-05
-2.636948814417796659e-05
-2.632877696404426604e-05
-2.627607222343263183e-05
-2.624259288260361465e-05
-2.621739147330164770e-05
-2.620675035447381972e-05
-2.614578074285255164e-05
-2.608699282580421541e-05
-2.605602583757361969e-05
-2.604083027686088947e-05
-2.600844210257085312e-05
-2.593783219119480960e-05
-2.592534714217337483e-05
-2.585937279595992868e-05
-2.580277997204249340e-05
-2.578537215634833199e-05
-2.576028430242311974e-05
-2.568672847008184816e-05
-2.566439200973425771e-05
-2.561723107567912507e-05
-2.556202696652973101e-05
-2.553328882350843553e-05
-2.550064682867193968e-05
-2.548698988158167459e-05
-2.540102413358340979e-05
-2.532886448213483873e-05
-2.528739133119858298e-05
-2.526121359477636461e-05
-2.523513291124508101e-05
-2.520046703556970199e-05
-2.514139408057987376e-05
-2.509427810168085492e-05
-2.507679267953572420e-05
-2.504042523287295559e-05
-2.495274984570837053e-05
-2.494142590072487482e-05
-2.490900009532835560e-05
-2.486535081685082286e-05
-2.479753304674397189e-05
-2.475696181286557985e-05
-2.474743987835807178e-05
-2.470303042183305583e-05
-2.468909600679442012e-05
-2.465814694449046374e-05
-2.464383059476456166e-05
-2.458591939333873937e-05
-2.452007732142253167e-05
-2.451270972385704124e-05
-2.448120339889434753e-05
-2.442148344558915955e-05
-2.438180994723958310e-05
-2.433519768714658682e-05
-2.431165979876735399e-05
-2.428465192526893271e-05
-2.427910202323651067e-05
-2.419859144496808894e-05
-2.413306503585345656e-05
-2.409258803596574149e-05
-2.407635792778789390e-05
-2.401035118260890473e-05
-2.399752414226107494e-05
-2.394621876382361581e-05
-2.390598740297516123e-05
-2.386427892566360631e-05
-2.385718516907114900e-05
-2.381489556102439956e-05
-2.379291419325925964e-05
-2.374485483001817745e-05
-2.368251745550365526e-05
-2.367668294307106468e-05
-2.360495492218546369e-05
-2.357207337160859071e-05
-2.353316033120896519e-05
-2.350913467636257578e-05
-2.350246771809058919e-05
-2.347414497530938180e-05
-2.338486937475932480e-05
-2.335289007796456889e-05
-2.332100418500032720e-05
-2.327368351700738344e-05
-2.325420965384661560e-05
-2.318048924141318147e-05
-2.315745985595681980e-05
-2.314536002181902418e-05
-2.310716456462133701e-05
-2.308040842547482601e-05
-2.303770526769454948e-05
-2.301274839985477296e-05
-2.293279502233407826e-05
-2.291616923795735663e-05
-2.289359194445057840e-05
-2.286260654501921980e-05
-2.284960019528628413e-05
-2.275829778471514131e-05
-2.274701139000116646e-05
-2.272335673253117876e-05
-2.268929584715986269e-05
-2.261854506774815164e-05
-2.260057833086483677e-05
-2.253352805609436078e-05
-2.251025081941216186e-05
-2.241066577250778305e-05
-2.240553957538041872e-05
-2.238397618381716657e-05
-2.235500474201133065e-05
-2.228510324434901464e-05
-2.224200632323357441e-05
-2.218368264776061287e-05
-2.216739489128161721e-05
-2.212433022350351379e-05
-2.210478946047086645e-05
-2.208919745534971361e-05
-2.206558274188430503e-05
-2.202907783897497642e-05
-2.196232929466324749e-05
-2.193911235113697725e-05
-2.188678715344980299e-05
-2.186994445730607053e-05
-2.183606464097268826e-05
-2.180469713068264860e-05
-2.175153974472918207e-05
-2.169119627748589864e-05
-2.168234436964261110e-05
-2.161340654036266143e-05
-2.158730059606516819e-05
-2.157323400125558241e-05
-2.153935818219656088e-05
-2.149329589986849015e-05
-2.143950529333162687e-05
-2.140275623222616874e-05
-2.138881301758097502e-05
-2.134504964156731869e-05
-2.128587993222672640e-05
-2.125817387726640459e-05
-2.119175761719739934e-05
-2.114729369405435596e-05
-2.112421984402041233e-05
-2.111111048531968634e-05
-2.109576082504106774e-05
-2.106693309910826240e-05
-2.099970052369389635e-05
-2.096347948279161160e-05
-2.094890280554446112e-05
-2.092088026555509518e-05
-2.085999121427437416e-05
-2.083064096959804501e-05
-2.080795218206870883e-05
-2.076920180235882401e-05
-2.073147534884326999e-05
-2.067496430606672179e-05
-2.066587269313331339e-05
-2.061311792798040037e-05
-2.060347948536051351e-05
-2.057693590241478217e-05
-2.054192267467757266e-05
-2.046586401913291051e-05
-2.043722861951297365e-05
-2.041567498958821679e-05
-2.038030798036790121e-05
-2.037234765999155873e-05
-2.035746016429753412e-05
-2.034802016283550135e-05
-2.024513163540293275e-05
-2.022653920709967782e-05
-2.018405068395605746e-05
-2.014795169232370438e-05
-2.011013068347042556e-05
-2.008763931649333619e-05
-2.002739120834358215e-05
-1.999367627349030874e-05
-1.995636407593674334e-05
-1.991021149991020707e-05
-1.988166940275390201e-05
-1.986342082557248151e-05
-1.982463686484127122e-05
-1.976728823884185793e-05
-1.974963863608326646e-05
-1.970897604357747161e-05
-1.968911994608542689e-05
-1.967942659990252761e-05
-1.962822641308280717e-05
-1.960484116745337676e-05
-1.955200240472705072e-05
-1.952897301330474463e-05
-1.950954867145562600e-05
-1.948348801787615727e-05
-1.940999321861592365e-05
-1.938115781773120015e-05
-1.932442960755055653e-05
-1.930865645269534236e-05
-1.926577700336558869e-05
-1.924859510643747945e-05
-1.919859732922976132e-05
-1.915250058202595373e-05
-1.913890798351378360e-05
-1.910897418587243396e-05
-1.908051114531496474e-05
-1.903548635519370443e-05
-1.898054211473547520e-05
-1.894051983289419671e-05
-1.889523220915105499e-05
-1.886896478169578349e-05
-1.883336119335322217e-05
-1.880992645008275948e-05
-1.877644559502883621e-05
-1.873937773476587492e-05
-1.873153579991085189e-05
-1.870462427837202429e-05
-1.867603935543668035e-05
-1.861584190826807037e-05
-1.858323247764334543e-05
-1.854880464231312931e-05
-1.853507094536404264e-05
-1.851624572410032524e-05
-1.844379973086536528e-05
-1.840962344485423338e-05
-1.840383882710061418e-05
-1.837703056712713796e-05
-1.835420996944097427e-05
-1.831320041746268453e-05
-1.827866758159549300e-05
-1.823264217523443069e-05
-1.819196415854137884e-05
-1.817165473762079176e-05
-1.814080157630203736e-05
-1.809212263685825478e-05
-1.808676018177656877e-05
-1.806298983722122889e-05
-1.801006917844250732e-05
-1.800456928205913107e-05
-1.796873650005600525e-05
-1.793302122969468127e-05
-1.787971970873345601e-05
-1.785551854347021468e-05
-1.784845632740415664e-05
-1.780425672837184883e-05
-1.777036352996998262e-05
-1.772669373698594400e-05
-1.771954118429133426e-05
-1.766704622142062413e-05
-1.764771973619287115e-05
-1.760117086075959193e-05
-1.758303602974225347e-05
-1.755254429400227178e-05
-1.751330215899061444e-05
-1.744372668269505869e-05
-1.741008419926547404e-05
-1.739341845053793368e-05
-1.736763019254971316e-05
-1.733381378872488190e-05
-1.732902842817515775e-05
-1.728564990123510734e-05
-1.726004562907968478e-05
-1.721563637803510402e-05
-1.718866779016741067e-05
-1.717722309639533609e-05
-1.713438651623139374e-05
-1.712303515882579365e-05
-1.705294540822660439e-05
-1.704745375354309222e-05
-1.701722944885279403e-05
-1.698574475984593107e-05
-1.696480104406617080e-05
-1.691956528449140154e-05
-1.689498485469422771e-05
-1.682817289757632749e-05
-1.681329416988495710e-05
-1.680511369827747335e-05
-1.676094586096871328e-05
-1.674401608588199669e-05
-1.672919035652036370e-05
-1.669556550916783620e-05
-1.665471845495257770e-05
-1.662138303100309312e-05
-1.660468713289858669e-05
-1.654351717031165593e-05
-1.651613023066745932e-05
-1.650018306651377227e-05
-1.646269577255785364e-05
-1.642659698832485838e-05
-1.638124597114490189e-05
-1.634909575448887728e-05
-1.631715708696731480e-05
-1.631336247619957303e-05
-1.625814741076069071e-05
-1.623882947300800270e-05
-1.620610204688587168e-05
-1.617139980358727854e-05
-1.613983463396581131e-05
-1.610981066268141030e-05
-1.606238209577225487e-05
-1.600911973764149583e-05
-1.600668432196781791e-05
-1.596788318308996646e-05
-1.595319096920586009e-05
-1.589492570443956280e-05
-1.587280643929594659e-05
-1.581818978552135738e-05
-1.580711332578532637e-05
-1.576942606033878463e-05
-1.576421751178646530e-05
-1.574895448128001284e-05
-1.570483282081231393e-05
-1.567858872279511456e-05
-1.565174256771741524e-05
-1.561966046376321308e-05
-1.560205768204575894e-05
-1.553947740752320032e-05
-1.552792359104537105e-05
-1.547378862299766039e-05
-1.544286085247752061e-05
-1.541597084226223820e-05
-1.539093485479323101e-05
-1.537453522620766921e-05
-1.532642087377519792e-05
-1.530329510842700299e-05
-1.526159988019636099e-05
-1.524266028325836433e-05
-1.521335676276732160e-05
-1.518664168403703187e-05
-1.512099604626068286e-05
-1.511017875779954542e-05
-1.508448920807535203e-05
-1.506296152045341228e-05
-1.500742250537334786e-05
-1.500455253196007813e-05
-1.497905466912546005e-05
-1.493626673114386278e-05
-1.489962959987410491e-05
-1.487123464714702970e-05
-1.485029046214939402e-05
-1.481958579159768866e-05
-1.480329185877790416e-05
-1.476133478351401950e-05
-1.474500757889010503e-05
-1.472290015663665223e-05
-1.467096231262982182e-05
-1.464281305975253187e-05
-1.460970885756264959e-05
-1.456115654826468419e-05
-1.454475206250884659e-05
-1.450409853148777032e-05
-1.448630354922666662e-05
-1.444365109464038330e-05
-1.441507458801133838e-05
-1.438927117466631536e-05
-1.438634207081536932e-05
-1.435288519267818107e-05
-1.434021860507691650e-05
-1.428083434533860237e-05
-1.424520716743701548e-05
-1.421549610088071980e-05
-1.419680605364224325e-05
-1.417098915764345354e-05
-1.416002967386068407e-05
-1.411173208843283835e-05
-1.409096880274794404e-05
-1.406157553975532095e-05
-1.404690233606664215e-05
-1.402024610035863457e-05
-1.400377676364887653e-05
-1.395453314674077408e-05
-1.389306378472692276e-05
-1.388969925993868290e-05
-1.387119639987224618e-05
-1.384132759824477928e-05
-1.379424656143791838e-05
-1.375054640999168584e-05
-1.374347705849185700e-05
-1.372934408004859408e-05
-1.369764664094814045e-05
-1.367489873903603100e-05
-1.364556576452773642e-05
-1.363147044472892076e-05
-1.357511137615788570e-05
-1.354321098628110485e-05
-1.349860785978825103e-05
-1.347014454190083278e-05
-1.344269850034029731e-05
-1.341653868753934531e-05
-1.340305099870986863e-05
-1.337255202404630318e-05
-1.332883500897767096e-05
-1.330616055308939938e-05
-1.325576281150875688e-05
-1.325329265630266293e-05
-1.319830834024812442e-05
-1.316911585714087436e-05
-1.316340625556014497e-05
-1.313355512675399568e-05
-1.310001660025762000e-05
-1.306985815971381537e-05
-1.303682104235360676e-05
-1.302271756246185723e-05
-1.301784897742126443e-05
-1.301075333304866631e-05
-1.293458288106380091e-05
-1.291132835143356438e-05
-1.286979335107659055e-05
-1.281423305033241246e-05
-1.279960119808267606e-05
-1.277930130355615500e-05
-1.274928137329822605e-05
-1.272057825658545956e-05
-1.269637301057707024e-05
-1.267111102156607865e-05
-1.265689947010597386e-05
-1.261206137795430617e-05
-1.257772078049852407e-05
-1.254945568156373043e-05
-1.251190957158202313e-05
-1.246893879036292361e-05
-1.243339561810832390e-05
-1.242138415030359830e-05
-1.241893999299010277e-05
-1.239276440920540223e-05
-1.235307841449868830e-05
-1.231855398648137798e-05
-1.229901741442569268e-05
-1.228606644144729662e-05
-1.226606229647167092e-05
-1.223473866551497307e-05
-1.222504345855786240e-05
-1.217098148641926012e-05
-1.213761917558558717e-05
-1.211590047128526463e-05
-1.207396472353614473e-05
-1.204141204067325744e-05
-1.202593523017834917e-05
-1.200780796803110193e-05
-1.194918129258573619e-05
-1.193499186775910363e-05
-1.190886820460963236e-05
-1.190189880308663657e-05
-1.187436699309752588e-05
-1.183308122932662166e-05
-1.182159059126404885e-05
-1.179883178455768025e-05
-1.174844002645205827e-05
-1.173348390953387422e-05
-1.171227158039617627e-05
-1.169934473646221192e-05
-1.163453229848000532e-05
-1.162200618295260083e-05
-1.158812597064383825e-05
-1.157992278555590840e-05
-1.156421339918349462e-05
-1.154268434287159330e-05
-1.149710104100934052e-05
-1.145115965070787190e-05
-1.143215068668536702e-05
-1.140864904215135478e-05
-1.140120860613400091e-05
-1.136808090362286856e-05
-1.133745986888024679e-05
-1.131077055229260339e-05
-1.128441268573936920e-05
-1.126252806206308415e-05
-1.124805629850072565e-05
-1.119562057512777640e-05
-1.115780985861871617e-05
-1.113591346793321454e-05
-1.111364713782608242e-05
-1.109320573043359466e-05
-1.107135678873035326e-05
-1.102578410868620586e-05
-1.100035165557689574e-05
-1.098244497058840197e-05
-1.094226903570899521e-05
-1.092329230854573119e-05
-1.090309233682039715e-05
-1.088874633253533030e-05
-1.085065261038726428e-05
-1.083357578570062210e-05
-1.081380247518772653e-05
-1.078636077837297105e-05
-1.076937047359559260e-05
-1.070675091721656627e-05
-1.068148833518411517e-05
-1.066960410259959275e-05
-1.066144974326763343e-05
-1.062736881479491739e-05
-1.061702857946970324e-05
-1.058058655318020774e-05
-1.055196266942692911e-05
-1.052967466037370008e-05
-1.051244863881296440e-05
-1.048179590532302028e-05
-1.047595921759618491e-05
-1.045660367988869540e-05
-1.037729179010688859e-05
-1.034411301900709442e-05
-1.032001961244386376e-05
-1.031167210397414296e-05
-1.029693577438257768e-05
-1.026890517148431678e-05
-1.025511663738462027e-05
-1.024507306533645968e-05
-1.023339192536788713e-05
-1.021648793182397151e-05
-1.014260702089385073e-05
-1.013599233305746193e-05
-1.010365867344073903e-05
-1.009346900320974601e-05
-1.007350371184004387e-05
-1.003906998907080648e-05
-1.001991938243828173e-05
-1.000340167186202844e-05
-9.947969741233201419e-06
-9.910941830188556059e-06
-9.887482643736275368e-06
-9.873670574521100805e-06
-9.843858549157252707e-06
-9.813841049761840170e-06
-9.801074495711164180e-06
-9.773291154267017798e-06
-9.726350478327511952e-06
-9.716882798071413082e-06
-9.683122824709579281e-06
-9.673067205822465729e-06
-9.652653912542927397e-06
-9.651774795622796021e-06
-9.644824257661432543e-06
-9.591371157093544266e-06
-9.570425205597224872e-06
-9.556119495447118164e-06
-9.507750194426521967e-06
-9.486462358207054421e-06
-9.456992018593039843e-06
-9.433509218978411735e-06
-9.413632287796831719e-06
-9.378978711582029235e-06
-9.368688750143153475e-06
-9.344904849844376865e-06
-9.298267480958545011e-06
-9.268407430168357238e-06
-9.259913855470281189e-06
-9.227569701911249542e-06
-9.203570692409270492e-06
-9.181829110838914823e-06
-9.166363571168005718e-06
-9.161678098512146456e-06
-9.145734602372265372e-06
-9.087910801566123319e-06
-9.068780435881247749e-06
-9.022247615796239159e-06
-9.002136005035917395e-06
-8.982178962881358825e-06
-8.939304981276324460e-06
-8.918513356194264456e-06
-8.896400081062338916e-06
-8.893500222478367595e-06
-8.859635474297121782e-06
-8.845128209698646719e-06
-8.828360530686926581e-06
-8.804543390113842287e-06
-8.785754283674006231e-06
-8.768550447596091521e-06
-8.728376055499975815e-06
-8.702648042940243743e-06
-8.688924173816151247e-06
-8.639107588572141961e-06
-8.607587002392664611e-06
-8.582187443705896981e-06
-8.566027524145959149e-06
-8.558375157548727072e-06
-8.530175681443848929e-06
-8.515871274462964331e-06
-8.478159909329029668e-06
-8.459290480468512381e-06
-8.435612422510424305e-06
-8.408504439863991132e-06
-8.400480520979347897e-06
-8.386478486007935189e-06
-8.346313385996521333e-06
-8.318137639713985124e-06
-8.280881900594040912e-06
-8.267531332400097479e-06
-8.253577879273999875e-06
-8.235275910417261792e-06
-8.207652159677446775e-06
-8.201064477501761061e-06
-8.166246158813123457e-06
-8.136471791794154160e-06
-8.087310436828694480e-06
-8.066759421523032333e-06
-8.058202711722861703e-06
-8.031104270991936244e-06
-8.028008741649682203e-06
-8.008899964680651077e-06
-7.975106405958861980e-06
-7.960667398507090221e-06
-7.913324892168646153e-06
-7.884958908257588134e-06
-7.877364851918308055e-06
-7.851845999158121186e-06
-7.831388391414659920e-06
-7.798553517671927534e-06
-7.777927298593019861e-06
-7.748263483745124495e-06
-7.742175316920199649e-06
-7.720176402240397221e-06
-7.669167799376799179e-06
-7.656183789385138282e-06
-7.649326944533362338e-06
-7.622817411067551560e-06
-7.604730998153985730e-06
-7.556156409006375957e-06
-7.533865665619116975e-06
-7.520278341114745769e-06
-7.516613803372843095e-06
-7.474107095007025450e-06
-7.435394526399192907e-06
-7.404513913908364877e-06
-7.375715479799187753e-06
-7.363057078209397780e-06
-7.322896304038927887e-06
-7.320958776329016652e-06
-7.288982169728201019e-06
-7.280423866511135853e-06
-7.262096061701904337e-06
-7.233555908384830165e-06
-7.212703242265516137e-06
-7.186464844796804410e-06
-7.156224032870113028e-06
-7.135157414369827070e-06
-7.114611367882335456e-06
-7.100555008975262399e-06
-7.086906206860587729e-06
-7.073809343948142050e-06
-7.048209309141263405e-06
-7.043840372225329109e-06
-7.021515814660142334e-06
-6.988254799667631908e-06
-6.981169060637326398e-06
-6.936023310630486667e-06
-6.929978324888608152e-06
-6.900959060891805216e-06
-6.869957873033652033e-06
-6.845678325795126336e-06
-6.820245952855073172e-06
-6.797816853170013481e-06
-6.782228803859225592e-06
-6.759157705728465073e-06
-6.737341838965018920e-06
-6.723773041687605082e-06
-6.721088028880359558e-06
-6.680934398129230449e-06
-6.669822763416807717e-06
-6.657652414503701037e-06
-6.609108586407574869e-06
-6.594000919647555355e-06
-6.586703567274063328e-06
-6.544361465473330321e-06
-6.528920879369747146e-06
-6.516351425732429670e-06
-6.476289308563884983e-06
-6.456654138457794016e-06
-6.427089252198377050e-06
-6.408990066209942336e-06
-6.378813488382429905e-06
-6.371741603363035519e-06
-6.359067113844862268e-06
-6.345328036115454507e-06
-6.303136409993302081e-06
-6.291759499568978489e-06
-6.257096828636304405e-06
-6.239103143647763552e-06
-6.212367148627364123e-06
-6.201817382319854268e-06
-6.175369332723788297e-06
-6.135254923522054788e-06
-6.127459033927966241e-06
-6.111927667150463092e-06
-6.087332005522987036e-06
-6.072117929474634897e-06
-6.054448003839534763e-06
-6.023657851660164053e-06
-6.001211914226870201e-06
-5.984227769243155695e-06
-5.967967470685102507e-06
-5.938199884137448207e-06
-5.902363141793448411e-06
-5.896435483176598809e-06
-5.878155346604349869e-06
-5.861261498358187354e-06
-5.846637209015808006e-06
-5.806598357675221093e-06
-5.782707420343630198e-06
-5.767050915602986819e-06
-5.751277855925341277e-06
-5.735133176500662975e-06
-5.703349355794946863e-06
-5.699310586216129642e-06
-5.662411063367017884e-06
-5.650891061976109806e-06
-5.623735355680075629e-06
-5.590915751803819210e-06
-5.570027777427764659e-06
-5.547239031834360315e-06
-5.529821954307766664e-06
-5.493747783423248627e-06
-5.474330610270865163e-06
-5.464150969909608820e-06
-5.439879833397533957e-06
-5.430327855218131580e-06
-5.400888203926383752e-06
-5.378791394089345861e-06
-5.370325640080141923e-06
-5.328851500636787257e-06
-5.311442910986872682e-06
-5.284005062231708066e-06
-5.259884009939322419e-06
-5.256915899861400094e-06
-5.222120978437615356e-06
-5.200818800698940930e-06
-5.191750408037081927e-06
-5.162512079988022852e-06
-5.120332115984300196e-06
-5.103690012580213043e-06
-5.085302288892204450e-06
-5.060219287026771786e-06
-5.055331950596329589e-06
-5.016365321038773608e-06
-4.996525378674132225e-06
-4.976780867918550151e-06
-4.970814393816367735e-06
-4.961263107856837716e-06
-4.928353214827882394e-06
-4.918292179759341843e-06
-4.901660900682113993e-06
-4.885324117739822901e-06
-4.845838765234777370e-06
-4.827086286593823811e-06
-4.817291604842110052e-06
-4.806983995549780665e-06
-4.784922558931343651e-06
-4.758413612059479372e-06
-4.736811327845577975e-06
-4.701975623950819284e-06
-4.690594865180601760e-06
-4.660637057855163578e-06
-4.645879542462264387e-06
-4.613222118917054745e-06
-4.606421646120501044e-06
-4.586832323897720572e-06
-4.573049633268931302e-06
-4.554320843632519387e-06
-4.532937142227487314e-06
-4.514833303444327815e-06
-4.480890419395054290e-06
-4.471292969449120673e-06
-4.448580653122065999e-06
-4.426370204606804665e-06
-4.407963782303860464e-06
-4.386637009231700311e-06
-4.373430780328471520e-06
-4.352720864579875513e-06
-4.344876252378505503e-06
-4.297400533302211041e-06
-4.289632668574317033e-06
-4.259462179216866444e-06
-4.248485005878085798e-06
-4.241105717516178727e-06
-4.198941888758822993e-06
-4.183074087725868634e-06
-4.157674367444196676e-06
-4.148824794051026888e-06
-4.106058171133146325e-06
-4.101592448552870649e-06
-4.068771003893982994e-06
-4.057717602378374942e-06
-4.047356882710324865e-06
-4.030831923937997811e-06
-4.011539097524229850e-06
-3.991139091404609244e-06
-3.967026150419524915e-06
-3.943960713838382153e-06
-3.929055193884243725e-06
-3.926343490828469372e-06
-3.867243297066234424e-06
-3.862575053419677836e-06
-3.839210237440985884e-06
-3.823658187724094125e-06
-3.800921034003967254e-06
-3.783399446026321508e-06
-3.751357536912014249e-06
-3.733629158299447559e-06
-3.715337364117759009e-06
-3.708926531004712013e-06
-3.676204463807290843e-06
-3.645079730353465578e-06
-3.633632362291348528e-06
-3.620487650139924537e-06
-3.598196571291426419e-06
-3.580644469029064161e-06
-3.567722551155169147e-06
-3.545266250457341395e-06
-3.521127929593078530e-06
-3.497204295464316957e-06
-3.477622326650136170e-06
-3.463580585411107812e-06
-3.438320931147960968e-06
-3.413519039178506414e-06
-3.408608816361360422e-06
-3.385578554356998719e-06
-3.355636969683587630e-06
-3.349650107980782254e-06
-3.327038131461511846e-06
-3.319442303130758772e-06
-3.295845577035064952e-06
-3.275783809808687417e-06
-3.253341819986479156e-06
-3.242986239050192492e-06
-3.201143283563691672e-06
-3.192294495247872711e-06
-3.183535199048633653e-06
-3.150371852638212122e-06
-3.136175368699762871e-06
-3.108300143016396595e-06
-3.092308472684665886e-06
-3.085897558326594941e-06
-3.071752192097960390e-06
-3.057612842620401189e-06
-3.033471736117818698e-06
-3.025212065864943348e-06
-3.016250074677787059e-06
-2.985291192335656977e-06
-2.972512450604562116e-06
-2.959507795962926752e-06
-2.953026472162198161e-06
-2.913774617659233134e-06
-2.893690786760778906e-06
-2.886859880715674646e-06
-2.867140493197873962e-06
-2.851806738951933362e-06
-2.831973747371403943e-06
-2.808109850441990052e-06
-2.780654643103203145e-06
-2.772532037546103095e-06
-2.758611718843712673e-06
-2.729122840562928886e-06
-2.701062798954253984e-06
-2.669033172884656705e-06
-2.663608075659043267e-06
-2.643747328142978673e-06
-2.618297579138144925e-06
-2.607064829414996798e-06
-2.597702747855247936e-06
-2.587022482761535974e-06
-2.557672732179104127e-06
-2.542989250099870917e-06
-2.527048322262568634e-06
-2.511202439306870554e-06
-2.493903413459123572e-06
-2.467451821773422526e-06
-2.457545683597263674e-06
-2.432518214791874803e-06
-2.410075264691029454e-06
-2.391954530670360241e-06
-2.387564491925669645e-06
-2.358584141000278383e-06
-2.343639629685509659e-06
-2.321268646404914034e-06
-2.299929466409484682e-06
-2.279952457779639615e-06
-2.269928458604560200e-06
-2.234877838151820337e-06
-2.230460019225153208e-06
-2.213066304569800536e-06
-2.199907070599731007e-06
-2.188285584742276662e-06
-2.171715951925209268e-06
-2.141634850126771991e-06
-2.134044977209572275e-06
-2.118171215722026747e-06
-2.113418619986264677e-06
-2.079819140434708693e-06
-2.072312052819861121e-06
-2.056360116339775907e-06
-2.045414604228236808e-06
-2.012935651939953809e-06
-1.977408356615092604e-06
-1.955617366570012581e-06
-1.932933329703304417e-06
-1.924551784680633084e-06
-1.906138969055737163e-06
-1.887367433446635653e-06
-1.870101314972055856e-06
-1.855803508325469976e-06
-1.835895336765685058e-06
-1.815158026483318689e-06
-1.810167131970135142e-06
-1.794087807653135491e-06
-1.771483489233546712e-06
-1.751774265875227321e-06
-1.724412496106879222e-06
-1.720499266765268610e-06
-1.709728658457589539e-06
-1.680930999470931448e-06
-1.670191683812289051e-06
-1.664117701390313444e-06
-1.643119407970840555e-06
-1.605869528304526716e-06
-1.599578998688623968e-06
-1.586255137035118363e-06
-1.564220113444370001e-06
-1.545613057298020608e-06
-1.534159253389079249e-06
-1.511558121106985003e-06
-1.496121946384259194e-06
-1.465282547981724610e-06
-1.453852264444890310e-06
-1.447664418741145590e-06
-1.422393457273654336e-06
-1.394718159148477547e-06
-1.392896056719994018e-06
-1.373813055556079151e-06
-1.352232140785334286e-06
-1.344234318975982444e-06
-1.328702465887288639e-06
-1.321316757718908061e-06
-1.312177911084260012e-06
-1.303216815332446012e-06
-1.267233340552667973e-06
-1.248305056681380512e-06
-1.228015607298440525e-06
-1.219043499798411591e-06
-1.182486150577447619e-06
-1.163795644194452143e-06
-1.148183615346999368e-06
-1.142132036258414080e-06
-1.115497155223565141e-06
-1.110603557201834496e-06
-1.096758133941658266e-06
-1.087767466250428598e-06
-1.047216964409168822e-06
-1.044586989569421547e-06
-1.029812234745616196e-06
-1.019060557219280607e-06
-1.002702878353976137e-06
-9.897124983478851616e-07
-9.854030345432779496e-07
-9.329186524955645658e-07
-9.181351951361583508e-07
-8.906350177236810906e-07
-8.774230239006998286e-07
-8.680936557848442749e-07
-8.463386208171872818e-07
-8.239729102876295788e-07
-8.190416352732574435e-07
-8.041454039026588827e-07
-7.996026387993384018e-07
-7.854890021004637795e-07
-7.649162651093661416e-07
-7.400755387727383183e-07
-7.332279934289720348e-07
-7.167605076000479404e-07
-6.833173577376022741e-07
-6.796072716354623637e-07
-6.719595209887769186e-07
-6.272080374795434041e-07
-6.229615108449003691e-07
-6.042951317595329593e-07
-5.740470049514739821e-07
-5.646840816347976508e-07
-5.453940665312855023e-07
-5.373159320595482262e-07
-5.119356331253433047e-07
-4.992139574371955682e-07
-4.676775157410154994e-07
-4.609042513649406179e-07
-4.349715858250386405e-07
-4.225887578836467058e-07
-4.149335439227096351e-07
-4.019941678501591770e-07
-3.900385867576847056e-07
-3.849951268736114328e-07
-3.523198214830698317e-07
-3.345539409378121549e-07
-3.177250240203687359e-07
-3.008873604813895715e-07
-2.908678650458278649e-07
-2.737237091684660649e-07
-2.623017043326394206e-07
-2.493942914098217374e-07
-2.346900339776419136e-07
-2.047275333524713257e-07
-1.779448953659065195e-07
-1.710866746118395163e-07
-1.421442162533363262e-07
-1.397483198689907751e-07
-1.329196320052775085e-07
-1.143382828310736340e-07
-9.075014718005684345e-08
-7.648950346601904083e-08
-5.819497994289069568e-08
-4.510392857423040413e-08
-1.644988958391316311e-08
-1.524399727948485649e-09
1.175832648847755935e-08
2.034768022539794735e-08
4.329913959833313277e-08
4.672439677277996374e-08
5.877805137845369054e-08
1.108905027465577570e-07
1.170854984335448003e-07
1.267907395704537338e-07
1.460808224382278601e-07
1.534957644545126428e-07
1.837464458646308336e-07
1.979249392115979467e-07
2.135269620299363129e-07
2.231333104112417518e-07
2.434313384156060723e-07
2.656763072341457194e-07
2.747572698063037911e-07
2.880060722380214873e-07
2.920828472331628750e-07
3.058535593138690599e-07
3.192789645893462397e-07
3.281760613547614556e-07
3.573517698246623490e-07
3.875518225635888741e-07
3.958272557457631306e-07
4.183199607639934537e-07
4.431500489766924724e-07
4.546349808140751082e-07
4.703728423726494802e-07
4.935267386958770842e-07
5.073289421630538995e-07
5.200984897904237534e-07
5.265116774836579995e-07
5.481492393471865104e-07
5.635936582721557765e-07
5.779129527289503930e-07
5.983687143105079560e-07
6.115257660351465379e-07
6.419106908130094042e-07
6.647274614473282094e-07
6.737237475853589136e-07
6.899017281948211499e-07
7.012188466692305915e-07
7.170508493090024776e-07
7.258743614388288884e-07
7.415302850537009077e-07
7.511286841482253336e-07
7.679513967618041474e-07
7.828934447075259762e-07
7.933460826452916909e-07
8.045878383302171967e-07
8.346976009783422240e-07
8.403208475773013919e-07
8.500371229590087931e-07
8.611736130465530416e-07
8.892520578357686226e-07
9.098994087273876755e-07
9.194277118514823880e-07
9.542545948767063646e-07
9.597132080819463605e-07
9.747261476019300340e-07
9.776308821974401737e-07
9.922220717449484524e-07
1.023948713579592297e-06
1.031471629229180742e-06
1.043978077933605082e-06
1.063015227137957417e-06
1.084250321764755592e-06
1.090699507197124053e-06
1.107949897914525659e-06
1.125510296223520070e-06
1.152610250686954205e-06
1.155875984406820119e-06
1.199362919932727656e-06
1.227515717627631771e-06
1.231631950373226914e-06
1.250006134415277079e-06
1.274906263786024574e-06
1.294717085511357075e-06
1.316294375861507289e-06
1.322451841844934153e-06
1.351967050432427520e-06
1.368335437001605340e-06
1.377556788440376986e-06
1.391369508390097702e-06
1.410083128030206732e-06
1.435629642824630643e-06
1.445059355854719546e-06
1.475401214661843645e-06
1.496011263340904969e-06
1.509672304507979037e-06
1.539905018651530394e-06
1.542803261237156885e-06
1.568303883945228085e-06
1.589356002757809079e-06
1.607309787618313384e-06
1.618552069950027639e-06
1.648144625901592386e-06
1.663718404262255699e-06
1.678195084551809818e-06
1.687071802726708850e-06
1.692551947992249090e-06
1.723593360928011153e-06
1.739275101575508077e-06
1.754864961836003071e-06
1.767219349046402568e-06
1.780639861939094219e-06
1.793943280308947825e-06
1.809846486385421678e-06
1.821322608378634412e-06
1.856939028638524853e-06
1.879353995805924364e-06
1.904965859013899921e-06
1.916181526491038632e-06
1.927854737942281616e-06
1.942825308444161380e-06
1.945002464876245900e-06
1.974452686151474483e-06
1.986944655885782032e-06
2.006935576566845555e-06
2.022120158096028703e-06
2.047567593830676067e-06
2.074356406322911869e-06
2.077608783839699772e-06
2.078412812973311343e-06
2.126213140552970094e-06
2.142274670171184543e-06
2.147923554407684906e-06
2.183103180560043787e-06
2.202891184615658176e-06
2.212501942408585449e-06
2.218519607410934322e-06
2.228732095980901425e-06
2.265536884103149683e-06
2.291762517147993703e-06
2.306865477460008255e-06
2.310572207751349599e-06
2.341888906014569566e-06
2.367329549880412942e-06
2.392105981202001612e-06
2.403822570563114379e-06
2.414947949241106797e-06
2.446089344095060030e-06
2.449423953774225560e-06
2.461732376430184103e-06
2.481967260115828311e-06
2.508323315372602341e-06
2.543374563698113357e-06
2.554080121046902782e-06
2.577919919076354371e-06
2.590497858888080244e-06
2.606866238701688984e-06
2.636282372178685486e-06
2.652922669637829794e-06
2.676165577534635190e-06
2.682295410857648603e-06
2.689485571534511782e-06
2.713990519650987802e-06
2.729108122608556195e-06
2.749591621132881573e-06
2.757373018578572859e-06
2.782121341251689727e-06
2.798422064901566791e-06
2.821510718067145706e-06
2.831967588611536088e-06
2.847372114607220878e-06
2.857698453641220855e-06
2.870467715201931990e-06
2.893578342539037495e-06
2.910428100944133826e-06
2.924082348533831090e-06
2.942382029853052297e-06
2.955928912647775008e-06
2.985778579159721376e-06
3.044785311994915821e-06
3.060149136180086912e-06
3.080000133327078495e-06
3.094142014072782462e-06
3.105204451664796864e-06
3.124831243871071391e-06
3.148134477695858320e-06
3.152181706923644531e-06
3.155462768514909789e-06
3.196271936092122087e-06
3.218481284761599567e-06
3.243148420563881916e-06
3.256375386718578851e-06
3.268625757625595746e-06
3.300330519079087721e-06
3.326174417407160552e-06
3.342445448389039772e-06
3.367058896640419901e-06
3.399517873909617410e-06
3.405164859996384473e-06
3.410333329024664618e-06
3.429003435356865972e-06
3.450414610580397442e-06
3.479208411326859629e-06
3.489670378845391961e-06
3.525811209844306014e-06
3.536579078355077765e-06
3.548934330818202314e-06
3.553698637985640562e-06
3.608125881312906667e-06
3.627379425008593572e-06
3.646624633670018570e-06
3.656523344332749305e-06
3.673718202344231476e-06
3.706272013072385745e-06
3.720428422591230231e-06
3.743540065935281704e-06
3.752658725610754134e-06
3.772583080642566525e-06
3.779748607883981613e-06
3.825023299951404067e-06
3.837933539376673788e-06
3.845808101405391813e-06
3.870749298554111963e-06
3.883778432545920877e-06
3.911260434589802148e-06
3.923787077637893786e-06
3.941656556301620227e-06
3.961628283835697639e-06
3.988074882373740719e-06
4.005677658555809984e-06
4.026428867526784933e-06
4.042137806598703155e-06
4.056020338973117700e-06
4.076350218368132476e-06
4.106729644890571672e-06
4.122665788012758352e-06
4.136799013765701325e-06
4.143921193928522968e-06
4.179835657155598524e-06
4.203813130486013396e-06
4.219613588760090907e-06
4.233021727755892732e-06
4.251924801863702951e-06
4.284027149044617561e-06
4.295071591337870153e-06
4.322262552719681331e-06
4.355766417727677024e-06
4.382809553149624157e-06
4.386672760847303301e-06
4.417687174843500317e-06
4.420465356980735800e-06
4.441890828634890116e-06
4.451506194645361907e-06
4.468694156060412576e-06
4.501053099544880413e-06
4.525985306028283499e-06
4.532190084493946860e-06
4.552899923953763225e-06
4.562634619009682917e-06
4.604728393892930395e-06
4.611746879833201476e-06
4.658603120920410618e-06
4.669975817667623765e-06
4.703042035552722696e-06
4.704178186717580966e-06
4.734525693036674910e-06
4.748793873830659240e-06
4.756288391397461339e-06
4.770496529376757618e-06
4.793347863832977284e-06
4.810618847737509489e-06
4.863176302878401212e-06
4.866397940936361305e-06
4.897917650297344576e-06
4.904001740800989862e-06
4.938267390638641967e-06
4.958803477448063145e-06
4.971956334219131020e-06
5.006057758393044988e-06
5.017514100842296906e-06
5.018549738318973237e-06
5.048909378534160137e-06
5.049933605206308808e-06
5.100485778535352343e-06
5.134438810408042334e-06
5.136653545275399028e-06
5.150283479175093938e-06
5.199159381432428168e-06
5.209853303041727800e-06
5.242046660167202841e-06
5.255663979797668100e-06
5.262783082451623644e-06
5.280713160092318535e-06
5.302356259496337679e-06
5.326026262890020816e-06
5.343640631687182236e-06
5.365980840732044745e-06
5.413717736251890982e-06
5.424300076048406825e-06
5.439567046178206072e-06
5.457111513508220155e-06
5.468854846555913819e-06
5.497715629069784236e-06
5.528588279414448390e-06
5.543570454046510931e-06
5.546152263526127414e-06
5.565307506418509466e-06
5.595575306549153742e-06
5.624788586472567956e-06
5.656287475104335765e-06
5.679581321565924855e-06
5.690887224326343413e-06
5.700580053278465956e-06
5.740937958280562093e-06
5.764688722093087659e-06
5.770846256949060561e-06
5.795898331232564588e-06
5.816526943757904892e-06
5.822332904219300288e-06
5.861448186735452871e-06
5.869102226071612064e-06
5.915528091926129614e-06
5.928434630772502844e-06
5.941938660634700287e-06
5.959914188567196668e-06
5.979305833365218541e-06
5.997884855578346057e-06
6.005534527016561957e-06
6.035952254116115635e-06
6.056131645078309723e-06
6.088175936637047928e-06
6.108702459893846956e-06
6.137351085729154132e-06
6.152868884622363586e-06
6.161532600914454116e-06
6.170990708033488763e-06
6.229773380539436794e-06
6.231746834407656884e-06
6.274792757042257127e-06
6.311410425558855669e-06
6.318344415824223195e-06
6.344780899714256370e-06
6.354981780809834342e-06
6.376423023708224396e-06
6.410317956330820339e-06
6.452821348283291242e-06
6.471038647098197876e-06
6.492088127702350280e-06
6.523529466112061021e-06
6.533454963675416025e-06
6.549968760454568002e-06
6.567888816394725319e-06
6.571782920092955301e-06
6.608442928402518515e-06
6.645500889966375964e-06
6.673087633673919778e-06
6.690669873803613654e-06
6.714325993009641757e-06
6.719532906236122648e-06
6.760434069869995505e-06
6.781307308511322048e-06
6.784475091411501703e-06
6.797241653256269095e-06
6.837288978623518945e-06
6.854904058218694069e-06
6.877168899136874524e-06
6.904720752765162169e-06
6.911160296665894074e-06
6.930006496180693716e-06
6.964436416725130230e-06
6.981582242420160481e-06
7.010533902942943755e-06
7.036350903732241744e-06
7.043864660268953013e-06
7.048542351599599737e-06
7.061091928669447811e-06
7.107799846599103463e-06
7.111707181022114050e-06
7.129910952582396180e-06
7.163647001528172517e-06
7.180215501464747173e-06
7.217595620482361478e-06
7.246384773561320598e-06
7.249318422429363019e-06
7.264197391407532336e-06
7.290644403610207987e-06
7.310316202131331853e-06
7.331166716649675296e-06
7.348597658420138520e-06
7.370874955821944586e-06
7.406911763326414919e-06
7.460729586727795224e-06
7.465924939772689609e-06
7.472894257855913961e-06
7.511494873099351385e-06
7.537934741798314994e-06
7.553221745589236304e-06
7.565938644997024538e-06
7.598275671049876796e-06
7.601708152582691249e-06
7.625562287558805830e-06
7.653626419924781352e-06
7.671537286990394219e-06
7.688536776914097365e-06
7.714709610591188275e-06
7.735980157039590364e-06
7.752689256470508486e-06
7.785645421766544447e-06
7.829409717490182566e-06
7.855517827736975396e-06
7.890021223311799884e-06
7.906971872842914981e-06
7.921438725805863605e-06
7.948282911502065377e-06
7.954917634503350253e-06
7.990065415462026366e-06
8.029781979174295379e-06
8.038241516400084795e-06
8.051368260437436784e-06
8.065794999577018424e-06
8.083112219651250724e-06
8.126000518638778222e-06
8.129755092337163805e-06
8.166930466370691136e-06
8.180951863803833082e-06
8.204471838550420309e-06
8.230026413670689974e-06
8.257952205471837709e-06
8.279272213408499825e-06
8.310961548930333965e-06
8.318018378810985964e-06
8.358471963760000036e-06
8.368892730450234568e-06
8.398149775827270757e-06
8.411293211810648947e-06
8.456048425698987493e-06
8.457737479510557199e-06
8.486302536188548108e-06
8.492195562521217042e-06
8.526284471624420936e-06
8.547023272846214929e-06
8.586723980763855631e-06
8.623524154752126985e-06
8.653287818821469787e-06
8.663029010691655651e-06
8.673400672082695555e-06
8.693967847851192773e-06
8.727425679257987760e-06
8.753329526230366141e-06
8.792737654603391661e-06
8.824203372254091349e-06
8.840888016541864836e-06
8.847823356305662676e-06
8.870897135885093038e-06
8.902930137867803335e-06
8.935968375990952130e-06
8.960858056245070706e-06
8.992866926600134276e-06
9.029902638061598115e-06
9.039348624206969317e-06
9.063661756940987439e-06
9.080107426862604950e-06
9.083113590268568601e-06
9.154582965071202778e-06
9.174731063357463294e-06
9.206598392387555866e-06
9.252357025876958610e-06
9.258790080606458430e-06
9.272679614565625014e-06
9.292777920955378355e-06
9.308262235425553382e-06
9.348034059701794852e-06
9.374203094414645040e-06
9.401868196981496008e-06
9.411909775356572106e-06
9.449271439317397374e-06
9.469738629235242638e-06
9.498626944145874645e-06
9.525459105494026772e-06
9.547643542391865022e-06
9.568337041034186616e-06
9.583375063622208672e-06
9.624279046017541125e-06
9.652319098476705412e-06
9.671084707921093421e-06
9.678077307268289728e-06
9.705687037203235791e-06
9.734918160839037358e-06
9.745038919245741323e-06
9.780917556423022202e-06
9.802991959817731690e-06
9.811697718687102955e-06
9.830930830531525456e-06
9.853973289244750169e-06
9.876603428772056726e-06
9.908065270670513467e-06
9.930811497579630101e-06
9.973266811887532843e-06
9.992037468543486168e-06
1.002569190661462539e-05
1.005695312296873338e-05
1.007908147502933404e-05
1.012174805378186026e-05
1.014172581403882002e-05
1.015364823442042388e-05
1.018612019998293926e-05
1.022429868346664917e-05
1.024210912446176701e-05
1.025859944115484642e-05
1.028463904364649962e-05
1.029952460737736951e-05
1.032471762249273366e-05
1.035216297842324280e-05
1.036540733058803316e-05
1.040803162223471861e-05
1.042512588957469717e-05
1.047025048736361855e-05
1.051199937757853713e-05
1.052524937853101577e-05
1.054459601646671660e-05
1.055186946601017172e-05
1.064700130129416209e-05
1.066195075447297179e-05
1.068310648909619624e-05
1.069606514310708386e-05
1.072658509908060046e-05
1.075106251510165067e-05
1.075503608741488402e-05
1.076995213336067437e-05
1.079298129694509200e-05
1.081360355078529067e-05
1.084421997711746252e-05
1.087590304015971943e-05
1.088562342394853752e-05
1.090300370629822690e-05
1.091650060825007979e-05
1.098116082035629145e-05
1.099456215735195108e-05
1.105619793009782725e-05
1.105961514615126193e-05
1.106499849042757309e-05
1.109836871401780815e-05
1.115505426136980541e-05
1.117533179056027744e-05
1.118602477768006466e-05
1.120190549914142231e-05
1.126958367815221938e-05
1.129607152825838168e-05
1.132327404234067595e-05
1.135042838868139889e-05
1.137639945544914205e-05
1.140146423517221872e-05
1.140782613242682562e-05
1.142766689502765452e-05
1.144905565926013947e-05
1.148349442529810037e-05
1.149423168535932371e-05
1.153272804833429915e-05
1.156235455356862871e-05
1.159368054851999079e-05
1.162122015661995068e-05
1.165877272169334106e-05
1.168558324913358312e-05
1.169249933237008477e-05
1.172021769045642841e-05
1.176409005058837604e-05
1.177605818207294301e-05
1.181639305841514109e-05
1.182660199699510492e-05
1.184219141823584011e-05
1.187554166633002882e-05
1.189027526778415395e-05
1.192812305022415769e-05
1.196310489890008479e-05
1.198919919106476546e-05
1.202964209975392404e-05
1.206174813847702184e-05
1.207099585939686335e-05
1.210295719680672958e-05
1.212333692175812586e-05
1.216000840544272415e-05
1.218953959644266703e-05
1.219406674272053251e-05
1.222419600338886330e-05
1.223248493059867818e-05
1.226308816545077114e-05
1.232178711986351440e-05
1.232437273667311622e-05
1.235664863565004010e-05
1.241363037034410532e-05
1.242177503649854145e-05
1.245455543847571199e-05
1.248299510140314414e-05
1.250658465103983781e-05
1.251482474519427918e-05
1.254826360834815840e-05
1.257729697964711030e-05
1.260771548345455002e-05
1.263723373149406878e-05
1.265289316266304128e-05
1.269212833990073694e-05
1.273189633615643795e-05
1.274116090125543763e-05
1.279200479626268664e-05
1.285640400531982977e-05
1.287283139559206362e-05
1.291778776403084501e-05
1.293396952970525749e-05
1.295433444777563307e-05
1.297651410460346492e-05
1.299603146317310988e-05
1.303373905099764835e-05
1.305460224422753804e-05
1.306877159586203698e-05
1.312620652715726295e-05
1.313860385850752446e-05
1.315766911440232097e-05
1.317402298077626284e-05
1.319106813064674355e-05
1.322113558140256653e-05
1.326217749145295810e-05
1.330883207848248443e-05
1.332047587734755397e-05
1.334314317491776561e-05
1.336220583120666103e-05
1.338796355797774815e-05
1.341801954518912231e-05
1.345641205937223566e-05
1.347100893479910684e-05
1.351591250904030946e-05
1.353079527587913636e-05
1.355175270529455683e-05
1.358729711381111401e-05
1.360318415715891658e-05
1.365818838658557077e-05
1.367525308642910311e-05
1.371205518754495531e-05
1.374542964448553802e-05
1.375306828102744060e-05
1.379413900855323940e-05
1.382644579680241801e-05
1.384926999550315558e-05
1.388125545640035665e-05
1.388300153983747383e-05
1.392027097809145575e-05
1.394586150985657963e-05
1.397024380418364581e-05
1.399401224157907832e-05
1.403127785539154061e-05
1.409015382754589295e-05
1.410105418933634336e-05
1.411540435022447421e-05
1.416545847635992874e-05
1.418260533737247993e-05
1.421234992431081589e-05
1.423063283895230863e-05
1.425870026580133379e-05
1.427476458667753591e-05
1.429408065005324616e-05
1.432508149216930628e-05
1.435639170900234267e-05
1.437743754350714584e-05
1.440597509381072401e-05
1.446664879211020372e-05
1.450199475120529573e-05
1.453868977127226739e-05
1.456587421134006795e-05
1.458281009823031880e-05
1.462200112478798309e-05
1.463059183815404859e-05
1.466966997863720474e-05
1.469580491536817739e-05
1.473566493361055825e-05
1.478817085027155205e-05
1.483345015929891929e-05
1.484083554924431094e-05
1.485864440708226995e-05
1.488953321619020857e-05
1.490672264941633981e-05
1.494881028436216118e-05
1.497754498260136044e-05
1.500247256661544879e-05
1.502310316899959359e-05
1.504842176996212299e-05
1.507309411295582964e-05
1.509566730978160394e-05
1.513501382319226864e-05
1.516015547266523974e-05
1.519325926304713061e-05
1.523978030426156451e-05
1.526633571402213256e-05
1.529431921932290398e-05
1.532680155561939980e-05
1.535106929055132661e-05
1.537496771091204626e-05
1.539423223570720906e-05
1.543540820973310964e-05
1.545576025223072386e-05
1.547898254617819408e-05
1.548534767468717129e-05
1.555938146319832752e-05
1.558566494372255141e-05
1.562685633867930777e-05
1.563354613491021162e-05
1.566371243439041829e-05
1.568586722924708338e-05
1.574766231994619532e-05
1.579123245391275549e-05
1.580279668130844689e-05
1.585400980899937792e-05
1.586657571988034544e-05
1.594405919642806859e-05
1.595712962361845567e-05
1.598791119848170681e-05
1.600536346822828993e-05
1.606363145116043872e-05
1.611177549792190642e-05
1.613986981942833285e-05
1.616139931200459771e-05
1.619249628929375268e-05
1.622212929488018988e-05
1.624309713498544951e-05
1.627070116960840283e-05
1.630060799491850329e-05
1.631338786708614038e-05
1.634738333659414118e-05
1.637223851841504603e-05
1.642816065727234270e-05
1.645070563559279358e-05
1.648372389758891746e-05
1.650576039256938731e-05
1.652177712060242672e-05
1.654527725141243259e-05
1.662147355719520946e-05
1.664213956937258708e-05
1.665419879706450020e-05
1.666091693040090685e-05
1.671122658717839548e-05
1.674234564548363302e-05
1.675046475977498065e-05
1.681516246423025803e-05
1.686272903207150969e-05
1.688424896225023598e-05
1.691064927361805352e-05
1.694758269527788501e-05
1.698365479121039507e-05
1.700558885359916949e-05
1.703153087315019840e-05
1.707368503635932751e-05
1.710720688461823946e-05
1.712972356430601014e-05
1.716090061071945939e-05
1.718728283425600888e-05
1.721598257011020246e-05
1.727115552495872688e-05
1.729543397132546492e-05
1.731096759395316068e-05
1.733789312610751167e-05
1.735572818657462300e-05
1.737025568655575094e-05
1.741321802084599971e-05
1.742164971577528186e-05
1.746728478113328677e-05
1.750320576758949918e-05
1.751664368524706776e-05
1.755308023556738936e-05
1.762562998508331765e-05
1.764637515599651215e-05
1.768052736595720866e-05
1.772878556606317504e-05
1.775060320516069784e-05
1.777641132022252503e-05
1.779274325153443396e-05
1.788111881575094633e-05
1.791118005933256833e-05
1.794364420863079718e-05
1.797247212704745553e-05
1.799480887655961569e-05
1.805624055730217103e-05
1.808472840714071088e-05
1.811657808377596489e-05
1.814467910951946797e-05
1.815918033242735940e-05
1.817790428465871543e-05
1.821068538717866595e-05
1.823660411631712757e-05
1.827830402719846689e-05
1.830255167567884189e-05
1.834206719869028857e-05
1.838610476784075819e-05
1.840129658960260435e-05
1.844024341748411270e-05
1.847091073447859629e-05
1.852385087120148117e-05
1.855298250252471607e-05
1.860643012018999484e-05
1.864918749794217419e-05
1.867763965278888071e-05
1.871691777497831775e-05
1.872894916803896013e-05
1.876683236075534598e-05
1.880209877571122334e-05
1.888483902463290314e-05
1.889825655932129446e-05
1.892498894217690874e-05
1.896654811942412398e-05
1.899088654403293099e-05
1.901191813465066526e-05
1.903849229414403130e-05
1.908047913323697537e-05
1.910912554907143702e-05
1.912778844716004367e-05
1.916184655341204835e-05
1.922721939646080791e-05
1.925360644093130960e-05
1.926909079135824161e-05
1.932697713056778105e-05
1.934503859434783947e-05
1.939072871921664837e-05
1.943912094064846141e-05
1.945873560500448676e-05
1.950851119222222970e-05
1.952445780549727202e-05
1.960054335582786929e-05
1.961344418459372890e-05
1.964891521588864245e-05
1.968793567961945758e-05
1.970416860602111907e-05
1.971990417630156467e-05
1.977182888114937701e-05
1.979025128740142169e-05
1.981976313828746802e-05
1.985241455222595380e-05
1.990350100343236673e-05
1.993135743829953230e-05
1.996459816671687336e-05
1.999628440816089101e-05
2.002168935523889433e-05
2.005833016572271385e-05
2.010880170625523020e-05
2.012123698787340295e-05
2.013968364717105760e-05
2.021874005220728853e-05
2.024426552142067135e-05
2.032263622857427283e-05
2.035103163441140118e-05
2.036448528264272456e-05
2.040878479021037190e-05
2.044984779940082248e-05
2.047286304608202169e-05
2.049655765530043137e-05
2.052838115946332680e-05
2.057570395478886544e-05
2.059062876096653827e-05
2.064128312087153234e-05
2.068257341917542329e-05
2.071772407914940694e-05
2.074184931515886488e-05
2.078413334753676111e-05
2.080543291863549163e-05
2.087091714368105724e-05
2.090060592197583197e-05
2.091781910753648423e-05
2.092790446786204088e-05
2.094709558460366579e-05
2.101753747434847373e-05
2.105151633075531760e-05
2.110917597746318964e-05
2.112406781490571903e-05
2.113043064202438961e-05
2.116465746521123325e-05
2.122347627229569038e-05
2.124412024101363688e-05
2.126927083001115720e-05
2.128785132751501559e-05
2.133583518391266802e-05
2.136546643316459326e-05
2.139927588336943608e-05
2.143400180090029847e-05
2.146951572794077154e-05
2.153611268761257625e-05
2.154217497185133347e-05
2.159561193520145086e-05
2.163511693617586288e-05
2.165882921444667132e-05
2.168909784539315301e-05
2.177194906550685295e-05
2.179057721294649677e-05
2.180694995255207352e-05
2.185697506113782769e-05
2.187675909847184731e-05
2.192486087270522976e-05
2.195710069461665311e-05
2.201062868779697944e-05
2.203504689506601807e-05
2.206205201519930025e-05
2.210745457872174139e-05
2.215135708763713742e-05
2.219135135162737959e-05
2.221374103338827281e-05
2.225732819837958291e-05
2.228550582667060962e-05
2.233879021706454887e-05
2.236083580565949099e-05
2.242038987609235010e-05
2.242238059566374926e-05
2.250336279241107706e-05
2.252488747219828574e-05
2.253590752518367461e-05
2.258172763786309557e-05
2.260552692439518033e-05
2.265625275282600107e-05
2.268822268119117142e-05
2.274843013389701943e-05
2.280999890431954866e-05
2.283887664790690936e-05
2.285785676237202767e-05
2.292081369692296577e-05
2.295171767907452901e-05
2.298283258969343194e-05
2.304138009631607708e-05
2.306415300617416540e-05
2.307234527853582656e-05
2.309331331028545163e-05
2.316166341804312727e-05
2.321932622966284049e-05
2.327619745070947806e-05
2.329174253382933942e-05
2.333002990393774338e-05
2.338474183537713903e-05
2.341018517722241374e-05
2.342274573257035100e-05
2.345131925565270613e-05
2.346668944100577958e-05
2.350604584174934684e-05
2.352499183114286119e-05
2.360212425087181398e-05
2.362129251964998849e-05
2.370000594866951524e-05
2.373137273462776650e-05
2.375982768631441501e-05
2.378924450553381286e-05
2.384963831778697861e-05
2.387522831502614031e-05
2.393678816379101319e-05
2.396029792026731093e-05
2.398541273821573101e-05
2.405880528641669093e-05
2.409684005411010335e-05
2.414078904810927005e-05
2.418321858220573312e-05
2.420248362424711491e-05
2.422676790562971374e-05
2.425634203730337002e-05
2.428640194025633074e-05
2.431662753894353116e-05
2.433710623102084097e-05
2.441548273453258351e-05
2.448293793666956198e-05
2.451134849620066042e-05
2.455453793060021292e-05
2.458016773332667043e-05
2.466746539780095805e-05
2.473140575717655014e-05
2.476615059702271614e-05
2.479211039619266463e-05
2.482874796901156012e-05
2.485439731900329974e-05
2.488233000512953937e-05
2.494967692622622525e-05
2.501128093708913192e-05
2.503358719064122917e-05
2.509287310381533726e-05
2.514804787964886808e-05
2.517171128111198841e-05
2.519364796017055261e-05
2.526969008708884677e-05
2.527920178565381558e-05
2.528616531724347085e-05
2.537690827331982516e-05
2.539620303627716829e-05
2.543270599208038868e-05
2.545508752075052039e-05
2.551137506529346969e-05
2.552182562823037640e-05
2.558153284630883555e-05
2.562652496192839428e-05
2.564031221074907020e-05
2.568061564759564536e-05
2.571927183964301192e-05
2.575035694944253361e-05
2.581053148693838515e-05
2.585259195449204892e-05
2.588016837005607636e-05
2.589912196351476826e-05
2.593281580366505127e-05
2.597353232062596067e-05
2.602219086876355274e-05
2.606640401189406979e-05
2.613445922047376175e-05
2.616514306874447458e-05
2.618413049460057392e-05
2.624614625726541241e-05
2.628290914529718574e-05
2.630639521572744919e-05
2.634352677720846445e-05
2.639276567197198942e-05
2.643911808693260234e-05
2.647236343881847242e-05
2.653585662550098442e-05
2.659417766675220373e-05
2.664793607028785911e-05
2.669223134162935997e-05
2.672954350348735099e-05
2.673317444468268416e-05
2.681797290955775808e-05
2.685236964444073091e-05
2.689939365731358904e-05
2.692087106415661904e-05
2.694847038405588440e-05
2.698554439885836003e-05
2.706016392361110994e-05
2.710249123577745066e-05
2.717045898228185764e-05
2.718030027908163650e-05
2.721544669559146872e-05
2.728469323097346792e-05
2.731412526776845815e-05
2.736028370614804059e-05
2.739398553947027773e-05
2.745207703564177902e-05
2.747716881561152916e-05
2.751627361191221930e-05
2.755590450616791489e-05
2.758585831802988863e-05
2.760068773368292978e-05
2.766000986613823353e-05
2.768584599220804324e-05
2.772756555802979785e-05
2.775463274235952712e-05
2.779227309638492024e-05
2.782850968117716150e-05
2.784305381992833599e-05
2.791691532952654821e-05
2.797025273176329045e-05
2.800421379622149823e-05
2.809460412253768957e-05
2.813296737945888452e-05
2.817522858375380010e-05
2.820130259305201467e-05
2.824644654161320912e-05
2.830671067406008676e-05
2.835956029500839832e-05
2.836622225467969315e-05
2.840734915790563939e-05
2.843164860255785139e-05
2.851470997328232497e-05
2.857458064817395269e-05
2.859685102299887901e-05
2.862596065260154248e-05
2.865728731544752973e-05
2.872569706419890074e-05
2.875823069251711293e-05
2.880386665008263948e-05
2.886683607054605513e-05
2.887317653598965982e-05
2.888831359891509419e-05
2.894204204831714449e-05
2.899648123650849614e-05
2.909119037060533701e-05
2.913327089457085097e-05
2.916789068196213143e-05
2.918639699408715513e-05
2.926294548909485241e-05
2.928863020461208223e-05
2.933782826845187194e-05
2.934794444213395054e-05
2.939211156038474247e-05
2.943513198492737361e-05
2.947918691140231717e-05
2.949402790472930089e-05
2.964989278108077692e-05
2.966884525380437569e-05
2.969030994949352600e-05
2.971319862774574619e-05
2.980961549081861253e-05
2.987051326623078363e-05
2.988081577586747313e-05
2.995100508969805698e-05
2.998416130538054112e-05
3.001677671089211111e-05
3.006106407291107220e-05
3.010273116104165164e-05
3.016691991901379637e-05
3.019916959623116957e-05
3.022466540255712081e-05
3.024506873150710135e-05
3.026255799233822007e-05
3.032020387124015925e-05
3.037344670614951003e-05
3.041807585424284864e-05
3.042300720408902000e-05
3.050450775167710011e-05
3.056976834390648872e-05
3.062163809195074814e-05
3.065721088910223027e-05
3.070479730362212070e-05
3.076989231790077203e-05
3.080220727843407556e-05
3.082643376231606317e-05
3.089825990261786128e-05
3.095334575067640060e-05
3.099021116077414832e-05
3.103265069832733661e-05
3.104760711369269563e-05
3.109851440876960167e-05
3.120991538532180834e-05
3.127749708988895758e-05
3.128805918935190195e-05
3.136216001349672455e-05
3.137279672400467234e-05
3.144813490642250073e-05
3.147612213544820028e-05
3.150166385445586533e-05
3.161870118072854555e-05
3.163733776548459007e-05
3.163828361246697119e-05
3.171054576913206281e-05
3.173790707937770617e-05
3.176069487673939486e-05
3.180149616211209697e-05
3.190893488004550925e-05
3.191454030807535297e-05
3.197224034500366298e-05
3.203596625001851504e-05
3.208488385069919915e-05
3.211585251948291856e-05
3.218972558999950805e-05
3.227063480854489702e-05
3.231205635436834079e-05
3.232480701655367846e-05
3.233588597955607875e-05
3.235729674670768675e-05
3.247090886398125962e-05
3.250254356495495695e-05
3.255466530137885540e-05
3.258273698046918561e-05
3.260662469137205538e-05
3.265504748306067412e-05
3.269541790450253207e-05
3.275523743701181143e-05
3.282269696537218025e-05
3.286211797300092060e-05
3.297832332926078035e-05
3.300602386943579474e-05
3.302158558894785077e-05
3.307220391342649297e-05
3.310593417512724393e-05
3.316532168961550255e-05
3.324163018349330886e-05
3.331176077044804899e-05
3.331926312839457899e-05
3.344941526825464964e-05
3.345596686289248030e-05
3.353077815309829892e-05
3.353657259946626060e-05
3.364942018736277122e-05
3.366489135093381267e-05
3.375149579643534943e-05
3.376037815373630647e-05
3.379385811688437379e-05
3.384752443434870000e-05
3.388687093659807593e-05
3.394896695419175292e-05
3.398964132695601474e-05
3.405419828721661875e-05
3.408325431704857273e-05
3.418179919130481283e-05
3.421669645558624853e-05
3.430603733384813712e-05
3.432782638101298850e-05
3.442106039799040264e-05
3.445955753038037312e-05
3.451765732443771409e-05
3.455343747935860614e-05
3.461970057162399602e-05
3.466624159640940568e-05
3.473422979188756137e-05
3.479364296176570799e-05
3.481422195210311560e-05
3.488014131589907131e-05
3.491217821951429464e-05
3.493926701048258407e-05
3.499243984958939495e-05
3.504249365666819738e-05
3.506815557968114054e-05
3.520125935103273276e-05
3.522450127791919836e-05
3.525805605663289398e-05
3.529947744968029832e-05
3.539019243138081221e-05
3.543795073828227713e-05
3.547218009053128214e-05
3.555811746060318182e-05
3.562492243169039432e-05
3.567614831686130377e-05
3.570698233772646231e-05
3.576124481495876343e-05
3.584428928036658579e-05
3.587937510842296063e-05
3.589238464908486945e-05
3.594916752895431603e-05
3.599755048266736502e-05
3.603227474544382655e-05
3.615709964238845607e-05
3.621215517841134477e-05
3.624866382051005820e-05
3.629645212028826274e-05
3.637312490140435611e-05
3.640864233030840965e-05
3.643204880877813141e-05
3.648225178317586584e-05
3.649605509484130469e-05
3.658102973595634685e-05
3.659331241432096904e-05
3.670815633481447354e-05
3.674745097785819901e-05
3.681313565966813178e-05
3.686992523267164888e-05
3.694087688394763751e-05
3.699223199028375505e-05
3.702721357404987378e-05
3.708806996014757363e-05
3.713624916010044785e-05
3.716725307844699806e-05
3.720227091274722612e-05
3.726961251052713275e-05
3.729611669931964476e-05
3.738514782069864969e-05
3.743325327602710324e-05
3.746145308782486709e-05
3.756266310293155639e-05
3.756481305011153180e-05
3.761003365300246391e-05
3.774219285898247205e-05
3.777357661340344697e-05
3.780309211301241865e-05
3.786082679519860297e-05
3.788857946179794231e-05
3.794163099157423890e-05
3.808647778275443487e-05
3.811163239974485684e-05
3.818372663248183560e-05
3.824318146436648884e-05
3.832344440090302504e-05
3.834948372836177076e-05
3.840405650158567767e-05
3.845289981918741980e-05
3.846673358523196236e-05
3.855213779809392563e-05
3.858635696161230024e-05
3.863459445668498412e-05
3.870253182610566573e-05
3.872701227460500833e-05
3.876168731145115818e-05
3.882080012789434435e-05
3.886337074189914591e-05
3.892331475621443258e-05
3.899414521419788449e-05
3.907789163286248536e-05
3.913122437590814114e-05
3.918271054469645021e-05
3.919524653622865381e-05
3.931825694345739472e-05
3.936196724386422443e-05
3.940530441885638083e-05
3.942669479877303847e-05
3.947583777496206501e-05
3.952423214140107576e-05
3.966900756935574181e-05
3.972404418111046535e-05
3.975425188108864464e-05
3.982426210566891896e-05
3.987268139122676787e-05
3.990942119054060211e-05
4.000637213691992869e-05
4.003149777945272473e-05
4.007692734867564053e-05
4.010199428813723073e-05
4.016084791050616618e-05
4.021204692946175495e-05
4.026418087011863215e-05
4.034413971745256513e-05
4.043381838162266614e-05
4.046112081783530072e-05
4.051635278141776963e-05
4.057604092589128287e-05
4.068192161729515375e-05
4.071508389895026579e-05
4.074763278958042718e-05
4.080106293513172680e-05
4.087003766055304798e-05
4.094122159269856316e-05
4.107151369700635333e-05
4.115467374436212572e-05
4.119840691639753736e-05
4.126154667928892466e-05
4.129439895938922167e-05
4.137086321397620212e-05
4.140286711861424456e-05
4.143498787973495470e-05
4.146843402894929975e-05
4.158159563466288985e-05
4.162053621839379553e-05
4.172894928873327773e-05
4.177187714977306646e-05
4.183591581284253492e-05
4.186669097767312515e-05
4.188867649167472661e-05
4.193070394486062761e-05
4.200161897529180479e-05
4.210923281911794732e-05
4.216287341569422797e-05
4.226469799860565156e-05
4.233708194381037777e-05
4.235785916675720352e-05
4.244218504802748363e-05
4.250891852461220532e-05
4.255020363262634962e-05
4.263175750630771314e-05
4.267618022531538714e-05
4.276452009860293087e-05
4.280141011245029215e-05
4.287278026404289642e-05
4.296360971834264989e-05
4.303873563059993647e-05
4.304875924369995911e-05
4.308058557055211094e-05
4.318506283430306898e-05
4.323763711273165093e-05
4.332228420454701146e-05
4.335461065273995445e-05
4.345182522321810266e-05
4.349009698334019416e-05
4.356070879630101315e-05
4.362597172545208712e-05
4.372669805177073894e-05
4.374741633800661148e-05
4.380892930076981821e-05
4.388493611329228542e-05
4.395493818807757292e-05
4.401650484934903899e-05
4.403426833209859152e-05
4.419028640515855011e-05
4.424213368649102999e-05
4.429277610578838241e-05
4.438561268677901318e-05
4.444077799724769479e-05
4.446372797710387522e-05
4.452538257650904489e-05
4.457816538120949247e-05
4.464155273249452124e-05
4.476576362101090229e-05
4.482782826998705047e-05
4.485139199090258189e-05
4.489605471483287580e-05
4.498553133145235042e-05
4.509820998956610787e-05
4.518696215058736279e-05
4.526137319768927655e-05
4.535968464854012898e-05
4.538863476696004362e-05
4.542108969167314676e-05
4.543276654618775266e-05
4.552628463834581580e-05
4.558487251251774360e-05
4.564167377861923442e-05
4.575037145009300878e-05
4.581841656608763499e-05
4.589155707537377084e-05
4.592315844014070085e-05
4.595688336948209441e-05
4.607775059575681969e-05
4.614480569295181919e-05
4.620165795160875049e-05
4.626279076981108080e-05
4.635561216138849424e-05
4.641564422955383350e-05
4.646518810603080923e-05
4.648958868799374638e-05
4.663447630180190807e-05
4.668463932335510907e-05
4.671724050308188669e-05
4.678494640764478967e-05
4.684103858865756599e-05
4.688401796424373363e-05
4.689932915055439335e-05
4.700955461657877442e-05
4.713514594554022119e-05
4.720847870200038161e-05
4.724724530429956140e-05
4.734962494848006108e-05
4.740666011620663052e-05
4.748333139703656149e-05
4.753889892296049379e-05
4.759853956848632695e-05
4.769733932554142780e-05
4.778883981632967557e-05
4.783762907923818074e-05
4.787432438686726452e-05
4.796459655768588317e-05
4.801014393589443576e-05
4.812135971476896016e-05
4.823079098726150654e-05
4.831029940152229535e-05
4.831595419080446152e-05
4.839316597118904480e-05
4.845723887231458843e-05
4.849019859408668293e-05
4.861600044285920626e-05
4.864465963547070013e-05
4.876209160050619731e-05
4.881781263559105850e-05
4.888665169345285670e-05
4.891548556976675621e-05
4.903483239949410532e-05
4.909549644637235685e-05
4.914171959370777754e-05
4.922519025296330335e-05
4.931126525529746596e-05
4.931661526758545581e-05
4.938212542493307638e-05
4.952105067419877374e-05
4.956822307495417634e-05
4.957654766274166873e-05
4.963883061335965592e-05
4.974123471596940860e-05
4.976706285196031001e-05
4.985714254497280133e-05
4.993127774495140068e-05
5.002688890073800831e-05
5.005776178935746458e-05
5.012728894073110590e-05
5.016251867255568873e-05
5.025123206312989932e-05
5.034749123562385839e-05
5.040090397777434824e-05
5.049258866711461000e-05
5.057738416283769057e-05
5.065846162093094225e-05
5.068689225558549921e-05
5.079240900331468696e-05
5.086026682661899776e-05
5.098645635969316120e-05
5.106535317200223598e-05
5.109761976584553260e-05
5.114580714143887607e-05
5.131055545872563413e-05
5.147478205684275610e-05
5.152132523534493910e-05
5.153998445326738858e-05
5.168322537095915175e-05
5.170073778344246956e-05
5.179941359287854947e-05
5.184297161568753991e-05
5.187092028809517678e-05
5.199442105033172997e-05
5.204493916616953486e-05
5.216594450466393261e-05
5.225532622331233412e-05
5.237767197823669634e-05
5.240823284046790487e-05
5.243082739013240479e-05
5.247439602986460225e-05
5.258309660274638586e-05
5.266283935901958357e-05
5.274368832045457498e-05
5.278334373423839191e-05
5.283538793296182763e-05
5.294109809580327007e-05
5.301614980150057212e-05
5.313302871911333117e-05
5.313364671463920543e-05
5.331579426203257528e-05
5.335505465298242986e-05
5.340994732183614523e-05
5.349515218807419719e-05
5.361686703164498282e-05
5.365361510330181240e-05
5.376072557693801671e-05
5.388631603552421266e-05
5.392142654047401683e-05
5.406482361361926355e-05
5.413588187212195393e-05
5.417198012671398864e-05
5.421330373054175254e-05
5.427906787087883206e-05
5.441625725076595915e-05
5.443439602214959056e-05
5.456497707381694330e-05
5.464407758904623859e-05
5.475180003525091578e-05
5.484316749879322006e-05
5.494991092132776005e-05
5.498402108572820953e-05
5.511513497715209869e-05
5.515047030104164657e-05
5.526129959802183843e-05
5.530386524236702777e-05
5.543275016418276665e-05
5.546399991613612464e-05
5.552074612165538932e-05
5.563415134985609924e-05
5.574733130226559662e-05
5.581080270644700264e-05
5.588139719348634882e-05
5.592979213274548478e-05
5.600903175469908852e-05
5.621236182025527188e-05
5.630357882014222677e-05
5.634412895157671965e-05
5.642334988336573405e-05
5.653770210962315778e-05
5.656547674259927374e-05
5.674423758563369317e-05
5.680765695464914174e-05
5.686655131076718747e-05
5.702275726592483638e-05
5.711448528010885142e-05
5.715662368609137180e-05
5.726946732653765982e-05
5.733179715780574546e-05
5.745515364192579932e-05
5.754329050564612423e-05
5.762825831810956280e-05
5.773988902064062335e-05
5.784488472223015259e-05
5.796500648118352149e-05
5.809407506512715878e-05
5.816749275569691678e-05
5.828637515763469135e-05
5.831326940246567682e-05
5.839418699599632784e-05
5.851478428958063613e-05
5.864284179266766812e-05
5.870699781870159656e-05
5.876551431481285610e-05
5.882300340736450124e-05
5.896901788477489618e-05
5.907986313408467391e-05
5.917328382577506126e-05
5.923862527537470800e-05
5.926274368227455131e-05
5.931736176889153777e-05
5.945524355499646883e-05
5.947792926479524668e-05
5.958336679713105465e-05
5.970279945262204794e-05
5.980622233284546953e-05
5.984916383613250225e-05
5.993922276353679359e-05
6.000158555560309356e-05
6.009881031339389158e-05
6.014839124745975771e-05
6.032518124355880579e-05
6.044867796951895283e-05
6.050065694613242879e-05
6.061927890521952045e-05
6.075171491100253703e-05
6.081852000076431704e-05
6.090914957702623674e-05
6.098304899439518581e-05
6.109466584709507945e-05
6.118014956272064099e-05
6.125551318975827597e-05
6.136193626812438777e-05
6.147331717793277526e-05
6.149106518556247145e-05
6.158848753008575386e-05
6.169631859384420471e-05
6.181407756147194916e-05
6.189293106193015977e-05
6.191958923385956846e-05
6.205393320700294899e-05
6.220524496269757881e-05
6.227953473936658792e-05
6.240874911723492155e-05
6.254440980881630638e-05
6.267609143719033305e-05
6.273850353690843952e-05
6.281421165119151239e-05
6.302442985293544404e-05
6.309747856300818708e-05
6.314192474500790160e-05
6.323509891511454339e-05
6.326171857032255067e-05
6.336625986110632305e-05
6.355794530845617523e-05
6.367767932530497301e-05
6.371469375840764862e-05
6.378511419347680453e-05
6.392599420907235067e-05
6.396410451633181371e-05
6.412655561312438602e-05
6.424483595134108482e-05
6.426134624808387495e-05
6.442756744540994020e-05
6.458890504239909601e-05
6.463701412715015836e-05
6.471570818528841280e-05
6.476043133698071018e-05
6.489924603335113908e-05
6.501176965642215010e-05
6.516810512623686822e-05
6.517987967382963600e-05
6.535718577133800100e-05
6.549906883193460890e-05
6.557339200364825508e-05
6.560567930468779721e-05
6.566787006011048575e-05
6.578477513853421619e-05
6.600772454468742400e-05
6.606699332820938726e-05
6.611740804080709307e-05
6.634353526924692036e-05
6.640133014247905910e-05
6.649448649037542701e-05
6.660439267811002744e-05
6.670312611299662059e-05
6.681100984940087101e-05
6.691210390674351925e-05
6.699918126821598652e-05
6.711570566154092990e-05
6.738502867811014510e-05
6.749473006645650909e-05
6.753329776273045274e-05
6.759520741555111677e-05
6.762391232679038067e-05
6.784516300810717357e-05
6.794189255696577476e-05
6.805089684522075584e-05
6.824603987608013648e-05
6.842423258414345353e-05
6.857891623955184631e-05
6.863142752049315590e-05
6.864990025075463909e-05
6.882999350575924353e-05
6.888746910866320311e-05
6.900753893403951109e-05
6.918171776175006027e-05
6.920458057761508729e-05
6.927287188663812021e-05
6.944335211729990955e-05
6.960240015305923600e-05
6.968892752658759993e-05
6.975788164012133104e-05
6.981377408664270320e-05
6.990874617412037135e-05
7.003550573029291920e-05
7.012171772996590225e-05
7.023090081108544368e-05
7.042531042925400254e-05
7.060175345092895038e-05
7.069068058840642177e-05
7.074907053907734250e-05
7.079346052772482597e-05
7.095755362540301359e-05
7.113384194663872147e-05
7.124639655985700269e-05
7.147667651512303326e-05
7.157997016615087976e-05
7.165967292989182207e-05
7.174931356343893364e-05
7.176353893155384077e-05
7.196664251729869232e-05
7.208790676632272965e-05
7.218833984391853046e-05
7.223432578003520488e-05
7.233994088802787599e-05
7.241270644648617266e-05
7.245812536733473497e-05
7.274225677218812273e-05
7.286006589392030172e-05
7.303776560132606852e-05
7.310657938936385267e-05
7.316190494851254188e-05
7.322875927979825264e-05
7.334187786738973109e-05
7.354685724833816903e-05
7.365033110725752565e-05
7.382749315542378821e-05
7.388076319968296690e-05
7.409155676692688001e-05
7.430392560545877149e-05
7.441760602886999339e-05
7.451915880715473243e-05
7.467287475028967900e-05
7.478184144197081600e-05
7.489439698435949345e-05
7.496608147196200307e-05
7.510729445810985681e-05
7.528319911231157646e-05
7.540905605632955010e-05
7.552582768637047036e-05
7.559447539815102946e-05
7.567054502820758262e-05
7.581123019063033374e-05
7.589447329429355681e-05
7.596724943954468910e-05
7.620414818037246337e-05
7.630864042093105050e-05
7.645087376305004690e-05
7.648716818908665553e-05
7.680323445148069361e-05
7.686180684253414485e-05
7.694006133945173887e-05
7.701303224200388290e-05
7.727629815981986914e-05
7.736534398232911371e-05
7.745687630577880725e-05
7.761832847250797003e-05
7.788103979296989905e-05
7.796825171238201311e-05
7.800340213780935833e-05
7.808565997078706768e-05
7.820584987256618957e-05
7.837212735433688913e-05
7.844179337958166666e-05
7.866646055948710867e-05
7.889594469349020577e-05
7.913913311285854745e-05
7.925262311293235196e-05
7.928263540615555207e-05
7.943800540817609818e-05
7.950905101220089304e-05
7.971929101775450475e-05
7.984484379499015463e-05
7.995365385299962825e-05
8.022023654371556486e-05
8.027777507769879033e-05
8.038115467487028500e-05
8.067327692405065797e-05
8.070895738450680997e-05
8.083105165917164978e-05
8.097309364853171780e-05
8.114054397063922967e-05
8.120130381526692760e-05
8.125217608762077648e-05
8.149491344206221278e-05
8.165287582329057014e-05
8.169626316971847840e-05
8.201206534788907387e-05
8.216233413342731060e-05
8.240474289497442476e-05
8.257555746378803679e-05
8.270838703277871840e-05
8.281537651155154972e-05
8.300472005574016491e-05
8.316586522289125196e-05
8.336177574872789950e-05
8.344020322374595124e-05
8.351653562908866769e-05
8.362999850386094200e-05
8.378037542962768079e-05
8.394909440899531606e-05
8.431119021418302726e-05
8.440569627576259386e-05
8.456526302174300410e-05
8.489440026798722970e-05
8.506494372328243347e-05
8.516179167435086489e-05
8.520326977198993432e-05
8.546123307973097199e-05
8.560003573807263750e-05
8.576647952967432899e-05
8.578984341574332081e-05
8.600416276594063025e-05
8.614786704068072109e-05
8.637523264412237634e-05
8.658335845324876688e-05
8.671840209764320546e-05
8.686321733211451563e-05
8.692804344129551508e-05
8.713791346007406348e-05
8.735020652714206330e-05
8.756926540896505700e-05
8.765004016750930897e-05
8.786145336476366334e-05
8.794367353041704848e-05
8.823442631826505528e-05
8.840255334533921982e-05
8.865499303179277682e-05
8.870191318709850646e-05
8.887512660208902006e-05
8.893677108827407324e-05
8.915031942980932995e-05
8.934972337829464391e-05
8.959268233180881717e-05
8.975787955446531345e-05
8.994773160755522949e-05
9.037924734959819752e-05
9.066003301351245873e-05
9.080512482741559782e-05
9.108530771793218951e-05
9.126095945380089021e-05
9.149073662963137701e-05
9.165831735154176944e-05
9.181552887605785797e-05
9.195488978844436204e-05
9.216993357342942331e-05
9.236866656747312718e-05
9.252451328029500017e-05
9.269557351815507871e-05
9.297788964755312341e-05
9.301083754847201592e-05
9.325810359834259906e-05
9.336045256244479530e-05
9.352504775990172926e-05
9.368805119016448133e-05
9.380125414079027260e-05
9.412524102015680592e-05
9.448505886315011347e-05
9.466396447685410630e-05
9.475935173588247726e-05
9.507513619296792113e-05
9.522038487189121974e-05
9.558890137553495566e-05
9.600218194085456029e-05
9.631369778401703422e-05
9.631770097842249007e-05
9.637667513437571908e-05
9.701779129369889640e-05
9.709121310977648499e-05
9.718797932767681772e-05
9.751834767733334503e-05
9.760120427128416245e-05
9.784520481011040895e-05
9.800224033825046888e-05
9.814935409522762490e-05
9.830400573401017628e-05
9.880003581279816430e-05
9.901914294616779644e-05
9.927113361417398392e-05
9.960064877410711821e-05
9.962757211395530457e-05
9.998815916206703585e-05
1.001135218682671556e-04
1.002703447682398637e-04
1.005609243931791894e-04
1.006845619294464696e-04
1.008222140948882934e-04
1.014214065364898868e-04
1.014723985738673042e-04
1.017462120850796395e-04
1.018885795768424083e-04
1.020949383633859380e-04
1.022056852108678242e-04
1.025322482745704989e-04
1.029185551068025582e-04
1.035551648843586694e-04
1.039197630490560481e-04
1.040818928524976194e-04
1.044652493213185245e-04
1.046360317078789905e-04
1.047653246719424790e-04
1.049749288030452728e-04
1.055291033290609774e-04
1.058606551625089677e-04
1.060882761512470430e-04
1.062276069345224677e-04
1.069389028215391384e-04
1.073025349351893490e-04
1.078687128096824998e-04
1.081378075097331510e-04
1.082296361687656665e-04
1.085108219206242967e-04
1.087465938664856696e-04
1.090077786519162413e-04
1.093342719009781126e-04
1.094279369676298474e-04
1.098392279611535785e-04
1.099142530048784054e-04
1.104484969445722407e-04
1.108445733148814610e-04
1.113512765307368111e-04
1.122786814136099296e-04
1.125044471562694151e-04
1.128181565006291365e-04
1.131347071893486304e-04
1.131552252204848501e-04
1.138290578602208029e-04
1.140879754705869086e-04
1.144777211503801703e-04
1.151166663617485633e-04
1.152804646457186911e-04
1.155899414223678713e-04
1.159304550148441992e-04
1.162155760006614583e-04
1.166830120745637685e-04
1.172669827225078873e-04
1.180353151287255001e-04
1.186646426089973602e-04
1.190811342429932886e-04
1.194580570027921964e-04
1.197678974772493443e-04
1.201590574002767240e-04
1.203651765380762755e-04
1.206207308263174799e-04
1.209470263499865433e-04
1.216232507818634670e-04
1.223485849361773093e-04
1.228261740133283569e-04
1.232245102055745233e-04
1.232779170034808047e-04
1.244196217802583733e-04
1.248710171602455054e-04
1.256652930682922468e-04
1.266391233537317480e-04
1.269250417223397032e-04
1.275882043713706692e-04
1.280418837049139764e-04
1.285937179278531328e-04
1.289103472417954413e-04
1.298924488020336456e-04
1.309694756065223585e-04
1.317373184748888923e-04
1.318562957408004124e-04
1.321440786908444770e-04
1.328492832928714355e-04
1.334308245929274970e-04
1.344530860842416858e-04
1.351847843189768971e-04
1.359788032479806942e-04
1.369195676098821865e-04
1.377445660054664011e-04
1.382800482289523098e-04
1.388543076088356702e-04
1.405061517647808228e-04
1.421122874187720616e-04
1.424235297457587357e-04
1.430643468380997558e-04
1.450842702444883766e-04
1.482883221560920867e-04
1.495815169863555570e-04
1.513352044594403183e-04
1.527285610784789578e-04
8.346877155692554060e-04
