-1.462565812010703612e-04
-1.453359435687289457e-04
-1.438325792494947659e-04
-1.422698742827475330e-04
-1.410325379114084777e-04
-1.404231140478489986e-04
-1.390289142999958727e-04
-1.383603046749671910e-04
-1.379965234156604621e-04
-1.369119422899519082e-04
-1.356157804274874543e-04
-1.349853030645628755e-04
-1.341327494810780525e-04
-1.332704140314240030e-04
-1.326231970935288151e-04
-1.323799274360908031e-04
-1.318397542370585199e-04
-1.307594954575036776e-04
-1.298060681992937028e-04
-1.296482875766789172e-04
-1.293724443332928639e-04
-1.280371980747992730e-04
-1.279146818245614325e-04
-1.272115359790739072e-04
-1.267695720194686492e-04
-1.257578734323956324e-04
-1.254494858447834560e-04
-1.252209193584265159e-04
-1.247594538519432262e-04
-1.241829172379358304e-04
-1.233013861484014259e-04
-1.229526725162256352e-04
-1.227740310792217163e-04
-1.222019145813650729e-04
-1.214188396357374110e-04
-1.211196698238565947e-04
-1.202275135914442615e-04
-1.201187999743470508e-04
-1.194914748851458401e-04
-1.194001178773450262e-04
-1.189094867713200388e-04
-1.184866756708305820e-04
-1.176007941016617321e-04
-1.171297772070669703e-04
-1.169691280659389141e-04
-1.163984648376300093e-04
-1.161813942063142431e-04
-1.154658687795381307e-04
-1.152071166967221335e-04
-1.149798088692069231e-04
-1.146972573304961890e-04
-1.142801097715450136e-04
-1.136858814368831515e-04
-1.134461545133814574e-04
-1.129159792377164799e-04
-1.121769710311822246e-04
-1.119600998642283289e-04
-1.118486299791561392e-04
-1.115277593356749769e-04
-1.114369539899113815e-04
-1.111656691081189382e-04
-1.103906742085562174e-04
-1.100938646768193129e-04
-1.097758881104945273e-04
-1.093391757737937047e-04
-1.090566398056196383e-04
-1.088257739229817197e-04
-1.081955775216183948e-04
-1.079849366664061819e-04
-1.077759603200604421e-04
-1.075541454140144010e-04
-1.071025932527139003e-04
-1.068151804695884782e-04
-1.064360315167824246e-04
-1.058078782201255267e-04
-1.056260476488038018e-04
-1.054636174511869979e-04
-1.050871980308932976e-04
-1.047277655644357540e-04
-1.045963132632720115e-04
-1.040073734607607927e-04
-1.039647149633338396e-04
-1.035096242066496674e-04
-1.033352743555439790e-04
-1.030538561368850769e-04
-1.028729218362928741e-04
-1.025941531551129821e-04
-1.025074905145573298e-04
-1.017611806649500585e-04
-1.015586387845901029e-04
-1.014373037034636479e-04
-1.009830256530663329e-04
-1.008024437429181985e-04
-1.007573139456668650e-04
-1.002169226789986929e-04
-9.998512406887968070e-05
-9.997898148820994391e-05
-9.978268675026603072e-05
-9.961332297493439105e-05
-9.915553679369628010e-05
-9.894136591792994915e-05
-9.880721196837121822e-05
-9.865688198740262590e-05
-9.838148875648228633e-05
-9.823865192505394260e-05
-9.791896901825634914e-05
-9.768325306017704081e-05
-9.754170889615189669e-05
-9.717909526016455597e-05
-9.703460484492027621e-05
-9.682861616279831655e-05
-9.647498694232502334e-05
-9.609593565135613749e-05
-9.597217877094655486e-05
-9.563908575041323674e-05
-9.547342615215711331e-05
-9.533182955985640818e-05
-9.526256731406601498e-05
-9.495818531111818370e-05
-9.482096075778260645e-05
-9.453994387765605827e-05
-9.417372294690421288e-05
-9.406952734776058954e-05
-9.380545433760558349e-05
-9.365368686466226690e-05
-9.345241288384821727e-05
-9.321593094555579980e-05
-9.315367415335702045e-05
-9.286108205510900889e-05
-9.270447705549001295e-05
-9.250211451470131345e-05
-9.223415206617001122e-05
-9.200651286238712052e-05
-9.188375052314967878e-05
-9.172328741041843819e-05
-9.144372359174392163e-05
-9.128097098818398832e-05
-9.113967933269796024e-05
-9.091649829683433163e-05
-9.078191790441363454e-05
-9.054848749077883813e-05
-9.036734927101343492e-05
-9.035162487756764785e-05
-9.017941865623276042e-05
-8.992519098547311349e-05
-8.971739823907910543e-05
-8.937719678834912004e-05
-8.921225192585403754e-05
-8.910797120914740546e-05
-8.896074135619836992e-05
-8.871791802551239081e-05
-8.849001503360396119e-05
-8.832674438716071115e-05
-8.816981340604607988e-05
-8.788569462460241524e-05
-8.772569788460803130e-05
-8.755265695590272804e-05
-8.747740317273502769e-05
-8.732620982699449449e-05
-8.716986465355447617e-05
-8.708282098320663321e-05
-8.701932073366205639e-05
-8.670514404190574011e-05
-8.645396626939860828e-05
-8.640003164355321503e-05
-8.619846828995372042e-05
-8.595998707337236023e-05
-8.585806253429515572e-05
-8.576834686534210914e-05
-8.551714473806365806e-05
-8.522344386122527454e-05
-8.498534053325566048e-05
-8.490266929990666997e-05
-8.485548475044558091e-05
-8.474042879809931441e-05
-8.452074037042490399e-05
-8.417282145774058132e-05
-8.407245332074837502e-05
-8.397704672684133524e-05
-8.381540336286164917e-05
-8.365620610333963589e-05
-8.349401893454048323e-05
-8.340340329651215357e-05
-8.329639920045441427e-05
-8.311086435303072749e-05
-8.291548148405108987e-05
-8.285958199578785362e-05
-8.273004501183105685e-05
-8.238660855787984991e-05
-8.231437824890790146e-05
-8.218033483242153021e-05
-8.205668342237552372e-05
-8.201599028413267029e-05
-8.161135367767779038e-05
-8.143152509135997378e-05
-8.137969574187327402e-05
-8.114552118937374625e-05
-8.109322927667028560e-05
-8.095015030290551373e-05
-8.077495357089437521e-05
-8.053441169274147375e-05
-8.051243222916165969e-05
-8.024618936413403705e-05
-8.010699320619856813e-05
-7.990267148139080329e-05
-7.971921043748904920e-05
-7.963460225615834559e-05
-7.948615453904646746e-05
-7.946849156068484874e-05
-7.938652770212235768e-05
-7.912194799237397616e-05
-7.890783518021771755e-05
-7.886292552404198652e-05
-7.867033450816266914e-05
-7.854800086076600164e-05
-7.841510459974389247e-05
-7.831266089894194224e-05
-7.827018920095131418e-05
-7.817731505784958096e-05
-7.799373536826589761e-05
-7.785866485969599696e-05
-7.769195238514836415e-05
-7.760003438035563406e-05
-7.751426328343077291e-05
-7.727545612427735367e-05
-7.714800799769613393e-05
-7.696417277869036584e-05
-7.673544719157687636e-05
-7.667152987780595107e-05
-7.652993090085225111e-05
-7.622072595750726881e-05
-7.608935137234454642e-05
-7.606103103731083961e-05
-7.583229675216177220e-05
-7.576942644607316882e-05
-7.571588945912805738e-05
-7.565804872635553745e-05
-7.541423093445323480e-05
-7.530552319025350227e-05
-7.518762879866149247e-05
-7.499792527577837345e-05
-7.489993006031202521e-05
-7.466503865040212407e-05
-7.462940808147854130e-05
-7.455554526868681745e-05
-7.440677567235211959e-05
-7.429036606333191798e-05
-7.425509144853450854e-05
-7.410770689328366858e-05
-7.402345439476078366e-05
-7.388152659987082553e-05
-7.372718213335019790e-05
-7.363929754880133027e-05
-7.354401359869709167e-05
-7.344692011810193715e-05
-7.336953344704297611e-05
-7.315702969787258355e-05
-7.303420802616823727e-05
-7.291696362882762973e-05
-7.278122967292375255e-05
-7.253713054565178993e-05
-7.248167282262430139e-05
-7.226660362943737115e-05
-7.225414664675415067e-05
-7.189643122474519306e-05
-7.183072603354195688e-05
-7.169516807993981528e-05
-7.153666119095665498e-05
-7.137804461813345412e-05
-7.132989695523615325e-05
-7.116281723700615674e-05
-7.105520822560573355e-05
-7.097263760027848034e-05
-7.093018458211361845e-05
-7.084641357431416470e-05
-7.076318314694814160e-05
-7.071516486210876324e-05
-7.046247161503538573e-05
-7.036374603467188192e-05
-7.026177050654726114e-05
-7.016646142443784876e-05
-7.006983581658580615e-05
-6.996983761766486501e-05
-6.982124276979681358e-05
-6.972019990605679931e-05
-6.948897871132214644e-05
-6.944622236537705993e-05
-6.933529853939813083e-05
-6.920858896077628603e-05
-6.918455430931126778e-05
-6.908078404980977306e-05
-6.896611571296112117e-05
-6.879960997551088676e-05
-6.855259143056605131e-05
-6.841025559229970256e-05
-6.839382279541892263e-05
-6.827896506041394625e-05
-6.820576180142911020e-05
-6.811578837171833854e-05
-6.804237961283245747e-05
-6.798438771238405351e-05
-6.789499524593474835e-05
-6.786007589467035392e-05
-6.764559717654200185e-05
-6.749029073385300038e-05
-6.722833513167944769e-05
-6.711060431684527617e-05
-6.707696519163381743e-05
-6.689224572166020525e-05
-6.683999351480650450e-05
-6.678756895544908840e-05
-6.669528067541056386e-05
-6.661852795912146744e-05
-6.637499219588671511e-05
-6.633930868566782313e-05
-6.626448663861505325e-05
-6.617465532632798653e-05
-6.611358138725345298e-05
-6.600952859770659227e-05
-6.585358418732776566e-05
-6.569082746493990009e-05
-6.563893464471726332e-05
-6.551818803614343741e-05
-6.549441490856336456e-05
-6.525121164342845260e-05
-6.520804239058757110e-05
-6.514206198035127880e-05
-6.500852105445190283e-05
-6.490985096613033660e-05
-6.481469955630920869e-05
-6.470720220302670429e-05
-6.461722463322920813e-05
-6.460946713855683133e-05
-6.447251140080308173e-05
-6.440219031168470322e-05
-6.435134928720679097e-05
-6.410896917334063820e-05
-6.405800470375741897e-05
-6.395040607968021306e-05
-6.385107064211361435e-05
-6.373405389949028210e-05
-6.366580292174019780e-05
-6.354286252429236807e-05
-6.347032755297589998e-05
-6.338322011468568737e-05
-6.321799920478663468e-05
-6.317060128716736156e-05
-6.309983841334787611e-05
-6.296464716482790078e-05
-6.289211344569514640e-05
-6.268430790178037768e-05
-6.267782155326539616e-05
-6.255073643898890849e-05
-6.244538279386973841e-05
-6.235603318310286918e-05
-6.230614561830056261e-05
-6.215531433487239807e-05
-6.207143448525971011e-05
-6.186428073182921096e-05
-6.182438608031005217e-05
-6.178107944813849455e-05
-6.164227901713589689e-05
-6.157824673408528323e-05
-6.149444717048445635e-05
-6.139690212364105415e-05
-6.120582607930333144e-05
-6.115983939017168350e-05
-6.105134228483783830e-05
-6.089618735557829799e-05
-6.085438196361747046e-05
-6.070940963153546974e-05
-6.061451982468027541e-05
-6.059758786731753145e-05
-6.051912266892871332e-05
-6.041980007827445063e-05
-6.031730970104686346e-05
-6.018730378473198712e-05
-5.993435857723580800e-05
-5.990189874684515611e-05
-5.982391625942910069e-05
-5.974136366375006323e-05
-5.973789423228856007e-05
-5.966045307453987569e-05
-5.957433059746468286e-05
-5.955290238258243666e-05
-5.939856501498259834e-05
-5.935931809324455330e-05
-5.922540875752295642e-05
-5.913805747561464235e-05
-5.903895408440006630e-05
-5.892955926758961416e-05
-5.883585183661289993e-05
-5.879628941212336691e-05
-5.858818350066082877e-05
-5.857008529246677083e-05
-5.847211708716656676e-05
-5.839473929672650223e-05
-5.832696659136557218e-05
-5.821524542948651871e-05
-5.812178599353006906e-05
-5.804485842244976333e-05
-5.790874162288493136e-05
-5.780542753488038217e-05
-5.775975489132281234e-05
-5.767255875833072782e-05
-5.765015682420696655e-05
-5.751097786314058235e-05
-5.744279076650322539e-05
-5.742199150268087303e-05
-5.720840631015971692e-05
-5.717724884082478866e-05
-5.709921517838959556e-05
-5.707591310907322786e-05
-5.691652276912317844e-05
-5.674962689605286560e-05
-5.670055702479464616e-05
-5.666875301160588285e-05
-5.655296510978525122e-05
-5.650674575396786052e-05
-5.648662390355619289e-05
-5.630847727870447693e-05
-5.624914913336044229e-05
-5.621770010707565965e-05
-5.613847420658557618e-05
-5.605229447041812000e-05
-5.598888907302720149e-05
-5.582812632507020431e-05
-5.577661589559478094e-05
-5.568494324901152211e-05
-5.561263138974889694e-05
-5.554866257931894991e-05
-5.545325003873445384e-05
-5.532154674893115796e-05
-5.521862396186027393e-05
-5.513688473867026064e-05
-5.505125639100618247e-05
-5.494983002825558496e-05
-5.488976205141605212e-05
-5.484898984220449295e-05
-5.475559874311513285e-05
-5.467392479567982394e-05
-5.456521275553006856e-05
-5.455262706898142535e-05
-5.439195610014291977e-05
-5.435404909405780705e-05
-5.409665855539296279e-05
-5.408940951016716705e-05
-5.402950181427493504e-05
-5.394861401984846758e-05
-5.391545074241911205e-05
-5.389634108185589501e-05
-5.378043729535370612e-05
-5.368048584399917448e-05
-5.365033580802661183e-05
-5.358822293861231637e-05
-5.337473425869651550e-05
-5.327586900612676327e-05
-5.316757145079177783e-05
-5.311999068934845247e-05
-5.308386456647489632e-05
-5.302757895867576585e-05
-5.298623346334829413e-05
-5.290782827365033639e-05
-5.282829516928472176e-05
-5.275050496897882392e-05
-5.267130357232036210e-05
-5.262418463594148086e-05
-5.253168125720965737e-05
-5.242400769721967051e-05
-5.234265985918958849e-05
-5.229555402214945285e-05
-5.225876275558551982e-05
-5.222815221997733411e-05
-5.209545138828374736e-05
-5.207434789906786751e-05
-5.190968692315217674e-05
-5.187312646261151738e-05
-5.176949388021067261e-05
-5.165245065668370240e-05
-5.154533601400234342e-05
-5.154352249754101282e-05
-5.152519665906002069e-05
-5.138988975910684527e-05
-5.130739116210048792e-05
-5.127367912885727837e-05
-5.117751793091244723e-05
-5.114047101877738894e-05
-5.110050309146277141e-05
-5.096220534329450334e-05
-5.086433616169354675e-05
-5.083716694052681299e-05
-5.080045422490741711e-05
-5.070833268785440045e-05
-5.049486125651960817e-05
-5.042168400551808250e-05
-5.037002049943855941e-05
-5.032545298686573362e-05
-5.027938142310059378e-05
-5.023727822853840750e-05
-5.013150086266560373e-05
-5.010717750977173332e-05
-4.996380949788764916e-05
-4.986779372248643363e-05
-4.982007857770119738e-05
-4.972481294997101295e-05
-4.960605186393541373e-05
-4.957651408614473514e-05
-4.950661498509507870e-05
-4.949422823902227699e-05
-4.944148298174187722e-05
-4.938765346809173790e-05
-4.929669072546705427e-05
-4.920923324565462512e-05
-4.912656998309929677e-05
-4.903826539633509689e-05
-4.893011213141899184e-05
-4.887727334348588687e-05
-4.878886045245181736e-05
-4.875791663697506465e-05
-4.869457225085961177e-05
-4.860802784145788481e-05
-4.849986103874661373e-05
-4.842834241293852971e-05
-4.842500455185055300e-05
-4.831557731001435594e-05
-4.825693303850567631e-05
-4.818727429262723103e-05
-4.813499039496823618e-05
-4.807245079515946455e-05
-4.799118617730217378e-05
-4.795323436506886236e-05
-4.783878813108599285e-05
-4.778954008279179532e-05
-4.771511951541001953e-05
-4.764253617389671293e-05
-4.756973985685121746e-05
-4.752927282769705110e-05
-4.749088546002026845e-05
-4.735446690313062037e-05
-4.725277817297757443e-05
-4.720755725886625963e-05
-4.716968743298991488e-05
-4.711194483879738723e-05
-4.699325896972382104e-05
-4.692049411253230746e-05
-4.683555929217642284e-05
-4.678148516676124277e-05
-4.672856951005471989e-05
-4.666920494861633598e-05
-4.661383212580467913e-05
-4.658473545575117687e-05
-4.653689218576276488e-05
-4.642809123798667870e-05
-4.634801961988983018e-05
-4.630570443883946612e-05
-4.624118732134854348e-05
-4.612964473149925242e-05
-4.609069238181248847e-05
-4.606462784056244216e-05
-4.599373863545192030e-05
-4.588131640960298278e-05
-4.583752863754668937e-05
-4.580588193994816136e-05
-4.575094323792170249e-05
-4.565190137621441861e-05
-4.560143999747716615e-05
-4.557421168540797993e-05
-4.548244545479606532e-05
-4.543434264791224676e-05
-4.542272923230688408e-05
-4.517157215583267950e-05
-4.510737362944217772e-05
-4.509817560566199094e-05
-4.504579412477416545e-05
-4.497121598891100152e-05
-4.489787894819664241e-05
-4.488398295296434790e-05
-4.478550860897635873e-05
-4.475134155079123612e-05
-4.472101536690288728e-05
-4.460730336181468775e-05
-4.450215367762225851e-05
-4.441525006636404683e-05
-4.439432972593479704e-05
-4.432783825040694409e-05
-4.423577956632127181e-05
-4.418889420919395973e-05
-4.409634641508273508e-05
-4.407619375175402345e-05
-4.405422549682574967e-05
-4.399475459245515716e-05
-4.390652786533918360e-05
-4.384137369495302953e-05
-4.379537739695508699e-05
-4.370888810386696597e-05
-4.366709075098809824e-05
-4.357738555485723931e-05
-4.350419848616192300e-05
-4.344981301779480106e-05
-4.333663859916850639e-05
-4.329596988674112883e-05
-4.318291392319509894e-05
-4.313920086393487502e-05
-4.309044684287054178e-05
-4.307725793618790572e-05
-4.306334900612786211e-05
-4.288315593912154925e-05
-4.287776579154058213e-05
-4.286512329240530780e-05
-4.277510937685757674e-05
-4.271510099631240794e-05
-4.270145474927006317e-05
-4.262650361541835142e-05
-4.254870011254108816e-05
-4.249533007784779114e-05
-4.239010999979313417e-05
-4.236129975441134567e-05
-4.234620876493896778e-05
-4.229946837909509408e-05
-4.217046868971229619e-05
-4.213488097696841192e-05
-4.209947291125698001e-05
-4.203071444531846700e-05
-4.196602560368635758e-05
-4.190752543031589836e-05
-4.187487148408455573e-05
-4.178640954581085495e-05
-4.172436561685444835e-05
-4.169701438537295611e-05
-4.161266016826787846e-05
-4.157195392492984352e-05
-4.148028625679807364e-05
-4.144381952347584461e-05
-4.134731576493288027e-05
-4.122281857672305348e-05
-4.119556934202612153e-05
-4.117778847276317030e-05
-4.105717787047659080e-05
-4.099192593021046261e-05
-4.093374228944368637e-05
-4.091231587799273905e-05
-4.088203353612084680e-05
-4.086542290655581283e-05
-4.079024947357166397e-05
-4.073971037836860072e-05
-4.059524012705567050e-05
-4.056512586170632668e-05
-4.053575936179047251e-05
-4.048624312281540974e-05
-4.042194076679265840e-05
-4.033785700177382373e-05
-4.029440889158802567e-05
-4.023057052558781839e-05
-4.020233506212425123e-05
-4.014488781265987616e-05
-4.008568285316249663e-05
-3.996982203942472662e-05
-3.990296622308068305e-05
-3.989352792399929464e-05
-3.984191084223591796e-05
-3.970721718615742975e-05
-3.967906789370316908e-05
-3.962142945080928378e-05
-3.949813674492419507e-05
-3.948891044680176307e-05
-3.944953029788760067e-05
-3.935140539141888960e-05
-3.930884650586722375e-05
-3.928907498870884201e-05
-3.923556609937427252e-05
-3.920265602062191450e-05
-3.911195563996168711e-05
-3.906015533828933247e-05
-3.894841227651017274e-05
-3.892719131124217275e-05
-3.884495594311918081e-05
-3.882766363985170352e-05
-3.875765900651994238e-05
-3.871862296250638661e-05
-3.865921227604758717e-05
-3.858865790169793399e-05
-3.853783733115348378e-05
-3.851463850221842079e-05
-3.848197124059508304e-05
-3.837156279958140235e-05
-3.833955231258231344e-05
-3.829618952027657520e-05
-3.826044194392101688e-05
-3.823569584468341695e-05
-3.816542114435338400e-05
-3.809681685958199920e-05
-3.807345487101167219e-05
-3.795971093185999940e-05
-3.792036541661071694e-05
-3.786927700170899115e-05
-3.780011045383141504e-05
-3.777818535547314727e-05
-3.764592890777764548e-05
-3.760614455745698654e-05
-3.758424716587058635e-05
-3.749655302310363089e-05
-3.742719817659522348e-05
-3.736434411857960264e-05
-3.729248840594249456e-05
-3.726134002688104248e-05
-3.719866495858075063e-05
-3.715964644425069662e-05
-3.712485256097822136e-05
-3.702829163992535626e-05
-3.701937666927808342e-05
-3.696588416406240192e-05
-3.685475660890283892e-05
-3.678509496119899367e-05
-3.671167205910299067e-05
-3.668752875054609669e-05
-3.666987248134181656e-05
-3.663976878985996505e-05
-3.657906762349516543e-05
-3.655926742698042216e-05
-3.650305607773114886e-05
-3.642642676334855036e-05
-3.639688885241725545e-05
-3.631159113000403482e-05
-3.624293264831255913e-05
-3.617041458725795777e-05
-3.612104969465719794e-05
-3.603437498314621281e-05
-3.601459215705828955e-05
-3.598782393752072230e-05
-3.593167406916140814e-05
-3.579368555093795888e-05
-3.577014251787705509e-05
-3.573152460522939538e-05
-3.569339598651252688e-05
-3.562975115637458936e-05
-3.554219037537739500e-05
-3.553331411235648006e-05
-3.551002221787751863e-05
-3.542761705849234053e-05
-3.540411668906704123e-05
-3.534075574613284004e-05
-3.525619834107643488e-05
-3.522010044511417914e-05
-3.521667941324379392e-05
-3.508062093584062371e-05
-3.505329006172062570e-05
-3.503960096141821014e-05
-3.499673014848702908e-05
-3.494743083186202363e-05
-3.490104290643117162e-05
-3.487552436032929372e-05
-3.484214727894509170e-05
-3.480055770828186510e-05
-3.470865362623771594e-05
-3.468110398705665892e-05
-3.463557991663533193e-05
-3.458977349437826563e-05
-3.451638189441385792e-05
-3.446887280156444363e-05
-3.440761259672934304e-05
-3.432614417609357939e-05
-3.428222555693606556e-05
-3.422441451871293663e-05
-3.418388176115647579e-05
-3.414113815440971669e-05
-3.408484886234117785e-05
-3.404654162396495597e-05
-3.402809964287398947e-05
-3.397025613185066168e-05
-3.388510404320236268e-05
-3.385651394853039716e-05
-3.384108781975905697e-05
-3.381007009863120792e-05
-3.372808347283648488e-05
-3.370163384982222636e-05
-3.364844819218065509e-05
-3.360641760706760915e-05
-3.349124847485388028e-05
-3.345919041471380814e-05
-3.339860683803000223e-05
-3.335459870996448532e-05
-3.332927917459050775e-05
-3.328635578073021399e-05
-3.323854517571000545e-05
-3.323122372531095594e-05
-3.312653237691776537e-05
-3.304968722097508774e-05
-3.300162850653170203e-05
-3.297960868774433614e-05
-3.290067663756117352e-05
-3.283925698715271742e-05
-3.278269002515117939e-05
-3.275888778594302034e-05
-3.267040086111625046e-05
-3.266033043788106659e-05
-3.262177270090241326e-05
-3.259741749267796787e-05
-3.254583217314240814e-05
-3.250536860004781767e-05
-3.245478132745334329e-05
-3.240453237916191053e-05
-3.235895371231648149e-05
-3.227919578108164115e-05
-3.226703137584293794e-05
-3.221327483790315953e-05
-3.215769793833213216e-05
-3.210941952520042747e-05
-3.203393364745645569e-05
-3.201430547727166095e-05
-3.197945433392475713e-05
-3.193501303950509548e-05
-3.190023549548264155e-05
-3.185542252197153136e-05
-3.179747575003481346e-05
-3.175859140932329804e-05
-3.168713202625201533e-05
-3.164906057924928029e-05
-3.162539321848115560e-05
-3.155718500666834716e-05
-3.152263838566411551e-05
-3.142094355422088116e-05
-3.137025048675733249e-05
-3.133823476249216486e-05
-3.124972639378369724e-05
-3.122396167888878032e-05
-3.119259324852451944e-05
-3.114853803866038514e-05
-3.111669085194185459e-05
-3.103560680276910730e-05
-3.098337664758607669e-05
-3.095328913958366102e-05
-3.089409224287766249e-05
-3.085305057677694237e-05
-3.078895652856531589e-05
-3.074157827862893712e-05
-3.071092945269025039e-05
-3.063637486494188598e-05
-3.060851092164005389e-05
-3.054039198242069987e-05
-3.053415997369121127e-05
-3.050547497099018155e-05
-3.046944006189813484e-05
-3.043919039351280568e-05
-3.032999478854496604e-05
-3.031338595889633561e-05
-3.028191218571520092e-05
-3.026366950853214883e-05
-3.022202237864494035e-05
-3.014578731961568169e-05
-3.012528858436162833e-05
-3.007956724099731833e-05
-3.005953722190034876e-05
-3.000103088040896761e-05
-2.996250824453725489e-05
-2.990403690117961189e-05
-2.982443595356418041e-05
-2.978539916519634619e-05
-2.975022726224634280e-05
-2.969216373123847357e-05
-2.967894113707460346e-05
-2.957623115330380666e-05
-2.956813597222722708e-05
-2.951518129472831199e-05
-2.947523849430665511e-05
-2.939354015686078650e-05
-2.938734868917727527e-05
-2.931074179960590820e-05
-2.930207475706675637e-05
-2.924456589994120563e-05
-2.920899984526443560e-05
-2.917978163545114002e-05
-2.913595692623971968e-05
-2.908866242509858979e-05
-2.903709832385742450e-05
-2.896375891457955628e-05
-2.891300345395413234e-05
-2.883546057576785666e-05
-2.881662327823773705e-05
-2.875859271111040117e-05
-2.872553305484685881e-05
-2.864886055871707746e-05
-2.860645325297078687e-05
-2.857050993451528415e-05
-2.850806943906065736e-05
-2.847271330403335714e-05
-2.845504956218842702e-05
-2.845126893227449986e-05
-2.841039594184864773e-05
-2.838302041482643450e-05
-2.833868027973940256e-05
-2.828527672903364735e-05
-2.824236464838611032e-05
-2.819676491670290708e-05
-2.818015040996968415e-05
-2.813970284549558221e-05
-2.809644785753430871e-05
-2.805107069456441916e-05
-2.799494836459608921e-05
-2.795523695732047380e-05
-2.791161010464824019e-05
-2.785977598079389535e-05
-2.780042677817114744e-05
-2.775971859554812705e-05
-2.774513104088506860e-05
-2.770359511648250029e-05
-2.768206587500977606e-05
-2.764588333533607396e-05
-2.756925255117180875e-05
-2.753825337084351467e-05
-2.745496736519159104e-05
-2.742171630218510510e-05
-2.739860945591668682e-05
-2.736773630802515829e-05
-2.730434018244770679e-05
-2.728733271036529895e-05
-2.723271183588241691e-05
-2.714677219691114085e-05
-2.710920560707424085e-05
-2.706913530011863066e-05
-2.706536694812154250e-05
-2.699547087251050626e-05
-2.695496179027914642e-05
-2.691736553828682073e-05
-2.685245610659956782e-05
-2.683910545523371610e-05
-2.679312260153024209e-05
-2.673075765733620937e-05
-2.672436089767596810e-05
-2.668596550925742019e-05
-2.665804467541427867e-05
-2.656022284662393920e-05
-2.653002242823810492e-05
-2.648354151133554884e-05
-2.645599692733563936e-05
-2.643898475612538185e-05
-2.638331268500517161e-05
-2.634393449094905453e-05
-2.631621572074955553e-05
-2.626590612074549712e-05
-2.624768758081868838e-05
-2.619922503559071834e-05
-2.612932935668067826e-05
-2.610000434162246710e-05
-2.601677701242777760e-05
-2.599931828598915108e-05
-2.594747591058517211e-05
-2.591785012666798140e-05
-2.586248563799253841e-05
-2.585153285845138060e-05
-2.583122775439390738e-05
-2.577032866513526407e-05
-2.573650028254582714e-05
-2.572535610144873191e-05
-2.563316030687860808e-05
-2.560160812963665534e-05
-2.556473463107053259e-05
-2.552778708834706195e-05
-2.550656832587954467e-05
-2.545543585146771632e-05
-2.540829019897444419e-05
-2.536270528888192561e-05
-2.533837527777490676e-05
-2.532569988341705546e-05
-2.524856233107149786e-05
-2.518680102209130389e-05
-2.512908151451205530e-05
-2.510877048064932414e-05
-2.502797416431394662e-05
-2.501307848350181137e-05
-2.495899533573043880e-05
-2.493669064753050869e-05
-2.492642929371701442e-05
-2.487541740628651114e-05
-2.483617134099674360e-05
-2.481853842043035339e-05
-2.474530049530642079e-05
-2.471557983172202057e-05
-2.468119733452354172e-05
-2.467214842338411130e-05
-2.462421550606642241e-05
-2.456811249661075384e-05
-2.452487555953910384e-05
-2.448918920287405975e-05
-2.443511404647062714e-05
-2.442654881767482457e-05
-2.438446424496722222e-05
-2.437298502331576523e-05
-2.429971794205821966e-05
-2.427805000161103676e-05
-2.425134895010547690e-05
-2.421416814495549110e-05
-2.416796972210875539e-05
-2.410418113926183551e-05
-2.408161571411614855e-05
-2.400276635680924798e-05
-2.396169934570007031e-05
-2.392173560171585199e-05
-2.388608593550390943e-05
-2.386412228463440468e-05
-2.383643008400837508e-05
-2.378701666724339223e-05
-2.375117450797352512e-05
-2.373716383959970032e-05
-2.367301003505956701e-05
-2.363336538289656548e-05
-2.361597826000477138e-05
-2.356235661885127647e-05
-2.349828732901205843e-05
-2.346616060763437499e-05
-2.343623306813720183e-05
-2.339915204381796292e-05
-2.338962991542556190e-05
-2.331554093602144608e-05
-2.329836010136391542e-05
-2.322239266172805886e-05
-2.320403153127807014e-05
-2.317782548518836853e-05
-2.314018084619218346e-05
-2.309798566822910364e-05
-2.306454765217854486e-05
-2.304203364243697462e-05
-2.302023499777640909e-05
-2.298984497556305656e-05
-2.294133143865172744e-05
-2.288679296668040387e-05
-2.282989253223892021e-05
-2.279485270323047271e-05
-2.276122458492579187e-05
-2.275665893008720802e-05
-2.270415339731396680e-05
-2.269813989506548748e-05
-2.263298928404574112e-05
-2.259356187372281308e-05
-2.256034535610637761e-05
-2.253573721838288450e-05
-2.250578234666732714e-05
-2.245881364029963319e-05
-2.244896042331251008e-05
-2.239662550399531017e-05
-2.233730125905530618e-05
-2.232755941915657888e-05
-2.224663693618837579e-05
-2.222572222664010748e-05
-2.219271416908763760e-05
-2.216941880558516277e-05
-2.213613834846669175e-05
-2.207393136508642008e-05
-2.203201526709587453e-05
-2.198253956250273709e-05
-2.192110096754261426e-05
-2.190023496409936222e-05
-2.182200018000786962e-05
-2.180050407885898763e-05
-2.177500258031089448e-05
-2.175686861744519966e-05
-2.171462778034382167e-05
-2.165568016619762070e-05
-2.160629540034375600e-05
-2.158664640729695834e-05
-2.150853888750248717e-05
-2.149770980814223295e-05
-2.147382415470150112e-05
-2.143833662133562068e-05
-2.139622302696309139e-05
-2.135082057621346150e-05
-2.134778387983184443e-05
-2.132978713776552269e-05
-2.130987721419426407e-05
-2.122335195005655505e-05
-2.119933432975053806e-05
-2.117458299075518325e-05
-2.114795090051180694e-05
-2.112605542829324592e-05
-2.110226258254508896e-05
-2.102644133807902288e-05
-2.099023363676477487e-05
-2.097070059926477400e-05
-2.093704942197317993e-05
-2.091440489453447884e-05
-2.086862508318792952e-05
-2.083097933277182500e-05
-2.078601343377278505e-05
-2.074105506680437106e-05
-2.069511852200042217e-05
-2.066074596317203006e-05
-2.064843588655085210e-05
-2.062327511091535727e-05
-2.059914838705574253e-05
-2.053830823268537644e-05
-2.049572222766021768e-05
-2.047015421894045968e-05
-2.040568894644332652e-05
-2.038929957005432075e-05
-2.038035134225175135e-05
-2.033860667508344475e-05
-2.027292276731593271e-05
-2.026804341928216681e-05
-2.020919848405455273e-05
-2.017570278084753369e-05
-2.015990808186313745e-05
-2.012612077689563260e-05
-2.007439035018259189e-05
-2.006374308356086749e-05
-2.004548713320205081e-05
-1.996256019017456153e-05
-1.995585192644071305e-05
-1.992065708921207439e-05
-1.988354100179250038e-05
-1.985275769641182717e-05
-1.984162796441130746e-05
-1.979866303539426389e-05
-1.976691300870370499e-05
-1.971485594447461138e-05
-1.968643121397697514e-05
-1.966811046522749944e-05
-1.958626992301869173e-05
-1.954823093795608185e-05
-1.953003153756213399e-05
-1.951669242354585598e-05
-1.949031529065636050e-05
-1.945138777429007885e-05
-1.939590995814246670e-05
-1.938919717480560025e-05
-1.933460138084866164e-05
-1.932139834589055141e-05
-1.922853958900657651e-05
-1.919908393760304022e-05
-1.916171184498356115e-05
-1.914946623667770610e-05
-1.913771154144385119e-05
-1.909996233772886438e-05
-1.904920439855435993e-05
-1.898365991717497689e-05
-1.896244614529277007e-05
-1.894519311737637805e-05
-1.894201742014522057e-05
-1.889610898660319292e-05
-1.887848629357799485e-05
-1.880932226396911372e-05
-1.879232252487508882e-05
-1.875772148875239228e-05
-1.874537109173193936e-05
-1.863687925959680127e-05
-1.861360950421237290e-05
-1.860651727005879153e-05
-1.856671618380499765e-05
-1.853876831289734045e-05
-1.851014369016826808e-05
-1.849902176864495843e-05
-1.846904347442724644e-05
-1.844075659307951786e-05
-1.840135299791537514e-05
-1.835515309578995461e-05
-1.833511451787854431e-05
-1.828293469534941811e-05
-1.825642199556681293e-05
-1.823169843299289001e-05
-1.821416238259429795e-05
-1.817349612837465038e-05
-1.812757726679636703e-05
-1.810568325389684045e-05
-1.803703268992088295e-05
-1.801110384386963082e-05
-1.796746860219206954e-05
-1.796423396159253400e-05
-1.791829613180940571e-05
-1.788423551135075081e-05
-1.786289248168068059e-05
-1.782929607870371421e-05
-1.778308030584298504e-05
-1.776141521278182879e-05
-1.773505629202847141e-05
-1.771403195557758850e-05
-1.765836676265522204e-05
-1.763510389475147819e-05
-1.760572577370496101e-05
-1.755568268919958182e-05
-1.754775103447537689e-05
-1.750562712367294732e-05
-1.750132256613873082e-05
-1.744209400343005705e-05
-1.740549324968654817e-05
-1.737287184642039841e-05
-1.732162206068743783e-05
-1.729264271250119720e-05
-1.727632851398807883e-05
-1.726391982199504074e-05
-1.724117079088899275e-05
-1.717062760415624301e-05
-1.715543137658802594e-05
-1.713206574625560563e-05
-1.711585736663952473e-05
-1.708456896794834535e-05
-1.702761110955848333e-05
-1.697720083330135125e-05
-1.694156386042647888e-05
-1.690255356337624776e-05
-1.689523073033186742e-05
-1.684327872500924702e-05
-1.679982736264574701e-05
-1.678745704502554453e-05
-1.677264841334517726e-05
-1.671709935446206874e-05
-1.669554269807032592e-05
-1.666920693948945913e-05
-1.663929616145006082e-05
-1.661261271515895383e-05
-1.659972031013738096e-05
-1.656038298747175425e-05
-1.653736899764535052e-05
-1.650281377025780588e-05
-1.647348780868520280e-05
-1.641128853719165659e-05
-1.638407196124448993e-05
-1.635644736585185297e-05
-1.633814887102858084e-05
-1.632282907486431753e-05
-1.626510937164664500e-05
-1.624258746079851063e-05
-1.623202336538557758e-05
-1.616388014709140632e-05
-1.615450129431291251e-05
-1.614690326503992725e-05
-1.607632479982424987e-05
-1.605884981167624384e-05
-1.604279008164268781e-05
-1.599103962826420148e-05
-1.596980623838889564e-05
-1.595263240717826643e-05
-1.593732290523940226e-05
-1.589736950354895745e-05
-1.582866852300357873e-05
-1.581361767048080854e-05
-1.578652476700197202e-05
-1.575193557995745503e-05
-1.571877406243898107e-05
-1.569976523998526006e-05
-1.568806453699376688e-05
-1.566488088881038592e-05
-1.562093184490384823e-05
-1.559324220003694740e-05
-1.556997877816047960e-05
-1.553651986376928970e-05
-1.550010201025242887e-05
-1.545860634405817405e-05
-1.543759926675155952e-05
-1.541909237197142298e-05
-1.538253798362574298e-05
-1.533581136679115135e-05
-1.531182143960105208e-05
-1.525723362793886182e-05
-1.523249266635625923e-05
-1.521357986402985805e-05
-1.519508018531568581e-05
-1.513304188157125891e-05
-1.512766906376250512e-05
-1.511170032870723356e-05
-1.507390708952338546e-05
-1.504821652637244483e-05
-1.503153330759724188e-05
-1.499121606494996648e-05
-1.495581726026825571e-05
-1.492927593550272760e-05
-1.490470679624599476e-05
-1.486776003175741235e-05
-1.485005529136099279e-05
-1.483187412437954782e-05
-1.478788184304373295e-05
-1.475509780031456267e-05
-1.473998623299732321e-05
-1.471617599955200173e-05
-1.465304723173270050e-05
-1.461028174399093967e-05
-1.460356962870997515e-05
-1.458906207993562749e-05
-1.457792284892755834e-05
-1.454012023393388595e-05
-1.452268942221712911e-05
-1.448519289170469200e-05
-1.444786719505127164e-05
-1.443160905643910850e-05
-1.439375515348181055e-05
-1.434399323528065625e-05
-1.430035778621347463e-05
-1.428548108251112980e-05
-1.422799227922338252e-05
-1.420086752047157774e-05
-1.419393370392825719e-05
-1.415705346856685788e-05
-1.412393507021978297e-05
-1.407543133837171948e-05
-1.406945738967809058e-05
-1.404632191370185051e-05
-1.400657585831465597e-05
-1.397344385795064802e-05
-1.395699743562943152e-05
-1.393458947916530188e-05
-1.387585412805455912e-05
-1.383975816312248011e-05
-1.382745462654880419e-05
-1.380500021893082961e-05
-1.379419869687392321e-05
-1.375001477307391863e-05
-1.372455860748912187e-05
-1.370058005001070312e-05
-1.367583713281814406e-05
-1.364108449336829258e-05
-1.362413828020488677e-05
-1.356216381103220128e-05
-1.353438677560508344e-05
-1.351619397669621919e-05
-1.346608384481651940e-05
-1.342531331543107724e-05
-1.340876945488627916e-05
-1.338219372479234179e-05
-1.334605578383772259e-05
-1.331535524686792511e-05
-1.328730651434926170e-05
-1.325913055826430300e-05
-1.325175005684261652e-05
-1.323976196701981936e-05
-1.321876930593318076e-05
-1.315544641753351598e-05
-1.311819990133044237e-05
-1.310232120482404294e-05
-1.307925033719549015e-05
-1.304642943072325048e-05
-1.303481042282521001e-05
-1.301879267057072536e-05
-1.297372501073259103e-05
-1.296466171880025808e-05
-1.290430849864515659e-05
-1.288978081030961710e-05
-1.286596490120269306e-05
-1.286275391075574207e-05
-1.282856501938737330e-05
-1.277981137904705173e-05
-1.274852187498289909e-05
-1.273271156256467313e-05
-1.271513519616427083e-05
-1.269065878284936153e-05
-1.263805573037753221e-05
-1.262256493347218172e-05
-1.261240472632319911e-05
-1.257462459150637727e-05
-1.254288961044070702e-05
-1.252479696091753310e-05
-1.248362975250729876e-05
-1.246382469743616279e-05
-1.242984500562670663e-05
-1.240798344431914435e-05
-1.235430261338652028e-05
-1.233956045453120178e-05
-1.231886235355442969e-05
-1.230307318586431456e-05
-1.228014833945484957e-05
-1.226616567164487928e-05
-1.221118336546779574e-05
-1.218854421722609263e-05
-1.216721861073056222e-05
-1.212516394821744061e-05
-1.210420792927325404e-05
-1.209930630401398825e-05
-1.207887361774120634e-05
-1.207807907744360539e-05
-1.205676976035578424e-05
-1.200112563288449127e-05
-1.196324161112346303e-05
-1.192237462328721737e-05
-1.189467351921566982e-05
-1.187614867042940954e-05
-1.186044531630545410e-05
-1.184226371560641109e-05
-1.178793035022572286e-05
-1.177200237218107514e-05
-1.176592487265455306e-05
-1.173377338556775995e-05
-1.168113807504624631e-05
-1.164305714999120457e-05
-1.160952481182370215e-05
-1.159190297403157053e-05
-1.157354048935828905e-05
-1.152813442923191684e-05
-1.150344650410263072e-05
-1.146826335431626411e-05
-1.144882694712588434e-05
-1.140933106252567923e-05
-1.139612302950920363e-05
-1.137263969719243792e-05
-1.135536288917858007e-05
-1.132593071029948128e-05
-1.131404024119255534e-05
-1.128735838658350930e-05
-1.125263552691827516e-05
-1.122486507678064403e-05
-1.119336383012274157e-05
-1.116173950693398951e-05
-1.114993766336953221e-05
-1.108819913972248304e-05
-1.106248917201520812e-05
-1.104967363964078216e-05
-1.103795263227765247e-05
-1.102402009360378263e-05
-1.100767306857485480e-05
-1.099200472675850567e-05
-1.092636788468883438e-05
-1.089065488545275214e-05
-1.087402182966374251e-05
-1.086054809655658579e-05
-1.082379973099647762e-05
-1.081300321920028982e-05
-1.079668929101085527e-05
-1.075995689116171882e-05
-1.073071425479109050e-05
-1.070186793045026948e-05
-1.068870722603307028e-05
-1.066966716713134400e-05
-1.063855897443287421e-05
-1.062652959290065396e-05
-1.058900254206489106e-05
-1.057230415151991634e-05
-1.054022229349621793e-05
-1.051804312278193621e-05
-1.050186284905850415e-05
-1.043755289168475681e-05
-1.043175700204077140e-05
-1.039817358525524748e-05
-1.035805879839918018e-05
-1.034161388806379746e-05
-1.032780213473521861e-05
-1.028406125634774386e-05
-1.026927912332013934e-05
-1.024540338654901159e-05
-1.023544219892361939e-05
-1.019452224118261869e-05
-1.017484587437766377e-05
-1.015835229280815431e-05
-1.014132204976443500e-05
-1.009931633008001048e-05
-1.007154546148474732e-05
-1.005181884568474537e-05
-1.002976479270806222e-05
-9.997574296146599104e-06
-9.986398706459129947e-06
-9.930050821627987921e-06
-9.908107354841066709e-06
-9.878643377818420885e-06
-9.869469980376579903e-06
-9.851569150510786223e-06
-9.823445356737279960e-06
-9.818750638024201211e-06
-9.784400134367359601e-06
-9.767446097582279776e-06
-9.734383418189139191e-06
-9.708250606960872108e-06
-9.692495296532633626e-06
-9.668483456469003805e-06
-9.655854899524755691e-06
-9.630902541768469993e-06
-9.622310575749773345e-06
-9.601089204216662219e-06
-9.565325340613387955e-06
-9.512630327787936931e-06
-9.477472206823806111e-06
-9.455774563409174839e-06
-9.431588427527733809e-06
-9.412796848512977878e-06
-9.378843120790350801e-06
-9.349691877502777263e-06
-9.328035057759070161e-06
-9.293774081934997491e-06
-9.287840170252110105e-06
-9.254287959703025177e-06
-9.219313426617253422e-06
-9.198240545634542333e-06
-9.187714678893661499e-06
-9.173045155252141904e-06
-9.133958350128274699e-06
-9.114850083116779637e-06
-9.087162404168107660e-06
-9.056638713888957653e-06
-9.053363468463044582e-06
-9.018043328694306488e-06
-8.995316908913087128e-06
-8.971030733523510144e-06
-8.940955081848107444e-06
-8.917002434496012822e-06
-8.899289493056179007e-06
-8.867188759214152778e-06
-8.839392222688428115e-06
-8.831630640773674432e-06
-8.790336549522041499e-06
-8.768694430322896498e-06
-8.731386725063322463e-06
-8.706697268929126368e-06
-8.694894679701091115e-06
-8.683046284115271331e-06
-8.650774948740552867e-06
-8.621152417334471515e-06
-8.581333517471953880e-06
-8.577869879481429141e-06
-8.551326250583088069e-06
-8.540638530095000488e-06
-8.525373790955941629e-06
-8.508461727924781798e-06
-8.465511093035209459e-06
-8.448336666571651407e-06
-8.417361997738611221e-06
-8.361684479251971176e-06
-8.350795507310503280e-06
-8.341359336034469334e-06
-8.329917556057893236e-06
-8.292074048068494971e-06
-8.268417450885677013e-06
-8.244128059343131153e-06
-8.228511328061306214e-06
-8.191207248370959410e-06
-8.183078387922508774e-06
-8.154683423554309098e-06
-8.147011701291225256e-06
-8.135149378095416162e-06
-8.102663326634337572e-06
-8.066922270245269723e-06
-8.029618215279474142e-06
-8.022377248709103899e-06
-7.993113817750203748e-06
-7.969283874416733255e-06
-7.953301933166058974e-06
-7.920358867955849984e-06
-7.903809960684975380e-06
-7.880528963202674135e-06
-7.851007755679460348e-06
-7.840428323288539095e-06
-7.825872507207681691e-06
-7.799332531418998792e-06
-7.783417195424650333e-06
-7.764095920323105314e-06
-7.749600397130680191e-06
-7.711439782585144840e-06
-7.678370101369327437e-06
-7.654742794389689971e-06
-7.632366332666174711e-06
-7.581391823128598702e-06
-7.563509453285005381e-06
-7.552333406556883444e-06
-7.502480324000149867e-06
-7.474066098288173093e-06
-7.436350367299514789e-06
-7.429267060936952809e-06
-7.407858349186042576e-06
-7.371013612270891366e-06
-7.363178138328646424e-06
-7.355740914037934915e-06
-7.322547241769401886e-06
-7.312318959896653954e-06
-7.278344712027790129e-06
-7.271736093139506895e-06
-7.211982782466701764e-06
-7.202983322828329364e-06
-7.181526722071263350e-06
-7.171115905731475030e-06
-7.128144628311767511e-06
-7.105348160107716939e-06
-7.097984249086402856e-06
-7.057974646394042852e-06
-7.024234258325397859e-06
-7.000634081198587518e-06
-6.978891533271102948e-06
-6.959716313847529976e-06
-6.941443418981668724e-06
-6.921789316669925291e-06
-6.895792973935475821e-06
-6.885111781585080184e-06
-6.870417065087361147e-06
-6.855608284124634160e-06
-6.842555792059499906e-06
-6.813559218333528913e-06
-6.765582721752669633e-06
-6.742705332780721397e-06
-6.715249512105183412e-06
-6.690840816820748032e-06
-6.682705938716022076e-06
-6.662026564195570725e-06
-6.640995916799395428e-06
-6.615801506367169723e-06
-6.609870007440467469e-06
-6.599029065724474613e-06
-6.558570499408435060e-06
-6.547816461210806712e-06
-6.519332134297568905e-06
-6.497701432687812527e-06
-6.488656988938946672e-06
-6.459684062458633780e-06
-6.453586736074054064e-06
-6.437138629526281057e-06
-6.398639549067672241e-06
-6.380443785478223628e-06
-6.354355151997685523e-06
-6.326482196652290452e-06
-6.296242749904179637e-06
-6.266880624456498347e-06
-6.249876041009208826e-06
-6.244823451809200600e-06
-6.228443948132742895e-06
-6.192055117572128512e-06
-6.182718843505920037e-06
-6.135995436884111981e-06
-6.127791689939106104e-06
-6.092801254692531623e-06
-6.088232966899825065e-06
-6.052012540174655649e-06
-6.018836188204356291e-06
-6.002704089494017614e-06
-5.966308243196836368e-06
-5.953705295894531695e-06
-5.921464230347074315e-06
-5.910567514449120904e-06
-5.881230828536639558e-06
-5.869976540700706887e-06
-5.863132001342042246e-06
-5.857622184427921514e-06
-5.807331471893930400e-06
-5.787570561900562584e-06
-5.771212713551846798e-06
-5.753838822055962070e-06
-5.736676310645051479e-06
-5.720303515439756890e-06
-5.681113333770759002e-06
-5.669930200603901444e-06
-5.649488823175853018e-06
-5.636287805942846197e-06
-5.615071129717833760e-06
-5.578376576795644703e-06
-5.564494597241100761e-06
-5.561964063274381968e-06
-5.518183993012297876e-06
-5.495384357689932735e-06
-5.475468662718867926e-06
-5.451391840352062531e-06
-5.437365767693547018e-06
-5.409537930282509834e-06
-5.403654568122984079e-06
-5.374875463501404989e-06
-5.359071699184703164e-06
-5.329511499836942946e-06
-5.309818722858546996e-06
-5.302507000680412708e-06
-5.289670817315474731e-06
-5.268972918287992990e-06
-5.244715339323929753e-06
-5.230797701661446320e-06
-5.216853024616085850e-06
-5.207064838641578556e-06
-5.162687598982784208e-06
-5.146818318696199420e-06
-5.131538226049361144e-06
-5.112927747115689200e-06
-5.103018551906221229e-06
-5.071052376816120976e-06
-5.047094232593824906e-06
-5.031647869832765663e-06
-4.991810172977722777e-06
-4.978982219708849768e-06
-4.971717763006097298e-06
-4.917684212224458920e-06
-4.907884622623252311e-06
-4.896237775162605064e-06
-4.857301892650975041e-06
-4.844323196010347576e-06
-4.833632411457385638e-06
-4.827778394828401551e-06
-4.796613100734295017e-06
-4.785586607512547035e-06
-4.766783418045415819e-06
-4.739932606542968491e-06
-4.699896357687002918e-06
-4.673301093404070555e-06
-4.665009118152090329e-06
-4.642526109848624279e-06
-4.615150707419277392e-06
-4.610184472331642121e-06
-4.597088365196520575e-06
-4.561308223145429342e-06
-4.548209608146064104e-06
-4.525372418022326531e-06
-4.517792939266374158e-06
-4.480818524321365369e-06
-4.470571275194625415e-06
-4.450939878737333762e-06
-4.440629917892554500e-06
-4.422313672673807547e-06
-4.397603360141114369e-06
-4.383348511659069908e-06
-4.353624446654462625e-06
-4.332135672509030600e-06
-4.296871425490574692e-06
-4.266683524235499835e-06
-4.256930565945916924e-06
-4.227760409800532799e-06
-4.207896036876289042e-06
-4.179806956913013869e-06
-4.175820823367833951e-06
-4.150440166614815808e-06
-4.148106672271550077e-06
-4.102430657830281630e-06
-4.087171186988326405e-06
-4.059961295127305643e-06
-4.051554239825758031e-06
-4.028372070565267389e-06
-4.016694948249022504e-06
-3.997338354368664146e-06
-3.976759371741329890e-06
-3.971593704410065001e-06
-3.958493285222284716e-06
-3.935183391196173283e-06
-3.893156991620501396e-06
-3.876256358782316169e-06
-3.866581842340521171e-06
-3.852484395719326001e-06
-3.828275923864615081e-06
-3.805103179348579883e-06
-3.783237793800485763e-06
-3.764924832818866585e-06
-3.735977301278705209e-06
-3.719802784084914931e-06
-3.705792985440767167e-06
-3.681231864478973390e-06
-3.653690584794594828e-06
-3.650342806362060074e-06
-3.634095779785952241e-06
-3.622501527588340376e-06
-3.603797961853899240e-06
-3.583792678797339865e-06
-3.565684399371623701e-06
-3.552262837128948525e-06
-3.521986354982322489e-06
-3.506538178715874143e-06
-3.495297621950525515e-06
-3.465889665818893054e-06
-3.459782756747401987e-06
-3.432413445889816917e-06
-3.421006270054795860e-06
-3.388364787892004350e-06
-3.376630033884935543e-06
-3.355506444391337242e-06
-3.348134880574521773e-06
-3.314530012110268243e-06
-3.287918864945194886e-06
-3.251035732317221359e-06
-3.237389172663027130e-06
-3.227197453192294444e-06
-3.211663702185835994e-06
-3.193338092596151628e-06
-3.160936874301972986e-06
-3.145747209183980905e-06
-3.123291288076538715e-06
-3.108198650490250943e-06
-3.104473800184753475e-06
-3.063162461107152892e-06
-3.037172687431191900e-06
-3.028143925347869926e-06
-3.002322637088720657e-06
-2.990244890384971999e-06
-2.981773314555895814e-06
-2.968785784001137515e-06
-2.939199717729614580e-06
-2.929810159459003762e-06
-2.899955643995828584e-06
-2.886803691475753403e-06
-2.871253379710311149e-06
-2.847384045350333760e-06
-2.834429302256427061e-06
-2.825030146646535099e-06
-2.802085243102644057e-06
-2.772727419992998940e-06
-2.754473528730705843e-06
-2.748160108549979691e-06
-2.726752491957297597e-06
-2.720954268488007438e-06
-2.707448553409186747e-06
-2.680963430235624179e-06
-2.662385932857108318e-06
-2.654630888649245023e-06
-2.613214972101017489e-06
-2.595151096385664900e-06
-2.589943639286004891e-06
-2.575682888486591987e-06
-2.514627443786083157e-06
-2.486591287966608896e-06
-2.484746138522600249e-06
-2.470353295168272177e-06
-2.452487429790753806e-06
-2.433513751300881441e-06
-2.409606194743442512e-06
-2.399544478788240228e-06
-2.390124834099282720e-06
-2.372343233093871316e-06
-2.360858396818051275e-06
-2.346965784406141827e-06
-2.321060051874460860e-06
-2.305788899986053162e-06
-2.286157488236303741e-06
-2.261355448921704645e-06
-2.248964208255673673e-06
-2.219315513976249861e-06
-2.206841089908896912e-06
-2.191856959332142762e-06
-2.163545157911084655e-06
-2.150130843984289698e-06
-2.141875267753479372e-06
-2.130046683447091495e-06
-2.121365849175552899e-06
-2.086296469083952443e-06
-2.065508845885011963e-06
-2.058783303894177723e-06
-2.048458967890873545e-06
-2.029481295170085299e-06
-2.000963452111759189e-06
-1.984007305474713799e-06
-1.953547085476450561e-06
-1.948816465799517567e-06
-1.904622508643557485e-06
-1.890414877444562074e-06
-1.868163097471834018e-06
-1.859720173540093802e-06
-1.856413765405338495e-06
-1.793220349312269133e-06
-1.773213633703143256e-06
-1.770595792013753295e-06
-1.745806404384830168e-06
-1.728830284942336675e-06
-1.722043878902723582e-06
-1.712001868633404757e-06
-1.704139802338328552e-06
-1.684694315240903332e-06
-1.661006974311025578e-06
-1.654785628297430093e-06
-1.647597869867956893e-06
-1.637821973744884792e-06
-1.611884592019726537e-06
-1.598870717099387064e-06
-1.569680635535656156e-06
-1.558347896822184460e-06
-1.534787716085008459e-06
-1.523694212696436088e-06
-1.485443472094124141e-06
-1.468744060663958812e-06
-1.456404970687238667e-06
-1.443150542401377106e-06
-1.413912132811654384e-06
-1.398031294034488443e-06
-1.395144068226784572e-06
-1.380210988389010025e-06
-1.357419084313953080e-06
-1.350300867344920164e-06
-1.341440501007542449e-06
-1.304329963725469431e-06
-1.273179870389596802e-06
-1.271168909424673924e-06
-1.258648893799333470e-06
-1.223082410345243984e-06
-1.213441218219205684e-06
-1.205916182750492376e-06
-1.181006962284002156e-06
-1.156566546712468268e-06
-1.136569400812184754e-06
-1.133842777801936816e-06
-1.112837706735372982e-06
-1.101288399045361049e-06
-1.081706255376973585e-06
-1.066713202067111396e-06
-1.034529164428991402e-06
-1.029884215462273629e-06
-1.017836631355631887e-06
-9.939022702192825381e-07
-9.825289401453869225e-07
-9.698644103224566419e-07
-9.558556364187913362e-07
-9.329700829832470704e-07
-9.277598643656517623e-07
-9.070486836430232087e-07
-8.874423318623075945e-07
-8.860491061234013806e-07
-8.648298424650377160e-07
-8.288441953276011357e-07
-8.018365802551897656e-07
-7.814688676492566719e-07
-7.601208833732325546e-07
-7.474001253777856537e-07
-7.383791498471757335e-07
-7.191027473010221018e-07
-7.107041932206898761e-07
-7.012468883622531183e-07
-6.854138484825667173e-07
-6.704099366605942311e-07
-6.526867513594309368e-07
-6.423341052904381977e-07
-6.292094172467312845e-07
-5.970029136979682157e-07
-5.721349484933077840e-07
-5.549081133502872671e-07
-5.406949511671870120e-07
-5.313251684580543765e-07
-5.112676768208543735e-07
-4.976956569712301405e-07
-4.788796639251615780e-07
-4.564467608439917686e-07
-4.358499252796683302e-07
-4.203592875544503447e-07
-4.078934187381583954e-07
-3.939268447697451290e-07
-3.835503043247537101e-07
-3.688463681147421314e-07
-3.635794148720932333e-07
-3.469857778743853279e-07
-3.395884189008405737e-07
-3.297478915473635670e-07
-3.080127917178889336e-07
-2.782206365812213460e-07
-2.679553950202466779e-07
-2.588555075289818531e-07
-2.402935488004469250e-07
-2.080045106548755141e-07
-1.816784971344671126e-07
-1.666780419230948865e-07
-1.641276936968544263e-07
-1.434496954292342201e-07
-1.374759260218214241e-07
-1.152319500937637809e-07
-1.056158808394662686e-07
-8.905881017003606985e-08
-8.111720071696969677e-08
-6.410223042975692375e-08
-1.086440822982447506e-08
-1.817746791133700272e-09
1.095479631240492067e-08
1.606502218122307195e-08
2.446846566497530246e-08
4.798117583930509262e-08
5.745811012469977961e-08
7.873252906130197774e-08
8.709186329705302782e-08
1.175562856648010734e-07
1.317613686797357570e-07
1.426672503374648843e-07
1.433671767394856164e-07
1.891029254222064199e-07
1.971442236173315317e-07
2.173177618958628026e-07
2.328741187506450473e-07
2.440740523629025005e-07
2.606215604396940698e-07
2.837247323680661120e-07
2.992468387109722987e-07
3.247389955188373152e-07
3.378653008908862695e-07
3.528672876448616557e-07
3.626234093946471873e-07
3.919266116038583424e-07
3.999641253991945288e-07
4.167433662933201964e-07
4.277328507960040242e-07
4.472985800909183716e-07
4.607459032065217277e-07
4.786829701217826080e-07
4.902946466391124549e-07
5.096802604153340679e-07
5.321824309946176041e-07
5.423916457307482010e-07
5.586217061477092084e-07
5.662025963685508858e-07
5.920935223022062357e-07
5.928341304996764832e-07
6.027315087392633726e-07
6.187051116223699643e-07
6.362544772993626036e-07
6.583642511067000412e-07
6.742954973212157718e-07
6.951342848414159349e-07
7.139927658620074054e-07
7.216091075153155793e-07
7.522720627152582990e-07
7.718429186976327518e-07
7.994099192542384282e-07
8.118661409368614302e-07
8.223817664988146155e-07
8.488568181185814267e-07
8.551267928901783353e-07
8.741330450885962987e-07
8.986918185297929957e-07
9.089515926233444112e-07
9.424512710536723784e-07
9.603827681211131217e-07
9.660600161178643845e-07
1.004617661184783511e-06
1.009787165477733125e-06
1.029755594852814300e-06
1.051271511035863684e-06
1.062162803543660295e-06
1.083128410093644562e-06
1.093875789137282200e-06
1.122882957712940207e-06
1.131310363152791062e-06
1.139465448647240192e-06
1.156978114260949797e-06
1.180764013296062359e-06
1.196442635225134013e-06
1.211990232995415686e-06
1.228559377374742094e-06
1.248640615446080846e-06
1.249750250408302317e-06
1.269681048127706060e-06
1.280173104710066335e-06
1.305008372382449227e-06
1.323955150890832055e-06
1.347537239076501367e-06
1.368097460955035550e-06
1.384163411726112813e-06
1.394579908195715560e-06
1.422199279729363072e-06
1.444453124961079896e-06
1.455605152100070523e-06
1.474783131739376281e-06
1.493589043991581600e-06
1.507778851628526856e-06
1.530172148039009844e-06
1.538996411381537105e-06
1.571960713071250977e-06
1.580224075446109711e-06
1.599302723444228453e-06
1.620331874255608470e-06
1.634816014705873071e-06
1.650091972707442957e-06
1.665277941076737892e-06
1.677374591933428265e-06
1.703076715108907231e-06
1.714952887646968825e-06
1.722937890251073129e-06
1.737124609074927340e-06
1.764711741093219093e-06
1.771325438625864427e-06
1.778942302408713043e-06
1.792839187777383302e-06
1.815103463715175708e-06
1.840514269291847514e-06
1.863557449332963308e-06
1.891280742203673119e-06
1.900312099897524149e-06
1.929526468967658690e-06
1.937647287881691837e-06
1.960383212962173087e-06
1.974819336507031776e-06
2.002920407283254103e-06
2.013728830989059260e-06
2.018751315092424159e-06
2.023985380417542698e-06
2.050813528901973905e-06
2.078816630141012649e-06
2.093444737606037795e-06
2.120463488605586176e-06
2.127360743315165880e-06
2.133588799382460701e-06
2.153106695250500693e-06
2.181929327243261931e-06
2.203586010443989504e-06
2.205166391496012148e-06
2.225645275014962771e-06
2.229063838003262217e-06
2.252056235192506619e-06
2.294612237209374097e-06
2.306650207831865322e-06
2.347169300690211754e-06
2.364518776711408474e-06
2.373727109210711525e-06
2.391449688424013599e-06
2.402058022803207279e-06
2.415008161320649428e-06
2.430705491885414115e-06
2.452203278484981665e-06
2.457911943159819472e-06
2.476137163368382803e-06
2.503381260049954011e-06
2.540302044910771600e-06
2.553131749185583262e-06
2.569458703140349059e-06
2.582771436237423130e-06
2.591856008557857799e-06
2.608836504934960238e-06
2.624305327342997060e-06
2.646547978583975605e-06
2.664195928862045646e-06
2.690653689789499039e-06
2.698640656502201997e-06
2.717543507265670809e-06
2.753115647197749223e-06
2.758863751476283103e-06
2.771622157061029652e-06
2.794673918265316708e-06
2.825933841339574407e-06
2.839557238944867777e-06
2.872771371298829689e-06
2.877728636849724503e-06
2.910518125538405819e-06
2.943893228338166352e-06
2.955262793756730263e-06
2.974482287099303471e-06
2.980625051776279249e-06
2.992887085859441366e-06
3.028248294626434367e-06
3.031960558601804427e-06
3.051839093098514572e-06
3.065306242175808137e-06
3.100572849109231769e-06
3.112367888006463740e-06
3.138160326664763900e-06
3.153894014247847435e-06
3.182976267996542146e-06
3.202066550197892530e-06
3.224119994050763610e-06
3.234389443651059418e-06
3.243892364545342064e-06
3.257339108771384134e-06
3.277901066110125552e-06
3.284707858443899470e-06
3.304204691281966922e-06
3.321781039597171404e-06
3.354482062394721768e-06
3.366130815160829029e-06
3.386585191968464509e-06
3.417926625019506157e-06
3.425698577027824506e-06
3.445750185680774498e-06
3.477950022553948707e-06
3.485284828131879141e-06
3.487294748864312902e-06
3.521873287723282581e-06
3.545896023313625259e-06
3.569754368632649506e-06
3.578969808098125925e-06
3.595427483921951930e-06
3.614129893753916669e-06
3.627935480931443150e-06
3.642865012781492522e-06
3.657811296739623080e-06
3.682849446041439104e-06
3.722444355346088975e-06
3.730448384511993370e-06
3.747561050886916631e-06
3.768667497410641741e-06
3.788852759843021080e-06
3.796328920758114665e-06
3.827677218291121783e-06
3.853446189188502919e-06
3.862988619906054643e-06
3.882810077366365824e-06
3.905413780284681344e-06
3.922696888688146806e-06
3.966803878804664952e-06
4.002326776663620169e-06
4.020670037336471919e-06
4.026884442867415562e-06
4.033484969722395870e-06
4.045524057141230863e-06
4.069023471433715214e-06
4.077147783371299124e-06
4.119066763563497041e-06
4.135079514837203584e-06
4.140236252038193117e-06
4.189233434421832997e-06
4.210980535094806082e-06
4.236025532870440332e-06
4.261904185828441475e-06
4.280144135125729774e-06
4.298621891722714469e-06
4.322610332992590178e-06
4.332164563031402149e-06
4.359474590464541542e-06
4.373820193230814186e-06
4.392037611198357966e-06
4.396299577074833879e-06
4.419677903604404811e-06
4.447139294396271424e-06
4.468154543028026427e-06
4.486582956966281594e-06
4.523652963773237888e-06
4.561277531657791998e-06
4.562903003074728592e-06
4.574933662162275790e-06
4.606397470750337349e-06
4.621821011604368633e-06
4.625248919363615459e-06
4.655913750001774405e-06
4.662415502713824461e-06
4.682416990267059598e-06
4.708859997505437665e-06
4.720370459956615545e-06
4.744077763316616620e-06
4.771443372272796237e-06
4.799797513744284420e-06
4.811485576022103953e-06
4.844976619819888276e-06
4.853134751756095196e-06
4.878337857972496263e-06
4.896856877639212385e-06
4.914750648710009759e-06
4.938517716351729286e-06
4.945298826535922492e-06
4.967341945561117688e-06
5.018791084194938252e-06
5.021325344451411098e-06
5.030369175962772201e-06
5.059842541904878816e-06
5.089347277643030141e-06
5.115061595581255264e-06
5.119541825411881906e-06
5.123650055551264658e-06
5.150354488133399993e-06
5.167567263703487777e-06
5.186990815334303456e-06
5.217733068009285310e-06
5.250665251709686367e-06
5.280291883371139732e-06
5.293199882992147253e-06
5.319091780029289411e-06
5.323280654987375132e-06
5.334600562942518817e-06
5.364822567729711354e-06
5.388429649515978829e-06
5.409765290936176755e-06
5.447339671098402296e-06
5.452146080859639486e-06
5.475733943450937399e-06
5.488734234967822335e-06
5.513973683130772140e-06
5.520533314229766428e-06
5.538222522947442708e-06
5.557610736708588731e-06
5.563759096650791350e-06
5.578599362042256204e-06
5.595339585640236151e-06
5.635370281243261460e-06
5.662517925432634897e-06
5.697687944545076701e-06
5.726223742310652994e-06
5.750935040622370500e-06
5.769519776055765411e-06
5.787981006603023323e-06
5.797158375571020954e-06
5.806624246514888129e-06
5.860814134775936062e-06
5.866117468638119777e-06
5.893939978266315187e-06
5.900680824767966656e-06
5.931917338206487905e-06
5.960564421601191536e-06
5.976945886238524598e-06
5.992599185162415101e-06
6.011595927081240955e-06
6.035808765768481032e-06
6.064871950198587983e-06
6.093771459260124576e-06
6.109097098816008611e-06
6.125941254620251751e-06
6.134793730072945659e-06
6.146953402153579701e-06
6.185355240197692776e-06
6.201939883911023546e-06
6.205195364824872893e-06
6.246910224607631040e-06
6.272588524182833935e-06
6.290503622014485921e-06
6.308058587027073313e-06
6.330212706348330553e-06
6.355473506329770042e-06
6.383421333164480179e-06
6.414986553304819439e-06
6.422152326489605549e-06
6.444895016789193765e-06
6.458389919832238069e-06
6.497083433054212180e-06
6.506014741653852739e-06
6.515679773050962094e-06
6.532417362099141400e-06
6.560285153254247457e-06
6.605975393026375694e-06
6.644312351160546283e-06
6.654239200594136507e-06
6.671667737951190228e-06
6.704560100037159166e-06
6.741009947801594820e-06
6.763468361626130590e-06
6.771726393368872923e-06
6.778945362878253338e-06
6.806520339568340635e-06
6.838223754956712282e-06
6.841974386324809114e-06
6.881689938237238929e-06
6.913780673823122339e-06
6.921129298342012295e-06
6.953907753889367751e-06
6.971626931850539508e-06
6.987163002297749058e-06
7.001858658723413989e-06
7.022053138409506672e-06
7.034663451304497591e-06
7.073867884914844830e-06
7.102064723008747504e-06
7.126208614246880212e-06
7.148085100261608626e-06
7.168844829940556995e-06
7.178645837170059985e-06
7.203172888437457611e-06
7.223524984969345730e-06
7.235176813363387563e-06
7.249320972922969072e-06
7.283015573454577210e-06
7.291836431921730158e-06
7.325087164520740601e-06
7.341541251851067113e-06
7.381005150646229790e-06
7.399191899430321295e-06
7.419568673606352184e-06
7.426563862433295215e-06
7.451291924725437191e-06
7.469309961299436129e-06
7.477593975083794479e-06
7.524157278354785815e-06
7.531170833142788119e-06
7.540998421285100680e-06
7.585192425350071700e-06
7.614959547441060056e-06
7.638030588675258020e-06
7.654410864442801250e-06
7.682875774177873698e-06
7.720741082110621010e-06
7.725382141051554752e-06
7.746269404044003607e-06
7.801563274348356227e-06
7.819007116993796646e-06
7.841267762512634025e-06
7.859367520983007573e-06
7.871109521469990664e-06
7.890930155754569486e-06
7.938789094887364157e-06
7.975626915011234028e-06
7.989008423936664105e-06
8.021403761379871790e-06
8.035512441104176689e-06
8.060182736396243264e-06
8.080643746700942056e-06
8.099468900040757073e-06
8.121658819897542691e-06
8.145628761285683066e-06
8.179227344639844089e-06
8.192109719379735974e-06
8.196177348231717692e-06
8.238721445760394360e-06
8.263060113599245498e-06
8.275877252894180388e-06
8.314553466126894379e-06
8.327144336547872945e-06
8.382460178946422063e-06
8.395285038853302734e-06
8.409923586851942722e-06
8.421270485323300334e-06
8.451854953735697126e-06
8.466993054880982025e-06
8.470694423325783113e-06
8.509059055982024378e-06
8.521667467736507764e-06
8.554564769485403038e-06
8.584963678151637243e-06
8.608066805771448363e-06
8.633664473917352993e-06
8.655355954195632698e-06
8.694057350722832493e-06
8.712532725290185053e-06
8.743501381934133394e-06
8.770260393464600452e-06
8.783303691222187949e-06
8.799007789790207348e-06
8.862742771206787116e-06
8.877229672780293909e-06
8.892402476286804364e-06
8.910044667503336371e-06
8.930061109877972215e-06
8.945048484670566362e-06
8.988932520527289702e-06
9.007848637630752934e-06
9.028090127746102496e-06
9.064109328040169820e-06
9.092626955321646824e-06
9.118107039278665170e-06
9.136610408210736256e-06
9.175690158579665476e-06
9.179399740155073155e-06
9.230758315696982200e-06
9.242496048583416900e-06
9.265572510151288003e-06
9.274381250306418454e-06
9.331226758313951482e-06
9.338750500172258407e-06
9.353463896465835726e-06
9.388497154306985526e-06
9.409875055938920921e-06
9.440566919923052292e-06
9.464671933381711935e-06
9.472775774570540815e-06
9.502141957448989815e-06
9.539066086971184977e-06
9.563256867916351486e-06
9.588032928421630504e-06
9.596543188911621652e-06
9.626714236606450240e-06
9.645001779251982749e-06
9.691792591575885016e-06
9.704087494616404224e-06
9.764781896254822724e-06
9.768484484234281464e-06
9.787358969168863019e-06
9.790025904713640738e-06
9.828147892511093387e-06
9.839625215669687414e-06
9.882946032680339375e-06
9.910769327677055728e-06
9.940588539574674788e-06
9.973415523143148322e-06
1.000082815462564171e-05
1.000756442029052702e-05
1.001455011943683841e-05
1.003701548877079751e-05
1.007411522422081385e-05
1.009404540672313745e-05
1.011504833095759226e-05
1.013655807963033030e-05
1.014671863386849837e-05
1.020589557677308700e-05
1.022516635584688639e-05
1.024381690004379835e-05
1.026382351903968198e-05
1.029178650040623703e-05
1.031950048096643080e-05
1.032963725903038976e-05
1.034981081692806589e-05
1.036851493424382784e-05
1.043153604021495946e-05
1.043574174046190580e-05
1.045924184488066218e-05
1.048634928817954551e-05
1.049637835202753813e-05
1.054620776721260086e-05
1.055971957184149403e-05
1.059119752767587591e-05
1.061286875153125854e-05
1.066405562266424181e-05
1.069924564975315193e-05
1.070376867357018455e-05
1.074474008254140921e-05
1.077486083222911835e-05
1.078895888671884944e-05
1.081341291323875342e-05
1.085871498618007227e-05
1.089318184983761126e-05
1.092458064723407605e-05
1.093649563749206894e-05
1.097663092857196708e-05
1.099282448095523112e-05
1.099710335131366234e-05
1.106361456111572930e-05
1.106612369231216954e-05
1.109381467790451871e-05
1.111337779305599268e-05
1.113522768023144684e-05
1.115944433209903565e-05
1.118096835965500324e-05
1.119127282361265310e-05
1.120712324543342524e-05
1.121830726635508861e-05
1.126268910954419914e-05
1.129935594347275676e-05
1.131453457669157858e-05
1.133055246492601869e-05
1.136687639815081390e-05
1.140494609312214393e-05
1.142985266981281681e-05
1.145400561802705909e-05
1.149403645183123892e-05
1.150783196114467869e-05
1.157251049657553063e-05
1.159470200121230043e-05
1.161367060265799061e-05
1.163232927110793951e-05
1.164717792953489446e-05
1.169739439269526159e-05
1.171045908512911881e-05
1.173604582129157250e-05
1.176772197736525628e-05
1.180681916762800372e-05
1.183854807276821243e-05
1.184993855963705734e-05
1.188176675989916159e-05
1.191658495785997638e-05
1.195129201811631868e-05
1.195904025184743336e-05
1.198429755781915974e-05
1.199493283636315291e-05
1.201736217338098041e-05
1.204232039875930275e-05
1.209407302048190323e-05
1.209968374031844823e-05
1.214416562776133233e-05
1.217152170766037688e-05
1.220405938016697074e-05
1.221206122043018164e-05
1.226405623898723881e-05
1.227814457259433224e-05
1.229498185390439163e-05
1.230975420171733829e-05
1.233518575970225530e-05
1.236736276853885187e-05
1.241093705661999487e-05
1.241789358676059616e-05
1.243459288912742453e-05
1.248827630201037122e-05
1.250647231206768298e-05
1.253284116824062844e-05
1.257035740295052875e-05
1.258569805087307325e-05
1.261327324901834658e-05
1.262519606779676586e-05
1.266133941178159302e-05
1.271919282356530474e-05
1.273102534554547364e-05
1.277551895584975802e-05
1.278874556962360564e-05
1.280509262747894298e-05
1.284320960270307548e-05
1.288661673739589435e-05
1.292112807498426142e-05
1.294697694909338116e-05
1.298604836493597178e-05
1.299439349520388365e-05
1.303991763174750105e-05
1.306714939424299769e-05
1.307790918975074050e-05
1.316373219546874619e-05
1.319121070144429649e-05
1.320495569717271034e-05
1.323782500075341778e-05
1.327295352084501253e-05
1.330493696092901950e-05
1.332022250609664992e-05
1.334156028385532149e-05
1.335533978297644386e-05
1.337532726363454370e-05
1.341715502357041576e-05
1.343356700770614074e-05
1.343789383791775268e-05
1.346621412703774043e-05
1.348831082170300968e-05
1.353697742296562412e-05
1.355505391963185636e-05
1.358692934539105005e-05
1.362905449006276891e-05
1.365978996632439444e-05
1.370576998019594591e-05
1.371048719726728325e-05
1.374195206235615687e-05
1.381187794069099579e-05
1.384927944557618017e-05
1.385166400859166328e-05
1.386072316327092219e-05
1.391194988192403898e-05
1.392335588819179583e-05
1.393978209307241801e-05
1.400845898627227693e-05
1.402419320985745204e-05
1.403889554049992634e-05
1.407340857522405386e-05
1.410385138822082406e-05
1.411878372661815689e-05
1.414934155878982305e-05
1.418855120547827452e-05
1.420826043581578816e-05
1.425805881768524110e-05
1.427011144715976279e-05
1.433164435034783861e-05
1.435056882362152945e-05
1.438669188000238103e-05
1.441634046003107527e-05
1.443752447059374414e-05
1.446245446171848797e-05
1.447870824396064326e-05
1.450442186618259395e-05
1.452348783231834702e-05
1.454692277632796104e-05
1.459477553863967716e-05
1.462740964785707608e-05
1.464598855534581743e-05
1.467226051738865676e-05
1.473119963183848185e-05
1.477161667656965346e-05
1.479383695743618962e-05
1.483514482933293683e-05
1.486250924954819336e-05
1.488436111901782522e-05
1.490421903436044955e-05
1.492153897887219399e-05
1.494835902672561259e-05
1.499824353665318119e-05
1.500885580104992207e-05
1.503634111188679530e-05
1.506631815546479913e-05
1.507014688107591369e-05
1.509336147256922074e-05
1.514796613026193077e-05
1.515916344961382903e-05
1.519928091208590492e-05
1.525950481273745003e-05
1.529345163305058944e-05
1.531647958184627841e-05
1.535490947297531926e-05
1.538638334474072810e-05
1.539898235782689360e-05
1.541447695452127637e-05
1.544861191722970149e-05
1.547353148275913191e-05
1.552609530725113882e-05
1.554451399682150374e-05
1.557284083621801750e-05
1.561533070572635544e-05
1.563238689886037387e-05
1.563949050488697924e-05
1.569705755266354803e-05
1.573976083084842637e-05
1.577435938597289406e-05
1.577796677685859255e-05
1.581476860908051019e-05
1.582945557872090744e-05
1.586189276358090941e-05
1.587557279286265358e-05
1.592298253271240427e-05
1.595229243046089476e-05
1.599822262064335698e-05
1.601643360463816734e-05
1.609775140272215653e-05
1.611618405895086684e-05
1.613351618333973701e-05
1.614713792944950154e-05
1.618296638160205897e-05
1.620435730156805188e-05
1.621249842619413678e-05
1.625450032059309191e-05
1.627623286774002899e-05
1.632968404738580482e-05
1.638104129760039107e-05
1.639126296208997881e-05
1.642694439603661121e-05
1.645463944159093698e-05
1.650679450726796370e-05
1.655529974700131179e-05
1.657521055222997821e-05
1.659813285231467243e-05
1.662451957256714201e-05
1.663731675604758308e-05
1.665480582806208132e-05
1.668461359571871399e-05
1.673192523347887876e-05
1.676419933974383615e-05
1.679707539780940360e-05
1.680804800079631293e-05
1.687076057539883407e-05
1.689432280774797457e-05
1.691978295422306357e-05
1.693164215417514528e-05
1.698969052629702045e-05
1.702353204564376095e-05
1.705091296788099707e-05
1.707724027126749451e-05
1.711140775611442224e-05
1.712201945614884316e-05
1.717116879570774983e-05
1.720669889104595518e-05
1.723441260728705290e-05
1.730358287778845157e-05
1.733090530959910475e-05
1.736743693226745454e-05
1.740642199089441623e-05
1.742015109502310604e-05
1.745369717870726912e-05
1.749569514782696369e-05
1.751325414564104183e-05
1.752944338102984602e-05
1.756497170645407660e-05
1.761734408211249731e-05
1.764184658494134648e-05
1.768678890684389723e-05
1.769860533680515916e-05
1.771500069546264123e-05
1.776460100930417788e-05
1.780906059403595854e-05
1.785632034154996454e-05
1.788906644280041013e-05
1.790653407440107194e-05
1.795938808123839130e-05
1.798799076252630702e-05
1.800452289488862522e-05
1.804465750228471276e-05
1.805126870925454459e-05
1.812012249347173860e-05
1.813535838431201206e-05
1.815122450254780088e-05
1.821181849964546382e-05
1.824075480990313002e-05
1.825642190871670982e-05
1.830304086977646986e-05
1.831018699106402338e-05
1.836266622868077590e-05
1.842746446421197255e-05
1.844452915744275933e-05
1.846481217103951579e-05
1.851478465228069992e-05
1.854519561503565394e-05
1.857561695899780690e-05
1.862824766387332866e-05
1.865616111848201255e-05
1.869939111416557187e-05
1.871959342548567309e-05
1.874071546434289521e-05
1.875585021650351630e-05
1.880920233679576485e-05
1.884619227277676987e-05
1.887435429741573202e-05
1.890884349821573521e-05
1.895090674461714483e-05
1.898065477897747209e-05
1.901611512174640717e-05
1.902694700752453685e-05
1.908892269145463449e-05
1.910478854976373688e-05
1.915169690797832375e-05
1.918288027992233322e-05
1.919901378690965339e-05
1.921294860045191707e-05
1.923145098530373075e-05
1.928542505437512937e-05
1.934225582254469927e-05
1.936134883771234417e-05
1.939336497824019177e-05
1.943527327542822917e-05
1.946079886011157603e-05
1.947708755525960216e-05
1.954382261368163256e-05
1.956670594698034193e-05
1.960003887822023212e-05
1.963872067718503016e-05
1.964526003129484215e-05
1.968020139535707450e-05
1.975555276226796116e-05
1.975987089818421823e-05
1.978604981275161365e-05
1.984230934767776768e-05
1.988282193340082051e-05
1.994357104606240785e-05
1.998295334677246260e-05
2.001635054367647626e-05
2.002067540243448887e-05
2.006726115838976734e-05
2.009731913356608790e-05
2.013969726743705798e-05
2.017021392478994603e-05
2.018500477909899226e-05
2.021226617916402606e-05
2.025829703162321000e-05
2.029795246394351966e-05
2.032789047227829857e-05
2.033826150614589768e-05
2.037288937076435871e-05
2.039440568393738288e-05
2.041034709268760208e-05
2.046271766006363068e-05
2.053498224342691813e-05
2.056832694459781593e-05
2.057509284401809647e-05
2.060964703073696073e-05
2.066079971722782578e-05
2.068349801577621627e-05
2.070656576561273208e-05
2.074133059247023199e-05
2.080335296537688065e-05
2.082541765869175827e-05
2.088104992457835907e-05
2.091841983309369684e-05
2.094286028307421605e-05
2.097405166819990663e-05
2.105354106273038908e-05
2.111906255139286336e-05
2.114780747816916393e-05
2.118933040788331773e-05
2.120284946171903213e-05
2.122624009138912525e-05
2.127618271489619927e-05
2.131990915852724093e-05
2.134348438526194100e-05
2.137573454516218777e-05
2.140745259254790537e-05
2.145700796597091206e-05
2.147248932660038146e-05
2.152080437188832467e-05
2.155918032348864575e-05
2.160176263383915542e-05
2.161987316592454096e-05
2.162578747773138659e-05
2.166603845356337115e-05
2.172694884082437017e-05
2.180795089191592731e-05
2.181289473685164965e-05
2.189383761485652204e-05
2.192241763528746527e-05
2.193324824736813885e-05
2.194855466748059654e-05
2.198874636524043497e-05
2.205533280950289563e-05
2.209473395332631627e-05
2.209694504734187242e-05
2.217730974704351307e-05
2.218624052798967035e-05
2.221299113326129918e-05
2.225705175341511190e-05
2.228239647008293766e-05
2.232993780806548010e-05
2.233302539781940782e-05
2.239146130191553669e-05
2.245160765940393418e-05
2.247343220602714570e-05
2.248538093614205186e-05
2.250966986430027379e-05
2.257485409440918147e-05
2.260430363169722403e-05
2.263595394723828954e-05
2.265173100899791592e-05
2.273359072216739354e-05
2.274130022597574101e-05
2.279192826539039896e-05
2.283414292732597895e-05
2.285664434577118969e-05
2.289925078666568432e-05
2.293201398113934263e-05
2.298499499536791290e-05
2.302057656573905730e-05
2.305782447906853353e-05
2.306140773673392787e-05
2.311359797222858108e-05
2.315438815256601619e-05
2.318655712007365073e-05
2.320080472727154242e-05
2.325317487100461844e-05
2.329485751585273315e-05
2.332390094948163855e-05
2.335101298716117546e-05
2.336818605781417895e-05
2.339552228768775765e-05
2.344560529032714441e-05
2.351527773827413238e-05
2.355061988270901931e-05
2.356892744937878268e-05
2.361465954304934023e-05
2.364361659116976470e-05
2.371232862647566769e-05
2.376309231757969701e-05
2.377668556271068654e-05
2.382124294271899969e-05
2.386978248774816497e-05
2.389197698909145370e-05
2.393781686827623899e-05
2.398068892925024040e-05
2.401209843127379234e-05
2.405553239809868644e-05
2.409168716739882611e-05
2.412876774780004730e-05
2.418529234310215576e-05
2.423330807635075952e-05
2.425018672841347623e-05
2.429540836172910614e-05
2.435626742625154534e-05
2.439039052165381806e-05
2.439750907907970684e-05
2.444483749285959634e-05
2.445393250679163757e-05
2.454043570644824163e-05
2.459473599542433682e-05
2.460685872703772148e-05
2.465869330061689130e-05
2.469178724361672560e-05
2.476664577126070434e-05
2.480198268485759815e-05
2.482011162113040525e-05
2.486348959455572243e-05
2.488491535085081194e-05
2.493637625965130076e-05
2.494765688104015592e-05
2.499827744956785750e-05
2.500081498092476782e-05
2.505210202405611759e-05
2.510451100757378918e-05
2.518048280270677257e-05
2.520403036197036171e-05
2.523604171928147891e-05
2.526105888296282403e-05
2.529209916802015092e-05
2.535232031963977420e-05
2.539891612616779922e-05
2.544279790332967567e-05
2.545566359864057920e-05
2.551892327758131977e-05
2.558237530079938632e-05
2.564729069532689361e-05
2.565610844430884729e-05
2.576085908687880785e-05
2.578543628382971289e-05
2.585148526907948428e-05
2.585762519878504254e-05
2.592464669212291158e-05
2.597084608222650052e-05
2.598575634184995204e-05
2.604003490936331110e-05
2.608058558136221660e-05
2.611749002215149845e-05
2.617209088328852120e-05
2.618263332023042388e-05
2.619951430134803116e-05
2.625623634708764684e-05
2.630004584643450360e-05
2.633777514510087951e-05
2.639487931990835512e-05
2.639949351827285793e-05
2.645309020455790299e-05
2.648761352038560689e-05
2.651774690568515185e-05
2.659396784594814493e-05
2.661338754759297288e-05
2.663348657145271934e-05
2.669265566145759286e-05
2.672537849246063883e-05
2.674100655323458220e-05
2.678425658839425234e-05
2.680199611723438544e-05
2.684135484112687894e-05
2.685994185515450135e-05
2.692225094024631893e-05
2.699123453694463734e-05
2.705633251913289476e-05
2.711162912703659442e-05
2.713603536630454949e-05
2.717606820683420189e-05
2.720814549033542766e-05
2.725027831564662666e-05
2.727731670633450089e-05
2.730203057801292089e-05
2.732956575366619374e-05
2.739157627227031610e-05
2.744925073318058725e-05
2.749368465072275870e-05
2.761052759220458927e-05
2.763074817072470575e-05
2.767122056052924176e-05
2.769784501312089011e-05
2.776055870321862982e-05
2.778525539947903044e-05
2.782529206784514102e-05
2.785341092690574592e-05
2.791183665206926751e-05
2.795207549253979381e-05
2.798850964759872750e-05
2.804730194428466683e-05
2.810968027752400414e-05
2.812320788720877823e-05
2.815534432965474863e-05
2.819302349456592811e-05
2.826487714203607311e-05
2.832050871722810545e-05
2.833458856458294519e-05
2.840979691075660063e-05
2.843779480272020274e-05
2.848290203962337808e-05
2.852040777373979758e-05
2.859865303272293179e-05
2.865425115170364866e-05
2.867662289692676845e-05
2.873401923216619292e-05
2.880897179931191278e-05
2.884723772335035682e-05
2.887354709231557560e-05
2.892851966131070878e-05
2.896890015343319783e-05
2.899664418079036653e-05
2.906942585512306559e-05
2.908523512068260790e-05
2.911765190009205334e-05
2.918305060698809435e-05
2.924024096485796894e-05
2.927718334087187383e-05
2.931190125215445347e-05
2.932723841155364432e-05
2.936190196910164044e-05
2.942622472389678470e-05
2.946719769887176337e-05
2.949819225573061364e-05
2.952761304084504059e-05
2.957475138295719485e-05
2.963412075628860283e-05
2.964578897448963079e-05
2.968817215154627789e-05
2.972836544514558777e-05
2.974799534727051500e-05
2.984669144241570526e-05
2.987061035590983315e-05
2.996124643196324157e-05
2.999719709512504225e-05
3.005375395506694618e-05
3.011599964476087120e-05
3.012837234908387807e-05
3.014245699644238423e-05
3.024181203110175067e-05
3.026533185521498859e-05
3.029263155798795498e-05
3.033068814746998923e-05
3.041621410692511623e-05
3.048273551740118313e-05
3.051960646342200646e-05
3.055771682701700063e-05
3.060597704604048444e-05
3.065025580890345133e-05
3.068697696660700324e-05
3.074549561952247799e-05
3.078884342740615396e-05
3.080602280998722575e-05
3.083962104631086173e-05
3.088110998331244011e-05
3.096029058923199334e-05
3.099528085637032318e-05
3.102708437672601721e-05
3.103890721575450884e-05
3.108039071912449487e-05
3.115531497045376019e-05
3.121484234498811644e-05
3.125135622150361172e-05
3.127740080258483888e-05
3.131615179062905319e-05
3.138716094498055810e-05
3.143486864313441587e-05
3.147042795477834686e-05
3.152354671107275797e-05
3.153814909207650259e-05
3.162253828491563373e-05
3.163331419221119563e-05
3.169679926107185983e-05
3.173603101613439254e-05
3.176340620677144003e-05
3.180959042944949268e-05
3.183740235591456399e-05
3.195903851953927347e-05
3.198305988611595881e-05
3.205618421592820987e-05
3.210456558817703090e-05
3.213970816599573193e-05
3.223917314281387562e-05
3.227483297544333747e-05
3.227909987029713872e-05
3.235679340476488785e-05
3.237137536426760119e-05
3.240522035110876412e-05
3.245495795253453545e-05
3.252904687479780526e-05
3.257829798196993536e-05
3.261149462880171988e-05
3.266868872882193882e-05
3.268060997511327838e-05
3.275654201157818018e-05
3.276136971552864576e-05
3.282175959871788575e-05
3.289253368477862357e-05
3.293118069439180903e-05
3.296584901962833116e-05
3.303474779122752246e-05
3.311352714459467138e-05
3.314756096033827268e-05
3.316108856888592537e-05
3.319491673990348628e-05
3.328988327584880998e-05
3.334169033350401596e-05
3.344938064130344770e-05
3.350272760685929019e-05
3.351570772174279573e-05
3.354869171932423283e-05
3.357791213293432177e-05
3.359438915623188778e-05
3.369268823983800649e-05
3.374979366947267043e-05
3.387616505660057478e-05
3.390694968678026279e-05
3.392954893920116261e-05
3.395160043910602895e-05
3.399778309262068972e-05
3.408381671405542640e-05
3.411775749812519178e-05
3.413459911041338813e-05
3.416076740819813656e-05
3.418998921470587710e-05
3.427549001164271862e-05
3.430233556831495444e-05
3.437068421766520301e-05
3.444790298931905769e-05
3.452017093185455541e-05
3.455571657732947345e-05
3.459944968940656694e-05
3.464157479112035598e-05
3.470792712585204083e-05
3.472904998488000362e-05
3.481799561805080776e-05
3.486996320101412057e-05
3.489419674176476776e-05
3.496865629870943748e-05
3.501272136927314961e-05
3.506245769397915642e-05
3.509974870786428548e-05
3.513730345547531273e-05
3.518313473042018497e-05
3.527069712944564116e-05
3.537683407406870409e-05
3.538765591366246666e-05
3.546594138324447599e-05
3.549950800937983592e-05
3.553206891461648366e-05
3.556276255315296933e-05
3.567808273982226314e-05
3.569756172340220890e-05
3.575869640168069887e-05
3.581422844274672023e-05
3.589545433129124474e-05
3.591586725145981882e-05
3.594054736986105074e-05
3.601712581864131038e-05
3.604985135914973642e-05
3.607765224695926308e-05
3.611130441415683946e-05
3.620863720587029949e-05
3.625436498460696575e-05
3.632852540819349644e-05
3.636086543360783819e-05
3.641692179467766904e-05
3.644362141182123422e-05
3.650038886610531121e-05
3.652280667439922846e-05
3.655871284019980946e-05
3.666515245282818896e-05
3.674133216792912777e-05
3.681784248796613314e-05
3.684080195137840488e-05
3.690431141036437125e-05
3.698617112694523002e-05
3.701512953135824535e-05
3.704409759604882987e-05
3.710696656378863569e-05
3.719563691610418651e-05
3.722377748499491575e-05
3.723168616193038496e-05
3.730413319787039754e-05
3.733499187047308266e-05
3.739049111839435133e-05
3.745406907101741031e-05
3.747728256997628178e-05
3.753388481379817246e-05
3.759849673487033344e-05
3.771959504788131238e-05
3.777515819850187529e-05
3.781773067417449951e-05
3.786989689285622060e-05
3.791585357762801168e-05
3.798505527244496279e-05
3.802397213039187640e-05
3.808164722716129378e-05
3.812324709517343145e-05
3.819663272523275401e-05
3.824257209652504437e-05
3.828372466972682661e-05
3.838993512885297509e-05
3.843396731419802337e-05
3.844524421662734421e-05
3.856846173226234962e-05
3.862029630208010022e-05
3.871983898082041769e-05
3.875481051496425570e-05
3.881528815809817245e-05
3.884507222251503539e-05
3.889039456218755080e-05
3.889197183640915543e-05
3.893067433267627478e-05
3.896464966402566867e-05
3.907574279752618643e-05
3.915484456990518696e-05
3.924436039687766398e-05
3.928834038171789540e-05
3.937634243786511618e-05
3.939631324142429502e-05
3.946245769829227382e-05
3.950298713545014533e-05
3.958156564029493738e-05
3.961999283288246388e-05
3.971054287152887607e-05
3.975956648062771578e-05
3.977103680713426091e-05
3.984188960229748713e-05
3.987372516925595224e-05
3.991718359366328662e-05
3.996840043525470539e-05
4.007153313799871727e-05
4.012375020233871563e-05
4.013679909350896345e-05
4.019444715248766655e-05
4.030303542296275729e-05
4.036128174349243666e-05
4.043563859180280461e-05
4.050688127815831990e-05
4.053404454933060279e-05
4.060616042757684619e-05
4.062838973699392340e-05
4.072878111554494691e-05
4.079768701131733104e-05
4.088710983911445792e-05
4.093037493591998761e-05
4.094806541640301582e-05
4.102137820861406385e-05
4.103919161947739731e-05
4.121042215457137780e-05
4.122073318845634028e-05
4.128293548294038157e-05
4.135824180560096627e-05
4.136522145068837484e-05
4.144494730975379135e-05
4.153993840286537918e-05
4.159522121832382829e-05
4.168857039842264540e-05
4.173383687101749349e-05
4.176480016222468213e-05
4.187230448983503327e-05
4.188915551819748673e-05
4.191182152154204982e-05
4.196205873476359653e-05
4.212642024387750096e-05
4.221407699681891355e-05
4.223627593193351163e-05
4.228575775035047548e-05
4.230894423648600620e-05
4.235142252860279896e-05
4.247978142351047066e-05
4.254859834914510625e-05
4.263780331784048912e-05
4.264821587951903628e-05
4.270448681153540159e-05
4.273375245728610792e-05
4.277159231647993589e-05
4.286253242162284597e-05
4.291543319205787954e-05
4.299095600984618391e-05
4.310259753271304206e-05
4.313076154191619973e-05
4.323850406365624079e-05
4.324273073353514078e-05
4.331354612039150034e-05
4.342672511691696450e-05
4.347493146030153319e-05
4.357254854910642950e-05
4.362165102560553706e-05
4.364530017105940860e-05
4.373194484023264239e-05
4.378353106385880658e-05
4.385337100371691944e-05
4.392002392268156400e-05
4.397311273671328268e-05
4.400384067111534072e-05
4.403808111073863698e-05
4.420482609171282962e-05
4.422191527465567655e-05
4.426717342400957701e-05
4.431325879196652882e-05
4.439242847955527418e-05
4.441430780123535143e-05
4.451344107034119234e-05
4.452510801928047585e-05
4.462204145169098446e-05
4.467255185103370999e-05
4.475892705690778984e-05
4.480147687391090416e-05
4.482399317277661909e-05
4.491723477133598836e-05
4.494620961512557676e-05
4.504414319085503802e-05
4.508758133065602101e-05
4.516063337594157338e-05
4.524335110728755851e-05
4.525055116420418358e-05
4.540547922429923733e-05
4.544488565299134120e-05
4.548455424082226389e-05
4.554725278280500586e-05
4.562140045391760077e-05
4.571866200725217675e-05
4.579760936977117741e-05
4.583280734495538596e-05
4.588207248699504963e-05
4.592846628252314983e-05
4.603771688034612809e-05
4.606467266461416619e-05
4.618212398289235887e-05
4.621395895235091663e-05
4.623675314944433593e-05
4.626472714707604124e-05
4.637989015239437203e-05
4.646073503421449622e-05
4.653323654345112336e-05
4.662549351212980482e-05
4.665118159446425599e-05
4.675970049958393430e-05
4.680491371768356093e-05
4.687412899181953708e-05
4.695665660206297228e-05
4.705583555548693093e-05
4.714080598436779429e-05
4.724735119737619025e-05
4.727610186058150586e-05
4.738362205998713589e-05
4.745001263269197912e-05
4.751388702210733325e-05
4.761586942602589459e-05
4.768438288404988401e-05
4.770886611193017970e-05
4.779098423435218328e-05
4.781571990879246632e-05
4.794923450569250456e-05
4.801227055103355587e-05
4.805673931714748916e-05
4.811583136121338783e-05
4.826500509200042923e-05
4.827665017510853878e-05
4.844639354523442209e-05
4.848207018896045936e-05
4.851303554592986857e-05
4.862219918325258374e-05
4.869236940740836344e-05
4.872884210699124043e-05
4.886313642934200872e-05
4.890279920530359438e-05
4.891054236227361334e-05
4.903616400871312780e-05
4.909022572296904935e-05
4.912055523962637516e-05
4.923938536489022035e-05
4.929045140974498956e-05
4.932982462638232365e-05
4.938483978266933465e-05
4.952782924920111449e-05
4.957218536629209166e-05
4.966750241562551863e-05
4.976592976444103801e-05
4.984539269663434665e-05
4.991925685596433496e-05
4.999884419721545374e-05
5.004379351790610276e-05
5.008447530795255966e-05
5.014766433360051359e-05
5.027073436968816612e-05
5.031663950484014622e-05
5.040116476587994305e-05
5.042046523079489614e-05
5.053600329901824308e-05
5.056806182125537775e-05
5.067482877672756057e-05
5.073771212780258072e-05
5.074201491978797625e-05
5.085256687463018390e-05
5.089474672162349705e-05
5.098304631503033224e-05
5.106269649750897296e-05
5.114118907303751054e-05
5.121422874816505084e-05
5.134753562454126986e-05
5.138135420066475121e-05
5.150162747461762799e-05
5.151725488059653602e-05
5.160110738232040500e-05
5.165775260567791627e-05
5.172125251798850208e-05
5.177327269768925935e-05
5.178324314021509660e-05
5.183189889541634545e-05
5.203678660501096653e-05
5.207052045074812580e-05
5.210175071697498844e-05
5.218111406754540824e-05
5.231774248787235350e-05
5.238126849825954032e-05
5.241146729445007998e-05
5.261294582536079153e-05
5.274230839680949776e-05
5.280091035791435999e-05
5.284493033739373624e-05
5.300361079193220980e-05
5.304417552836495730e-05
5.308781459475819906e-05
5.310646421787995267e-05
5.324329188691234363e-05
5.331970066890957268e-05
5.339975673667123854e-05
5.343732485404147043e-05
5.360907339433934723e-05
5.362517142251775078e-05
5.372012585877991450e-05
5.378493462599838541e-05
5.385164313126812683e-05
5.401670110886548903e-05
5.408988395831797777e-05
5.416893671016672853e-05
5.422801401573336069e-05
5.436283839620199680e-05
5.447128261295364958e-05
5.451633370240064382e-05
5.460584590124277260e-05
5.468236565395512191e-05
5.474766841297015122e-05
5.482163488270919242e-05
5.490563026435820392e-05
5.503585895522806836e-05
5.505534508972260630e-05
5.518662453655280711e-05
5.521601201513122112e-05
5.531417539224697642e-05
5.544514331718922032e-05
5.549686590369782999e-05
5.561443201489481167e-05
5.565784718596066547e-05
5.570760796687319563e-05
5.579124084673381400e-05
5.590261249536178302e-05
5.594158832902027223e-05
5.602036556154304782e-05
5.610771358015013190e-05
5.617319041857386574e-05
5.622463488103290061e-05
5.634580089984210928e-05
5.639692277249591364e-05
5.648320981757955797e-05
5.657494776347915207e-05
5.670634820475242135e-05
5.674831010980690586e-05
5.686419362270810692e-05
5.703105192990061601e-05
5.705833776936151345e-05
5.722144997161448680e-05
5.731774964533976831e-05
5.732647312090921008e-05
5.751120467098841486e-05
5.752814938866771845e-05
5.757001572370177249e-05
5.768207991189408567e-05
5.777578676538292006e-05
5.792359967738506128e-05
5.800708631064236472e-05
5.806097901053239508e-05
5.825097568413190974e-05
5.830205045454607072e-05
5.833785216640973060e-05
5.840376416144202635e-05
5.852469716452285230e-05
5.856644889875473075e-05
5.874527253014176525e-05
5.880770662175008030e-05
5.882834547075809330e-05
5.892180753739006656e-05
5.895883687641334943e-05
5.913532610736802673e-05
5.920981802707332047e-05
5.933291071119390394e-05
5.943694913204015191e-05
5.954894436775908862e-05
5.957736048003829145e-05
5.962406279352469688e-05
5.976798424503229027e-05
5.987753822363903384e-05
5.997821711613521116e-05
6.014779445452010610e-05
6.016576180660827865e-05
6.030149540923822717e-05
6.036965622849667715e-05
6.040129620631932603e-05
6.046504909896696227e-05
6.050338552026168315e-05
6.063983690820574820e-05
6.073329672386898226e-05
6.086466068055316575e-05
6.093346716086316274e-05
6.102626135323249398e-05
6.107671661900682060e-05
6.114740968557286313e-05
6.115292692270277760e-05
6.126743355357115836e-05
6.136864691321169214e-05
6.151015549647192581e-05
6.171673903714161363e-05
6.183753175588827553e-05
6.186848201266776032e-05
6.199955776632962417e-05
6.204788064533166606e-05
6.210534125039557894e-05
6.221664531117061748e-05
6.231730303867926693e-05
6.241664458880498716e-05
6.251351940842495101e-05
6.269697303367100882e-05
6.276174447684191345e-05
6.290630768995722315e-05
6.300191430852887346e-05
6.307526546175108001e-05
6.323692459241378276e-05
6.335776628947093348e-05
6.340988609956582189e-05
6.354674470277645970e-05
6.356667108917494742e-05
6.362304601321077616e-05
6.375652431427133863e-05
6.381084188318465343e-05
6.399226895648926165e-05
6.404405760616983302e-05
6.410684648043712161e-05
6.419697952930463901e-05
6.424102015334508134e-05
6.435089738417898886e-05
6.452953449898836868e-05
6.461749642146274227e-05
6.471596721653251241e-05
6.478186694160978408e-05
6.497612462521011774e-05
6.501535658784886199e-05
6.512757233277351523e-05
6.531579973690459617e-05
6.541955816726066674e-05
6.548288156395477768e-05
6.552491175675840868e-05
6.567662457176778467e-05
6.576958949421585177e-05
6.589324839265066000e-05
6.593616662440721099e-05
6.604864220622889861e-05
6.621158858539675043e-05
6.624645954186609686e-05
6.631811087199459339e-05
6.649523182307948371e-05
6.659328362737353124e-05
6.667093886741593748e-05
6.678850594932953606e-05
6.702192696184447592e-05
6.711475892511670151e-05
6.725916183421965086e-05
6.728323631226154709e-05
6.747307897394201940e-05
6.749762194084585071e-05
6.770104573579147761e-05
6.779473610836727606e-05
6.785832404037116857e-05
6.799369110949725142e-05
6.802151733222257040e-05
6.811300998568105432e-05
6.814370626077119442e-05
6.834656073471754168e-05
6.838684208295443812e-05
6.860731379992751904e-05
6.866995232066349243e-05
6.879830839753746168e-05
6.905580573416984986e-05
6.912925326599077529e-05
6.916913544256235902e-05
6.924212864267016417e-05
6.935124239718670779e-05
6.945455105652780425e-05
6.950152934347142430e-05
6.961618591294230034e-05
6.969401770988070872e-05
6.992416389053532876e-05
6.997574031463131420e-05
7.013686852241636082e-05
7.030174038547615711e-05
7.042788440463778970e-05
7.047087714581974432e-05
7.055112371498122135e-05
7.071846460503519933e-05
7.072831333719470967e-05
7.082788023262813785e-05
7.100374773687256631e-05
7.103757610561551499e-05
7.114785360559654117e-05
7.137047277316114450e-05
7.157139858144074380e-05
7.171673451279484096e-05
7.182771916109756427e-05
7.194086502694791807e-05
7.199155623100668444e-05
7.205818311812857771e-05
7.217365437263874577e-05
7.242834053691869659e-05
7.246097735373107577e-05
7.269071721632738153e-05
7.283031045069505072e-05
7.289770919397537264e-05
7.303745615855842122e-05
7.312798805929335223e-05
7.322770347952803002e-05
7.326073303259557443e-05
7.348499582656041668e-05
7.380042107151735308e-05
7.383363470169962742e-05
7.391804449580336963e-05
7.409513672284931125e-05
7.414347042553691533e-05
7.430996145040608852e-05
7.448022996772039525e-05
7.460483702253124804e-05
7.464957473987023496e-05
7.468148615632336750e-05
7.497118388576196166e-05
7.508712030478897957e-05
7.520016828568159856e-05
7.530858983465569102e-05
7.544066104827031809e-05
7.560579155718164977e-05
7.571485749123216832e-05
7.574632577205259317e-05
7.598740090406451951e-05
7.605915663808944646e-05
7.611557796945450790e-05
7.635895402634548877e-05
7.649269198952500623e-05
7.652926774925215738e-05
7.675042005508149305e-05
7.680919721792713191e-05
7.692794217802569252e-05
7.700175790290572154e-05
7.708335657141409888e-05
7.723070328826417766e-05
7.738309424954343272e-05
7.752651527585933706e-05
7.781734698258740111e-05
7.794632860714850644e-05
7.799908785042727367e-05
7.812736901494713164e-05
7.845149734697023263e-05
7.851033979961331150e-05
7.857266135243419448e-05
7.878017470424509042e-05
7.890173068857698189e-05
7.904708831643176778e-05
7.912832169905131428e-05
7.927754970362298670e-05
7.946627866456225180e-05
7.949774958251053811e-05
7.981205545206817686e-05
7.994293054723650334e-05
8.002985241184480648e-05
8.029765474383088273e-05
8.035501926097187179e-05
8.063352617489820645e-05
8.073472402706096491e-05
8.076145565932307975e-05
8.107948223760980361e-05
8.118865128068122308e-05
8.135248894351093977e-05
8.144355550167142190e-05
8.149480489489369897e-05
8.164588126355581781e-05
8.172297011581508726e-05
8.180551455089464313e-05
8.212900324979871764e-05
8.215598770674435735e-05
8.237856769190427116e-05
8.243341173736673706e-05
8.257732177406879438e-05
8.269127851515692624e-05
8.290443508886651013e-05
8.322472224856998014e-05
8.341327153466622112e-05
8.351285111298856808e-05
8.366701160050290392e-05
8.373286785479501721e-05
8.391737252633295872e-05
8.422775170231505020e-05
8.436618634270215834e-05
8.455252649354553758e-05
8.461802226367895984e-05
8.476593172244777617e-05
8.493006435437184946e-05
8.497547312247001302e-05
8.515574269486602288e-05
8.544291869490605086e-05
8.568574868117829547e-05
8.586307430363742201e-05
8.609318359556613568e-05
8.616633485081786486e-05
8.628422093880855142e-05
8.634498666972090025e-05
8.658069706915799831e-05
8.665329200353860282e-05
8.704714441753357750e-05
8.714286659813651268e-05
8.731144285831130664e-05
8.739857559285295449e-05
8.758011322537243557e-05
8.773743079224057462e-05
8.795181087731989214e-05
8.815390624047118276e-05
8.823331136810635424e-05
8.843655222927967064e-05
8.850508709216034085e-05
8.880697723610679085e-05
8.909150981488048833e-05
8.929756035225741551e-05
8.945558756597600644e-05
8.950863699024277681e-05
8.974892865259794417e-05
8.977725959328845243e-05
9.001806703197963509e-05
9.030017452590926750e-05
9.047890465519478707e-05
9.062857723532266499e-05
9.082402060678580540e-05
9.100942592935520339e-05
9.119089769639707524e-05
9.139378045064524246e-05
9.151860471066221401e-05
9.185410542855781621e-05
9.204698798223807346e-05
9.225128174873394385e-05
9.230048069606900296e-05
9.255843807452888603e-05
9.270746698301710737e-05
9.301153049533122442e-05
9.330017466929351919e-05
9.341003456075215692e-05
9.353643019447750078e-05
9.378426117225800989e-05
9.404980586029785151e-05
9.413002445682206050e-05
9.441565285909332087e-05
9.454219580106607913e-05
9.482007030999822425e-05
9.492071546165176219e-05
9.515676436987821889e-05
9.547066588253282126e-05
9.578739637066310797e-05
9.610087958647213057e-05
9.632497850787426360e-05
9.649622143059847232e-05
9.679916801226251522e-05
9.705712772430760053e-05
9.724576457491860334e-05
9.749702504602819066e-05
9.762713356096205974e-05
9.783850042954943716e-05
9.813063092223134039e-05
9.862914186925663827e-05
9.872236532808936185e-05
9.876763873309462552e-05
9.890544272228087594e-05
9.910015822145263264e-05
9.958083056131112514e-05
9.986024466792309750e-05
9.997684733889988448e-05
1.001489524188964525e-04
1.004712695719746541e-04
1.007244806091395559e-04
1.009886878603083070e-04
1.012442260250148344e-04
1.014427218792908903e-04
1.018912008868727603e-04
1.020894086022108952e-04
1.022756278432949783e-04
1.023883072653917830e-04
1.029221977620197473e-04
1.030130202094294375e-04
1.032550049922984040e-04
1.035015878263068469e-04
1.036456382274181411e-04
1.039457432390108993e-04
1.044961169823019483e-04
1.047711162892132344e-04
1.050875486482178594e-04
1.053568543171916957e-04
1.057923968025778217e-04
1.058415885608786957e-04
1.061805604496467642e-04
1.064767053787830681e-04
1.069678993780756430e-04
1.069968386362359531e-04
1.075340275264163176e-04
1.077658641852859085e-04
1.081073713724968688e-04
1.082913580464877056e-04
1.084049639995633896e-04
1.090733553400182918e-04
1.094103629788128438e-04
1.096762793923797540e-04
1.097564513183595266e-04
1.107313494029523116e-04
1.110284660972273507e-04
1.110742668903067713e-04
1.112722519342174263e-04
1.119588874282988834e-04
1.122613867557473567e-04
1.128549249128177220e-04
1.129254909429709762e-04
1.131526378114365632e-04
1.135904657313406612e-04
1.138710967163128907e-04
1.144079852059305403e-04
1.147646292393278937e-04
1.154093169666969951e-04
1.157433427950937087e-04
1.162332500079853664e-04
1.166035407326008479e-04
1.167845930942899195e-04
1.174148105658136992e-04
1.179153536479266560e-04
1.180037040180873323e-04
1.188560770543100101e-04
1.192084848280814102e-04
1.196355619096686182e-04
1.199250275077749355e-04
1.203858842458312400e-04
1.206866179772999779e-04
1.210312941602557652e-04
1.220804217316659977e-04
1.221913482225036576e-04
1.225727692739620952e-04
1.227365055842289678e-04
1.230998826632035358e-04
1.238010500160552515e-04
1.247545070019348253e-04
1.250860535306756889e-04
1.252137798724583010e-04
1.262546770826101540e-04
1.269209714065508583e-04
1.277531066669755806e-04
1.280399308317525635e-04
1.288890930289304847e-04
1.297270108108570651e-04
1.305850800167921127e-04
1.311054931084366644e-04
1.316130261628436625e-04
1.325312194558856153e-04
1.329227186844356384e-04
1.343515317136731197e-04
1.346873522674875390e-04
1.353046650105781980e-04
1.358897646061438746e-04
1.365241177484556893e-04
1.375217664314107280e-04
1.381173775355973136e-04
1.392395993955033236e-04
1.406952435696648244e-04
1.413038417382356303e-04
1.420268765689099990e-04
1.432605855347997173e-04
1.442932063277005937e-04
1.461216520216604376e-04
1.465911604204644893e-04
1.512663800034892312e-04
1.862375155420124676e-04
5.112538863683793343e-04
