-1.502270101565406307e-04
-1.479370909761546730e-04
-1.455961736954742972e-04
-1.451053737119923151e-04
-1.437644055640786053e-04
-1.416157195772681243e-04
-1.411126280607656266e-04
-1.396799327486013948e-04
-1.389084625951079229e-04
-1.376058048746761392e-04
-1.370743840435254923e-04
-1.364857208622561908e-04
-1.357821713126079342e-04
-1.341827704244244761e-04
-1.328261910147887084e-04
-1.326581107054410329e-04
-1.317762937758146897e-04
-1.312890861456267474e-04
-1.305605873763640427e-04
-1.303096291156602036e-04
-1.297205012536336774e-04
-1.292630074677649985e-04
-1.288457160371714132e-04
-1.277120952210717905e-04
-1.274795645347208948e-04
-1.267760067600731536e-04
-1.261917786353044244e-04
-1.256723426798038435e-04
-1.251020647529378573e-04
-1.247021987136142480e-04
-1.240468477351941879e-04
-1.239306576638731904e-04
-1.236729956697891477e-04
-1.231808585122807663e-04
-1.225301308883781329e-04
-1.218474704456261136e-04
-1.216679528046274320e-04
-1.212985938396670050e-04
-1.207842582745808003e-04
-1.198076394409892806e-04
-1.195877119084193192e-04
-1.193148275059156545e-04
-1.188367239092612016e-04
-1.177370364079879808e-04
-1.175508548767446952e-04
-1.172202726930111899e-04
-1.170013087934923903e-04
-1.162663652087054958e-04
-1.159834902459673203e-04
-1.150471443786317560e-04
-1.148353830906499083e-04
-1.146476266466207855e-04
-1.143768148796934847e-04
-1.140674813674713188e-04
-1.140316305516231153e-04
-1.138118037826228832e-04
-1.126422101579799501e-04
-1.123026152883987186e-04
-1.121232560452207214e-04
-1.115696712975858127e-04
-1.113342594560662118e-04
-1.109787936398311882e-04
-1.106797373281003650e-04
-1.100051730904174615e-04
-1.097152485158407482e-04
-1.093609277753550599e-04
-1.093401037822717238e-04
-1.087310537693959178e-04
-1.083400668337773458e-04
-1.078574837498051138e-04
-1.076045321420001104e-04
-1.073273194324770490e-04
-1.070424550632012150e-04
-1.067978503145363127e-04
-1.060714274361623463e-04
-1.058020234884235960e-04
-1.053445638243611683e-04
-1.052763268637569265e-04
-1.050695193091852466e-04
-1.049177848630917397e-04
-1.046122803863861947e-04
-1.042017527534380472e-04
-1.038420291525231007e-04
-1.034953094754848956e-04
-1.033563861520022108e-04
-1.030767013536888711e-04
-1.029053152728798157e-04
-1.022856507391917943e-04
-1.021234190361877046e-04
-1.018822155502741879e-04
-1.017640041576155327e-04
-1.014175698148186424e-04
-1.010925474073170262e-04
-1.009850445975726065e-04
-1.007393405047553179e-04
-1.001592639622315631e-04
-9.985347037013020952e-05
-9.970702150992228772e-05
-9.944144369497915313e-05
-9.934379575150050108e-05
-9.917713907952442978e-05
-9.886138236397628404e-05
-9.858471581528023596e-05
-9.816457930663642455e-05
-9.808597645916440079e-05
-9.760075836319125552e-05
-9.742489467205396505e-05
-9.719520176434423922e-05
-9.691203628034330934e-05
-9.677805003630235913e-05
-9.658131910030019523e-05
-9.638443413502137977e-05
-9.632280755377225622e-05
-9.612874472712153585e-05
-9.600761442513131526e-05
-9.577839645820066363e-05
-9.529810344589133319e-05
-9.499603519014940202e-05
-9.496730702215704740e-05
-9.482062299952103443e-05
-9.463744417223547277e-05
-9.432843350420953485e-05
-9.425127644413042074e-05
-9.386709594484205161e-05
-9.384492854969914448e-05
-9.353533226065795670e-05
-9.341402443601839133e-05
-9.301827994447104287e-05
-9.287691621182538504e-05
-9.265509614043155305e-05
-9.262878880111974020e-05
-9.245171934168829313e-05
-9.219226955996255482e-05
-9.207794542932561316e-05
-9.164232691641719666e-05
-9.144333650288134416e-05
-9.137680294215331860e-05
-9.119240033232308155e-05
-9.098466954929698182e-05
-9.089056318853179950e-05
-9.071671567900647199e-05
-9.025999522995006451e-05
-9.020721692183424013e-05
-8.990475149730230598e-05
-8.986595795271974739e-05
-8.977789534120485379e-05
-8.967284570630230196e-05
-8.924606762442471538e-05
-8.914268039602133841e-05
-8.903971565729560365e-05
-8.871574078512515680e-05
-8.854534607989268961e-05
-8.842689616424612023e-05
-8.829631259410997623e-05
-8.805431246693300510e-05
-8.797640999028144299e-05
-8.753681211146044686e-05
-8.736064986948628545e-05
-8.718950400282581058e-05
-8.716730741302118710e-05
-8.706221106340317889e-05
-8.679865375419051736e-05
-8.670138933725957098e-05
-8.643948249201487827e-05
-8.613784599461192146e-05
-8.609454677472324171e-05
-8.590875555657931546e-05
-8.567534584781591662e-05
-8.545088191703643248e-05
-8.540920726810356768e-05
-8.519350566607826003e-05
-8.490906678086699254e-05
-8.474727352505699476e-05
-8.463393839607964686e-05
-8.449101145916860340e-05
-8.421678827826709133e-05
-8.408753260078627835e-05
-8.391094724370705762e-05
-8.386586868407351039e-05
-8.361283958818385969e-05
-8.353908691343798186e-05
-8.337000569218898534e-05
-8.323402303056521700e-05
-8.305526552594947752e-05
-8.272444035654674850e-05
-8.266565918761860235e-05
-8.251490006810178611e-05
-8.236280421916369800e-05
-8.233438926614847773e-05
-8.214408840810543994e-05
-8.202927506064126633e-05
-8.189619112973331352e-05
-8.172263755874305128e-05
-8.164952622153915252e-05
-8.143961006007086447e-05
-8.126491966407610793e-05
-8.110088065450416080e-05
-8.103269914353946853e-05
-8.084375460203385201e-05
-8.065807731740055517e-05
-8.037974304458274215e-05
-8.030347662130990407e-05
-8.019362905460936954e-05
-8.012572759582116746e-05
-7.989765234989869324e-05
-7.965104928303349207e-05
-7.961597873584623692e-05
-7.958660024831811137e-05
-7.939251822056746601e-05
-7.901297496792477541e-05
-7.894577977881081456e-05
-7.886631898511454054e-05
-7.879053561408319258e-05
-7.864123165258209397e-05
-7.849626592772256637e-05
-7.834360108056567015e-05
-7.813767267690158126e-05
-7.804468308486147495e-05
-7.785093321004197923e-05
-7.779977363870796490e-05
-7.771472068543877089e-05
-7.768220171488700082e-05
-7.760053319133826508e-05
-7.739571759707742239e-05
-7.713249937353607261e-05
-7.703492232102420985e-05
-7.692356226902534759e-05
-7.685647365942590127e-05
-7.661145081540071851e-05
-7.629061968988378817e-05
-7.623879814360156855e-05
-7.616496441069877288e-05
-7.607537788898923066e-05
-7.589934693879090094e-05
-7.579834488602615915e-05
-7.569538786214580206e-05
-7.549742656921484569e-05
-7.540085715760605923e-05
-7.519314536245256728e-05
-7.500014382501784746e-05
-7.488122744362757464e-05
-7.477131444811265545e-05
-7.462016438037550920e-05
-7.442457330458409476e-05
-7.433594523477506696e-05
-7.428503047132953177e-05
-7.413573008346564179e-05
-7.394679804656711626e-05
-7.389687446376963693e-05
-7.384706977415589433e-05
-7.367608273011102811e-05
-7.356076290090792717e-05
-7.349519091137637526e-05
-7.344130565712979157e-05
-7.334760246422161874e-05
-7.319190020196255796e-05
-7.309932314741476422e-05
-7.295830217193291728e-05
-7.279352789570211948e-05
-7.266587309995798316e-05
-7.257715621755086468e-05
-7.251158876448043108e-05
-7.241053113341179440e-05
-7.236625236573397376e-05
-7.212403596487997547e-05
-7.198767729172915746e-05
-7.186294259079137347e-05
-7.171820705671901313e-05
-7.152591253936761457e-05
-7.143896472830219750e-05
-7.140456948671689431e-05
-7.122462120433816705e-05
-7.102172868127533639e-05
-7.096108972727644478e-05
-7.075404043310125107e-05
-7.069004121717920833e-05
-7.065316022394498127e-05
-7.041524144611427773e-05
-7.036999159347978822e-05
-7.029050572393877967e-05
-7.022842005708271047e-05
-7.006301536032153170e-05
-6.984112113548549688e-05
-6.967740138817807012e-05
-6.958793905387077874e-05
-6.950584533925559195e-05
-6.936227071462055182e-05
-6.933912461246685135e-05
-6.927008648173546156e-05
-6.918688424674743600e-05
-6.905178191984006047e-05
-6.901210732717259007e-05
-6.882448927205833753e-05
-6.871412284440648797e-05
-6.864376916152350810e-05
-6.853802525772215626e-05
-6.834205277421985330e-05
-6.823019159470249443e-05
-6.812346680779811641e-05
-6.801030115094244799e-05
-6.794974367214960057e-05
-6.776768920046768226e-05
-6.772026238897999148e-05
-6.753787131252130666e-05
-6.749362919058967021e-05
-6.735063443754202284e-05
-6.728774826482977138e-05
-6.714324754071079317e-05
-6.708148929379562878e-05
-6.687968428396829593e-05
-6.685053877095995976e-05
-6.673720907472505679e-05
-6.662662277467687575e-05
-6.657314086930999242e-05
-6.637084483197991673e-05
-6.630025287887956478e-05
-6.611697036460021130e-05
-6.609349132755372111e-05
-6.595023986199607317e-05
-6.582215496830600408e-05
-6.576495594805804672e-05
-6.568681034184026800e-05
-6.558241141093393560e-05
-6.546681850449168223e-05
-6.542483926254492031e-05
-6.534758854680266604e-05
-6.519026049135005232e-05
-6.508301074836992696e-05
-6.496363806208489244e-05
-6.490949479164339210e-05
-6.472186037430715101e-05
-6.458960897179868890e-05
-6.456886428765824283e-05
-6.441489777085224460e-05
-6.430271569935337413e-05
-6.421289668279053352e-05
-6.414347643759941390e-05
-6.407662576158760842e-05
-6.394400422486521849e-05
-6.392351913562099722e-05
-6.387229338217720938e-05
-6.368336831071007580e-05
-6.359100745954218822e-05
-6.354014634893743595e-05
-6.335692527427012031e-05
-6.329626225530228479e-05
-6.314139931916276215e-05
-6.306496312783783659e-05
-6.290608651380809096e-05
-6.284696224806858014e-05
-6.272254378851401478e-05
-6.265339080867217848e-05
-6.264280402825611138e-05
-6.254538651549263134e-05
-6.240280752735599505e-05
-6.230238497934523776e-05
-6.225562887299115010e-05
-6.210349687789643751e-05
-6.205783623831197346e-05
-6.191563034100520122e-05
-6.177270546715781267e-05
-6.173178600936948454e-05
-6.169312558235830809e-05
-6.161249183857700593e-05
-6.152917465543242346e-05
-6.141034879657714801e-05
-6.126850828150086955e-05
-6.125424898849100538e-05
-6.106208109440027095e-05
-6.093679318010555401e-05
-6.088456686788505879e-05
-6.086584093146497323e-05
-6.082410683662873554e-05
-6.077892286590387430e-05
-6.056162453722107057e-05
-6.054987134656146541e-05
-6.035816208051568947e-05
-6.027497310293915603e-05
-6.021140581939138012e-05
-6.014113013273062657e-05
-6.008601558894308028e-05
-5.994447885266147603e-05
-5.988801256422720572e-05
-5.974843305401900681e-05
-5.958256086063700617e-05
-5.952053686953949924e-05
-5.941331706212241517e-05
-5.938123416100363596e-05
-5.933162105121965918e-05
-5.920948454040912007e-05
-5.917844789101160024e-05
-5.903092807895719347e-05
-5.895267174604768999e-05
-5.876988515930963163e-05
-5.873071986947575124e-05
-5.859515898808128302e-05
-5.855337392531128731e-05
-5.841434237397906865e-05
-5.835644706879607467e-05
-5.827514434477508551e-05
-5.822337101631469103e-05
-5.811010371660303903e-05
-5.802326856743509942e-05
-5.792878259808603806e-05
-5.792171027294363341e-05
-5.782048362629643896e-05
-5.768836917903253953e-05
-5.755888010113868232e-05
-5.745864384828602411e-05
-5.740005186582446687e-05
-5.734489065740524166e-05
-5.723319353282138664e-05
-5.713819427922426009e-05
-5.699116477034875633e-05
-5.688096611317291915e-05
-5.684843064536240336e-05
-5.674806593505731986e-05
-5.672571247638954161e-05
-5.657520753627898072e-05
-5.654305698435219775e-05
-5.640138649753377700e-05
-5.630116639676691152e-05
-5.623469095261307468e-05
-5.616291789880683031e-05
-5.607751641097778744e-05
-5.600041473633847195e-05
-5.595480356073809794e-05
-5.583136154380688400e-05
-5.576743505813899960e-05
-5.568597580816567503e-05
-5.562100357037389723e-05
-5.545374722383919253e-05
-5.531973483154407358e-05
-5.528972524158979051e-05
-5.515187842675016363e-05
-5.511653393997792357e-05
-5.502911926134754016e-05
-5.498500008642141930e-05
-5.493325525107593577e-05
-5.478393693915049168e-05
-5.474038835796704930e-05
-5.471528148002495782e-05
-5.457643038714709828e-05
-5.448256464365533637e-05
-5.444401570114320796e-05
-5.435707752776769512e-05
-5.416253888368106694e-05
-5.405268659228145941e-05
-5.398218129056652880e-05
-5.390503448629045067e-05
-5.384574103947896965e-05
-5.380383131506417032e-05
-5.373945192501472588e-05
-5.368968272970490400e-05
-5.362198868006740824e-05
-5.352049788269834225e-05
-5.346176998923253911e-05
-5.336247353601092163e-05
-5.324922169296099735e-05
-5.322970365634246406e-05
-5.312604400418371217e-05
-5.308529488285419594e-05
-5.302866430395506011e-05
-5.288431456017034829e-05
-5.285076525252904608e-05
-5.279102373720304982e-05
-5.271671770378599065e-05
-5.263179673269874820e-05
-5.260358463269448735e-05
-5.246137063226124857e-05
-5.244689862633023441e-05
-5.233405007074544619e-05
-5.229831642323603538e-05
-5.219759502283592299e-05
-5.213967987427207750e-05
-5.205831956556717310e-05
-5.194841381747319935e-05
-5.181181330036403569e-05
-5.173316416748346839e-05
-5.160176768127597296e-05
-5.155661191578739467e-05
-5.150086092460254142e-05
-5.140081986468952814e-05
-5.134318290816280419e-05
-5.129252961598458193e-05
-5.120799586761548328e-05
-5.108792194758422843e-05
-5.106732261607849590e-05
-5.103071827543808746e-05
-5.090451367438883100e-05
-5.087161695084516945e-05
-5.078735040519147574e-05
-5.069656668829837536e-05
-5.063524073205669031e-05
-5.053545915529645584e-05
-5.052265521594411797e-05
-5.040120143269334775e-05
-5.034217825150569194e-05
-5.028936933176323071e-05
-5.020088173284602512e-05
-5.012093152034293212e-05
-5.008567148645187668e-05
-4.996822270978492649e-05
-4.991321108321073987e-05
-4.980246059150773223e-05
-4.969724076287955841e-05
-4.969354164848807203e-05
-4.963647212160782391e-05
-4.951260042051196399e-05
-4.945891514972464332e-05
-4.937787252955294745e-05
-4.924038302290908065e-05
-4.922841853691935920e-05
-4.913068451592145604e-05
-4.906084715105063146e-05
-4.897111947052111157e-05
-4.883286337424782995e-05
-4.876349429594233271e-05
-4.874999606538735366e-05
-4.867385061805666331e-05
-4.865279540198411931e-05
-4.857621825781200780e-05
-4.846324235729166546e-05
-4.844370925438742264e-05
-4.836190068049334942e-05
-4.820367035711739002e-05
-4.816773708021805623e-05
-4.810959396825638444e-05
-4.810024878769364958e-05
-4.799780768510877134e-05
-4.796373735759025688e-05
-4.792797812925907668e-05
-4.789156453269162987e-05
-4.777597923342593645e-05
-4.762956546490751760e-05
-4.756117128639154504e-05
-4.753966500377581451e-05
-4.748553957013399194e-05
-4.743646300066356328e-05
-4.738147600538600599e-05
-4.734159086291057325e-05
-4.721377047262543451e-05
-4.716453737112691666e-05
-4.705987130203988098e-05
-4.702801144297450207e-05
-4.696388278831715546e-05
-4.688341909414947160e-05
-4.687248664889564798e-05
-4.674319979283920388e-05
-4.667429582905840090e-05
-4.655908143478332728e-05
-4.646451275136161423e-05
-4.640821619035479613e-05
-4.633988925881422032e-05
-4.628042569327461386e-05
-4.622372733766997899e-05
-4.620319066377998242e-05
-4.618188690204051450e-05
-4.606266001051440891e-05
-4.599332865478104117e-05
-4.585966135684062586e-05
-4.579095413938369976e-05
-4.574469902170386391e-05
-4.571955249827224443e-05
-4.567608100201754032e-05
-4.561430777191702242e-05
-4.560066808053794357e-05
-4.553724968335327871e-05
-4.544725615580306484e-05
-4.533025518554012652e-05
-4.530148684197232679e-05
-4.525699554612195522e-05
-4.521071960209662908e-05
-4.512017554676407753e-05
-4.509190782349830641e-05
-4.502617660757016719e-05
-4.494220781824632646e-05
-4.486339155843220350e-05
-4.480731360572150999e-05
-4.478278953235246629e-05
-4.466908334413527236e-05
-4.464054950336433287e-05
-4.456830774051492611e-05
-4.445949178035275742e-05
-4.440881285559004704e-05
-4.430728573034667178e-05
-4.427653916061287842e-05
-4.424084576774922151e-05
-4.421073276789947787e-05
-4.414311768279548893e-05
-4.411265109377789881e-05
-4.405565738238252904e-05
-4.399870879459747222e-05
-4.396982510454137093e-05
-4.386964357162684064e-05
-4.379858853863552031e-05
-4.376259413907013527e-05
-4.370454910954538408e-05
-4.360629649519074682e-05
-4.342389779015219919e-05
-4.340998358856976733e-05
-4.335203177430865584e-05
-4.327751727665386946e-05
-4.323284105950300337e-05
-4.315267962062452372e-05
-4.312601606824094906e-05
-4.305831637396673807e-05
-4.301171177045086581e-05
-4.296588979795048265e-05
-4.290241016635699142e-05
-4.282283478956017516e-05
-4.271548616681406174e-05
-4.271031906141295356e-05
-4.261566525624124627e-05
-4.255702754451169440e-05
-4.252434426700686453e-05
-4.244491044071628213e-05
-4.237338158186209816e-05
-4.230363772790422832e-05
-4.228100949778220336e-05
-4.227048660457296072e-05
-4.216605205924825862e-05
-4.208287761237922722e-05
-4.206092053664721436e-05
-4.201160181357111952e-05
-4.193945206256876788e-05
-4.189115093769654811e-05
-4.181800534620595247e-05
-4.172929372351161107e-05
-4.162504945353348774e-05
-4.160437487368126092e-05
-4.151182474343364533e-05
-4.146511831797420976e-05
-4.140485702468554499e-05
-4.138421860768976641e-05
-4.127347392943631369e-05
-4.121422637683346603e-05
-4.117296053414474746e-05
-4.106888316892601948e-05
-4.104090950563391905e-05
-4.100734684627266611e-05
-4.097043375389592865e-05
-4.086560214130729058e-05
-4.079323860372365977e-05
-4.074172844630448545e-05
-4.063307524210518497e-05
-4.057164410638105996e-05
-4.054610588636385317e-05
-4.049700107487715496e-05
-4.047537223162964891e-05
-4.038153325862813730e-05
-4.037767067558314758e-05
-4.029429555833455171e-05
-4.020715107816184511e-05
-4.015578678419909559e-05
-4.008481285097223218e-05
-4.003332445755927737e-05
-3.998664066908213697e-05
-3.987930354176483894e-05
-3.985156304017253165e-05
-3.982199532974674039e-05
-3.974631425516723970e-05
-3.968503602743808276e-05
-3.961557840157707393e-05
-3.954509340034937991e-05
-3.948271923977605307e-05
-3.944794337543925267e-05
-3.940689927178355292e-05
-3.935565038235012676e-05
-3.928288398114204385e-05
-3.926753502422062806e-05
-3.921087282685506832e-05
-3.918393493146787046e-05
-3.907833303926991635e-05
-3.905998988713746905e-05
-3.894224296660773072e-05
-3.886975545640873690e-05
-3.883979457186447279e-05
-3.882037172048866358e-05
-3.873550938346136298e-05
-3.867475616794886344e-05
-3.862196847696627497e-05
-3.855224880756556694e-05
-3.846492060350782362e-05
-3.841307955701792846e-05
-3.839363187975073591e-05
-3.833443578354601777e-05
-3.827941836899030045e-05
-3.820677931689391515e-05
-3.813211737175588285e-05
-3.808302689598109636e-05
-3.805303511524213807e-05
-3.795399377310829960e-05
-3.788877375957309728e-05
-3.787240948445248269e-05
-3.785387986896915862e-05
-3.775457683646656396e-05
-3.770439611291415404e-05
-3.761788444234519002e-05
-3.757071946160703833e-05
-3.756274261502998629e-05
-3.744998716932177097e-05
-3.741979886002355101e-05
-3.734075336916535580e-05
-3.726700556759171725e-05
-3.721867121759869562e-05
-3.715373156708008228e-05
-3.708801556186959079e-05
-3.702974184248064088e-05
-3.699299301751695702e-05
-3.691067139549768710e-05
-3.685956443795008119e-05
-3.682558810187731033e-05
-3.679494978081846720e-05
-3.672074649243472810e-05
-3.664486406942123501e-05
-3.660749506694250231e-05
-3.657334969891543828e-05
-3.651447637097715289e-05
-3.645056031372281299e-05
-3.641925940213270669e-05
-3.640618462617701423e-05
-3.634137642480226801e-05
-3.629997568231056488e-05
-3.622770435765946178e-05
-3.614425768835613875e-05
-3.610068700014862640e-05
-3.605199371448879181e-05
-3.604079989001072087e-05
-3.599573669089107343e-05
-3.594936198068099566e-05
-3.591975824818510521e-05
-3.582084908879794858e-05
-3.575184572590689214e-05
-3.571980408152714551e-05
-3.568951256094131879e-05
-3.561965433516554467e-05
-3.552494468489948042e-05
-3.550967098368859560e-05
-3.546504365626870433e-05
-3.541229775660168188e-05
-3.537457801658177946e-05
-3.535002455387705090e-05
-3.529878789491334740e-05
-3.521646355908203294e-05
-3.511469119283222053e-05
-3.505658717082499375e-05
-3.501829619892379592e-05
-3.496131153779955843e-05
-3.491401571007918427e-05
-3.485033212690642155e-05
-3.481814833205727381e-05
-3.478565992811694731e-05
-3.471198629446066767e-05
-3.467025086013289688e-05
-3.463383738245548243e-05
-3.454051816984577431e-05
-3.450852061744070760e-05
-3.448131138142023188e-05
-3.441303523581872243e-05
-3.435437982747650842e-05
-3.431614597505849227e-05
-3.429332583514225216e-05
-3.425871347133440411e-05
-3.420470002906920987e-05
-3.414754749660840337e-05
-3.406582620739578621e-05
-3.403031984245532751e-05
-3.399351863165632964e-05
-3.396818662135314747e-05
-3.389542863181900983e-05
-3.386624516787724862e-05
-3.381393509049169496e-05
-3.371081333283719011e-05
-3.368948793395954865e-05
-3.364799174538289064e-05
-3.358232599557405272e-05
-3.351772733297468903e-05
-3.349708703752252886e-05
-3.345625540484446281e-05
-3.339072571062422072e-05
-3.327254315212657655e-05
-3.323158909074974660e-05
-3.318786502670432515e-05
-3.318042442825885251e-05
-3.314550516180081978e-05
-3.310135759102677004e-05
-3.308394789287701857e-05
-3.300373689733381819e-05
-3.296203511324565172e-05
-3.290397993261774369e-05
-3.283946393525158630e-05
-3.277895196206553571e-05
-3.276018474766604998e-05
-3.269898662107459766e-05
-3.262542180633446273e-05
-3.259053271510375742e-05
-3.251147367212879022e-05
-3.250256419262593534e-05
-3.245086448266442465e-05
-3.241005522912294773e-05
-3.238054416996834824e-05
-3.234243524086437559e-05
-3.226918443342703240e-05
-3.218754134995776271e-05
-3.216510500974254085e-05
-3.211246297750010802e-05
-3.203666838633709087e-05
-3.198890019376506282e-05
-3.197122585376399774e-05
-3.191719453470302277e-05
-3.184156321943422792e-05
-3.181134003176282166e-05
-3.175610453273190916e-05
-3.173329433258898445e-05
-3.166259229622734607e-05
-3.164779712566479560e-05
-3.162544908527981026e-05
-3.159003690557969440e-05
-3.151307293344974723e-05
-3.148040284148923500e-05
-3.139076666683611829e-05
-3.135737291997181059e-05
-3.130100088781292565e-05
-3.125537672456909989e-05
-3.123462208693653531e-05
-3.116633927499789971e-05
-3.111356406147351228e-05
-3.108547884321387111e-05
-3.105066885098019854e-05
-3.101809703371756152e-05
-3.094669137482669732e-05
-3.091784943142153875e-05
-3.087105438822187526e-05
-3.084022110594242298e-05
-3.077521392205901111e-05
-3.071375610080473738e-05
-3.063835958917680147e-05
-3.061704365410096576e-05
-3.056646286905073071e-05
-3.054990166944036688e-05
-3.048626922505144146e-05
-3.045875032478642888e-05
-3.044324074408015786e-05
-3.035827212613194427e-05
-3.032228988083145169e-05
-3.027417605327545515e-05
-3.023226473544127270e-05
-3.018383691870166096e-05
-3.013515685628158350e-05
-3.008851076568292283e-05
-3.000594025280031320e-05
-2.999089359175630091e-05
-2.992850242866470462e-05
-2.990065188586398263e-05
-2.980189114663103439e-05
-2.978831063177485305e-05
-2.974900301693022772e-05
-2.971747343562548466e-05
-2.968677241467409188e-05
-2.968009161759147061e-05
-2.960231875739132378e-05
-2.959021188263007281e-05
-2.954102944485754656e-05
-2.947707507061342444e-05
-2.941339033335303642e-05
-2.935508860564764946e-05
-2.928524135426449057e-05
-2.926379068294562838e-05
-2.919882867716683459e-05
-2.913401189761022237e-05
-2.905321797394816425e-05
-2.901904536470191178e-05
-2.894494517617222216e-05
-2.892310606265849387e-05
-2.888595781284012109e-05
-2.884588981758088761e-05
-2.879827429599490169e-05
-2.874988665925032260e-05
-2.871699781463917317e-05
-2.867636055321493371e-05
-2.865556074290834016e-05
-2.858719612623324767e-05
-2.854632056808151404e-05
-2.853801516678944523e-05
-2.850578834573070850e-05
-2.839502977567653807e-05
-2.838653443422271906e-05
-2.834372995354703920e-05
-2.831345877810565235e-05
-2.829871653946439234e-05
-2.823629877997444712e-05
-2.820505865765179335e-05
-2.818371485450142056e-05
-2.813174189407174208e-05
-2.808143244024939204e-05
-2.805786189205979349e-05
-2.801106416994544984e-05
-2.795922722126561796e-05
-2.793623657093173345e-05
-2.791770071478579692e-05
-2.784224205430901571e-05
-2.774781733884780429e-05
-2.773607097701030028e-05
-2.770495952114662721e-05
-2.768786925794660615e-05
-2.766964189806360826e-05
-2.761703914674441950e-05
-2.756501688776119324e-05
-2.753908092044904407e-05
-2.746088648532012927e-05
-2.743982471204097788e-05
-2.742901246115992964e-05
-2.731223497445706578e-05
-2.730224234348908112e-05
-2.725194133321372317e-05
-2.720770809695692290e-05
-2.715979424661543897e-05
-2.713835694001146643e-05
-2.707371241033455133e-05
-2.704210074063841251e-05
-2.695797071649497486e-05
-2.692535084857665935e-05
-2.686039574915772863e-05
-2.684940662715859375e-05
-2.683444939463674211e-05
-2.680919499008464966e-05
-2.675700103910585864e-05
-2.670303282379270693e-05
-2.669033225707180773e-05
-2.661152271024020381e-05
-2.658197984663873795e-05
-2.655128443053916343e-05
-2.653715150153714250e-05
-2.645210863218777910e-05
-2.640053351404149289e-05
-2.636257923368569029e-05
-2.633334918831843109e-05
-2.631519144483284424e-05
-2.628366093904354882e-05
-2.623978957066834539e-05
-2.621592779091568435e-05
-2.617346080327026154e-05
-2.615538273406904987e-05
-2.609974975205464910e-05
-2.606517876120288075e-05
-2.597358245791415524e-05
-2.594403580711616050e-05
-2.591965122799621535e-05
-2.585212890359593312e-05
-2.580682400794300467e-05
-2.577066881469465868e-05
-2.569804469376833308e-05
-2.565936982660218615e-05
-2.563582381586588106e-05
-2.559563865662338643e-05
-2.557361016537550470e-05
-2.551835039966455715e-05
-2.551205836404565446e-05
-2.549596358024737084e-05
-2.545956180594983266e-05
-2.536687319160295788e-05
-2.533567812875693471e-05
-2.529675491722180959e-05
-2.523808446445819506e-05
-2.522232069145887893e-05
-2.516748388474213851e-05
-2.511602635385804178e-05
-2.508077701873843139e-05
-2.504653190126959473e-05
-2.499795290014859671e-05
-2.496259840437191799e-05
-2.490280129442737266e-05
-2.489413973914206401e-05
-2.484453558530641556e-05
-2.480945982565421317e-05
-2.476073467419120006e-05
-2.473320492906303639e-05
-2.468943056187652716e-05
-2.467458368396249226e-05
-2.458388406266455431e-05
-2.454158642866808126e-05
-2.452718257948937328e-05
-2.449779297906758851e-05
-2.448027455630866355e-05
-2.444888446655670987e-05
-2.439860316927963820e-05
-2.433712030336519143e-05
-2.426669730265827320e-05
-2.422430686094015511e-05
-2.420553454090542157e-05
-2.418617100555931062e-05
-2.413786910055516392e-05
-2.412377798215775324e-05
-2.406582918351916992e-05
-2.404820020495486606e-05
-2.401186563492515403e-05
-2.398394355627741606e-05
-2.391468378249409185e-05
-2.390017300865343575e-05
-2.385924482909827538e-05
-2.382186176765462650e-05
-2.379770265915412742e-05
-2.371665681189791126e-05
-2.367287802823166381e-05
-2.364562115476700072e-05
-2.363359795726418055e-05
-2.362401857539069610e-05
-2.355984914503956069e-05
-2.354206222961044773e-05
-2.343444919220393014e-05
-2.340738266680454253e-05
-2.338819262558079333e-05
-2.337271835449081678e-05
-2.329962491551843619e-05
-2.325509539450046893e-05
-2.322345077236666639e-05
-2.321785869450470073e-05
-2.316705022738859378e-05
-2.310943193767496699e-05
-2.307722895578544857e-05
-2.304990139493814143e-05
-2.303103264739573609e-05
-2.297321763323595842e-05
-2.293948912598630440e-05
-2.292306174650795200e-05
-2.284624514208095556e-05
-2.283715258274123663e-05
-2.279620881704372433e-05
-2.274039976116497267e-05
-2.271535532509691652e-05
-2.265783533720778470e-05
-2.261190198361445080e-05
-2.259516800356919954e-05
-2.255838144544269945e-05
-2.250132317520830481e-05
-2.245999098876905512e-05
-2.244295449185194688e-05
-2.240998277443868444e-05
-2.237727862225591554e-05
-2.234060575952383001e-05
-2.228150918450502762e-05
-2.226444924355584063e-05
-2.220650198000644835e-05
-2.218755186311992584e-05
-2.212938114982546787e-05
-2.209234896394033284e-05
-2.207129485060817524e-05
-2.203701105249457486e-05
-2.200881674241757712e-05
-2.195502243782833113e-05
-2.189987641035096719e-05
-2.188750779127182904e-05
-2.186174291767546048e-05
-2.184633607539953194e-05
-2.177590972177575530e-05
-2.171646030970100051e-05
-2.170308496143663084e-05
-2.165414838062780861e-05
-2.163787338210567771e-05
-2.159159482797339677e-05
-2.156032284225269758e-05
-2.151769410823497716e-05
-2.143403511166028515e-05
-2.141526746484985304e-05
-2.137482500698735684e-05
-2.133435093147082265e-05
-2.131905481064823169e-05
-2.128897160141941304e-05
-2.125755935018633000e-05
-2.120291035534909560e-05
-2.118261437817860931e-05
-2.115513532290640755e-05
-2.114579097977567089e-05
-2.109798477922164757e-05
-2.104772190157633204e-05
-2.101962545720823184e-05
-2.097888314167194927e-05
-2.095039802047931837e-05
-2.089288604697559973e-05
-2.084721600297032059e-05
-2.082837835640595343e-05
-2.079225129328736714e-05
-2.078002910218675636e-05
-2.073058138836409036e-05
-2.070961966734662470e-05
-2.065941636959268030e-05
-2.061650854483840884e-05
-2.059163934360152173e-05
-2.056286683706847835e-05
-2.052744821520240896e-05
-2.049736099095299146e-05
-2.043220140740613740e-05
-2.042667867548437946e-05
-2.038549323794295332e-05
-2.035065563018503352e-05
-2.030983793957035600e-05
-2.026298262260574340e-05
-2.021061717715160708e-05
-2.017150283529440253e-05
-2.016853473890706187e-05
-2.013233723509108230e-05
-2.009983900385144213e-05
-2.008807056657529647e-05
-2.004300896147426052e-05
-2.001987651920677049e-05
-1.995844882293354853e-05
-1.991749711174733769e-05
-1.990190260925169883e-05
-1.987039546221141371e-05
-1.984067687585428579e-05
-1.980435539509252453e-05
-1.977095506818529286e-05
-1.975350490848979285e-05
-1.970405969052147673e-05
-1.966190074256116282e-05
-1.962002775678013225e-05
-1.957070875027849539e-05
-1.955293092426241882e-05
-1.953397780953490718e-05
-1.951542585807434149e-05
-1.942709412772299288e-05
-1.936418341496398216e-05
-1.933927865346839485e-05
-1.931630417782943864e-05
-1.927819586580018616e-05
-1.925108397154745072e-05
-1.919527434106377378e-05
-1.916375443952182038e-05
-1.912418646453211015e-05
-1.909632327471343040e-05
-1.908081605260363180e-05
-1.905711998347334933e-05
-1.902380500584181281e-05
-1.898195243666115194e-05
-1.897035835239462270e-05
-1.890278811520595931e-05
-1.882694944994599712e-05
-1.879981125563543379e-05
-1.878699255447841243e-05
-1.874605176642519161e-05
-1.873873444431629974e-05
-1.870470738399002993e-05
-1.866221698215531175e-05
-1.864120930759669269e-05
-1.862022798055597411e-05
-1.854011580937427233e-05
-1.853154324906983280e-05
-1.850088941816081060e-05
-1.848478196044145433e-05
-1.843927687718213546e-05
-1.840444703473432554e-05
-1.839222120242823392e-05
-1.835219993859537672e-05
-1.829854768288139726e-05
-1.828457222920698455e-05
-1.827089039992082334e-05
-1.819515179217691926e-05
-1.817028418178214135e-05
-1.815446987226759928e-05
-1.809606373401593629e-05
-1.807018089989381762e-05
-1.805712675468463613e-05
-1.801668996307347580e-05
-1.797247808198439107e-05
-1.791353555917571150e-05
-1.789681452383901468e-05
-1.785414993822660457e-05
-1.784263061054523080e-05
-1.781732807348587435e-05
-1.779279679799145318e-05
-1.775483627377991025e-05
-1.772965315266679127e-05
-1.769941352473295099e-05
-1.766671253212642043e-05
-1.764616278697338488e-05
-1.760917386311974637e-05
-1.758674353047474909e-05
-1.754220738753903245e-05
-1.749266980272684043e-05
-1.748748578036254741e-05
-1.745249014433446368e-05
-1.743306949089156070e-05
-1.738738780550991837e-05
-1.734172372096521182e-05
-1.733381097008039755e-05
-1.730783230101284767e-05
-1.728202299512170123e-05
-1.721626328307508240e-05
-1.719953928331991727e-05
-1.717498165614395097e-05
-1.715057702102134029e-05
-1.711513169051410264e-05
-1.707801662942947014e-05
-1.702896801413491810e-05
-1.700617293100561845e-05
-1.697887289609297131e-05
-1.692413327229129704e-05
-1.691320129072945496e-05
-1.683786021542727599e-05
-1.679111344338093254e-05
-1.677207308037013272e-05
-1.673606471771907546e-05
-1.672817644985772907e-05
-1.667702548610772742e-05
-1.666071706067027077e-05
-1.663313737377246777e-05
-1.659557099488547427e-05
-1.658408372797023485e-05
-1.656706915598397126e-05
-1.654432801034376652e-05
-1.651106072631348544e-05
-1.648299926793565247e-05
-1.647998833696235967e-05
-1.643507083116315396e-05
-1.641802459884647290e-05
-1.635517326955984477e-05
-1.633330613435347064e-05
-1.631583548133014124e-05
-1.627618351872037341e-05
-1.624422587873710025e-05
-1.620893198047486478e-05
-1.617520101825767318e-05
-1.613571025630181508e-05
-1.612476477116784506e-05
-1.609153708043773630e-05
-1.606588303926767319e-05
-1.603565209909680193e-05
-1.600958045582724195e-05
-1.598612653773409651e-05
-1.595352655865585402e-05
-1.590230043924607725e-05
-1.589122205915154782e-05
-1.586535437846519649e-05
-1.584541041533631372e-05
-1.581007362639927808e-05
-1.578171013626448641e-05
-1.576217759828609289e-05
-1.573530049843872478e-05
-1.573233908434380562e-05
-1.568999746250236680e-05
-1.563549735627326362e-05
-1.562396929715538030e-05
-1.559206410140046307e-05
-1.554655344581288391e-05
-1.553187029023242829e-05
-1.544003751792281446e-05
-1.542880176508911626e-05
-1.540406322211495193e-05
-1.538603739220269144e-05
-1.535608278347805369e-05
-1.532153844558759034e-05
-1.527225699549225176e-05
-1.524910072766510978e-05
-1.521208917399371112e-05
-1.518072859734799550e-05
-1.514762943071330917e-05
-1.512152003371839672e-05
-1.508949808210106346e-05
-1.506701568692069374e-05
-1.503822138654426667e-05
-1.499064261824074911e-05
-1.495060179476666561e-05
-1.493104471623745707e-05
-1.492409477983465418e-05
-1.486215145020114962e-05
-1.484321778811103689e-05
-1.479811082601057936e-05
-1.478146961401380997e-05
-1.477552662376237957e-05
-1.474593698280394886e-05
-1.470474543750308291e-05
-1.468633530620278420e-05
-1.466362507116613078e-05
-1.463565471779583348e-05
-1.459891358955852183e-05
-1.456584546566409629e-05
-1.453380956566132558e-05
-1.449568317855297417e-05
-1.448172526416919053e-05
-1.443757705320880816e-05
-1.440038018953305503e-05
-1.437183790632292226e-05
-1.436402548941188635e-05
-1.432940182044301582e-05
-1.430489794637276734e-05
-1.425351268913090107e-05
-1.425020345233056200e-05
-1.423548258669435912e-05
-1.421794495642108622e-05
-1.413381749514519811e-05
-1.411447029272746784e-05
-1.408439525543748789e-05
-1.406379716724970227e-05
-1.404177250743794004e-05
-1.401003320809027580e-05
-1.398424756746795876e-05
-1.395548085677492806e-05
-1.393194566698606475e-05
-1.388141546526872657e-05
-1.386675865820391525e-05
-1.385075252532695902e-05
-1.380570849809802535e-05
-1.374256570254103619e-05
-1.372394351868337655e-05
-1.368492632230778088e-05
-1.366993778277567150e-05
-1.364584087042877834e-05
-1.364058090993699843e-05
-1.362009318875905895e-05
-1.358806467760078698e-05
-1.354430697035262294e-05
-1.350611388303574036e-05
-1.345917840197112637e-05
-1.345104030683778328e-05
-1.342057724799302420e-05
-1.339993259310147474e-05
-1.335935332131861221e-05
-1.330730386426009003e-05
-1.328939391635877831e-05
-1.326221924244752305e-05
-1.324536555796438487e-05
-1.322640903768683590e-05
-1.320397267291089763e-05
-1.314815630960717817e-05
-1.312498081477065914e-05
-1.310546370529393068e-05
-1.308693238222551231e-05
-1.304411186140692809e-05
-1.300861254717338441e-05
-1.298430274031903127e-05
-1.296212705757462477e-05
-1.293888555848495625e-05
-1.291560676377216342e-05
-1.290036113831490274e-05
-1.283020215056473631e-05
-1.280710111862923006e-05
-1.279745058815579963e-05
-1.275861767953794002e-05
-1.274208608173797423e-05
-1.272073720329072414e-05
-1.270158606734567757e-05
-1.264699135894393986e-05
-1.260129592135211486e-05
-1.258370052659507019e-05
-1.257257902958897988e-05
-1.252357243776694059e-05
-1.252223824916441194e-05
-1.250361552059474121e-05
-1.247262405087416640e-05
-1.241594601737364863e-05
-1.240748704890928206e-05
-1.238637718199024571e-05
-1.237463120303808501e-05
-1.230926549484992431e-05
-1.228386588962790009e-05
-1.224939620040646291e-05
-1.221188605893669049e-05
-1.220609993129486379e-05
-1.218377077432130268e-05
-1.217171678402735808e-05
-1.213832507238474756e-05
-1.210539206968732075e-05
-1.209430877598176428e-05
-1.205918812696858557e-05
-1.204247410739050219e-05
-1.200631237716592787e-05
-1.197490642434898934e-05
-1.194092880763564009e-05
-1.191204306150524740e-05
-1.187497511456372410e-05
-1.185746110686577919e-05
-1.183291636278136385e-05
-1.179668693569642943e-05
-1.177645094175334141e-05
-1.176841062509961505e-05
-1.173173076921855141e-05
-1.171398485961126749e-05
-1.167868589335970954e-05
-1.166725808645466514e-05
-1.164319860122098251e-05
-1.162332175768697019e-05
-1.157556547854883171e-05
-1.154902975130743136e-05
-1.153521592151227341e-05
-1.150877052978035193e-05
-1.145813485300454237e-05
-1.144385651684038718e-05
-1.142335176303900778e-05
-1.138969072461762106e-05
-1.137011523398620499e-05
-1.135773107387354092e-05
-1.132454532514410629e-05
-1.130489477860844947e-05
-1.128162274509098948e-05
-1.125018478387092589e-05
-1.120764243085125967e-05
-1.118077273565630701e-05
-1.116467694089080233e-05
-1.113828177878501522e-05
-1.110910935827459234e-05
-1.110063057132544288e-05
-1.107404816544263178e-05
-1.104831174325735115e-05
-1.102197842547275924e-05
-1.099299487836624422e-05
-1.097535496581226308e-05
-1.092150939646059974e-05
-1.089777679280217976e-05
-1.086791304228641767e-05
-1.083967540117249887e-05
-1.079962245138897799e-05
-1.079073233392233180e-05
-1.074862761581444992e-05
-1.073153408631152586e-05
-1.069153752947183898e-05
-1.067320070611495207e-05
-1.064177362541980377e-05
-1.063295915246710706e-05
-1.059994047240950676e-05
-1.054694397428327941e-05
-1.054104697155359933e-05
-1.052394386032417350e-05
-1.050469065758437806e-05
-1.049927240723673890e-05
-1.047242866482120490e-05
-1.044230420432978758e-05
-1.040471293637622070e-05
-1.036675733143128283e-05
-1.034451724234152569e-05
-1.030862950570912291e-05
-1.029889553789891879e-05
-1.029261321105180718e-05
-1.027719287429231597e-05
-1.024944357083630098e-05
-1.022904998746521673e-05
-1.019976516138424833e-05
-1.014387410323678230e-05
-1.012538563408185287e-05
-1.008353309805807310e-05
-1.007814523522058601e-05
-1.005757593765394619e-05
-1.002234155043213070e-05
-1.000607146057588926e-05
-9.977807406841642822e-06
-9.936744410672538266e-06
-9.921457712584485472e-06
-9.905514443596347035e-06
-9.880912608530261808e-06
-9.841373999108349636e-06
-9.830837337890897592e-06
-9.795383263813406811e-06
-9.786301015942070665e-06
-9.771224185761007960e-06
-9.739287019515921522e-06
-9.716225922069339859e-06
-9.694883715797398966e-06
-9.665189509896100902e-06
-9.651614323323440826e-06
-9.598081429488056074e-06
-9.562703432919890170e-06
-9.539575956810910092e-06
-9.519404061880701749e-06
-9.512020286624586686e-06
-9.499403859088215700e-06
-9.463445970034072317e-06
-9.447265201539822177e-06
-9.411307048683501534e-06
-9.379802264798704764e-06
-9.360336451935507407e-06
-9.319474787125932205e-06
-9.314327720285117736e-06
-9.279301199071699689e-06
-9.255590333841475916e-06
-9.251322406185634906e-06
-9.212885077681240960e-06
-9.183149534309161641e-06
-9.172638189130225811e-06
-9.127972129048042555e-06
-9.110366482513281017e-06
-9.088561936552764058e-06
-9.066231659624479571e-06
-9.045227931815922291e-06
-9.021176887686847829e-06
-8.977391322867775387e-06
-8.958315750611805140e-06
-8.937534294354577811e-06
-8.927761375145953581e-06
-8.901729176342953263e-06
-8.871868269869087687e-06
-8.854150496975076234e-06
-8.830474557372412772e-06
-8.794343765238206906e-06
-8.787930006923970610e-06
-8.743808801715733617e-06
-8.719683155774253879e-06
-8.678200152894708093e-06
-8.669186592229238039e-06
-8.642167621492676072e-06
-8.626317419169045412e-06
-8.584362299876383549e-06
-8.562019242901751763e-06
-8.543395259044069508e-06
-8.532736801320532980e-06
-8.509517303339652792e-06
-8.480803626458505284e-06
-8.455192934728138267e-06
-8.435874534604426766e-06
-8.422291809279607334e-06
-8.402009823886330127e-06
-8.355036764239453254e-06
-8.333283977916129779e-06
-8.309055281041826996e-06
-8.290883062744067907e-06
-8.258109886156866523e-06
-8.246140218752645218e-06
-8.224754656110432193e-06
-8.205395695458152057e-06
-8.171653394346832216e-06
-8.131574845900441247e-06
-8.098702984846991321e-06
-8.089866154577646907e-06
-8.073936468576796026e-06
-8.060975318884602272e-06
-8.041645288301311822e-06
-8.031380654164894662e-06
-8.025706227244292683e-06
-7.984888412522146139e-06
-7.956072577351050147e-06
-7.943399533398984644e-06
-7.924449258994017362e-06
-7.868217726879536605e-06
-7.844013469981665694e-06
-7.833039212380231133e-06
-7.795227652525944212e-06
-7.786966058310832776e-06
-7.778222212519776707e-06
-7.731611676598938073e-06
-7.695719166682330069e-06
-7.681445173524040774e-06
-7.673795345558318023e-06
-7.648755549699846516e-06
-7.594248948963590783e-06
-7.571388243722818811e-06
-7.540506882245780407e-06
-7.525603174675427746e-06
-7.486197964775624073e-06
-7.460199703063965851e-06
-7.432183728480082202e-06
-7.424900375602487797e-06
-7.394156895767519732e-06
-7.387169177185460906e-06
-7.361264966445057695e-06
-7.351930787796525907e-06
-7.334382271349602884e-06
-7.289618749472916902e-06
-7.272122482701523098e-06
-7.238910385623820424e-06
-7.211776951367341314e-06
-7.190929338722309422e-06
-7.176251053564619049e-06
-7.166003280658776187e-06
-7.136102663687959505e-06
-7.108154639811156304e-06
-7.083061573662558747e-06
-7.071348844824846722e-06
-7.047126988632939341e-06
-7.036661438456154335e-06
-7.023649088854164281e-06
-6.993214428814283741e-06
-6.936591968507672886e-06
-6.935187992714739702e-06
-6.894268772974631696e-06
-6.877773818293282753e-06
-6.861563505109701509e-06
-6.845787153285750847e-06
-6.823009596839268427e-06
-6.803447473328733165e-06
-6.785947553160681016e-06
-6.757744811609186661e-06
-6.733113546014652581e-06
-6.728152831717095457e-06
-6.699519071632224774e-06
-6.668428666897054460e-06
-6.641227646512323387e-06
-6.612403989470818567e-06
-6.595899370153753281e-06
-6.579678165255528844e-06
-6.565657142254256685e-06
-6.538315416303408638e-06
-6.510798419482783233e-06
-6.501433260363015528e-06
-6.441136983450972252e-06
-6.425821346035094788e-06
-6.407385725669341999e-06
-6.402774406748247347e-06
-6.373799755307859131e-06
-6.354050736391558649e-06
-6.352233463159827368e-06
-6.313253495749245265e-06
-6.302650252409821838e-06
-6.279960664748844511e-06
-6.263006759038606557e-06
-6.251080228409303283e-06
-6.228587121458200927e-06
-6.217210631764598513e-06
-6.189494495313815362e-06
-6.154213750736486247e-06
-6.125201868888868569e-06
-6.112943319779488495e-06
-6.091116581593551472e-06
-6.062867030348237320e-06
-6.055160758969513292e-06
-6.001991411068445089e-06
-5.980751261160391298e-06
-5.969129439388302679e-06
-5.952900891310753682e-06
-5.920443380025723881e-06
-5.908449503248646251e-06
-5.872208724060615546e-06
-5.864005136985712664e-06
-5.833121446968507823e-06
-5.829076702559517139e-06
-5.807757861936715138e-06
-5.774920031705542762e-06
-5.755267553647069766e-06
-5.744917033072714495e-06
-5.707880204391036778e-06
-5.697085613803455918e-06
-5.658191456217284087e-06
-5.639530285331758688e-06
-5.618057821409923963e-06
-5.601628452083216067e-06
-5.571686064286856820e-06
-5.563099919777238666e-06
-5.544950112894343695e-06
-5.521935336278080792e-06
-5.474155659868545275e-06
-5.462121069838308359e-06
-5.442991912542433663e-06
-5.422299079120824481e-06
-5.406354422977212244e-06
-5.381300279209261499e-06
-5.367086646074902153e-06
-5.333366633967418379e-06
-5.292454460756364124e-06
-5.288665088078253415e-06
-5.275637249913359714e-06
-5.257829438069410259e-06
-5.255962174128629107e-06
-5.219678806898978686e-06
-5.183423101518948336e-06
-5.167265320061170222e-06
-5.146280849845958544e-06
-5.131502137900071121e-06
-5.111674732824208736e-06
-5.102759510661638991e-06
-5.076818645962074437e-06
-5.058780499996985992e-06
-5.049310427046187762e-06
-4.995958102791963055e-06
-4.963154130035032882e-06
-4.956001752468679494e-06
-4.942301598674627191e-06
-4.925929158021054513e-06
-4.885314401815783876e-06
-4.862012662489124019e-06
-4.856709495330053004e-06
-4.847517827222678336e-06
-4.833355141395761718e-06
-4.800021922426966758e-06
-4.775990858665081134e-06
-4.746715248876307310e-06
-4.737913236739634396e-06
-4.726288070266231870e-06
-4.695919788888498178e-06
-4.685887096230277859e-06
-4.666599714096354179e-06
-4.631892915456534975e-06
-4.621109529177513380e-06
-4.600461235372276409e-06
-4.588274418056685062e-06
-4.576355040599207510e-06
-4.554711281884689849e-06
-4.527568081760269890e-06
-4.504777529324295628e-06
-4.478607761097865635e-06
-4.470909753737132918e-06
-4.449083923917826812e-06
-4.425885967570227526e-06
-4.406572495214395205e-06
-4.387465722472585819e-06
-4.362862581236412697e-06
-4.327012951738315742e-06
-4.298739453549071207e-06
-4.287118827800650062e-06
-4.261129423066011248e-06
-4.254368060894549009e-06
-4.223856108983333190e-06
-4.208388757361593280e-06
-4.193222962827378403e-06
-4.170626193128836224e-06
-4.155885998130730768e-06
-4.133512319611566902e-06
-4.100958013274051841e-06
-4.092496458348585247e-06
-4.082192533508465809e-06
-4.058648987521261027e-06
-4.019762929981838798e-06
-4.014343540625538718e-06
-4.010889351988164749e-06
-3.982604690784519017e-06
-3.970214576989784313e-06
-3.943817909938244736e-06
-3.927886266462066700e-06
-3.907128183305538013e-06
-3.902584245770152044e-06
-3.868590364701445657e-06
-3.864574277844441019e-06
-3.833754163410537700e-06
-3.804872228429441719e-06
-3.790678353979095668e-06
-3.781951070438717880e-06
-3.776489138344417526e-06
-3.750845262554348142e-06
-3.727986864075833932e-06
-3.717285717148894135e-06
-3.690708446830752994e-06
-3.684477130819184926e-06
-3.654515310548647980e-06
-3.642482293234403553e-06
-3.621722894417896222e-06
-3.612916209824883030e-06
-3.574794326683680122e-06
-3.562778325956082136e-06
-3.543724385193175918e-06
-3.512888901623385904e-06
-3.502453595332138391e-06
-3.490171092444900047e-06
-3.456881963204604828e-06
-3.444039986305287161e-06
-3.427161843619537004e-06
-3.416924419679022284e-06
-3.409566980541138441e-06
-3.400813578199199735e-06
-3.361466376056324223e-06
-3.347682502446571857e-06
-3.312319521619619437e-06
-3.293223196210021764e-06
-3.284053009496446578e-06
-3.268965708422081677e-06
-3.252249530255924505e-06
-3.225289691588022807e-06
-3.218390093697080933e-06
-3.193032009144184629e-06
-3.154836672281070834e-06
-3.136989341402176722e-06
-3.112029479547923502e-06
-3.096163521512545373e-06
-3.088401080404899160e-06
-3.059570314390104406e-06
-3.047819945008819409e-06
-3.005814921632639066e-06
-2.987384361045671061e-06
-2.981191210606895743e-06
-2.970010951585564848e-06
-2.946130086435374643e-06
-2.940753307437589923e-06
-2.912569782290360503e-06
-2.899018968611307374e-06
-2.873848800853303013e-06
-2.842362885591369213e-06
-2.828161912330254535e-06
-2.817247042914552559e-06
-2.809862058781978054e-06
-2.781413412313761450e-06
-2.764357408393051908e-06
-2.737555542256704490e-06
-2.703026352536608587e-06
-2.700627968912079410e-06
-2.684913075683711029e-06
-2.654960437192311150e-06
-2.645414253697597322e-06
-2.633326365819622622e-06
-2.610238257284327556e-06
-2.596101803467083496e-06
-2.572894892038414284e-06
-2.549466809685742724e-06
-2.541668991504666902e-06
-2.500831478171280116e-06
-2.497138870143646580e-06
-2.492576217404859393e-06
-2.449049702751581076e-06
-2.444455132764712710e-06
-2.402914239420196514e-06
-2.396465834640302056e-06
-2.382035997233847849e-06
-2.368134077718773190e-06
-2.360885647806655150e-06
-2.330702654197544678e-06
-2.321127366354492242e-06
-2.306036062719182830e-06
-2.286772039371536781e-06
-2.253653215144540590e-06
-2.244584586378652803e-06
-2.226052674341885172e-06
-2.198355651179912921e-06
-2.192886100720991247e-06
-2.167182835835507232e-06
-2.158355171924079982e-06
-2.139597312081320468e-06
-2.125031447123694999e-06
-2.105544947048040418e-06
-2.093783034259252479e-06
-2.088859668713380299e-06
-2.055462284568529822e-06
-2.041459470178205992e-06
-2.025889883345439720e-06
-2.007389628422703433e-06
-2.002667737056028763e-06
-1.977430416915071841e-06
-1.953285880822683741e-06
-1.928514166690572171e-06
-1.923135040181053618e-06
-1.913769364015427897e-06
-1.882227040210600763e-06
-1.863287420415830195e-06
-1.841170769034886745e-06
-1.833385903956644618e-06
-1.811197399804483631e-06
-1.794014644820922806e-06
-1.775228209893945136e-06
-1.758857416431616132e-06
-1.747133500155914988e-06
-1.725932548667634944e-06
-1.717170835302065953e-06
-1.698958057019174874e-06
-1.681726559165603435e-06
-1.660674935639908049e-06
-1.653811007277570325e-06
-1.619888114207574764e-06
-1.601774189839393482e-06
-1.577819519027111756e-06
-1.567078152363156212e-06
-1.555324534376995746e-06
-1.537844741737756066e-06
-1.529103507718719119e-06
-1.495704592452688144e-06
-1.471698974988266281e-06
-1.454371599586799011e-06
-1.451408925130243666e-06
-1.418752429559374198e-06
-1.408176937502885585e-06
-1.389892251800105178e-06
-1.374481601130219240e-06
-1.357881827232654530e-06
-1.342904991013631606e-06
-1.331431015715316817e-06
-1.301270576358871055e-06
-1.253212655909655555e-06
-1.241242942406586609e-06
-1.230694869402103955e-06
-1.215221356400925887e-06
-1.208375808145040058e-06
-1.187770029122630148e-06
-1.162617205543734738e-06
-1.155795824530333581e-06
-1.130368845364583278e-06
-1.105116216951678968e-06
-1.097459509076593643e-06
-1.075589282774727251e-06
-1.062008733085128269e-06
-1.058429465037980693e-06
-1.036876954702698552e-06
-1.018448365425407543e-06
-1.006645188739406022e-06
-9.889380303096109378e-07
-9.776506253757011595e-07
-9.696575948697117476e-07
-9.532256179523495322e-07
-9.417478597756425634e-07
-9.340583918738903776e-07
-9.240481225489315958e-07
-8.809455501155678664e-07
-8.770524425713594037e-07
-8.522392796470570895e-07
-8.285054452008910614e-07
-8.033760566811791033e-07
-7.774664083415337224e-07
-7.694437693012438268e-07
-7.625319390237146251e-07
-7.555359240746221059e-07
-7.357048400786193593e-07
-7.105881532512122200e-07
-6.917367922357965375e-07
-6.739084308468807988e-07
-6.668022289481683080e-07
-6.329341257262461798e-07
-6.247518550441713769e-07
-6.142823067381941561e-07
-5.778685673977549348e-07
-5.582537778727134533e-07
-5.423867871543179877e-07
-5.307922993510613600e-07
-5.222923868540590589e-07
-5.100486436809289843e-07
-4.866534297140137067e-07
-4.787696938135403544e-07
-4.571751499264346102e-07
-4.519284599207331444e-07
-4.133482681300986981e-07
-3.977070853738980178e-07
-3.844932797380517893e-07
-3.580114915258587230e-07
-3.521225152049059754e-07
-3.435041905655906112e-07
-3.199102767116865643e-07
-3.085674677305414982e-07
-2.887927207952349774e-07
-2.537775682630489991e-07
-2.467260852899090162e-07
-2.197983268247051441e-07
-2.109199299813602157e-07
-1.969874710256513111e-07
-1.742015103531767233e-07
-1.564214403089574144e-07
-1.378937991153350395e-07
-1.242701503826995989e-07
-1.119183848334649088e-07
-9.749559482575035567e-08
-7.951503898710314600e-08
-5.913122656694997017e-08
-5.161200743022715645e-08
-3.033243280185665872e-08
-1.333913319578947761e-08
5.243779732807662858e-09
1.781877074775861300e-08
5.615872903038927546e-08
6.209067742318078673e-08
6.556082647820236796e-08
8.101502326474052343e-08
1.008006965428598420e-07
1.043249843194109340e-07
1.304696823864795750e-07
1.335342712613075071e-07
1.436553808799573564e-07
1.584375729736720904e-07
2.001487530659906479e-07
2.148616391891720199e-07
2.191955957650916014e-07
2.290120543206731182e-07
2.452054547275753449e-07
2.653323841778143177e-07
2.753554476646210668e-07
2.869382259383441251e-07
2.976681020719802131e-07
3.045826801738703197e-07
3.491450910997602118e-07
3.735165474402273682e-07
3.892581142404095172e-07
4.096334412633923968e-07
4.192866111485394359e-07
4.254736604045087892e-07
4.437128095363257703e-07
4.637300223933808523e-07
4.833755318605967698e-07
5.129606859571747644e-07
5.234412818392161785e-07
5.396588096932667919e-07
5.513055033555102867e-07
5.613201249716605836e-07
5.821521037733973162e-07
6.004924177157528248e-07
6.037160445984366174e-07
6.265994748053580366e-07
6.404938578462258326e-07
6.529698781244767167e-07
6.833710094245671830e-07
7.077849832763405542e-07
7.114215641147208282e-07
7.267834779593281949e-07
7.380236095883443763e-07
7.456039726284455222e-07
7.762966850407047259e-07
7.810274864255779259e-07
7.936181153425802255e-07
8.266389344166199779e-07
8.482858096646618554e-07
8.702703919822986155e-07
8.852480324941311460e-07
8.986445501669543165e-07
9.190095070706918678e-07
9.502243417185374325e-07
9.516128085057741768e-07
9.710817597834895008e-07
9.735152048188392088e-07
9.973126656328043991e-07
1.010210269136652634e-06
1.014980745164921288e-06
1.032033860144068059e-06
1.042755198215412866e-06
1.071940590102120117e-06
1.084821089306637073e-06
1.124797757017577869e-06
1.130086434090903905e-06
1.148549342660780719e-06
1.162648056328804996e-06
1.176224695096742774e-06
1.204598856857583331e-06
1.215078136030614643e-06
1.224210267676389416e-06
1.240054524694857327e-06
1.251604193222405098e-06
1.273178220056003196e-06
1.287087250295533868e-06
1.315916712978629076e-06
1.332273237098067722e-06
1.350765284943444471e-06
1.363254214910036391e-06
1.387157561311195175e-06
1.400342446014590338e-06
1.414346407375396160e-06
1.423705823032848437e-06
1.455519737041782440e-06
1.463191606735970904e-06
1.479700677090496804e-06
1.508929699238733820e-06
1.533220752053792828e-06
1.538940013882575703e-06
1.558708664287955504e-06
1.571926560738831195e-06
1.573485160553972262e-06
1.609408867840653389e-06
1.620133930378723894e-06
1.646379741467636636e-06
1.657471753429976514e-06
1.669616290163835951e-06
1.681973002065868938e-06
1.699993009077939076e-06
1.709193018367349252e-06
1.738204160709797082e-06
1.742355424517703271e-06
1.757285654642372998e-06
1.767989920876795057e-06
1.799700850354480550e-06
1.826282273068226127e-06
1.859899589638589855e-06
1.873486008356431677e-06
1.902939891022899318e-06
1.923142322939978144e-06
1.940571795211679428e-06
1.946681095356897822e-06
1.974815699041551638e-06
1.989220166767731646e-06
2.009338618435368246e-06
2.020625212529884917e-06
2.030442004335065037e-06
2.042674607751725061e-06
2.048580687536617496e-06
2.084969708798250375e-06
2.112822168346514686e-06
2.123492599039769490e-06
2.145679029246179226e-06
2.153432934915364189e-06
2.175244931232890844e-06
2.195035935804905940e-06
2.207934470405674109e-06
2.240264796016951410e-06
2.269942643685451528e-06
2.297602337153457952e-06
2.299683831308605532e-06
2.318986465274684821e-06
2.342161202078214886e-06
2.349234778604995447e-06
2.375564272390158367e-06
2.388238337750134396e-06
2.401486179866351389e-06
2.416993068327185697e-06
2.438354825125814621e-06
2.466490734955261809e-06
2.473713025869038706e-06
2.483075443646609239e-06
2.500188173838560487e-06
2.504516392622673902e-06
2.533113146729109424e-06
2.555829876382667579e-06
2.567249808558185826e-06
2.581408650653123182e-06
2.603579796678848122e-06
2.617789481544347008e-06
2.651503044897758333e-06
2.661059842882094648e-06
2.681678628198292175e-06
2.696810991988331504e-06
2.717967733611892591e-06
2.727733435003228890e-06
2.762011655277670968e-06
2.787753385983566620e-06
2.792550315142130891e-06
2.807399714528069165e-06
2.836034986177158317e-06
2.847111572983937050e-06
2.872995718852368185e-06
2.888597984868162248e-06
2.903378579593435018e-06
2.913854013431749748e-06
2.953117647210320720e-06
2.973107487017875057e-06
2.990842666543837287e-06
3.004502219778942821e-06
3.033173915811752287e-06
3.067567903538221042e-06
3.077912704447105202e-06
3.083130500485823226e-06
3.124300264943565900e-06
3.134082981306161095e-06
3.154746233829243081e-06
3.171257799844822555e-06
3.176249069476462161e-06
3.211429550435651187e-06
3.231733607466299211e-06
3.262739834554092517e-06
3.282646703048983738e-06
3.299698758554484160e-06
3.315989326131413058e-06
3.337264805564569403e-06
3.344934699342219232e-06
3.356677295999013415e-06
3.390576638765774480e-06
3.396759173999271716e-06
3.398373405841112531e-06
3.447972138120596108e-06
3.476857037198190481e-06
3.486614265501973083e-06
3.510536291863593851e-06
3.528428249921373904e-06
3.537745567194892372e-06
3.550290926999321458e-06
3.568816325597236433e-06
3.594389177600342932e-06
3.614489620516511705e-06
3.617669361109123922e-06
3.641315467133895228e-06
3.666949375528040822e-06
3.677984274413317882e-06
3.713074277690674734e-06
3.726953152470686842e-06
3.734808758925795594e-06
3.756172231090969529e-06
3.786508179678095404e-06
3.801872776214729100e-06
3.806699628250315429e-06
3.849665426540602167e-06
3.858353864159226647e-06
3.877882572785134803e-06
3.883859400260017402e-06
3.912971628030961226e-06
3.946688429769576129e-06
3.987848534335030588e-06
3.994394856128373993e-06
4.018831019120501804e-06
4.030509900536268959e-06
4.045366107527733111e-06
4.050435855597084056e-06
4.074359224826295682e-06
4.090588527562292499e-06
4.120383437815366966e-06
4.168687377847242855e-06
4.173107789783338714e-06
4.179157388414267459e-06
4.210559284253328154e-06
4.248106486992222923e-06
4.254498156009712260e-06
4.267479347480585267e-06
4.300277402927759544e-06
4.312287887647913277e-06
4.318000062283493887e-06
4.351574585701617300e-06
4.363553535716521832e-06
4.396379054619931126e-06
4.423777588503885835e-06
4.437486377661252681e-06
4.455330297265247982e-06
4.488251173044352014e-06
4.511298957333441969e-06
4.515750650655013492e-06
4.535314048996641562e-06
4.549091736177469368e-06
4.571552031804094034e-06
4.588472373270623464e-06
4.617890505841174066e-06
4.638179281722081642e-06
4.650204265209315900e-06
4.679354890166775798e-06
4.697635251111194887e-06
4.748272848323106331e-06
4.762160856927574984e-06
4.778454940146743895e-06
4.799730047781324596e-06
4.807207349713857963e-06
4.835491775173338553e-06
4.859224641695963687e-06
4.866280387451660418e-06
4.883360986906756656e-06
4.898077400976930454e-06
4.910072504840876716e-06
4.963093485697933070e-06
4.980984839764197355e-06
5.012024318821890419e-06
5.035357081173747374e-06
5.054869041615693335e-06
5.067439780936214355e-06
5.080016190558803021e-06
5.092975077244116904e-06
5.098208057852181699e-06
5.129028748220008372e-06
5.176258348394802897e-06
5.182440546322285917e-06
5.188180331003654580e-06
5.209557189673028330e-06
5.254370682145278213e-06
5.265565125257592511e-06
5.287228195358544667e-06
5.295050757996278793e-06
5.344097028301107529e-06
5.356855079906561267e-06
5.364061570959121831e-06
5.386946684422705421e-06
5.420499814337738703e-06
5.421629488099346091e-06
5.463046293752417824e-06
5.476948676765146877e-06
5.505981508497463864e-06
5.509207943912633353e-06
5.519909185027380388e-06
5.566156686741213932e-06
5.581526019563360227e-06
5.602286241017695455e-06
5.617538961029043262e-06
5.646346626530611921e-06
5.656304081577211700e-06
5.665375502126270028e-06
5.696056887642821320e-06
5.707004820383263633e-06
5.720749995701225873e-06
5.744708669686055425e-06
5.776789990055330533e-06
5.800608940514214881e-06
5.813106377507261806e-06
5.821845791749351077e-06
5.858767789815603437e-06
5.869125840816727787e-06
5.908646237023474215e-06
5.924067577141632564e-06
5.936453134225282252e-06
5.951344206819022987e-06
5.980222564354789114e-06
5.993155440380781751e-06
6.018108320828244627e-06
6.057164677450352048e-06
6.076233542059234992e-06
6.094778170223035506e-06
6.112775829355602681e-06
6.132115765945104570e-06
6.148842764022936821e-06
6.172686896777212130e-06
6.196793704418723683e-06
6.207530223604894511e-06
6.232080938596927946e-06
6.250260807213220138e-06
6.270699419845759498e-06
6.302891766924509596e-06
6.327323995852435616e-06
6.334051775346614488e-06
6.361570898944962975e-06
6.387076545177875386e-06
6.422927228436192360e-06
6.440339448239457842e-06
6.460265538207493358e-06
6.472751942016664147e-06
6.484185148428583866e-06
6.507474953026502858e-06
6.530658061208379650e-06
6.554979282702218206e-06
6.575854810644660030e-06
6.591940028023990813e-06
6.599050293234426590e-06
6.647071519443570807e-06
6.670141483470844139e-06
6.674032405808020823e-06
6.694015673337497932e-06
6.728883343619386380e-06
6.769104585190153947e-06
6.777727228522275869e-06
6.786588728615705009e-06
6.794916762969803147e-06
6.805239851660042283e-06
6.881395011604339895e-06
6.895749135828340561e-06
6.896262109788177737e-06
6.927253826750020302e-06
6.942773029082234339e-06
6.959299186480233613e-06
7.005078199727305127e-06
7.026109470882041028e-06
7.062134418411036953e-06
7.065773455490214521e-06
7.080838164264069284e-06
7.093394935398109376e-06
7.125342943111210998e-06
7.169996186933005411e-06
7.174968167312691695e-06
7.216773505786196511e-06
7.252259388755333651e-06
7.265456540504497528e-06
7.296522652304341423e-06
7.335557013841442040e-06
7.346297349364255392e-06
7.358434006244815856e-06
7.383108556890567686e-06
7.396535963533360921e-06
7.424102307432674380e-06
7.444805127682074899e-06
7.452571128221386353e-06
7.467636232810479679e-06
7.486748654980472324e-06
7.506555498654838187e-06
7.521128035259397092e-06
7.545753076652831442e-06
7.580036845156955194e-06
7.588720136353819279e-06
7.615302726810277329e-06
7.649233940660514860e-06
7.703526770175811360e-06
7.732364343503116190e-06
7.744107792668683803e-06
7.760976435112488584e-06
7.768190953605325441e-06
7.802582649938064960e-06
7.815060543887217520e-06
7.856512342528805380e-06
7.871968296568453505e-06
7.882829603077933875e-06
7.909190817493924874e-06
7.935012900753075015e-06
7.939079218916794301e-06
7.961101616582716141e-06
8.002467404680908567e-06
8.017965989960722039e-06
8.047905149782355627e-06
8.076868536345041324e-06
8.109263039479689880e-06
8.117480164344368271e-06
8.149984780015696534e-06
8.190693717131512203e-06
8.202037779231049756e-06
8.213405479148788189e-06
8.252462816473286414e-06
8.263851924796329843e-06
8.279130024904639369e-06
8.314075126041831914e-06
8.352432544142394033e-06
8.376194968492941742e-06
8.413558812985809441e-06
8.426803446121067636e-06
8.477104272767368596e-06
8.484441358033444170e-06
8.507309278837547705e-06
8.517075193641374469e-06
8.543511691606471120e-06
8.561362234998434056e-06
8.579363152368808020e-06
8.600348497423055378e-06
8.638366632111269886e-06
8.650066518403713982e-06
8.686411134063022120e-06
8.717399709625666250e-06
8.728687701525034354e-06
8.780228668523902200e-06
8.812728572682449591e-06
8.824149312516817238e-06
8.832076903833429037e-06
8.868831447945248054e-06
8.902188333226586400e-06
8.910984951462559654e-06
8.914387814436632558e-06
8.941767960007812518e-06
8.970602390300060275e-06
8.980666946258603818e-06
9.023804464689133298e-06
9.034738450374281424e-06
9.066582923205173121e-06
9.080136745314166521e-06
9.102285189615641790e-06
9.165130825546482829e-06
9.171037297639082157e-06
9.216958362469855484e-06
9.234776710963937558e-06
9.266634177391309873e-06
9.274816136011805731e-06
9.313542237574059287e-06
9.321987823067931454e-06
9.326667155824434498e-06
9.357328540791596280e-06
9.402407748088793314e-06
9.431965756860746778e-06
9.452219548101250163e-06
9.468111114158247256e-06
9.496091837371935926e-06
9.525450597136639062e-06
9.569181063817531875e-06
9.578778429560533457e-06
9.611988480859507384e-06
9.633799619694575892e-06
9.650684619883481612e-06
9.678700462283637831e-06
9.706027349756150453e-06
9.722957330105125182e-06
9.737979315615341710e-06
9.762264811475552297e-06
9.790902004005178549e-06
9.802896616003661928e-06
9.856527938848523628e-06
9.885524571980384658e-06
9.897059336038275252e-06
9.905589507135652988e-06
9.926379242863707036e-06
9.979709399375309535e-06
9.987425647588828344e-06
9.992189445393641152e-06
1.005292809674554843e-05
1.008976574879052250e-05
1.009919351734775689e-05
1.011865100989086420e-05
1.014005278557279740e-05
1.017045610474943557e-05
1.019165631972947983e-05
1.022833896898758438e-05
1.026601917392328416e-05
1.026867442381021381e-05
1.029234209515218433e-05
1.031238186899946883e-05
1.034340508175860191e-05
1.035685230937691993e-05
1.037869831190230583e-05
1.041032797206827458e-05
1.042542793922585538e-05
1.045565852176667355e-05
1.048368499516270824e-05
1.049662798011239012e-05
1.053022042914836278e-05
1.056169114913815616e-05
1.058074635441370740e-05
1.059526745227489533e-05
1.064036809954704206e-05
1.067100417437505188e-05
1.068829119503241356e-05
1.073310765188396073e-05
1.076530215350294673e-05
1.079964859926237154e-05
1.080866243303884488e-05
1.084745371212434668e-05
1.086351363365366131e-05
1.086476515259451754e-05
1.088920934999791725e-05
1.091690196512366159e-05
1.095920385374992860e-05
1.096783470974006186e-05
1.098637794880602174e-05
1.101570441642738336e-05
1.105229667635854084e-05
1.107903469574894262e-05
1.109607908850019911e-05
1.112162857556577773e-05
1.114889940381777024e-05
1.117630442561901369e-05
1.119716863769542651e-05
1.120720911638737492e-05
1.126985778143600972e-05
1.130002786943392185e-05
1.131418385419907234e-05
1.138092137423414064e-05
1.139098008510495283e-05
1.141288798641879497e-05
1.146618457436574180e-05
1.147403161143873783e-05
1.150832967961526121e-05
1.153269917241006272e-05
1.154369117225932323e-05
1.158344641718987012e-05
1.159123618327676775e-05
1.163163187552612292e-05
1.163868373958876036e-05
1.167061209861444465e-05
1.169924538125410133e-05
1.173046635144453325e-05
1.174859597617980081e-05
1.177852330227884749e-05
1.181625145315825776e-05
1.183427843432707652e-05
1.184277585597743844e-05
1.190489326228313818e-05
1.194455230292518692e-05
1.197654642451740105e-05
1.198911542532607599e-05
1.203748770835167562e-05
1.204284352130382895e-05
1.207147340096129306e-05
1.208790451294693644e-05
1.210039421468902889e-05
1.212462978456253276e-05
1.214753146202180193e-05
1.217495320939592892e-05
1.218841480309197472e-05
1.224027789975750825e-05
1.229328902981921513e-05
1.229879669854032187e-05
1.233694255148881708e-05
1.234352486100458662e-05
1.240597243431199448e-05
1.241955369366717324e-05
1.244227179331875452e-05
1.245276356449098009e-05
1.247449950764365840e-05
1.253102510608347275e-05
1.255387689222664889e-05
1.257454874772770672e-05
1.259746778459582003e-05
1.264149191398811962e-05
1.266419730448630129e-05
1.267755692686280236e-05
1.268752270932833811e-05
1.272001507707955898e-05
1.275697434680283975e-05
1.281659137580642871e-05
1.284105904429232955e-05
1.285801576113468784e-05
1.290090527088087813e-05
1.291755112785774035e-05
1.292921210208899593e-05
1.294513711578602117e-05
1.297097743087123910e-05
1.298530413584515536e-05
1.303876628955240567e-05
1.305739664900560962e-05
1.309338473037809958e-05
1.310879264648382815e-05
1.315154168982174491e-05
1.319244273244840283e-05
1.319500546121516933e-05
1.323387372026138844e-05
1.324664981321905342e-05
1.326447261558775202e-05
1.330575711179426248e-05
1.331483209533427228e-05
1.336395363224070878e-05
1.336966984575006362e-05
1.341653355338075598e-05
1.344928475266964295e-05
1.347187534056754219e-05
1.350859731046727368e-05
1.352505760949079987e-05
1.354695367033885291e-05
1.356443963303451509e-05
1.361425328075505636e-05
1.362623545093771601e-05
1.365652169552118875e-05
1.367805009068763529e-05
1.369926000271189289e-05
1.375052057298709533e-05
1.377928339114974604e-05
1.382743093462008374e-05
1.383389540866330651e-05
1.385459354480591179e-05
1.388940239411020360e-05
1.389356743342059778e-05
1.393607257589183634e-05
1.399173867184847926e-05
1.403076147443435955e-05
1.405816358137409830e-05
1.409446013118595149e-05
1.412026641976556403e-05
1.413629485982171573e-05
1.415192389972331146e-05
1.417084835240084392e-05
1.420173180495368337e-05
1.422097512072319106e-05
1.425859966917507972e-05
1.428128442672338054e-05
1.432828827339055484e-05
1.433904605994269405e-05
1.437928300843997845e-05
1.441319872357120603e-05
1.442863968114908253e-05
1.447233448440147970e-05
1.447811922293036064e-05
1.453590465806131649e-05
1.455192695194485043e-05
1.456528163041017039e-05
1.464087927539310309e-05
1.465532390154560218e-05
1.468533882416033237e-05
1.472597051151516923e-05
1.475908931726212532e-05
1.477519776539672382e-05
1.480036790274272383e-05
1.482040914237993741e-05
1.486641842358651790e-05
1.493609823093415003e-05
1.495941211289646852e-05
1.500355835432111880e-05
1.503304391061742618e-05
1.505173766404912756e-05
1.507207578078315385e-05
1.509582101879483387e-05
1.513945131432191472e-05
1.514740587836515543e-05
1.516692757893647654e-05
1.522110857760707014e-05
1.524513159454688173e-05
1.526022809792490300e-05
1.529580524807968434e-05
1.530880150426037478e-05
1.536875964982156837e-05
1.539035096935840037e-05
1.541616592358907673e-05
1.543007432507443198e-05
1.548891774888518295e-05
1.552918402554457218e-05
1.555100383362540391e-05
1.560350575827010918e-05
1.560680050099543897e-05
1.561948200820119582e-05
1.567371893205262364e-05
1.569449999480311431e-05
1.570166926201997011e-05
1.573104128185168481e-05
1.576449333912960206e-05
1.579155697003683842e-05
1.581811674056251920e-05
1.587900754288171934e-05
1.591162142619973445e-05
1.592342410628778100e-05
1.595276257360232644e-05
1.598478840966304683e-05
1.600791398545721133e-05
1.604425606693507222e-05
1.606659193414567972e-05
1.610409368027394703e-05
1.615430156561901520e-05
1.617929038040136368e-05
1.621881950603829592e-05
1.625073180270444179e-05
1.626845051954958795e-05
1.629517079205967961e-05
1.634130351543708242e-05
1.635482042178389422e-05
1.638914661492518214e-05
1.643654868857467427e-05
1.644328040512350306e-05
1.648343978846784460e-05
1.649567024186841146e-05
1.653196021944729785e-05
1.656794444082938128e-05
1.658963397367936346e-05
1.662956929770433151e-05
1.664731082045889420e-05
1.666612306523587803e-05
1.670954510644205612e-05
1.673935036650756579e-05
1.676573185579027442e-05
1.681089264399464702e-05
1.686118777051487228e-05
1.688666138514835320e-05
1.691992352202145871e-05
1.693965238759680329e-05
1.697436218797108919e-05
1.703651115145576785e-05
1.705922745446234270e-05
1.710371893927719621e-05
1.711756954342141622e-05
1.712345887035579081e-05
1.716828317365080365e-05
1.717364758398362941e-05
1.722889713194785039e-05
1.727310874262802623e-05
1.730089639249898908e-05
1.732496832459152293e-05
1.733354921322081878e-05
1.741106661405483804e-05
1.745627145659798732e-05
1.749044734468184974e-05
1.751180477505737785e-05
1.754416861849176189e-05
1.756383743366204522e-05
1.757426532657215999e-05
1.766441132515251942e-05
1.770203612841585576e-05
1.771093029832133351e-05
1.776737989860995357e-05
1.778638448128894115e-05
1.781367230512897773e-05
1.783826225341207913e-05
1.787596028536933714e-05
1.792398031691772123e-05
1.793763159445263243e-05
1.793877985242177525e-05
1.799195386855226782e-05
1.804408644690572717e-05
1.805434952918209734e-05
1.807206643229641700e-05
1.814447810183406377e-05
1.817084841095644229e-05
1.819197517333209207e-05
1.820627426543846639e-05
1.827079068068799628e-05
1.834327532435317044e-05
1.834857308976883833e-05
1.837254821724112038e-05
1.839845137774540447e-05
1.840510514306159951e-05
1.844787002437778232e-05
1.848391124512463433e-05
1.851050698846058305e-05
1.857262896099322647e-05
1.858229494383763588e-05
1.862586768231852094e-05
1.864589746429634864e-05
1.868569601419839188e-05
1.869344049523984804e-05
1.873386259394395093e-05
1.875773492982787133e-05
1.879042417118870393e-05
1.879388675177758860e-05
1.887791784117399407e-05
1.890679200820873326e-05
1.895216897865634160e-05
1.896776833509111694e-05
1.898796242535453295e-05
1.902506584390755773e-05
1.904657905928370124e-05
1.910343514985254231e-05
1.912451647546724388e-05
1.918532335332241996e-05
1.919881866908172233e-05
1.923774818974674917e-05
1.924650996323092671e-05
1.930441222106224036e-05
1.936004293496210854e-05
1.938903153585285114e-05
1.942249682535054860e-05
1.944870038514840424e-05
1.951521291739054836e-05
1.954632944314043354e-05
1.956524640871454862e-05
1.963567303362816874e-05
1.966244389732213455e-05
1.968202835951265382e-05
1.973233631292306385e-05
1.975453407691366974e-05
1.977271601552008139e-05
1.982658023471553968e-05
1.985462536818249424e-05
1.988867898473888277e-05
1.991829488435099862e-05
1.994893860165465342e-05
1.999794939976226924e-05
2.002168269685482480e-05
2.006605315661922677e-05
2.009262948600523227e-05
2.011019468723117230e-05
2.014481543939691330e-05
2.019253395698990638e-05
2.020384133596311301e-05
2.023940586658995043e-05
2.027504987375864488e-05
2.032036234215314383e-05
2.033991178662939974e-05
2.035991876059670841e-05
2.039777025817278040e-05
2.043040380245405213e-05
2.049490786449895133e-05
2.050755954152356679e-05
2.053191472402036218e-05
2.058783974217149793e-05
2.064512181844800173e-05
2.066086287193110132e-05
2.067735681061365360e-05
2.072188003128685687e-05
2.075772228355945759e-05
2.080577156207074916e-05
2.085310360206959267e-05
2.087502534319099848e-05
2.089186305404562612e-05
2.090559356395627717e-05
2.095156929951965216e-05
2.097218733256113723e-05
2.106770225875890281e-05
2.110870758370799090e-05
2.111826679899018823e-05
2.117062369500445485e-05
2.119051153853418975e-05
2.122894099790889738e-05
2.126439758908671638e-05
2.129717439655314033e-05
2.130588348224278126e-05
2.136700243565217830e-05
2.140466223436329437e-05
2.145391298314551506e-05
2.147286229273362611e-05
2.152657564803258497e-05
2.154536294222198281e-05
2.160207258107377804e-05
2.165544741040665802e-05
2.167259329489777388e-05
2.168984790116878345e-05
2.173751302597826880e-05
2.176425174945538220e-05
2.184193085588007809e-05
2.185157634798215502e-05
2.190503649306669754e-05
2.191792288633650167e-05
2.195513923266065784e-05
2.200890038926550240e-05
2.203509589592670591e-05
2.205834196038390662e-05
2.209970862916786012e-05
2.213693430849327992e-05
2.215121776079797517e-05
2.219957847091273058e-05
2.222459188741155944e-05
2.227602908866463150e-05
2.231982592038843423e-05
2.232765463398534388e-05
2.238250375841499434e-05
2.241596226783865473e-05
2.247475758769555798e-05
2.249784109127635388e-05
2.253459737037070713e-05
2.259794343023224233e-05
2.260514010344357431e-05
2.264371604859025694e-05
2.269755742475656378e-05
2.272018315376072531e-05
2.275091714716780293e-05
2.276835207746315433e-05
2.282500055103933958e-05
2.288947734058367298e-05
2.290533413513527259e-05
2.291568227543739681e-05
2.297990592726350856e-05
2.302020994659003693e-05
2.306081424114987636e-05
2.308856814139877449e-05
2.315082806964688286e-05
2.316915166976798014e-05
2.319850237546786261e-05
2.325229152840461736e-05
2.327579101349248306e-05
2.333997139341245256e-05
2.338039325940844947e-05
2.343925086839122955e-05
2.349119899596365448e-05
2.350009514424774090e-05
2.351546629221593719e-05
2.356717828404898208e-05
2.359177617665102273e-05
2.365048000016802281e-05
2.367303174841652648e-05
2.370662341898099903e-05
2.376724828688303872e-05
2.384033663034893050e-05
2.390085996663141561e-05
2.393468668142106686e-05
2.395894956353277755e-05
2.400889696012440435e-05
2.403379532709363765e-05
2.404531484800497850e-05
2.411976208656280488e-05
2.415936894009598648e-05
2.416857967214618359e-05
2.421622712625665845e-05
2.424287684280496089e-05
2.427978151728146122e-05
2.432581263191272445e-05
2.435700066738604870e-05
2.437525320855062975e-05
2.449087520570596062e-05
2.450818694972451664e-05
2.452912300097992725e-05
2.455693544675049356e-05
2.462131796010074355e-05
2.464490392982029074e-05
2.467963857839699753e-05
2.472121744316554709e-05
2.475579282761258834e-05
2.478107975163471792e-05
2.481926728988129960e-05
2.488425714945282827e-05
2.493244636853132089e-05
2.497864566896853059e-05
2.501861182566540755e-05
2.504017652257295061e-05
2.507804588094138295e-05
2.510778301261691207e-05
2.512551973809122255e-05
2.516510393086824891e-05
2.521180946818222453e-05
2.525840036170374822e-05
2.529135435475512905e-05
2.535122838136974596e-05
2.539981862824808380e-05
2.543999813236536592e-05
2.546041614636371014e-05
2.548103016214284914e-05
2.552095370137877765e-05
2.556537368793324481e-05
2.562427256794109822e-05
2.569002368807325824e-05
2.570123563703185276e-05
2.572752679409036079e-05
2.575026293902463775e-05
2.584205346594293016e-05
2.585021947932703465e-05
2.590862640097300925e-05
2.594530023235364346e-05
2.600069559573591678e-05
2.603248760284064284e-05
2.608090996428609275e-05
2.609724096003884590e-05
2.612757713008071736e-05
2.623879389532909667e-05
2.626934195959493694e-05
2.629853660123297214e-05
2.632143283185588135e-05
2.634963875183099412e-05
2.636851117330591931e-05
2.640498634411649333e-05
2.646864788808922159e-05
2.652742903284737068e-05
2.657328360155025493e-05
2.657893914605318359e-05
2.661120788779102012e-05
2.667536536020824489e-05
2.671835855965084994e-05
2.677193404793985231e-05
2.681761939420391339e-05
2.688504688562766477e-05
2.691134680536950416e-05
2.699010991523189540e-05
2.702477888879713897e-05
2.705793244297635233e-05
2.713875843954959458e-05
2.714572977432627433e-05
2.717733898659933044e-05
2.723975090587384891e-05
2.726793592098456751e-05
2.729271410203947272e-05
2.731545209691472646e-05
2.736342900107936624e-05
2.744806684308132103e-05
2.749578701725119783e-05
2.752116044428011476e-05
2.755715598210295683e-05
2.760684009803745080e-05
2.765619634559128595e-05
2.769151017310327647e-05
2.772821610843077502e-05
2.775933471444855038e-05
2.781268982021064146e-05
2.785517916005834737e-05
2.788513618039989824e-05
2.793307274084893968e-05
2.800146658960634614e-05
2.806034637656181088e-05
2.809265603861591955e-05
2.811720001777156006e-05
2.819645690584779782e-05
2.820423259628219683e-05
2.824068484836759173e-05
2.827896692826317493e-05
2.828363795380463096e-05
2.834155383083396520e-05
2.839824690882704442e-05
2.841225153621096310e-05
2.847311772974243159e-05
2.851627478885534537e-05
2.855174365688680762e-05
2.861983036682223290e-05
2.870211397274926871e-05
2.870518921700140883e-05
2.877827690756868396e-05
2.881883274117846071e-05
2.886484269000640508e-05
2.890802827671107961e-05
2.893067149058671216e-05
2.899352086782654649e-05
2.901615338634399555e-05
2.905336324414162181e-05
2.909667761749640624e-05
2.912317559108944094e-05
2.917146457422416532e-05
2.923399101105166273e-05
2.925136781870285517e-05
2.931225421929867459e-05
2.934668959400464757e-05
2.939146479016209766e-05
2.946263957636584049e-05
2.952863247327626575e-05
2.959070995109274298e-05
2.960913069597588619e-05
2.966667143934733551e-05
2.970627499036481941e-05
2.976428910561762124e-05
2.977672032652293454e-05
2.986095097000568939e-05
2.988653739014446355e-05
2.991699776739998513e-05
2.998508719445453248e-05
2.999130149465413053e-05
3.004884574627497221e-05
3.010205207759391989e-05
3.013743663584926200e-05
3.015351165449088814e-05
3.023866090881233501e-05
3.030500938284547854e-05
3.032668261009277967e-05
3.037052757913382464e-05
3.043618474333281565e-05
3.046687952959296140e-05
3.053081611340978976e-05
3.055246402647239268e-05
3.057990797094926048e-05
3.064473603305223527e-05
3.066495671534345927e-05
3.072721695825540353e-05
3.077875888496351217e-05
3.087684935194549260e-05
3.091586537093942165e-05
3.094888441201853059e-05
3.100141685531312269e-05
3.105974371553714804e-05
3.110926428169252816e-05
3.112066694514752677e-05
3.115504366427343226e-05
3.119844443410315526e-05
3.128289400752878310e-05
3.130372703430153128e-05
3.134475883675501246e-05
3.137466528117392912e-05
3.142208476791938707e-05
3.150973097084487423e-05
3.153773787689805079e-05
3.156673265473155669e-05
3.163340240921836761e-05
3.167750260966599235e-05
3.173376889576957991e-05
3.175751647743294562e-05
3.179203072169376046e-05
3.186392406843500101e-05
3.191676204259066835e-05
3.195978389464997370e-05
3.204587268839880865e-05
3.205936370363856225e-05
3.211138231568467626e-05
3.213521539355607593e-05
3.217358586006066504e-05
3.225331941034191661e-05
3.230389943746645381e-05
3.237979497353853916e-05
3.240496421558172367e-05
3.241766750756182303e-05
3.255040393091411939e-05
3.255600282140702607e-05
3.263513361968917436e-05
3.268928893753939962e-05
3.273593975139234920e-05
3.277734502834832097e-05
3.279870523112713110e-05
3.286103164567798343e-05
3.290580040184161806e-05
3.297452827744819389e-05
3.299889924267869755e-05
3.305496069985679007e-05
3.307273534155189568e-05
3.316583565042742097e-05
3.318650384614607634e-05
3.324686910897556286e-05
3.327507567684893154e-05
3.332601006729108892e-05
3.336274099342536795e-05
3.344075626952065902e-05
3.348475587715674421e-05
3.351733696199508142e-05
3.354941621054149579e-05
3.356482233240934665e-05
3.366589943410261984e-05
3.370324741498920460e-05
3.379439118582381414e-05
3.380656220777834603e-05
3.387117733547523107e-05
3.389347424508531618e-05
3.397315158515349536e-05
3.406227113067797455e-05
3.412503520272156600e-05
3.418570251657207477e-05
3.422846507743108684e-05
3.425405650122368366e-05
3.428988163905100675e-05
3.435833694751518964e-05
3.437239786159152752e-05
3.444116619760357613e-05
3.448939942706077738e-05
3.454866739103868236e-05
3.458101776666886639e-05
3.466666229598356849e-05
3.467906547730119110e-05
3.471706782070292446e-05
3.482708367421860618e-05
3.487201120007238489e-05
3.488955263154433755e-05
3.493391681828287177e-05
3.500428369459273920e-05
3.503172290267383569e-05
3.508399974419860274e-05
3.511861174279387056e-05
3.518255775206021146e-05
3.522633342960420998e-05
3.523724703334240563e-05
3.534163324372354331e-05
3.536161829871181309e-05
3.543608111564213446e-05
3.550301979353434704e-05
3.555422495229265911e-05
3.558865289875492945e-05
3.564046927508603227e-05
3.571620055542773547e-05
3.577920134341413378e-05
3.582296703801624352e-05
3.584520284317008307e-05
3.591636250298776436e-05
3.595211142828533111e-05
3.604606678451736278e-05
3.606137116710981627e-05
3.609756682277062202e-05
3.613842989642211581e-05
3.621825842604985796e-05
3.626858037526610131e-05
3.629816725116298261e-05
3.632502261109080393e-05
3.639466082713979872e-05
3.645657816248506214e-05
3.651160872071612976e-05
3.656687307787150304e-05
3.657693353408797399e-05
3.664308434928754542e-05
3.677073799693959620e-05
3.683203872051223868e-05
3.688499008467326508e-05
3.690862012649723765e-05
3.697105109613763822e-05
3.701653107229174657e-05
3.710681239536014439e-05
3.713941554170800186e-05
3.716888448026759172e-05
3.720946351132314346e-05
3.729565453021733279e-05
3.734280168188589715e-05
3.735847130075376480e-05
3.743128810128454987e-05
3.746699399917584626e-05
3.749449181125297481e-05
3.760850165855833858e-05
3.767043847193737800e-05
3.770675249905852927e-05
3.779080658338443584e-05
3.780223780691929297e-05
3.787476950793290252e-05
3.796432456091848292e-05
3.796924049412835718e-05
3.803857004617262986e-05
3.805900273683146865e-05
3.814273699597062813e-05
3.817239309192715913e-05
3.820939769579235383e-05
3.828540868535020692e-05
3.831437714548526505e-05
3.837933385883700587e-05
3.844676879649399297e-05
3.849485103007381227e-05
3.856043418341971685e-05
3.863853801049091987e-05
3.871639662632662379e-05
3.877099589651273427e-05
3.885419193022544707e-05
3.891698479085241958e-05
3.897989618159163782e-05
3.899672711975201312e-05
3.908552566170185935e-05
3.917705635838903289e-05
3.921855863638903580e-05
3.922787980500820734e-05
3.933285677400389133e-05
3.939052494840208349e-05
3.940812898584637660e-05
3.944490424654820761e-05
3.948309111397321297e-05
3.956854628684510367e-05
3.963850999181885848e-05
3.969128709683389248e-05
3.973816817028861257e-05
3.974913833004179960e-05
3.983866422488152505e-05
3.989341547587217060e-05
3.999396092225559281e-05
4.007937093381206133e-05
4.015229039285957748e-05
4.017736277909690211e-05
4.021133396887210032e-05
4.027960239127839815e-05
4.035472011364831782e-05
4.036843514601019811e-05
4.043122226085441479e-05
4.054096774152911867e-05
4.055231397396887467e-05
4.061787445080309629e-05
4.065176396524949502e-05
4.074517327959901336e-05
4.086005897228881553e-05
4.089231567129153645e-05
4.093162550192447173e-05
4.100815066981448604e-05
4.103088218595063154e-05
4.109944729889375968e-05
4.113721107075287201e-05
4.121841376603150550e-05
4.131256968460495047e-05
4.136784610200073723e-05
4.139421650405398031e-05
4.152169434096666478e-05
4.156082677667241539e-05
4.156266297742769662e-05
4.164401389759874605e-05
4.167620329784879607e-05
4.173814267597393302e-05
4.179838645266886537e-05
4.186454753800402919e-05
4.191683277997298876e-05
4.193655790651384713e-05
4.200233607355086031e-05
4.207845669514146775e-05
4.213128394776213359e-05
4.219193536450889992e-05
4.228428500027934129e-05
4.231924459317033571e-05
4.236853895809746917e-05
4.245940382892321712e-05
4.253355486456727769e-05
4.264143703579400223e-05
4.271340542244279198e-05
4.273569454998295996e-05
4.281864679205071335e-05
4.287283204507939306e-05
4.291400624451979665e-05
4.295962315413989535e-05
4.300738405168532752e-05
4.305855949470817920e-05
4.315393416271923042e-05
4.318614278151762336e-05
4.326288336873013418e-05
4.327643518187004938e-05
4.333904411604766081e-05
4.342836066106316693e-05
4.347687698804192174e-05
4.356936853064449376e-05
4.359208609655990671e-05
4.363554484578872997e-05
4.371306303247438134e-05
4.373702493962247498e-05
4.387072337839414374e-05
4.394504561661095947e-05
4.398253661704100447e-05
4.403180318310710581e-05
4.409678811389398288e-05
4.413755365527061094e-05
4.423078427432963094e-05
4.431831495583921890e-05
4.443044296358965008e-05
4.448300260992158416e-05
4.450879722261862385e-05
4.453888372408848148e-05
4.460257365177517481e-05
4.471622937661908832e-05
4.483875792893897064e-05
4.487155691441018179e-05
4.489926894200842536e-05
4.496232768030804580e-05
4.501556737990166247e-05
4.509778609848714536e-05
4.513703691512271747e-05
4.527241489698312599e-05
4.532218265558218503e-05
4.535960063161894186e-05
4.540218976967685732e-05
4.547351998922484538e-05
4.554429299948986034e-05
4.559375013938720002e-05
4.569967083595346846e-05
4.575434648985716725e-05
4.579404912835445632e-05
4.584289113281737822e-05
4.592771728337205755e-05
4.601393167039493411e-05
4.607150181146281882e-05
4.610189609009044689e-05
4.617874740611593078e-05
4.627212868702352795e-05
4.634281956037690443e-05
4.646809737095099294e-05
4.653934392522507369e-05
4.657306963352166214e-05
4.662396913310901320e-05
4.664512895306109765e-05
4.669462043024714634e-05
4.683034162831559957e-05
4.686672811402701257e-05
4.691113236601438132e-05
4.701966086012373679e-05
4.704255574195134027e-05
4.709651202224264977e-05
4.717769603888273203e-05
4.726647195971909977e-05
4.728061428857259962e-05
4.735928946877350054e-05
4.738579420904628106e-05
4.746368707984563738e-05
4.755467083062201442e-05
4.759924672698599230e-05
4.761762756402780476e-05
4.764811870264547283e-05
4.777934386669837165e-05
4.781188676950059665e-05
4.794959604490651713e-05
4.801590341047150593e-05
4.804046111796970927e-05
4.813531014149593948e-05
4.820030107596185646e-05
4.835062278669325866e-05
4.841328406593350101e-05
4.856729180729162543e-05
4.868728885869663605e-05
4.874818045261893382e-05
4.879980843148204103e-05
4.880455942442094025e-05
4.892307452321375730e-05
4.902425193144499494e-05
4.910732336586765467e-05
4.917811150536030649e-05
4.919249676103550420e-05
4.927129770975211063e-05
4.933502702432611029e-05
4.944427310817674920e-05
4.948388821973133373e-05
4.954824894032400310e-05
4.965660781929452308e-05
4.969352040697445130e-05
4.978911186774637648e-05
4.991789146608178399e-05
4.998874337743873742e-05
5.007420608007960496e-05
5.012160128122727205e-05
5.018770681297372231e-05
5.027938853092339444e-05
5.032930264343471233e-05
5.035216416345030492e-05
5.044680558425801079e-05
5.050844700214569133e-05
5.057444036019045165e-05
5.069608950121496911e-05
5.075084958009433173e-05
5.089479540741489126e-05
5.102506881560560533e-05
5.107230934437756892e-05
5.115241230839577975e-05
5.118063906570411115e-05
5.127531360281755552e-05
5.128342208669672695e-05
5.135447176675961284e-05
5.136912860923301360e-05
5.140843327794664922e-05
5.156255773325259267e-05
5.160255666930982160e-05
5.164333157994453169e-05
5.176100036604787120e-05
5.185965210061296843e-05
5.202777876446310149e-05
5.205049624483179852e-05
5.210770564711304233e-05
5.223792920239048209e-05
5.237418355662975205e-05
5.240831120657206524e-05
5.242901954111847478e-05
5.246645490089926625e-05
5.259644271068801715e-05
5.266837789413599799e-05
5.281224134412863027e-05
5.293119466492603653e-05
5.298633487630068426e-05
5.305464334613989481e-05
5.313752583448788695e-05
5.321944439844473996e-05
5.330232792076525450e-05
5.335891027859864584e-05
5.341046657851706550e-05
5.348909082932978436e-05
5.351829356226580302e-05
5.361427710432448401e-05
5.364137238287085345e-05
5.366640008608834100e-05
5.377629778696269936e-05
5.388695299032404348e-05
5.395975914551485200e-05
5.403090660085171269e-05
5.410476668409044341e-05
5.420838881498956356e-05
5.428300196725787432e-05
5.437710298316649382e-05
5.446711325630951479e-05
5.452090231226882028e-05
5.465529595723832165e-05
5.475915912301907096e-05
5.476678285021449409e-05
5.482613688487591135e-05
5.493633931391933242e-05
5.498236388415507020e-05
5.509112655661251186e-05
5.518485801262978225e-05
5.520163674236306186e-05
5.537823675486669894e-05
5.543293379841832412e-05
5.548005184693972984e-05
5.562286477355779307e-05
5.566912852288520390e-05
5.575387275989205266e-05
5.584985957591193426e-05
5.588811126878490739e-05
5.606854830673266483e-05
5.619349358392226477e-05
5.623693160467578924e-05
5.626472897546145842e-05
5.630857524069220790e-05
5.640293584684486942e-05
5.643149583410813556e-05
5.651106511500972633e-05
5.663701416843041275e-05
5.673282053916931010e-05
5.680565223750433786e-05
5.690858196148993505e-05
5.703855603977965485e-05
5.709945308672274578e-05
5.722587176435228360e-05
5.727823300317750536e-05
5.740267550738225276e-05
5.743179586840230195e-05
5.750952591123875338e-05
5.760419567457096036e-05
5.770483426584238472e-05
5.786922423950093463e-05
5.789908629516306836e-05
5.798088621354367469e-05
5.811180161475299703e-05
5.819436602973882537e-05
5.824614211135519264e-05
5.830138805213357453e-05
5.834532788748663003e-05
5.858814545150498883e-05
5.866601107787532197e-05
5.876125434176410293e-05
5.886754974486459120e-05
5.891813685201653612e-05
5.903254041468895759e-05
5.909794670890832261e-05
5.924471011381177117e-05
5.929495149221647665e-05
5.933202424163318994e-05
5.937368834830068407e-05
5.959698660508151681e-05
5.961616727583967073e-05
5.972090279004235968e-05
5.988411017722901884e-05
5.999029233924713626e-05
6.013119263766411176e-05
6.014138682179378614e-05
6.026163415911019806e-05
6.032975846280064003e-05
6.043713450884278219e-05
6.044839037805727392e-05
6.065667272581029616e-05
6.069085379478248327e-05
6.076644687530112753e-05
6.084540242752900155e-05
6.091130725192718857e-05
6.103762374480140626e-05
6.107802311864710663e-05
6.126741737595113731e-05
6.131956244283503620e-05
6.141718756253643696e-05
6.153154569728110860e-05
6.161341208835356101e-05
6.170010046991589734e-05
6.175099910706771851e-05
6.189170616026021124e-05
6.210451526280219299e-05
6.214316943617528627e-05
6.228729857690185870e-05
6.233667771123766810e-05
6.245485747177813383e-05
6.249727681514869230e-05
6.258837402933180316e-05
6.268512642751292250e-05
6.272370885554011833e-05
6.279369721279507289e-05
6.289883301098756082e-05
6.301408076763977215e-05
6.315532985919772367e-05
6.319638938585790395e-05
6.335475653740835255e-05
6.343029028124506658e-05
6.349424211315004337e-05
6.360996032359301979e-05
6.373769313721165198e-05
6.378387340920481906e-05
6.389295504046955021e-05
6.407356546435243364e-05
6.419175210212604377e-05
6.429880721857912976e-05
6.435273109514721382e-05
6.446012689062577655e-05
6.446773825348266988e-05
6.461328808544216566e-05
6.478256996666977192e-05
6.482136681401588362e-05
6.488084075672487618e-05
6.514577809031543221e-05
6.517055598671657392e-05
6.532831462999533797e-05
6.541534724034869439e-05
6.549587590589047066e-05
6.554631581276760557e-05
6.565717449739947914e-05
6.581492672364941540e-05
6.588592866644418333e-05
6.604030786089473400e-05
6.611599805661605802e-05
6.617424002649372372e-05
6.622792139376247698e-05
6.639388979535673901e-05
6.652538069062319444e-05
6.662708819282078744e-05
6.670542702150800347e-05
6.690509727129458615e-05
6.697095158934907087e-05
6.700598960623918511e-05
6.729228088657791850e-05
6.737002772161364706e-05
6.745570002386757778e-05
6.747736475339674849e-05
6.763609818180228879e-05
6.778493334042624038e-05
6.797777581365395025e-05
6.808544798468483964e-05
6.815909234954962048e-05
6.838829603237718340e-05
6.846062209182976910e-05
6.857856148258136952e-05
6.871926465335377425e-05
6.878903063536504848e-05
6.891508062099845685e-05
6.905733552533773779e-05
6.914730272795940685e-05
6.924466856713211980e-05
6.936711551465140778e-05
6.945611181083095973e-05
6.953100782619167587e-05
6.969975977795685564e-05
6.974923761327713010e-05
6.979318433637823438e-05
6.992420885394919387e-05
6.998127342209486750e-05
7.003700511659626796e-05
7.019140697829441414e-05
7.037586698173918390e-05
7.046996651099166151e-05
7.050507105001418279e-05
7.071219830608778813e-05
7.084629174199109892e-05
7.094012432574980410e-05
7.111298867271054669e-05
7.121591120802732813e-05
7.140568820520136180e-05
7.146092176786506326e-05
7.166125322818240478e-05
7.168240669002182413e-05
7.178641102179325422e-05
7.192109552288770025e-05
7.206944840582926303e-05
7.216492791354971756e-05
7.230377453390287733e-05
7.236686780538986296e-05
7.241611383961059573e-05
7.258324612025790154e-05
7.263654690557726321e-05
7.272907536442508312e-05
7.274021106390716747e-05
7.301425907725220786e-05
7.306281319357226672e-05
7.324432829298937000e-05
7.327944024125454428e-05
7.338811339634955728e-05
7.360948878067682770e-05
7.368739768340039885e-05
7.382811663043944918e-05
7.390626624620296153e-05
7.408345307750298055e-05
7.420785608083769157e-05
7.436439289896537802e-05
7.440031699991356165e-05
7.465534176719116298e-05
7.477964549380459016e-05
7.486478761955919282e-05
7.509737599200005638e-05
7.521128065739871092e-05
7.521520025176378361e-05
7.540632093748888122e-05
7.546590706999208519e-05
7.558186159934228074e-05
7.570873957065978705e-05
7.588619253012159082e-05
7.612893849744685720e-05
7.631302794944877141e-05
7.639980252126961065e-05
7.649316556838483606e-05
7.657746422795841086e-05
7.689153627259579459e-05
7.703219342849509444e-05
7.707289729933305836e-05
7.724641270031410724e-05
7.743761335413349865e-05
7.756006896359788987e-05
7.760074469715801354e-05
7.765964861066028087e-05
7.781431718222075241e-05
7.809857402277223704e-05
7.817528271494936795e-05
7.834942408953867853e-05
7.844688371601952494e-05
7.858728601287788974e-05
7.864935604316590945e-05
7.888437172981538532e-05
7.906329497486648474e-05
7.918120793976668275e-05
7.934576308409896784e-05
7.939269898901791318e-05
7.951482821486116550e-05
7.962451819456696348e-05
7.988077232700818849e-05
8.001810996009389211e-05
8.008186458934484148e-05
8.024986928173365544e-05
8.046599530761275895e-05
8.071697047396845744e-05
8.075200863389358314e-05
8.089913809171061869e-05
8.105909286514287348e-05
8.131444068149655774e-05
8.134366548379301466e-05
8.149864767846690030e-05
8.162703852252105254e-05
8.181061822161771549e-05
8.194495985832097261e-05
8.214315785821229025e-05
8.225778935521695480e-05
8.243637046623752929e-05
8.261856839401767155e-05
8.273111486324438170e-05
8.283078159431912367e-05
8.308746922516366024e-05
8.319070750940313645e-05
8.333013598862640964e-05
8.355601976301348891e-05
8.394068836795818807e-05
8.401825566615603259e-05
8.410749044315340105e-05
8.415709036783748144e-05
8.428690608951590292e-05
8.436769006396556457e-05
8.452464354391190521e-05
8.475780833549476003e-05
8.502266589764567229e-05
8.511352000827603255e-05
8.553052534452805478e-05
8.559313087467792158e-05
8.577827492849440349e-05
8.585344983520817863e-05
8.613224631798283720e-05
8.622077238905623546e-05
8.638908229156581670e-05
8.649391415060914655e-05
8.668352070535433279e-05
8.683341212263014422e-05
8.714662925733755684e-05
8.731518425694913526e-05
8.742776778321074917e-05
8.759844164232555861e-05
8.774090692430964197e-05
8.779852403674494863e-05
8.797776108155494425e-05
8.824485692791545833e-05
8.841536279601539721e-05
8.859090718603711062e-05
8.879136156177822232e-05
8.888194077863163811e-05
8.898248629852495016e-05
8.913365327962939600e-05
8.945291047526181738e-05
8.968717394856136251e-05
8.987385459961752467e-05
9.005491048526902240e-05
9.021580886362313750e-05
9.030298343025785915e-05
9.044016136804665948e-05
9.068276812261179113e-05
9.099523175744748059e-05
9.114021882596267863e-05
9.137049144707273514e-05
9.148918589417358044e-05
9.163946981741524517e-05
9.173355920825752407e-05
9.199905852631779608e-05
9.208675714401524850e-05
9.235710988430138901e-05
9.263366675109355121e-05
9.278162363719825697e-05
9.311674289435237911e-05
9.320005448664031296e-05
9.363537419312558915e-05
9.373750567518836859e-05
9.383337541412636136e-05
9.423818755677503033e-05
9.432723919621522333e-05
9.451928458551206458e-05
9.461142143035139690e-05
9.477392694612301715e-05
9.483266544208388492e-05
9.539900425917658810e-05
9.564752099153824190e-05
9.576839661258124614e-05
9.592659842019054649e-05
9.617035905200638419e-05
9.649239528848802851e-05
9.659722701909679611e-05
9.681896258680604717e-05
9.722127631561021366e-05
9.739780509512057836e-05
9.745716840555184509e-05
9.760368765650506923e-05
9.815252157310648670e-05
9.827834132596760855e-05
9.851780924595443262e-05
9.879086512733166502e-05
9.893071320142505847e-05
9.922190709344058050e-05
9.933701266117979075e-05
9.964628312979830751e-05
9.986044112170357331e-05
1.003935619469032076e-04
1.005247609404105784e-04
1.007221396563764043e-04
1.009817208594658024e-04
1.012219527690162555e-04
1.015008507321333810e-04
1.016662159384480702e-04
1.022257876742568649e-04
1.023043002703369304e-04
1.026383645352488451e-04
1.029167345105450531e-04
1.031135731238996708e-04
1.034128152699500251e-04
1.037335174675829344e-04
1.042720931146469816e-04
1.043321613440944737e-04
1.047383627688559289e-04
1.050334973322880860e-04
1.051907442579656961e-04
1.056169111730819046e-04
1.056526445543351278e-04
1.059077455584452092e-04
1.061583996699178435e-04
1.066180922199013673e-04
1.070917847106379894e-04
1.072858611520916932e-04
1.079833417818594460e-04
1.082030263837221052e-04
1.083970297035150916e-04
1.085849635618839034e-04
1.091224429322581351e-04
1.095012087094965244e-04
1.097634017448582050e-04
1.101639330422866302e-04
1.105224562725483318e-04
1.109169113973829850e-04
1.114233590412152500e-04
1.118099642446318938e-04
1.119977381391674157e-04
1.122177971679639094e-04
1.129529899813635677e-04
1.132831723824351283e-04
1.134502807955666687e-04
1.135833588072051117e-04
1.139355103284982093e-04
1.143035959883568174e-04
1.146873203664371495e-04
1.152939697937092818e-04
1.154831656340473632e-04
1.157439888416910448e-04
1.162751236940885757e-04
1.164885698232051277e-04
1.168503362817761420e-04
1.175629359428801069e-04
1.181719730334429401e-04
1.182656350287467843e-04
1.188054141798563308e-04
1.192333463278471260e-04
1.196920864607339499e-04
1.199465965442806005e-04
1.203165901235939979e-04
1.207272427146401051e-04
1.208685135820333284e-04
1.219436177584481095e-04
1.222056319298713185e-04
1.230644405656878941e-04
1.236607529216826476e-04
1.243393987699347196e-04
1.247537229336128381e-04
1.253649283485006266e-04
1.262323834493903432e-04
1.269154460449246154e-04
1.272155468448760434e-04
1.278474695803219713e-04
1.286278568130530433e-04
1.289210036882410318e-04
1.295584287354318090e-04
1.304087132818883494e-04
1.306791580576285091e-04
1.313318481219833084e-04
1.317895448316947827e-04
1.327726691533178478e-04
1.336182146962777717e-04
1.340128851416173405e-04
1.345413834298320047e-04
1.355975495122468727e-04
1.364637361902681684e-04
1.369541486974698954e-04
1.374134515318278175e-04
1.388516591734656783e-04
1.396847881187054420e-04
1.407771486875145279e-04
1.423951724777756272e-04
1.431963965291947088e-04
1.445810334738943279e-04
1.451563597612769391e-04
1.463393285589131452e-04
1.472612990090249900e-04
1.512848776849408763e-04
2.090419670405421597e-04
4.947182427563927894e-04
