-6.824145754831997452e-06
-6.588565842660322620e-06
-6.440545330902668087e-06
-6.364969844544624743e-06
-6.264532608338451103e-06
-6.015911265131972780e-06
-5.922651663521537405e-06
-5.762942996842926560e-06
-5.652219116391490325e-06
-5.483410266959838740e-06
-5.405174845258403976e-06
-5.236907529772172483e-06
-5.198369762381360773e-06
-5.127174801049343246e-06
-4.911134245530214571e-06
-4.841332337122765159e-06
-4.783177903356306312e-06
-4.683525572484035432e-06
-4.619429114181367252e-06
-4.441565475473138394e-06
-4.406135297257176646e-06
-4.329303431725708660e-06
-4.262560701164762436e-06
-4.142826638579953957e-06
-4.091123671569885135e-06
-4.062852956801125155e-06
-4.008659716344642704e-06
-3.828598173643680779e-06
-3.797645386342025089e-06
-3.764776536472598169e-06
-3.703048771918936248e-06
-3.687132395812462689e-06
-3.590518770483181347e-06
-3.496045448581304921e-06
-3.446402225822433067e-06
-3.379234424227447529e-06
-3.283726249086259541e-06
-3.216007329211640931e-06
-3.172421082516800141e-06
-3.132565762114570925e-06
-3.126845088495446452e-06
-3.076558216063017507e-06
-2.925614546840129235e-06
-2.914518827992881864e-06
-2.857012415014451822e-06
-2.817117644295289813e-06
-2.730959489091832020e-06
-2.670785295119092443e-06
-2.639351252698282813e-06
-2.612700154675090254e-06
-2.544577597119650713e-06
-2.504761404624841701e-06
-2.453486339168410468e-06
-2.401208039304787045e-06
-2.328770586649279416e-06
-2.303040689997307093e-06
-2.244390293171586322e-06
-2.189017468601410304e-06
-2.170615437320825172e-06
-2.141083019362580128e-06
-2.087468582539322059e-06
-2.031735436325306995e-06
-1.989387902514175589e-06
-1.961574073120985805e-06
-1.923833749612771199e-06
-1.838265713799334480e-06
-1.827518037042430602e-06
-1.811169536241115706e-06
-1.740004071890607195e-06
-1.699433307793649963e-06
-1.670407836664522519e-06
-1.631008744443238883e-06
-1.601775465824626280e-06
-1.561571511632476221e-06
-1.473422091640488975e-06
-1.428681036403757529e-06
-1.393835081986280918e-06
-1.375145014639621678e-06
-1.348418552829174146e-06
-1.253089358125301432e-06
-1.243833012240914337e-06
-1.227347042784230171e-06
-1.182971925875139889e-06
-1.159604902270903452e-06
-1.133192940793545591e-06
-1.036175275724347971e-06
-1.012903503589958632e-06
-9.894525032580528057e-07
-9.461638261327754903e-07
-9.378705503431245269e-07
-8.801659582686942312e-07
-8.648892077666058913e-07
-8.094510510493987891e-07
-7.897286607979455098e-07
-7.672724486498673415e-07
-7.204148228034054553e-07
-7.166686598336757444e-07
-7.004815562133442161e-07
-6.386341739308254618e-07
-6.337695428710096140e-07
-5.683842530690084961e-07
-5.140510341825999938e-07
-4.934677939950394335e-07
-4.730917519624390245e-07
-3.992492548631880084e-07
-3.872397442549024322e-07
-3.742318814637300815e-07
-3.295321674859909629e-07
-3.122317627495410133e-07
-2.982553670695529466e-07
-2.566359235633247486e-07
-2.282124720876961770e-07
-2.056148442097190795e-07
-1.874852195116752009e-07
-1.493745259124292608e-07
-1.239330650333708213e-07
-1.151399154876908992e-07
-6.868512814151964139e-08
-4.670670298145074995e-08
-2.632576835761802414e-08
-1.656015011146688447e-08
-5.307187590370650048e-23
-2.995637808103022652e-23
5.334505209992435826e-09
2.126326163426173550e-08
5.122101675442779897e-08
7.500259676464409422e-08
8.828197391554149215e-08
1.051063495462063873e-07
1.811598118794523044e-07
1.885436321546684404e-07
1.941651081998066680e-07
2.451621460898311880e-07
2.845357919102800608e-07
3.080450283954778556e-07
3.448840719654614403e-07
3.662093855321405487e-07
3.784838165219600825e-07
4.065420814202880251e-07
4.333706868139971493e-07
4.456077294982349955e-07
4.949008098642827610e-07
5.227296576738195761e-07
5.730263014899701974e-07
5.899048306037658319e-07
6.120292695593853266e-07
6.396625889768346215e-07
6.622747884700862571e-07
6.858716035246250807e-07
7.494778125098847861e-07
7.693569731154591468e-07
8.322746699978829209e-07
8.646182819519755454e-07
9.142728470898246128e-07
9.261686077194090806e-07
9.507528644232802307e-07
9.862006984004570281e-07
1.040669799376405850e-06
1.061355884755405338e-06
1.095452763793193200e-06
1.141533307996228494e-06
1.191484276390421281e-06
1.197338920896332065e-06
1.237980404608003540e-06
1.251413276523861376e-06
1.306468509578276927e-06
1.368931843852602750e-06
1.437211736789159620e-06
1.443068114719715377e-06
1.480980251861399395e-06
1.522583216960203258e-06
1.647901179927377484e-06
1.651198276622590877e-06
1.682161529640585247e-06
1.707320449026762752e-06
1.766084242689432440e-06
1.800753637641383128e-06
1.828048320466500704e-06
1.862346259356104647e-06
1.888361953933260207e-06
1.925281579356817078e-06
1.983874689617961944e-06
1.999426319010923064e-06
2.056498104179294881e-06
2.102722630526756167e-06
2.149013350964932760e-06
2.190933003280962132e-06
2.224493167581180999e-06
2.242652003735935889e-06
2.344211664222822922e-06
2.410184649176217928e-06
2.486112019692226543e-06
2.495834187596173470e-06
2.577035658985063344e-06
2.610408929538547061e-06
2.623855923836893406e-06
2.718337267081987350e-06
2.791060537281808439e-06
2.869765482082004195e-06
2.955590482931294209e-06
2.990347148067770170e-06
3.045716132628756775e-06
3.089083628159620926e-06
3.168463289618460634e-06
3.224503334851669419e-06
3.234859669224331449e-06
3.328167667160032777e-06
3.408742625436249082e-06
3.444264803847387548e-06
3.471790776199912002e-06
3.560457854958290564e-06
3.584447044007031554e-06
3.694022777260209847e-06
3.724657244688633984e-06
3.750884275701532781e-06
3.840746484993926230e-06
3.944811653463994205e-06
4.040281247589010977e-06
4.080792751768880210e-06
4.203916865852040794e-06
4.309646164709919869e-06
4.389937953134674030e-06
4.561318743878206060e-06
4.579573229145680706e-06
4.649406449851377277e-06
4.694254766132041128e-06
4.811082047410341061e-06
5.039526064818399302e-06
5.082782797250185605e-06
5.151863990259628931e-06
5.244876202074162213e-06
5.327924249550815819e-06
5.517149181922072947e-06
5.628999141037526075e-06
5.733774312680989127e-06
5.738251799701804843e-06
5.907299851659498747e-06
6.090977230450809981e-06
6.176256346484776746e-06
6.294829658156772322e-06
6.618585937056755185e-06
6.678090978415828538e-06
6.810505922240069830e-06
7.148949430243073275e-06
