-6.268267464775459331e-05
-6.163663494387874224e-05
-6.124918921552701800e-05
-6.088158656110273054e-05
-5.995306998388905210e-05
-5.938530101755321098e-05
-5.861546799250992541e-05
-5.832639831475290208e-05
-5.736540267024004431e-05
-5.724007975051450202e-05
-5.689339412673791125e-05
-5.637460697991000455e-05
-5.595433211697593590e-05
-5.578554519987790808e-05
-5.536035023050271946e-05
-5.495329530906305839e-05
-5.486021445676338279e-05
-5.427105374376793611e-05
-5.414517353510934160e-05
-5.395262410816743017e-05
-5.381238924341262705e-05
-5.366647708090840652e-05
-5.310307452555780642e-05
-5.308283273273171275e-05
-5.275029207034493453e-05
-5.232780824191874823e-05
-5.218064890556821389e-05
-5.202485628891981805e-05
-5.169655029670872174e-05
-5.158362770401384554e-05
-5.138561697527371027e-05
-5.118465217899700149e-05
-5.077569113710522970e-05
-5.065069330462012605e-05
-5.044220556765684611e-05
-4.997769939497251178e-05
-4.972462762237565441e-05
-4.964452433213612772e-05
-4.953292979945808210e-05
-4.920970164581594083e-05
-4.914042532548147294e-05
-4.895783627097747388e-05
-4.864209631702147630e-05
-4.845015927740519459e-05
-4.827556767816562519e-05
-4.795290392265142852e-05
-4.776129097062360479e-05
-4.768562724629527694e-05
-4.761255272992842731e-05
-4.726259843644647050e-05
-4.703732540106768086e-05
-4.677459164733332195e-05
-4.663308731017999946e-05
-4.638325821311570403e-05
-4.625041342596730156e-05
-4.605737678455280691e-05
-4.582315937173587215e-05
-4.574081206277479117e-05
-4.537013944072352227e-05
-4.517440149013526434e-05
-4.514962663630118898e-05
-4.479693090972560300e-05
-4.457467344713418296e-05
-4.454498675434521803e-05
-4.448196434057086055e-05
-4.432150317176287990e-05
-4.411504068898860315e-05
-4.386143749496559442e-05
-4.364840957998542594e-05
-4.350974704947680355e-05
-4.330743788643212844e-05
-4.324869307353399877e-05
-4.302795952670873225e-05
-4.293855155314235228e-05
-4.285565685912457633e-05
-4.268680330604676730e-05
-4.244186353424913465e-05
-4.224270411643297839e-05
-4.224099393796930515e-05
-4.213555725246135404e-05
-4.189184311987409687e-05
-4.176887759049067880e-05
-4.166005808127952952e-05
-4.153919439656358090e-05
-4.145131314350786211e-05
-4.118549326352797049e-05
-4.105706812581694866e-05
-4.091840087629789266e-05
-4.077245935598296114e-05
-4.063128025038907550e-05
-4.058975464372964058e-05
-4.050079893323226286e-05
-4.037618725858233931e-05
-4.013101947019197800e-05
-4.004602026241758721e-05
-3.986110694992449236e-05
-3.974515638878341314e-05
-3.969541853595236094e-05
-3.944495229665566605e-05
-3.932197803847828132e-05
-3.923053553552731669e-05
-3.913074262062296777e-05
-3.896109771895457305e-05
-3.893212031790999229e-05
-3.871827728694460344e-05
-3.868188114910712751e-05
-3.847012916061525026e-05
-3.839812181574177985e-05
-3.817329781028169983e-05
-3.804983615786255492e-05
-3.800777818627955898e-05
-3.782411023305207247e-05
-3.776659743251246194e-05
-3.757011079700069855e-05
-3.756127229720752269e-05
-3.735794671778640166e-05
-3.724611584399974606e-05
-3.719936277600960497e-05
-3.705485040580246662e-05
-3.702465999845648440e-05
-3.677804494013208635e-05
-3.674005769343542124e-05
-3.666828958802803850e-05
-3.648413789779538082e-05
-3.647718702574825807e-05
-3.626606410241163975e-05
-3.618397354529585461e-05
-3.609326287164541896e-05
-3.599888712891071975e-05
-3.587974744581100755e-05
-3.583468448477460165e-05
-3.559870304999932834e-05
-3.550099577113284977e-05
-3.542510936292651825e-05
-3.538530668490402889e-05
-3.518891720289873059e-05
-3.516256580158525760e-05
-3.503105975496397455e-05
-3.499746428215514484e-05
-3.481889628269429376e-05
-3.466272778840269871e-05
-3.464370868326861730e-05
-3.448314280890125543e-05
-3.435902425607522407e-05
-3.430791532677164162e-05
-3.413740200079486413e-05
-3.410028860600105861e-05
-3.393256788919982360e-05
-3.379674033335608842e-05
-3.371368776069053524e-05
-3.365177382961929297e-05
-3.355338974777249641e-05
-3.342022454107305382e-05
-3.330178012555443898e-05
-3.325515836856534480e-05
-3.309846828495624992e-05
-3.297425582523772289e-05
-3.281088770588291511e-05
-3.274540774055868900e-05
-3.270345172896216735e-05
-3.266902826151642670e-05
-3.252220997828647212e-05
-3.242146101216242531e-05
-3.232799820017836877e-05
-3.218852721966728066e-05
-3.216872291045868220e-05
-3.205967831181168675e-05
-3.199968510509501346e-05
-3.191045422661903651e-05
-3.184288363344546470e-05
-3.171609818784902493e-05
-3.166623895902719201e-05
-3.154240983843221134e-05
-3.143279377046116459e-05
-3.137123991087214890e-05
-3.130945441551250338e-05
-3.115073356651198967e-05
-3.112013598958873067e-05
-3.101088156695076917e-05
-3.087139367848616207e-05
-3.078753965043356741e-05
-3.074412238612483044e-05
-3.065860783944157776e-05
-3.058430017983134705e-05
-3.044704533004588795e-05
-3.040440577335087608e-05
-3.030560231155855091e-05
-3.020582260814497517e-05
-3.014342769142224493e-05
-3.008517483427167432e-05
-2.995244156172744633e-05
-2.992436946149546538e-05
-2.987376000108628155e-05
-2.976017898795952762e-05
-2.974919446649838462e-05
-2.964367360161957230e-05
-2.945665920192549201e-05
-2.944282694171630927e-05
-2.940287525987704447e-05
-2.936922467092737305e-05
-2.929182430825541024e-05
-2.917657625755650070e-05
-2.911081907288803672e-05
-2.899000305345122145e-05
-2.894078267082824744e-05
-2.889802601431770411e-05
-2.883798077622458020e-05
-2.873095256225407214e-05
-2.860082983862296209e-05
-2.854468664016022674e-05
-2.844766635039970774e-05
-2.837797492558917200e-05
-2.831602715378643976e-05
-2.821108551233916125e-05
-2.809649305300496229e-05
-2.807239502107388709e-05
-2.803256010688631223e-05
-2.790644072744872438e-05
-2.786690223100308077e-05
-2.778495092904688087e-05
-2.771303650198236234e-05
-2.768340363441133465e-05
-2.755408150297280822e-05
-2.749701219875810794e-05
-2.737818705211725215e-05
-2.732385695585087430e-05
-2.730112675150431702e-05
-2.712310043097260437e-05
-2.704913830643089812e-05
-2.697803062815283060e-05
-2.693701933852874023e-05
-2.682231238435229441e-05
-2.678744015213954479e-05
-2.672261942908266515e-05
-2.666862835892579059e-05
-2.658969346123351727e-05
-2.653636480842868928e-05
-2.646254631029466579e-05
-2.637496454334293031e-05
-2.632739286228793897e-05
-2.624565203555975822e-05
-2.611018540595221052e-05
-2.605934096689051395e-05
-2.597670970069075608e-05
-2.588027631108440465e-05
-2.583567768772318136e-05
-2.581030775828429264e-05
-2.573962179638828232e-05
-2.564793812191425794e-05
-2.560096097610742419e-05
-2.552749154872401095e-05
-2.545480037759042071e-05
-2.540704404761249060e-05
-2.526133315749682016e-05
-2.523517541237921367e-05
-2.510663362488467371e-05
-2.508614085418672631e-05
-2.502510162132690831e-05
-2.495159897052165495e-05
-2.489627515710687730e-05
-2.478690351304638537e-05
-2.474460064054471927e-05
-2.467227255011419511e-05
-2.461531800688016795e-05
-2.453579027323617181e-05
-2.451906756579283849e-05
-2.450307461743291495e-05
-2.440277197896907954e-05
-2.427181064868163700e-05
-2.426200082054853682e-05
-2.421219097832227584e-05
-2.415695890036345051e-05
-2.408653895262182591e-05
-2.402274860227311508e-05
-2.394563887113883801e-05
-2.388514077529507284e-05
-2.383500291403096313e-05
-2.378135368168145057e-05
-2.371065503008547534e-05
-2.362720550350955710e-05
-2.360072058824834305e-05
-2.348527326048141482e-05
-2.346986211351329059e-05
-2.339025196455839391e-05
-2.333223869317520332e-05
-2.329551185684288736e-05
-2.322170335478558414e-05
-2.316187760416238021e-05
-2.314144738074941788e-05
-2.302259184300717328e-05
-2.296382581244704057e-05
-2.290105183318531649e-05
-2.282340343235570010e-05
-2.273658454744309403e-05
-2.268134651660080531e-05
-2.264025948317918260e-05
-2.259426374945887537e-05
-2.250292048874538215e-05
-2.243880354556221964e-05
-2.238414863588810731e-05
-2.233351485347084879e-05
-2.229914244061474802e-05
-2.226265041943173792e-05
-2.222222211122417646e-05
-2.214590648542018311e-05
-2.202370126172677371e-05
-2.201051610236527255e-05
-2.194021480230856619e-05
-2.184032273773478216e-05
-2.178933936387391403e-05
-2.176124699106291762e-05
-2.170680026578945235e-05
-2.166373155055050629e-05
-2.159793213153002675e-05
-2.154642992285123930e-05
-2.150038603865296285e-05
-2.141909319728972194e-05
-2.138386971048949014e-05
-2.128131202229207607e-05
-2.124361325625006531e-05
-2.115704292243532125e-05
-2.113249804608189158e-05
-2.104001845161660637e-05
-2.103446833741279872e-05
-2.095359771191551584e-05
-2.087568621648553015e-05
-2.082275888348215229e-05
-2.075448702258221722e-05
-2.072455528268744257e-05
-2.068630614262188490e-05
-2.059755317605514643e-05
-2.057058907582739142e-05
-2.049995571727796954e-05
-2.041465421592327778e-05
-2.035568849257170484e-05
-2.029226800208993654e-05
-2.026439912280847717e-05
-2.025233507456508110e-05
-2.018577874680091847e-05
-2.010252942395209799e-05
-2.004224513600762200e-05
-1.997996426096097124e-05
-1.995224928386381638e-05
-1.989048317608280375e-05
-1.981794521764483987e-05
-1.978194633232786465e-05
-1.975222928501466362e-05
-1.968961291568290577e-05
-1.964949433342351071e-05
-1.960569182858739169e-05
-1.957437254448007676e-05
-1.951261794323847507e-05
-1.941207098312229664e-05
-1.933419332485457687e-05
-1.929718506372006716e-05
-1.928779348000429729e-05
-1.924718498727859167e-05
-1.912193043569310018e-05
-1.911057942664648281e-05
-1.901248473960624974e-05
-1.896864782417363393e-05
-1.894726907816359987e-05
-1.887078455462860380e-05
-1.882641714200618461e-05
-1.879381770470838912e-05
-1.869742361932711072e-05
-1.865150194909794606e-05
-1.863077245908001723e-05
-1.855304751999510381e-05
-1.851702808053348604e-05
-1.847438415655188200e-05
-1.842900798053565835e-05
-1.837449455357835753e-05
-1.835983551555035980e-05
-1.831122165998962334e-05
-1.822590816855587664e-05
-1.818080884059888400e-05
-1.813892939079410289e-05
-1.811631419595239158e-05
-1.807838058191750795e-05
-1.802497307729060839e-05
-1.799490027705526415e-05
-1.789784698102673155e-05
-1.786695347713904120e-05
-1.784044276670335903e-05
-1.776882690570613971e-05
-1.769183022854198899e-05
-1.764963643093071195e-05
-1.760084542011838992e-05
-1.758625275930186213e-05
-1.749871533666278253e-05
-1.748111420409182226e-05
-1.743948386915412558e-05
-1.740746902320726362e-05
-1.737443986256654986e-05
-1.732692496674002156e-05
-1.727762725635664169e-05
-1.721351006282673877e-05
-1.713060171743560292e-05
-1.710908570936032607e-05
-1.704203846149318676e-05
-1.695952216874125796e-05
-1.694159621277743389e-05
-1.686297685357378853e-05
-1.683173909411196407e-05
-1.679759435540670019e-05
-1.677152882021194056e-05
-1.673928958955600959e-05
-1.669370197384378648e-05
-1.665897232349273913e-05
-1.660286929427244782e-05
-1.656452538489422638e-05
-1.651608700047807598e-05
-1.645880015141130913e-05
-1.640439110730164627e-05
-1.636733551185787046e-05
-1.634337568557178946e-05
-1.629893236999058632e-05
-1.628138227127417381e-05
-1.619205994690128088e-05
-1.614689445547915663e-05
-1.609190522418647127e-05
-1.608545882082108462e-05
-1.600125328469424849e-05
-1.588202730569445351e-05
-1.584973924493978189e-05
-1.579221877726355854e-05
-1.575478927127773454e-05
-1.572814528719184945e-05
-1.569437514318357255e-05
-1.567452879943511022e-05
-1.565950463621755198e-05
-1.560302653579786073e-05
-1.557341438485442789e-05
-1.552138324548538826e-05
-1.543848255570833046e-05
-1.540527691857891064e-05
-1.537011951543643730e-05
-1.530002799685945846e-05
-1.528863411613461484e-05
-1.522425587255860985e-05
-1.518285305224966242e-05
-1.516436326690136457e-05
-1.513133104337475822e-05
-1.505589288255941226e-05
-1.504705983110958825e-05
-1.496172639579716343e-05
-1.495776946692438246e-05
-1.486852593810375126e-05
-1.484079466458692647e-05
-1.479327468677162008e-05
-1.473701647975828238e-05
-1.471690293493894653e-05
-1.469073968325744282e-05
-1.461826270469864008e-05
-1.456683382529712582e-05
-1.450048218676732618e-05
-1.445806956410797619e-05
-1.443670672401257720e-05
-1.441781134164764034e-05
-1.436393265411020820e-05
-1.434119039159390095e-05
-1.428287446783455943e-05
-1.421181996108595597e-05
-1.417723707991797864e-05
-1.415674623863852280e-05
-1.411695554140401617e-05
-1.404696138614932666e-05
-1.402592109922392610e-05
-1.395451740063009721e-05
-1.392965839282540021e-05
-1.389569654466856052e-05
-1.383495612714007075e-05
-1.380795526778441203e-05
-1.375895789491332666e-05
-1.371846945060699902e-05
-1.368571919574664976e-05
-1.365934949281788251e-05
-1.354780926755781859e-05
-1.354025079979026704e-05
-1.351309169664617412e-05
-1.342919736021435085e-05
-1.340254552381831606e-05
-1.334536842083090836e-05
-1.331038957185059307e-05
-1.329285257887634956e-05
-1.328001289906129999e-05
-1.322183909648439583e-05
-1.316465970481262125e-05
-1.313639528535529800e-05
-1.308196203030557897e-05
-1.305056106944001684e-05
-1.302688636960555291e-05
-1.295654613157187017e-05
-1.293709255055514080e-05
-1.289898336461225731e-05
-1.286572734907186430e-05
-1.283934804891849442e-05
-1.281363877138432399e-05
-1.275657010438901338e-05
-1.273613580125232145e-05
-1.269582882438045164e-05
-1.268122842722017744e-05
-1.258091596252859450e-05
-1.254868286440209619e-05
-1.250673411856196436e-05
-1.247915890013157839e-05
-1.243823368698100750e-05
-1.238199615236436627e-05
-1.237448504622368788e-05
-1.235532586902458071e-05
-1.226436961703243041e-05
-1.223972939292970399e-05
-1.222103622406626304e-05
-1.214855809536298005e-05
-1.214247009768803263e-05
-1.211643223044755354e-05
-1.209114164759840859e-05
-1.206510333133148658e-05
-1.199988028460246249e-05
-1.197419051496385039e-05
-1.195689767246188183e-05
-1.192832976263692724e-05
-1.190745441720466354e-05
-1.182190767900152282e-05
-1.176643175380759594e-05
-1.171682687407161162e-05
-1.170094647567646528e-05
-1.166000539797933034e-05
-1.160721968953184624e-05
-1.158168404027735768e-05
-1.157193648237648169e-05
-1.152504453659488348e-05
-1.145983683645907424e-05
-1.144850871056769355e-05
-1.142111180588819468e-05
-1.140209222613256407e-05
-1.136898018831989092e-05
-1.125721295697029272e-05
-1.124700736069071521e-05
-1.121351252291553566e-05
-1.116142521451102405e-05
-1.114068634879920093e-05
-1.110098904395313172e-05
-1.104253487119797332e-05
-1.102406137775624204e-05
-1.098158748207696156e-05
-1.096602431095420295e-05
-1.090381766685599882e-05
-1.086747339514777493e-05
-1.082585360116556668e-05
-1.080217067377849646e-05
-1.077063863025580014e-05
-1.073091210648628216e-05
-1.070988183340476338e-05
-1.068409622029226381e-05
-1.065320290093133799e-05
-1.064173993429956540e-05
-1.057466770661015183e-05
-1.054870007516558802e-05
-1.051178228937483951e-05
-1.048535055678447132e-05
-1.046633190276093031e-05
-1.041872216576136882e-05
-1.037235293240053048e-05
-1.035124630480952329e-05
-1.031485873923777279e-05
-1.025397646814850454e-05
-1.020920383802306149e-05
-1.015461287758661877e-05
-1.011068704866497428e-05
-1.009602617930672140e-05
-1.008356278322695538e-05
-1.003934470510507997e-05
-1.001841140514382646e-05
-9.982561472541063406e-06
-9.953918987022579413e-06
-9.918315511623775833e-06
-9.866843796358389137e-06
-9.832870509067016376e-06
-9.777063101411209760e-06
-9.752259429672618590e-06
-9.728125064715337483e-06
-9.710510648059477077e-06
-9.700314356080779935e-06
-9.648989917414063609e-06
-9.617180764119572366e-06
-9.572769414303009382e-06
-9.531372771294744102e-06
-9.478178803964279697e-06
-9.445517865898354180e-06
-9.396005020957746414e-06
-9.360754326281854379e-06
-9.323214304246854364e-06
-9.297110061395453707e-06
-9.269190479880384020e-06
-9.249828932031686088e-06
-9.208391755941098132e-06
-9.154635367101090476e-06
-9.131478951168599506e-06
-9.100141039572107039e-06
-9.061573327409710792e-06
-9.020937051220485363e-06
-8.979935129964015020e-06
-8.969868915282512890e-06
-8.919383156747693757e-06
-8.915049002853189043e-06
-8.890649780178010541e-06
-8.831119582118667749e-06
-8.817762827915921745e-06
-8.782402011220911026e-06
-8.712976790318121997e-06
-8.700125815384552195e-06
-8.687967812015624580e-06
-8.627916714606787590e-06
-8.601443451528992932e-06
-8.562564453918725490e-06
-8.552120189978782255e-06
-8.538769512272308213e-06
-8.493083279994320182e-06
-8.454392472479836234e-06
-8.420122622393683308e-06
-8.399284212012023739e-06
-8.383295642378717669e-06
-8.371353440618060983e-06
-8.329681252901624454e-06
-8.303517364952855403e-06
-8.280077076782780410e-06
-8.225238813578187775e-06
-8.212302146020509288e-06
-8.185814399790984644e-06
-8.126465605140859562e-06
-8.107105802201056331e-06
-8.091295608706566180e-06
-8.046928326385115846e-06
-8.024073640808711543e-06
-7.976460709983408933e-06
-7.947306174009062269e-06
-7.930253037511789921e-06
-7.891873446114817234e-06
-7.880464730966711017e-06
-7.867531133079538744e-06
-7.841638557599092446e-06
-7.786419964883415235e-06
-7.765637663597371428e-06
-7.711565019638845215e-06
-7.682127645225134491e-06
-7.653951185187520562e-06
-7.633507222059680242e-06
-7.597659312915269828e-06
-7.572336091828448261e-06
-7.567575623683170568e-06
-7.511422931450858752e-06
-7.482653007683408893e-06
-7.472358178645134530e-06
-7.446823484797404929e-06
-7.421685039367206640e-06
-7.349671979094587547e-06
-7.338548612340292806e-06
-7.283517839898407862e-06
-7.263557854897516121e-06
-7.226321444142316810e-06
-7.215567712928100542e-06
-7.192467050857545337e-06
-7.151625580982228190e-06
-7.137164892814824682e-06
-7.107663702911180852e-06
-7.056382668086734609e-06
-7.019535099159078543e-06
-6.999456626945877100e-06
-6.965849187565966337e-06
-6.935652418651533846e-06
-6.920213709417805678e-06
-6.890258552611762254e-06
-6.852173760248835318e-06
-6.825962090622572469e-06
-6.809315462960884915e-06
-6.803211961049384579e-06
-6.771301295672658520e-06
-6.744024969877610393e-06
-6.703523457860395027e-06
-6.663179534097995449e-06
-6.642058777081752414e-06
-6.617294631180784625e-06
-6.562121655897980836e-06
-6.545555266446517437e-06
-6.518261083735551858e-06
-6.479766715897748041e-06
-6.467358199163793086e-06
-6.434733510174392433e-06
-6.393947344588465655e-06
-6.339846808924886522e-06
-6.329574810667269928e-06
-6.310602014406260806e-06
-6.301617933361969031e-06
-6.280960486363112548e-06
-6.248923089995190666e-06
-6.222045657813315763e-06
-6.176629352596114722e-06
-6.149518642000806185e-06
-6.101464389629864965e-06
-6.090218781244468943e-06
-6.071702970309999878e-06
-6.050907211445042080e-06
-6.031562112987756226e-06
-5.956004067783007268e-06
-5.939511958807590879e-06
-5.930373424414222991e-06
-5.869157619526086406e-06
-5.845802537797748541e-06
-5.837575945831905898e-06
-5.798083005068801618e-06
-5.778559527227030527e-06
-5.771744324285126114e-06
-5.737730089775722428e-06
-5.698163834156774598e-06
-5.679999022959383277e-06
-5.660814531306025761e-06
-5.649648513828710131e-06
-5.602490910957781229e-06
-5.583344709937910108e-06
-5.564458310889313877e-06
-5.514939154145889425e-06
-5.488393418801860142e-06
-5.460646366560173087e-06
-5.428061407091171281e-06
-5.382797470237452008e-06
-5.361264635805132303e-06
-5.341552319194817754e-06
-5.322238564513673995e-06
-5.300283320792553851e-06
-5.294079894873469661e-06
-5.246256714414311303e-06
-5.221789513982337244e-06
-5.204205825508318376e-06
-5.185802652101620508e-06
-5.179728867942452413e-06
-5.141122094892428507e-06
-5.129437737576880638e-06
-5.093034503830191068e-06
-5.053131312194974312e-06
-5.015506542101817489e-06
-4.980862419321704994e-06
-4.969038975811079594e-06
-4.940602726198902512e-06
-4.914977606867282786e-06
-4.880163811304950072e-06
-4.850770408606435372e-06
-4.839170421015617103e-06
-4.806073262288536079e-06
-4.773867613678192475e-06
-4.752647032607764315e-06
-4.716715580762990616e-06
-4.712811683674118089e-06
-4.683432599032062005e-06
-4.659626423101449199e-06
-4.643264363877052304e-06
-4.597998620162594257e-06
-4.564058103700356713e-06
-4.561234622434667734e-06
-4.528472269548833327e-06
-4.506536935458502969e-06
-4.492396228365000733e-06
-4.462766111137520311e-06
-4.433012676884371411e-06
-4.408611699043054477e-06
-4.365141766337850133e-06
-4.355918543631389489e-06
-4.339147998384710861e-06
-4.322896077603296465e-06
-4.285410183515026385e-06
-4.262105915005974750e-06
-4.241671648341566082e-06
-4.210007449666795931e-06
-4.163095587639988642e-06
-4.142348749061461392e-06
-4.119157394462032455e-06
-4.099810698692157804e-06
-4.070565303573047079e-06
-4.038408481836745637e-06
-4.020233278672974321e-06
-4.009967511234580829e-06
-3.996574280212444195e-06
-3.972272941199412792e-06
-3.942073576887985074e-06
-3.938812918990405073e-06
-3.890431979319356106e-06
-3.881497907230350769e-06
-3.844181032162537352e-06
-3.811027079865844800e-06
-3.801557039735016084e-06
-3.791057487102022211e-06
-3.763449932284366442e-06
-3.720965100234654027e-06
-3.701957948687728296e-06
-3.693317495978399187e-06
-3.671811569418991705e-06
-3.651198743663284473e-06
-3.627984113862819209e-06
-3.599600345299811229e-06
-3.555693832052586527e-06
-3.535225969432694626e-06
-3.521763991860113918e-06
-3.514994648128417689e-06
-3.459716459231465073e-06
-3.438897789650174168e-06
-3.429645497396572706e-06
-3.403586199481673678e-06
-3.388975118540352627e-06
-3.344233435514586858e-06
-3.334843355125787003e-06
-3.325631660353092508e-06
-3.284659008411823217e-06
-3.261430540503820758e-06
-3.249518262090756978e-06
-3.198170935203964111e-06
-3.179231824420008295e-06
-3.170500539754183648e-06
-3.123998680148875303e-06
-3.112235674143375207e-06
-3.084725053820901150e-06
-3.069858361139534780e-06
-3.056935556202067467e-06
-3.049270785843071350e-06
-3.006654825039186999e-06
-2.979681667974868135e-06
-2.954488848435712092e-06
-2.932528388728754052e-06
-2.922884611262554990e-06
-2.889312788311619429e-06
-2.882608072347689869e-06
-2.839349104323235717e-06
-2.814617406271073361e-06
-2.795496742702955606e-06
-2.785411776334831266e-06
-2.767929486182786135e-06
-2.731815351679379859e-06
-2.710327621984728155e-06
-2.698323815665685899e-06
-2.653419773657827303e-06
-2.624179206507375662e-06
-2.594558779140730056e-06
-2.573509684980245805e-06
-2.557639224384036972e-06
-2.534727757968511292e-06
-2.508658393397252483e-06
-2.501671721410881630e-06
-2.491501137563643236e-06
-2.449302493708836596e-06
-2.421391488702015669e-06
-2.417255156514659428e-06
-2.407526242894348141e-06
-2.384871138049938884e-06
-2.370306387622529800e-06
-2.343315092059139184e-06
-2.312679025378607148e-06
-2.289174705900624799e-06
-2.273037975415068899e-06
-2.249551884943977537e-06
-2.230765848865564000e-06
-2.195383763384161047e-06
-2.179876442325571903e-06
-2.151390062757518092e-06
-2.134250939336833724e-06
-2.103678872000930769e-06
-2.095638104216183608e-06
-2.070404967378356094e-06
-2.050102139536372494e-06
-2.021541539975408049e-06
-2.013440972017974927e-06
-1.983273591354892141e-06
-1.965990593208073191e-06
-1.937509122992690779e-06
-1.907405044863610891e-06
-1.893270970048075562e-06
-1.870837534193355960e-06
-1.841981213538821626e-06
-1.824793027304824810e-06
-1.806782028824540868e-06
-1.757109547654314410e-06
-1.745191803200753215e-06
-1.718388767697981775e-06
-1.707409018853278596e-06
-1.680704458403897424e-06
-1.657581158735049754e-06
-1.626949170595143031e-06
-1.615095462587137887e-06
-1.601676011511361164e-06
-1.586115748837618916e-06
-1.564790607331518481e-06
-1.532733135706514818e-06
-1.524647020803745832e-06
-1.495511960670351078e-06
-1.474544132500616616e-06
-1.461310483685964662e-06
-1.430670591409187494e-06
-1.418487885035926104e-06
-1.407475367110813062e-06
-1.404361010353644588e-06
-1.371197564113688710e-06
-1.342261783247640259e-06
-1.326182029882478982e-06
-1.302415474886800329e-06
-1.291542645805934322e-06
-1.278335949408588543e-06
-1.247723201494791672e-06
-1.242907892303560336e-06
-1.220045285075198121e-06
-1.189865789914510686e-06
-1.176336051462580024e-06
-1.156356124661659080e-06
-1.128596871942213894e-06
-1.105583550474939305e-06
-1.073585994064832954e-06
-1.064393040994191667e-06
-1.044392556342019203e-06
-1.023408756900608857e-06
-1.011725072928024423e-06
-1.005595554809667277e-06
-9.992669491147568416e-07
-9.729735567584087819e-07
-9.562874907732523502e-07
-9.147522186838478224e-07
-8.999882878441160114e-07
-8.959481603067131397e-07
-8.823601495639228576e-07
-8.570727053993197100e-07
-8.433089394092263543e-07
-8.055116600332227541e-07
-7.964717467873216955e-07
-7.645557619585976557e-07
-7.497676890608919322e-07
-7.278594603998247047e-07
-7.147285264286344005e-07
-6.842992616298931122e-07
-6.654868489200242776e-07
-6.480345960122207888e-07
-6.375702284662020016e-07
-6.068609490265982877e-07
-5.938439870017089282e-07
-5.658069742618994544e-07
-5.326851923307791409e-07
-5.123169716083491162e-07
-5.057432210423245013e-07
-4.800023866185002119e-07
-4.510359492069664291e-07
-4.502449820714777821e-07
-4.346581565935378868e-07
-4.239405829755639666e-07
-3.985111856443624709e-07
-3.801330818459356253e-07
-3.671584346489804949e-07
-3.435163484349456302e-07
-3.233239509792681786e-07
-2.892376826512607866e-07
-2.769981255747050586e-07
-2.520823643409197669e-07
-2.461326223846455788e-07
-2.143934350648493147e-07
-1.903968176073490189e-07
-1.626951175452841463e-07
-1.552684393220241277e-07
-1.379448838455371478e-07
-1.343111737957316917e-07
-1.060383209119389073e-07
-8.517084380951326722e-08
-7.160926651431737485e-08
-6.135171976584023896e-08
-4.254844519387070535e-08
-3.031057976792895129e-08
6.348928347865582652e-09
8.232619278423006372e-09
3.933513127602361905e-08
4.628141308735387119e-08
5.362625425284401475e-08
6.365967975432449224e-08
9.897764505034111089e-08
1.142019121758839472e-07
1.254141158453699379e-07
1.531543681344761230e-07
1.805752696802682903e-07
1.920242527301926009e-07
2.332541099768438206e-07
2.365965862571665793e-07
2.666037085450045787e-07
2.926701279604251126e-07
2.960885952712870094e-07
3.267141618651076227e-07
3.281310637105132644e-07
3.524742707849656653e-07
3.663575429271855941e-07
3.756590605298301679e-07
4.099284982955027131e-07
4.147648100810699147e-07
4.167405001908731824e-07
4.329800451971922953e-07
4.688192800189027254e-07
4.750295828177597583e-07
5.235302043237985958e-07
5.290536166456681526e-07
5.331561413376791822e-07
5.624663599686070113e-07
5.779958961843390950e-07
5.968069330736567148e-07
6.169173484146163904e-07
6.377180212068283893e-07
6.607447125135520186e-07
6.765842363026049568e-07
6.874526070048409112e-07
7.034423139156225823e-07
7.348901377010511124e-07
7.475286989208301231e-07
7.567146564441709547e-07
7.929803134035810450e-07
7.946820676149327378e-07
8.027447753908079361e-07
8.158913012682824295e-07
8.766489259543167869e-07
8.976226538350003170e-07
9.004341012746741737e-07
9.218808826327634863e-07
9.478647887219627321e-07
9.775860436813442503e-07
9.959664809158696542e-07
1.013557734443983454e-06
1.034916743787360002e-06
1.057818034592950427e-06
1.076893313988696671e-06
1.093847979445259484e-06
1.118013481669786027e-06
1.147965982735392005e-06
1.154636865199087184e-06
1.170756933404225114e-06
1.207275300190223528e-06
1.217895702044478223e-06
1.242598010037161404e-06
1.274788894638233615e-06
1.289121839478060306e-06
1.307475757121996693e-06
1.330222883540339984e-06
1.348668214787507282e-06
1.358186891531772538e-06
1.360536377081184791e-06
1.393695517917141053e-06
1.442583648724464887e-06
1.470938710094119754e-06
1.478140109506702519e-06
1.488604899505623518e-06
1.526021561442190215e-06
1.536837375174138324e-06
1.545542754810606658e-06
1.568877388953457189e-06
1.605725638826037725e-06
1.611398565537968332e-06
1.644908006303023228e-06
1.689312152253305946e-06
1.698880476210129878e-06
1.716065724600059462e-06
1.748235827825349850e-06
1.756964710402301439e-06
1.777092205879919522e-06
1.824174781896850066e-06
1.842275143571267250e-06
1.849992338352834984e-06
1.868026326610200145e-06
1.885213952149880542e-06
1.907184557417495044e-06
1.928274662573900839e-06
1.946594285786315980e-06
1.967384609666254062e-06
1.994854014680094613e-06
2.005159287527012568e-06
2.015032731441905578e-06
2.050504242319083274e-06
2.062586210852007689e-06
2.073327153959586520e-06
2.078817629228406039e-06
2.125213775020941717e-06
2.144127037069974313e-06
2.162957262037718438e-06
2.180760796968540277e-06
2.203544517173149387e-06
2.220496839550655093e-06
2.246282650975137733e-06
2.272617663786664774e-06
2.289051049696513095e-06
2.305998099471187080e-06
2.341198279018989980e-06
2.357031004631606495e-06
2.371460875041983326e-06
2.381874998544759239e-06
2.406337719646562136e-06
2.433102751615274115e-06
2.452545316461299944e-06
2.463093289971234111e-06
2.483552101799144271e-06
2.497520318776886789e-06
2.522459513883503622e-06
2.554911772181526594e-06
2.589718508194702559e-06
2.616152797935718374e-06
2.623034148477998813e-06
2.635947422149503758e-06
2.675479752818606813e-06
2.689374123565612472e-06
2.721439382117641683e-06
2.754222748751686013e-06
2.782742247125321165e-06
2.799647799196567246e-06
2.806666452885547554e-06
2.850470671826678407e-06
2.875786555357741078e-06
2.916047284840422395e-06
2.927156508106226295e-06
2.937152758935721491e-06
2.957015385802990655e-06
2.966954162120914044e-06
3.012083105674374966e-06
3.014291602140312611e-06
3.028588607738060007e-06
3.061100059847984281e-06
3.091805044075938480e-06
3.133166099426230659e-06
3.149108808660829089e-06
3.187639141699084437e-06
3.195167897970027886e-06
3.209948586845672850e-06
3.260397129290100116e-06
3.280986255786997602e-06
3.287920704242861322e-06
3.291838566455397001e-06
3.334078868290833399e-06
3.342724255674574697e-06
3.372892447055654887e-06
3.387286257439088506e-06
3.412764386048034759e-06
3.439243559917893789e-06
3.454462924630363081e-06
3.490735525223603465e-06
3.517157939504189551e-06
3.544917105541279718e-06
3.598995373822464145e-06
3.615560390047827129e-06
3.629969730372225736e-06
3.652166920917267030e-06
3.671265415411970901e-06
3.707862979266002826e-06
3.734907917995370696e-06
3.751945329007165925e-06
3.806572411277487659e-06
3.817365329462805236e-06
3.840962536389202949e-06
3.864173569951615617e-06
3.895100144710633410e-06
3.921876271732704347e-06
3.941961631936272060e-06
3.968802958163726333e-06
3.990729394125982043e-06
4.002352415183954242e-06
4.036432756491206938e-06
4.066187874523861060e-06
4.082168096062230617e-06
4.108981701945996433e-06
4.159267160578978805e-06
4.171864004548326039e-06
4.200066205811113608e-06
4.213674373349091175e-06
4.257078342689930221e-06
4.264413534238177574e-06
4.280383141703317995e-06
4.314407409078381699e-06
4.339707841461419607e-06
4.340140626677643245e-06
4.371596048503250075e-06
4.377144688991429503e-06
4.396346313938214690e-06
4.436509835481329858e-06
4.442684673653718462e-06
4.497822555431061977e-06
4.512850617351505474e-06
4.544299682878819724e-06
4.557827458731457083e-06
4.590388810000386231e-06
4.613232301058716647e-06
4.622199617545974744e-06
4.652133492875305050e-06
4.667697489573437816e-06
4.692155594902644268e-06
4.712464248089141003e-06
4.732108094531048902e-06
4.772714881124681705e-06
4.792015092781015341e-06
4.833501182954369620e-06
4.851509750000576886e-06
4.899633505900612390e-06
4.906332135955336416e-06
4.944407520328469853e-06
4.968970822520504733e-06
4.996793794525094673e-06
5.011706999210118694e-06
5.048078388470753759e-06
5.051524659588680724e-06
5.063388362409617947e-06
5.076247609175905879e-06
5.082564879677339659e-06
5.124723927113298609e-06
5.178117704389787917e-06
5.202537142455981559e-06
5.209368655360592889e-06
5.257251181126198895e-06
5.289157928188919651e-06
5.318683479539007191e-06
5.350913353378280185e-06
5.365569216074214549e-06
5.392910859259453147e-06
5.419459138417213020e-06
5.431443383940583216e-06
5.455341040572843193e-06
5.491621407537448663e-06
5.501370002462774533e-06
5.531594416735130340e-06
5.576220670909720891e-06
5.624160256587293801e-06
5.647314196618453010e-06
5.659062815579213047e-06
5.682843148536233122e-06
5.727850130909749784e-06
5.738723800689811502e-06
5.768893985559970557e-06
5.809146500739885514e-06
5.819517838104056780e-06
5.834633250181091540e-06
5.902398808592133982e-06
5.905505633006766986e-06
5.925913086445694887e-06
5.964765859007788443e-06
5.984811878152666635e-06
6.023393101477687690e-06
6.040290229990817242e-06
6.089524136715858234e-06
6.109831579598083851e-06
6.144380035691891757e-06
6.168486264663069715e-06
6.218256607337124265e-06
6.223888510588870715e-06
6.250656139921213088e-06
6.277850238043279757e-06
6.362859975168831312e-06
6.372836593954514934e-06
6.387803117988516503e-06
6.421606840305123178e-06
6.440194083824030504e-06
6.461346206868453120e-06
6.471016970834441702e-06
6.527370933726654193e-06
6.547195676494923635e-06
6.550736775277494678e-06
6.565253307932798191e-06
6.583343035031458458e-06
6.634348555046130478e-06
6.660311050200149285e-06
6.690974608957213490e-06
6.742970932711649634e-06
6.759377415447352776e-06
6.797054489537184144e-06
6.829797886342239831e-06
6.856881808911480741e-06
6.897703791831841337e-06
6.920687771484382013e-06
6.936626847115849842e-06
6.981195862980895271e-06
7.027386034604264619e-06
7.061504001091112446e-06
7.063621922338565972e-06
7.073930931246256000e-06
7.098584900380653180e-06
7.162789622322069134e-06
7.185543458092986381e-06
7.199736166014503722e-06
7.248938118416447726e-06
7.274934798659639430e-06
7.298404384385245084e-06
7.343287706101635208e-06
7.357879237281170322e-06
7.375620947935541133e-06
7.399535539491881675e-06
7.442664705247168545e-06
7.454987033535035625e-06
7.468778532701192524e-06
7.519213240116630193e-06
7.547498820876616110e-06
7.575638867643074619e-06
7.638352542997467275e-06
7.640743195907172765e-06
7.680575429868889269e-06
7.724318072826938161e-06
7.747625208274432865e-06
7.796607343830092376e-06
7.839517852688682712e-06
7.864962683800990278e-06
7.878831054072885545e-06
7.898705365987628718e-06
7.917199968419658316e-06
7.935107404354708408e-06
8.000142532051378883e-06
8.018193080647599083e-06
8.050443230113047075e-06
8.084447866345898439e-06
8.123327624728570359e-06
8.142480652488168891e-06
8.161977650107767981e-06
8.241240401374364305e-06
8.248743177297809725e-06
8.265077167827581409e-06
8.313520806139000209e-06
8.347783430925609830e-06
8.369448979770453308e-06
8.381934857957212324e-06
8.410617254054210645e-06
8.458870208366533127e-06
8.470322977007272466e-06
8.479797528974560570e-06
8.496861309636861265e-06
8.589471831572268671e-06
8.615880989076430671e-06
8.632790858505382461e-06
8.664504512838422929e-06
8.734613035109700235e-06
8.762168175589707733e-06
8.786868029834319469e-06
8.817216166257728864e-06
8.827330057884545748e-06
8.880939664528545019e-06
8.899311767750810517e-06
8.920226911384075710e-06
8.971864264187939233e-06
9.010597813231558664e-06
9.046887672014887352e-06
9.083499460784055720e-06
9.102499445715999584e-06
9.159441742783445270e-06
9.208327772507422652e-06
9.229709342440406438e-06
9.256373847682890357e-06
9.275560793630351062e-06
9.325281973362690229e-06
9.346541064833282310e-06
9.373991105066509639e-06
9.418442134110263422e-06
9.437714492564518580e-06
9.488436901219707214e-06
9.508330285907137284e-06
9.529092743165872340e-06
9.555377163699602081e-06
9.616335099707526725e-06
9.661191338524681489e-06
9.690676354651752691e-06
9.697713883758209670e-06
9.751715103931048872e-06
9.784597792069546406e-06
9.800764601447883132e-06
9.840266166400889601e-06
9.869432337329138151e-06
9.930009604689641001e-06
9.955911853468196141e-06
9.992064229664583065e-06
1.005294590417601048e-05
1.007359811417304897e-05
1.010144018497801689e-05
1.011405121733176908e-05
1.013566717689066250e-05
1.014306234091467838e-05
1.022879918798224050e-05
1.027625690089259074e-05
1.031007994577443816e-05
1.035425986188624559e-05
1.038824643401210538e-05
1.040770534949671466e-05
1.041958617336694555e-05
1.044940239848457048e-05
1.048127267452036506e-05
1.052745407981363399e-05
1.053862568980659782e-05
1.056262430992988577e-05
1.061362101076580089e-05
1.062308216777427641e-05
1.067948978511584667e-05
1.075360681626070742e-05
1.077071268738866279e-05
1.078558227901546799e-05
1.084393725552177038e-05
1.091683359210400984e-05
1.092958243990511809e-05
1.094105400817447119e-05
1.096754608332676330e-05
1.104245363919674522e-05
1.104358777997789557e-05
1.109575572334173050e-05
1.111846378948813850e-05
1.115517915704267186e-05
1.117962478614530807e-05
1.120639073487509984e-05
1.123710080340842913e-05
1.126398456488396229e-05
1.132043895458443719e-05
1.132945009051189813e-05
1.135900318533781285e-05
1.144620023964505065e-05
1.147200386172586314e-05
1.154602548742798700e-05
1.157092814253741981e-05
1.158082240936506825e-05
1.163946775880328565e-05
1.167816719607303739e-05
1.168975151234390613e-05
1.174583349858271252e-05
1.176706671432537301e-05
1.180681103989895363e-05
1.182910287547120476e-05
1.190157248274296862e-05
1.193164446131390920e-05
1.194980641021910846e-05
1.196730905629239788e-05
1.204205662900420931e-05
1.205866027765206127e-05
1.212039706284157950e-05
1.214059798167815707e-05
1.221239128761591112e-05
1.224294053324677341e-05
1.225069776629958372e-05
1.228810529315459343e-05
1.233414528047311462e-05
1.238757699211080479e-05
1.247972986998774964e-05
1.250323457889080407e-05
1.253761444024338381e-05
1.254679646287447000e-05
1.256245433743459848e-05
1.265388385919074429e-05
1.268345228145186561e-05
1.271253251532314576e-05
1.273298861436325970e-05
1.279330406688811247e-05
1.283432348665987588e-05
1.284680398778711440e-05
1.289143305958226114e-05
1.296085297947776012e-05
1.298123814799726515e-05
1.300230516813514677e-05
1.301653079489912157e-05
1.309804787707979699e-05
1.313659018143936827e-05
1.314823428907990563e-05
1.317451684565371783e-05
1.322087163694556738e-05
1.327289283913596189e-05
1.328195554292712916e-05
1.331703674053551499e-05
1.336555506571588889e-05
1.339093917875310759e-05
1.341169101507781604e-05
1.347577071458034724e-05
1.351494639579053821e-05
1.357341519170916740e-05
1.359823756625646442e-05
1.368511812618381246e-05
1.372216488665349310e-05
1.377333671801661827e-05
1.380352065980144790e-05
1.385957409366763834e-05
1.390927924430453762e-05
1.394939077439348873e-05
1.395321007434023746e-05
1.405496533937904201e-05
1.409081297904609512e-05
1.410750951884034651e-05
1.418948812892027035e-05
1.420708480659440626e-05
1.424794901116711326e-05
1.429344929527659184e-05
1.432762938120065491e-05
1.439545425770145853e-05
1.442204660099681950e-05
1.445282725430684860e-05
1.452332814446395293e-05
1.455896293035307622e-05
1.461857482596369368e-05
1.463403374592419077e-05
1.467553930134822422e-05
1.470590520626639665e-05
1.478588587447280571e-05
1.484306626206167081e-05
1.486149845794615671e-05
1.490721669098880631e-05
1.496816078132340823e-05
1.501372219687472624e-05
1.504622980045921101e-05
1.506887689365228544e-05
1.513261057419543273e-05
1.518570660907191974e-05
1.520725949055184057e-05
1.522970121468664685e-05
1.526547642675761722e-05
1.529740223302051452e-05
1.536318812748096177e-05
1.536899910399082650e-05
1.545191925804671599e-05
1.548198976378382691e-05
1.551858203629973067e-05
1.560298982454873831e-05
1.562913076002788579e-05
1.565420163439983658e-05
1.570878344543131112e-05
1.579406408238741513e-05
1.582208776730840711e-05
1.584576411753314470e-05
1.587705584831365199e-05
1.591217397630449598e-05
1.596698436009403907e-05
1.608035934338383703e-05
1.612208536762513165e-05
1.614815399504808258e-05
1.617044573834239434e-05
1.619313808633590987e-05
1.625858951788726410e-05
1.631186242278077962e-05
1.635183097065402822e-05
1.637500042196465667e-05
1.644267134755508913e-05
1.648946932846107811e-05
1.658435181927956980e-05
1.660749107434177636e-05
1.665900614717114855e-05
1.672887438858125761e-05
1.675743797337817507e-05
1.682942041313307269e-05
1.685306397227091398e-05
1.687483651797419800e-05
1.695225718456383002e-05
1.697121302486011204e-05
1.703459087875811278e-05
1.706466547027176773e-05
1.711661281661599842e-05
1.714365911707488248e-05
1.714762933821351102e-05
1.721389731645955567e-05
1.727335016801093281e-05
1.731002148905855771e-05
1.734134126425858059e-05
1.741114245479425781e-05
1.742160175389591701e-05
1.745058338505852704e-05
1.751711277537145426e-05
1.756789704741517315e-05
1.762246552608753570e-05
1.766416330689200858e-05
1.771559476893504637e-05
1.780664522067022926e-05
1.783033589277927916e-05
1.786702313929548614e-05
1.796381256921888859e-05
1.799061151180540139e-05
1.803902889168512713e-05
1.815398639393577684e-05
1.819203311070784478e-05
1.822640151075371646e-05
1.826372683056503478e-05
1.833734317548377883e-05
1.836378408360122506e-05
1.842925137286063639e-05
1.847351077255511483e-05
1.849680895606399457e-05
1.854304431434015634e-05
1.865268543555050529e-05
1.868046467327297096e-05
1.879807650747090296e-05
1.885297367665808739e-05
1.889785060793701751e-05
1.894736288636965227e-05
1.896666820054748300e-05
1.901814037435042875e-05
1.904042701778458027e-05
1.904463230580272416e-05
1.911473388906744726e-05
1.920146137472895036e-05
1.924805196989849712e-05
1.934329916597622346e-05
1.934704044267134346e-05
1.937677208104106370e-05
1.944890341836374618e-05
1.948521736774611767e-05
1.952418261893757530e-05
1.954870909819481450e-05
1.958957570735109992e-05
1.968803589065515179e-05
1.979590692439528972e-05
1.985898834977657836e-05
1.986625179165416269e-05
1.990852229514916688e-05
2.001924739525492959e-05
2.005768564061674908e-05
2.009777873395544715e-05
2.016597541570382254e-05
2.022648523787272254e-05
2.025928386885818549e-05
2.032349294755695829e-05
2.035219007138285531e-05
2.042388843605663369e-05
2.051086782532764342e-05
2.054024160086878010e-05
2.059288184591119984e-05
2.061912523233818184e-05
2.074903033592303417e-05
2.076863112323315430e-05
2.078099527695188883e-05
2.080783958456833082e-05
2.082144446362823445e-05
2.099582629069224877e-05
2.106106011892610368e-05
2.111105290448078229e-05
2.119383847222120441e-05
2.121885466708492630e-05
2.132459339735115150e-05
2.136416990267335543e-05
2.139845931165135275e-05
2.142408546175051363e-05
2.146991797497865533e-05
2.152602373492057758e-05
2.158552525880743435e-05
2.165054860465258571e-05
2.168639854921343297e-05
2.174849783773533292e-05
2.179345594473269628e-05
2.187815687916671046e-05
2.195179777842884243e-05
2.201255928538973125e-05
2.203786423202324534e-05
2.214978780591457685e-05
2.218751751541814954e-05
2.219495559687503794e-05
2.225700094315698763e-05
2.229317474905711464e-05
2.236876007071718388e-05
2.243601015947367533e-05
2.245643291222170558e-05
2.256290908534956227e-05
2.272234375631836668e-05
2.272744838079084420e-05
2.277110920952677680e-05
2.283408911644771997e-05
2.289387252998257693e-05
2.293477094848121324e-05
2.297615381247142136e-05
2.302981242235341993e-05
2.311051841052572003e-05
2.317615993193240936e-05
2.324191750324029377e-05
2.328049829992446954e-05
2.337004757186899201e-05
2.341310720989243024e-05
2.347795102402909531e-05
2.351088336817317958e-05
2.356756173680353653e-05
2.363806926249485823e-05
2.375761380777237036e-05
2.378378899252566687e-05
2.380963903383511720e-05
2.388857663964533739e-05
2.398186622403473446e-05
2.402676972382279303e-05
2.408920200908325454e-05
2.415189740873298067e-05
2.420572606537256508e-05
2.424781725118652784e-05
2.440121753346231504e-05
2.442636120360936017e-05
2.447260298800947782e-05
2.463133504329710033e-05
2.466938937112875087e-05
2.476914217050536529e-05
2.482213667174435354e-05
2.485983979887496231e-05
2.492388885409070785e-05
2.502873316095568417e-05
2.505904468107962184e-05
2.517923555017702040e-05
2.527772324962024008e-05
2.539102313315289922e-05
2.541206433665240636e-05
2.548018431037146254e-05
2.551405031951853419e-05
2.559518766062421404e-05
2.559894714204778615e-05
2.564741689078530069e-05
2.571389065166604875e-05
2.577440985382908192e-05
2.582598662665136423e-05
2.595561732768813889e-05
2.603714257790761856e-05
2.615204052967867629e-05
2.619092966040246755e-05
2.627568953734848577e-05
2.637041656844832854e-05
2.644740867846307944e-05
2.646639855648933245e-05
2.659314610976198221e-05
2.663773615739641705e-05
2.666379192448637428e-05
2.673243113743884082e-05
2.678643239090884842e-05
2.687692761024131302e-05
2.695790430055900849e-05
2.700668299872807868e-05
2.706541346892396750e-05
2.716894491908258320e-05
2.722300298146660566e-05
2.728896069335458703e-05
2.738838962887019958e-05
2.743768760863427844e-05
2.750724241092489659e-05
2.762118326253923343e-05
2.766647664050053221e-05
2.775050591417405570e-05
2.781805356817121396e-05
2.785719590440401803e-05
2.794461965150001149e-05
2.801740280704731627e-05
2.807333422101022257e-05
2.822439948470104572e-05
2.830751319064876478e-05
2.836849530418284759e-05
2.842781697781579948e-05
2.846537381365259824e-05
2.858390768230722621e-05
2.862415545028234855e-05
2.879721820234689295e-05
2.890622141833659468e-05
2.902650520183174692e-05
2.904264103960340921e-05
2.906544397927466735e-05
2.915172191793086011e-05
2.923423588316264750e-05
2.927496453766542705e-05
2.934761859461728747e-05
2.954603425356950870e-05
2.956982948742785933e-05
2.975485075858726977e-05
2.979431915381511065e-05
2.989159630898982235e-05
2.999696795641825758e-05
3.003431707548254276e-05
3.015020112970574271e-05
3.021528347958863379e-05
3.027123043776845808e-05
3.036901425296773994e-05
3.038633253670783261e-05
3.050169323978706244e-05
3.058251204591551494e-05
3.075163701719197025e-05
3.081467301662829461e-05
3.086081831921017710e-05
3.095379724477083784e-05
3.104660588718010890e-05
3.110632952114256714e-05
3.118614278243029767e-05
3.125445057879126050e-05
3.136700993445714659e-05
3.146734033286958818e-05
3.162217891156218389e-05
3.166736704629646696e-05
3.179189808888125849e-05
3.187697810962459617e-05
3.189737539772134105e-05
3.204986862229484398e-05
3.212957969990724172e-05
3.216856407310405652e-05
3.226145259580428772e-05
3.234064180543687919e-05
3.251389305823717570e-05
3.259350675484785995e-05
3.265751552209020188e-05
3.270232228738659719e-05
3.282352549454402513e-05
3.295545397642817828e-05
3.302488823084678501e-05
3.313676506260763581e-05
3.327501778114304938e-05
3.336432957116649433e-05
3.345059187351227115e-05
3.354080678895464130e-05
3.364091216645353230e-05
3.373461468623437977e-05
3.383680481989785236e-05
3.393545190971393411e-05
3.399871254779777220e-05
3.415294373712353144e-05
3.423616885934239096e-05
3.428806860074756757e-05
3.434423668326523307e-05
3.451994063985033232e-05
3.470812684722035676e-05
3.475456365533707853e-05
3.486649370723213443e-05
3.496574305549612888e-05
3.504294144704815515e-05
3.509266406948002403e-05
3.522172053399110826e-05
3.528918086382763140e-05
3.536916623719080129e-05
3.544587911239596099e-05
3.553982690066089954e-05
3.575863134378227221e-05
3.586614819611185439e-05
3.607781917112553173e-05
3.618382521977652085e-05
3.636623395250078829e-05
3.645010444021873971e-05
3.648201674159297592e-05
3.663611236016057685e-05
3.681352737162549684e-05
3.683088360039503905e-05
3.693993294277935884e-05
3.699796876096470938e-05
3.710087958078111517e-05
3.721024773162758150e-05
3.744657203704686803e-05
3.746879167853438204e-05
3.753242258034528806e-05
3.768593716250697654e-05
3.771237191158367710e-05
3.791206315135129399e-05
3.819614263772733837e-05
3.839377323263563831e-05
3.843068843283729027e-05
3.843568149059691246e-05
3.867105842759468136e-05
3.880519504832202895e-05
3.890819330401821277e-05
3.914030014762686038e-05
3.915447823854950854e-05
3.924933520649515983e-05
3.931554560188634846e-05
3.945015254994971304e-05
3.960857553623744695e-05
3.971573241112949510e-05
3.979117404578569680e-05
4.001090348108397177e-05
4.005644908940995757e-05
4.018836743086132607e-05
4.031383617780817235e-05
4.065934442871844094e-05
4.084781861363490383e-05
4.105163366662111830e-05
4.109502613373799463e-05
4.117251147258903877e-05
4.133847187639475961e-05
4.144390857354958316e-05
4.157322827431182352e-05
4.171212697439833142e-05
4.194003948009718518e-05
4.205752115079377146e-05
4.230733617363814831e-05
4.238733178653651044e-05
4.245495144244694702e-05
4.276398221103984779e-05
4.287808266181009385e-05
4.298474221536661429e-05
4.321523788366233860e-05
4.344642796563572549e-05
4.345783464391193477e-05
4.365325205643816407e-05
4.391338661347725310e-05
4.408362162198839896e-05
4.415631847761795057e-05
4.423303271771114413e-05
4.442724165256161539e-05
4.448667345992363186e-05
4.462672446076999550e-05
4.502835352447286235e-05
4.516330926573806735e-05
4.519330663520385396e-05
4.538788853821611890e-05
4.548809852300549783e-05
4.571085123441774611e-05
4.600355437324864808e-05
4.612187173844463497e-05
4.633347311516703012e-05
4.649804119100011540e-05
4.672323570176916432e-05
4.674687616701624109e-05
4.706248269448193690e-05
4.714155879719173414e-05
4.734529197866727224e-05
4.743101039193418043e-05
4.746686257371979673e-05
4.769707868092564693e-05
4.795932789062694183e-05
4.817331611402158394e-05
4.841763579514493995e-05
4.856811133365740809e-05
4.885404864537223234e-05
4.925460484080947630e-05
4.937264597088465332e-05
4.961076114500063213e-05
4.976191185158556517e-05
5.003070844623243069e-05
5.021990217613304296e-05
5.061010352576243059e-05
5.095809020140510407e-05
5.105947295681222348e-05
5.123047579231558969e-05
5.146994738570117748e-05
5.157134853951401385e-05
5.183420701196547032e-05
5.190940206436982858e-05
5.220317375325438705e-05
5.240052538076618805e-05
5.266975786773727596e-05
5.294109763273476237e-05
5.320708197704200371e-05
5.353432887860942410e-05
5.382231699554838904e-05
5.418013103572499488e-05
5.460897249418097840e-05
5.475917129377419734e-05
5.485663825870626089e-05
5.513731032079455073e-05
5.545624710469716995e-05
5.563149813167070118e-05
5.625586647070602577e-05
5.640429725200276078e-05
5.673825330634488473e-05
5.754848100106004584e-05
5.762793333593053729e-05
5.831222846726168374e-05
5.850874422051269307e-05
5.892772772288558007e-05
5.939257860674595401e-05
5.965599043628333915e-05
6.090604515109904199e-05
6.121134019000045812e-05
6.188244143543435031e-05
6.310835105238619567e-05
7.434484631693943999e-05
