-2.236278360995028769e-05
-2.219371005768655680e-05
-2.180434156330515958e-05
-2.156836314757271315e-05
-2.088083739851816264e-05
-2.055997417250314053e-05
-2.034636061915927110e-05
-2.021240468762396637e-05
-2.006094376988837527e-05
-2.002902637827445368e-05
-1.972042963388825416e-05
-1.957146072307968851e-05
-1.923735748690515209e-05
-1.918900194803416028e-05
-1.907039762042854174e-05
-1.878174188997968838e-05
-1.861079059533807674e-05
-1.855113486197603381e-05
-1.842136705466788512e-05
-1.814664122644946986e-05
-1.804227031502216095e-05
-1.791628947848510683e-05
-1.766977694641918455e-05
-1.763633224287004163e-05
-1.758355656022422196e-05
-1.735866085791281535e-05
-1.723623156556216844e-05
-1.711342225145205540e-05
-1.697684428333387629e-05
-1.677365006215602127e-05
-1.665786765829238857e-05
-1.653843739252301492e-05
-1.647843368230105294e-05
-1.636232632662714152e-05
-1.622841137550992124e-05
-1.617781936645604305e-05
-1.601392433203695760e-05
-1.594018641844830483e-05
-1.584591438002424065e-05
-1.572247938004675620e-05
-1.559411983883203420e-05
-1.547004876924342742e-05
-1.540733712210447012e-05
-1.529139598857455864e-05
-1.516041126519470263e-05
-1.494130513855355572e-05
-1.482376685318340655e-05
-1.473067489889880916e-05
-1.465306809119384679e-05
-1.457320485193601841e-05
-1.446668204307837013e-05
-1.443665176832948961e-05
-1.433516343558898522e-05
-1.426412928158687118e-05
-1.419775126531796046e-05
-1.405282280858401491e-05
-1.400966926763830910e-05
-1.378663725088816622e-05
-1.375683313165404512e-05
-1.372065638870354849e-05
-1.362835431817135765e-05
-1.346984135521120636e-05
-1.342642977753222195e-05
-1.336178684784472473e-05
-1.329853169890495499e-05
-1.323215485214566620e-05
-1.319372314723704703e-05
-1.313019781810353835e-05
-1.300377389653122357e-05
-1.299298363160623881e-05
-1.288904466548215179e-05
-1.271968235366710642e-05
-1.262761764852117819e-05
-1.256473433492898718e-05
-1.255208777893259173e-05
-1.238732691779942301e-05
-1.230684008383397962e-05
-1.226286285741109832e-05
-1.225454714642096253e-05
-1.211646711828518953e-05
-1.204396817257823929e-05
-1.192232790895000186e-05
-1.190073378882206284e-05
-1.180506003239253765e-05
-1.171649334336862499e-05
-1.163180887178567881e-05
-1.155982568175475139e-05
-1.147619646113617251e-05
-1.132348899108478765e-05
-1.129347719621612409e-05
-1.123255139894822958e-05
-1.119438156681734377e-05
-1.112665669276210068e-05
-1.098094026221177763e-05
-1.095949968413443850e-05
-1.091925667665416585e-05
-1.077857271630804909e-05
-1.065737813190903088e-05
-1.059908561810201412e-05
-1.059184144910376479e-05
-1.049607328325767922e-05
-1.043320091004292893e-05
-1.034992242263651902e-05
-1.030455340766838317e-05
-1.020163171696070153e-05
-1.018866855250918689e-05
-1.009223124951704403e-05
-1.007469011169854266e-05
-1.007069802628638462e-05
-9.993165792407818297e-06
-9.936055656048930248e-06
-9.848991616939696799e-06
-9.804771187396758180e-06
-9.755010082086174305e-06
-9.659175374101175142e-06
-9.646551788224341884e-06
-9.602537907158220184e-06
-9.525080371932836246e-06
-9.464446709358000483e-06
-9.336437665122842465e-06
-9.230353993351541586e-06
-9.166927918737434621e-06
-9.137762338769340079e-06
-9.126759140526665630e-06
-9.075659029092721856e-06
-9.027434859433837241e-06
-8.909272469649052079e-06
-8.894408045703271323e-06
-8.836074239432817982e-06
-8.749757950005070123e-06
-8.726839702206392550e-06
-8.687939975571239154e-06
-8.632535865383665177e-06
-8.611777270605557613e-06
-8.590216754031172440e-06
-8.439112110876011114e-06
-8.416879902098997805e-06
-8.360056883069211261e-06
-8.311638412935782699e-06
-8.273575997084071340e-06
-8.209513596106164256e-06
-8.195970980488939754e-06
-8.144438833111818565e-06
-8.122305324295381963e-06
-8.093042739613214991e-06
-8.048785681086310077e-06
-7.920627364318278321e-06
-7.915806055345879264e-06
-7.859517904033517548e-06
-7.834727569676438905e-06
-7.783651839478486378e-06
-7.765767370763760553e-06
-7.702374643120434285e-06
-7.630912770505134471e-06
-7.627599395033335046e-06
-7.519493527104990249e-06
-7.509108729980271687e-06
-7.466114807340987940e-06
-7.410006010483901224e-06
-7.403110084462983182e-06
-7.320153633277649422e-06
-7.264540196678441398e-06
-7.218688516079380830e-06
-7.154206426025763628e-06
-7.098403607955036997e-06
-7.074835738887137680e-06
-7.072525788641837942e-06
-7.010123617830938084e-06
-6.932969249530412976e-06
-6.885931459959492967e-06
-6.836615152092702481e-06
-6.813085252220434725e-06
-6.743636210564258584e-06
-6.716723214490705807e-06
-6.667941723313771478e-06
-6.611152840403006777e-06
-6.564959436231004159e-06
-6.548314115024234574e-06
-6.534216041622172918e-06
-6.436922199674832737e-06
-6.400911818753752046e-06
-6.286945712632086175e-06
-6.266248213617468928e-06
-6.224282551074559840e-06
-6.215848903713864864e-06
-6.121942196680319033e-06
-6.092308855130946773e-06
-6.061481688429845471e-06
-6.008484267114693284e-06
-5.985720762590635927e-06
-5.963852598464349369e-06
-5.925672071962559649e-06
-5.886301115521848312e-06
-5.820975250304125959e-06
-5.741981290860079727e-06
-5.740593666066570264e-06
-5.707474364017894162e-06
-5.671684397193429599e-06
-5.644246078168106990e-06
-5.588363537215660425e-06
-5.530424106820436548e-06
-5.524321184564486862e-06
-5.456833404530599696e-06
-5.431045974465555014e-06
-5.402821610971722555e-06
-5.372278636478877074e-06
-5.307331041992845688e-06
-5.267237481445523299e-06
-5.220326720209555276e-06
-5.193081883018568569e-06
-5.124315395735696661e-06
-5.089948788560640643e-06
-5.064748820043636213e-06
-5.031043345618021273e-06
-4.975130891452629371e-06
-4.953294141845049513e-06
-4.888636184356317168e-06
-4.815868847115014465e-06
-4.787230178112211196e-06
-4.780865089597934250e-06
-4.754861330651152458e-06
-4.733566973234486069e-06
-4.704642527876927732e-06
-4.681436148958481334e-06
-4.619466427422171241e-06
-4.592024905021537784e-06
-4.532696203145674123e-06
-4.481886699269785450e-06
-4.443925663144070511e-06
-4.386977248052702538e-06
-4.383462633291718908e-06
-4.363800230059019383e-06
-4.344214476951169982e-06
-4.282520008746384917e-06
-4.232286744393489469e-06
-4.214552605983792534e-06
-4.178462152547769245e-06
-4.148725141222749564e-06
-4.142992504651563889e-06
-4.107250088173611092e-06
-4.036590325220619873e-06
-4.023892926065208502e-06
-3.995177409508064751e-06
-3.917421685614623796e-06
-3.887005675090436600e-06
-3.840148122974120661e-06
-3.830496686572558748e-06
-3.792960874828084495e-06
-3.723897637552191199e-06
-3.703026918783308941e-06
-3.695770776941334947e-06
-3.665994168005483001e-06
-3.641774472142284331e-06
-3.595319046982677614e-06
-3.563505243587760312e-06
-3.529719458943597162e-06
-3.489235081756904908e-06
-3.457936272679743340e-06
-3.373813100168925768e-06
-3.364759790235559010e-06
-3.329561701885322801e-06
-3.294205213700851903e-06
-3.254145129506514709e-06
-3.236283369165223475e-06
-3.186779375021516293e-06
-3.164623541275631196e-06
-3.125850446566202170e-06
-3.125614683418019006e-06
-3.061175784055712161e-06
-3.046653341581309001e-06
-3.036203522646383237e-06
-2.945371130717415187e-06
-2.929526410973326779e-06
-2.900864721182860301e-06
-2.878370479343135167e-06
-2.839719306462526196e-06
-2.822767301064109138e-06
-2.798927717925674094e-06
-2.766139332082045336e-06
-2.759825655751843198e-06
-2.723822020538138577e-06
-2.716678492726843294e-06
-2.673005955263140283e-06
-2.649084612877963470e-06
-2.642870930577264322e-06
-2.596207550560813617e-06
-2.559870262891919086e-06
-2.525178840869621501e-06
-2.492502542691766271e-06
-2.467582400956816036e-06
-2.444994424104232472e-06
-2.429402906331036717e-06
-2.395580302718083085e-06
-2.379856448458404764e-06
-2.369855779918821697e-06
-2.329901804082549400e-06
-2.279040375871770268e-06
-2.246675689125962935e-06
-2.242993401896506922e-06
-2.196257930554045636e-06
-2.151930966487777882e-06
-2.096432916885789710e-06
-2.061047586580208544e-06
-2.053116166005249347e-06
-2.032690247670653075e-06
-2.018080762051742795e-06
-1.954439390752430624e-06
-1.927403807967804499e-06
-1.912058116868578479e-06
-1.870490518777761364e-06
-1.859629169709898935e-06
-1.845175571587028915e-06
-1.825292993306982752e-06
-1.795364794287320753e-06
-1.761181829390754102e-06
-1.748811707122226747e-06
-1.719433379507277934e-06
-1.699512956038714467e-06
-1.671238205631598986e-06
-1.624593374172358897e-06
-1.608598487538895763e-06
-1.570820093152740581e-06
-1.548823536089951442e-06
-1.511956722244965543e-06
-1.474971687456794661e-06
-1.464234479472237516e-06
-1.440812278634813607e-06
-1.427584858014371842e-06
-1.403417391282942530e-06
-1.367043796142245469e-06
-1.337122936917148701e-06
-1.272786682554578608e-06
-1.266481182071352780e-06
-1.262007595224769160e-06
-1.204413727918366029e-06
-1.186845122129015615e-06
-1.170251303125891438e-06
-1.159924460530815330e-06
-1.128585023991464844e-06
-1.088296438897199553e-06
-1.087620967885571578e-06
-1.062477071838123363e-06
-1.028060810627399722e-06
-1.010190635001432011e-06
-9.818221291173055731e-07
-9.489391733606639193e-07
-9.142601562240001582e-07
-8.773518342748270795e-07
-8.606696657269596139e-07
-8.263935236882939420e-07
-8.075939146472678013e-07
-7.925908292578747553e-07
-7.819035465785549812e-07
-7.655250268622297333e-07
-7.368355168431133676e-07
-7.187949007201367509e-07
-7.065070474165789295e-07
-6.835381022810729964e-07
-6.415922426063168210e-07
-6.285202455293345606e-07
-6.065120215168561379e-07
-5.848664747824980792e-07
-5.727288888884021524e-07
-5.505667525380212028e-07
-5.171148195900661935e-07
-4.914750852771572430e-07
-4.730454205560240049e-07
-4.112863798573441104e-07
-3.917577043367252342e-07
-3.688913179417242719e-07
-3.515158497671107737e-07
-3.299188365764861159e-07
-3.115498020928207591e-07
-2.699756456631892810e-07
-2.470819250577868718e-07
-2.347807032852924999e-07
-2.099089779654549558e-07
-1.927872029021186589e-07
-1.493909594748323246e-07
-1.364092104477995399e-07
-1.258501549416877754e-07
-9.452216275107291187e-08
-5.860466466497228092e-08
-4.517536254775550972e-08
-3.416067111967448096e-08
-1.557652283629031718e-08
-8.288352973179394436e-09
0.000000000000000000e+00
2.532375658184803429e-09
3.803552529848905185e-08
6.280262113511654994e-08
9.366980114067971563e-08
1.233510844356553996e-07
1.398045707774589865e-07
1.694836294064437718e-07
1.966255009825122832e-07
2.154711343274541699e-07
2.241154619439080758e-07
2.601871303453880811e-07
2.885478295326200736e-07
3.174740915410139860e-07
3.234034858895980866e-07
3.519602195070962156e-07
3.639430171461189545e-07
4.100609160758405190e-07
4.372765159394075212e-07
4.583176415111935518e-07
4.708081907259245642e-07
5.083205902310037893e-07
5.330409342046084984e-07
5.512212519132364273e-07
5.669996148102939629e-07
5.699774492102801477e-07
5.992515278961941601e-07
6.229380101107486306e-07
6.324857946389262798e-07
6.538550845975845115e-07
6.722094657869504918e-07
6.965327173448610074e-07
7.396132484175117179e-07
7.566856085711997230e-07
7.764457825172947138e-07
8.365798351974411313e-07
8.559362099936745595e-07
8.624208854790588031e-07
9.014775197521109904e-07
9.351446603612962502e-07
9.495391795469308723e-07
9.723364544721097858e-07
9.998679283181596243e-07
1.024464741803980164e-06
1.038717411218367057e-06
1.070711807955527201e-06
1.090085516474381360e-06
1.106605120723752874e-06
1.127672651346950009e-06
1.145405422139345020e-06
1.209691443558012833e-06
1.221427448494057490e-06
1.241337131925866296e-06
1.276836986479249457e-06
1.287668775789699291e-06
1.299503214889740794e-06
1.341963315129035558e-06
1.373450122592906730e-06
1.394514581971275110e-06
1.408199835507617164e-06
1.420891515571218535e-06
1.449240474580339434e-06
1.486071660536408342e-06
1.489785742798494426e-06
1.506613588936559732e-06
1.572735762519069750e-06
1.595393927797683853e-06
1.613410380174179244e-06
1.635055008266727791e-06
1.660121495126108954e-06
1.690619808386618897e-06
1.694317260652982100e-06
1.749101718531998945e-06
1.769999918676145229e-06
1.800911993582423641e-06
1.837302316696289781e-06
1.877012986231726909e-06
1.917353879758089130e-06
1.941248976706631241e-06
1.956419967892679690e-06
1.965664785691454310e-06
1.998758531885811655e-06
2.023270953113235759e-06
2.037656544123845435e-06
2.073675176279413189e-06
2.088267099044069598e-06
2.111982528461616441e-06
2.156327991125398997e-06
2.179774028125917896e-06
2.193999078948306664e-06
2.239224436649274690e-06
2.271812874256434469e-06
2.291795986902546923e-06
2.333410421224475139e-06
2.357629766458210381e-06
2.390207571795390239e-06
2.439999320752158487e-06
2.455762670183902882e-06
2.493252678968684655e-06
2.538549854294446153e-06
2.558488973086559001e-06
2.575150682913586403e-06
2.629364408883893952e-06
2.641258875967345107e-06
2.662039187554907002e-06
2.708475603290086869e-06
2.716548882379911460e-06
2.757123953349451278e-06
2.770666443995764238e-06
2.782576744720272105e-06
2.814537035273694656e-06
2.851798289540459953e-06
2.875696519244768832e-06
2.907644695345353908e-06
2.934131736697551458e-06
2.980166820328856508e-06
3.008343601313793245e-06
3.033041103263504046e-06
3.081469198569283565e-06
3.106356010145378709e-06
3.151022776471231130e-06
3.178872820550796986e-06
3.218296242907488110e-06
3.250388482359990038e-06
3.268672244863326308e-06
3.316935040692416408e-06
3.346100596578715009e-06
3.386660697136153935e-06
3.410625023570543857e-06
3.439856759786199718e-06
3.502433890785396933e-06
3.511501902553151989e-06
3.550455509811666362e-06
3.560260021467499674e-06
3.633011373599874930e-06
3.652807868758659193e-06
3.696867164704640381e-06
3.729241210594574356e-06
3.738754864211927491e-06
3.771975854820139995e-06
3.788145698270975748e-06
3.834409345566986486e-06
3.869301003191426790e-06
3.885355882760041759e-06
3.931389314806364514e-06
3.984979082011969526e-06
4.002269918429493275e-06
4.020069364893823147e-06
4.067229490705260630e-06
4.124990381805128579e-06
4.148610778755505425e-06
4.236353551701995883e-06
4.252176757597345414e-06
4.261930591226430033e-06
4.302061319087430573e-06
4.379631777863619477e-06
4.420019788302636641e-06
4.470564406961152716e-06
4.476215043929149464e-06
4.485343537713822538e-06
4.515840176574202867e-06
4.531754701739195771e-06
4.621053490054814206e-06
4.642568103173197321e-06
4.671460071443269046e-06
4.710496565246891655e-06
4.736665473289866016e-06
4.814444129654914340e-06
4.851308748310025500e-06
4.867528127650848734e-06
4.880315582257706892e-06
4.911158146150584766e-06
4.950904194591470477e-06
4.974122175130686195e-06
5.017488525383796149e-06
5.034837221810973778e-06
5.112594480382371281e-06
5.128086531184900972e-06
5.154972160355590787e-06
5.216807817524338436e-06
5.248241420302034062e-06
5.299412546196864025e-06
5.334301589637444440e-06
5.362707018810964767e-06
5.436009363515895901e-06
5.455825663682851653e-06
5.489572225170471593e-06
5.554142304643494361e-06
5.590358147871838083e-06
5.600673273161840406e-06
5.629822550283310215e-06
5.644737843510853708e-06
5.743202203833965738e-06
5.825858742466098553e-06
5.857587347908533881e-06
5.912068753172373907e-06
5.929762401873770226e-06
5.946141436195990381e-06
5.974575584863197608e-06
6.055228365140944949e-06
6.107264958835565075e-06
6.122499159482653195e-06
6.217407895616570866e-06
6.235630929904322789e-06
6.262192132908656068e-06
6.266144606744321995e-06
6.368517037161622316e-06
6.378501343875946737e-06
6.398643913857254492e-06
6.431986475390143121e-06
6.474452589481209877e-06
6.556034035599690329e-06
6.611470719715473818e-06
6.650235001538179002e-06
6.671836229443912430e-06
6.755736531431586182e-06
6.788912071164243688e-06
6.854588506051868914e-06
6.879336484490452546e-06
6.921935837526220954e-06
6.963494069060260349e-06
7.029672146860051186e-06
7.046592562110616070e-06
7.095982221079769434e-06
7.153213875798456463e-06
7.186586830832380781e-06
7.254855779604566784e-06
7.322501965301826656e-06
7.339007570046782996e-06
7.389131924440581947e-06
7.456928531362973915e-06
7.513183940859054138e-06
7.538256774012239204e-06
7.596408887226085341e-06
7.615830073497205935e-06
7.656181828020179082e-06
7.728848846078821460e-06
7.748693628547859423e-06
7.795771243329829489e-06
7.859495841921404494e-06
7.920290723037696904e-06
7.977460043060718991e-06
8.008871864545002273e-06
8.036770949569369023e-06
8.131337003683613239e-06
8.148018609855119375e-06
8.216334943752148976e-06
8.249192690395247698e-06
8.303892930563108138e-06
8.371831584426287382e-06
8.445075978195580479e-06
8.520662767230651881e-06
8.535640963977486720e-06
8.569011019443721475e-06
8.640326094508445176e-06
8.671562702717190978e-06
8.722768224682673487e-06
8.815203945413846871e-06
8.888238572933876305e-06
8.930577019031055887e-06
9.020261349264021159e-06
9.043778614537032709e-06
9.122674838434343582e-06
9.162164803952292500e-06
9.209630704335122108e-06
9.259656797872640793e-06
9.354036438150642240e-06
9.371242477216425371e-06
9.440130771262055442e-06
9.475094188391051199e-06
9.569395051040238473e-06
9.619706889745762842e-06
9.675859913163277178e-06
9.759834939624933213e-06
9.796454976984548193e-06
9.833096276629245923e-06
9.908063684944505296e-06
9.960855897346729759e-06
1.002005967011406021e-05
1.022416890584732565e-05
1.022616210164890864e-05
1.030627830292059455e-05
1.031860804382229306e-05
1.035717039092025309e-05
1.043236510315022171e-05
1.047048529413806740e-05
1.053486579832255306e-05
1.055045636595554130e-05
1.065898317136946897e-05
1.067982532005933313e-05
1.077508156039187936e-05
1.085862405905876103e-05
1.099744001005777106e-05
1.105752713651702614e-05
1.108829535355986821e-05
1.120360778678303606e-05
1.130838909403522773e-05
1.134978749828134826e-05
1.140257251863280343e-05
1.146187599502106461e-05
1.158053757657853733e-05
1.166252063937447724e-05
1.167515072867793768e-05
1.178514394106254670e-05
1.186929066352625027e-05
1.191400696079884824e-05
1.198071153956728417e-05
1.202450641962037404e-05
1.212038229825853646e-05
1.220696195671021577e-05
1.226652466880080391e-05
1.233216806073294781e-05
1.244121560735390727e-05
1.247818867505067535e-05
1.257062738992826649e-05
1.257735610963101581e-05
1.264892420467273755e-05
1.277078850939087131e-05
1.288351049718857054e-05
1.296580502493013030e-05
1.306432312893460223e-05
1.315728963916680155e-05
1.321145299144594495e-05
1.335532845209802726e-05
1.346337493952215300e-05
1.350219405803725370e-05
1.355148860106197001e-05
1.371736866924392421e-05
1.378931650582461061e-05
1.385820475442084305e-05
1.400001320774203045e-05
1.403385462976827335e-05
1.411742970498990358e-05
1.418452212370953768e-05
1.429616924562024978e-05
1.431960619180095540e-05
1.454099539648102495e-05
1.455969842232903006e-05
1.463723229223879304e-05
1.481061840614978187e-05
1.484541550080873276e-05
1.487660665420364599e-05
1.500553884471518171e-05
1.511356938999939410e-05
1.524730103252678847e-05
1.526764067171804422e-05
1.545274208635458903e-05
1.561151093432222193e-05
1.566217767503837838e-05
1.590434129264352544e-05
1.600307287169830549e-05
1.613609176052893326e-05
1.630182534410436882e-05
1.641158515734779762e-05
1.642557429226053234e-05
1.650329687834653974e-05
1.662686864748292936e-05
1.666526195759871368e-05
1.676670428550431759e-05
1.689710867750977196e-05
1.710585649062319551e-05
1.728995895226851433e-05
1.737322871271397754e-05
1.758456356453036600e-05
1.778665113237171667e-05
1.795505885868944743e-05
1.804007854216557266e-05
1.819225183880609020e-05
1.822939712145795889e-05
1.848233489903838554e-05
1.856774164165787342e-05
1.877799044662174834e-05
1.891307813332234898e-05
1.913122257903382431e-05
1.919320073148061211e-05
1.937336772085028268e-05
1.950750110391733443e-05
1.968475017295958591e-05
1.980441774280489883e-05
1.998794158478998248e-05
2.020011112600293736e-05
2.085881641750356091e-05
2.107070704562691762e-05
2.128247535147082242e-05
2.152597996813641846e-05
2.169334367065189065e-05
2.227390678988598572e-05
2.329965809703417844e-05
