-1.466026942586397708e-04
-1.456486397357365653e-04
-1.440110798914140823e-04
-1.421070419025023419e-04
-1.411928865670035395e-04
-1.403377232617738580e-04
-1.395538511184010147e-04
-1.392354190664632572e-04
-1.379494818721286556e-04
-1.369311673987131306e-04
-1.360152129728832437e-04
-1.349122750813947543e-04
-1.345646139375239144e-04
-1.337875762928461651e-04
-1.333401010956916806e-04
-1.320408283627006612e-04
-1.317786572234788841e-04
-1.308844199438190877e-04
-1.300032405135265298e-04
-1.298439909729567801e-04
-1.294665151558129022e-04
-1.283364431367228992e-04
-1.282572141567100000e-04
-1.276450375200075698e-04
-1.269654968169153136e-04
-1.266811598043462853e-04
-1.260037178992862075e-04
-1.253162936186235461e-04
-1.248510252604898680e-04
-1.239481461256808370e-04
-1.236528408978897870e-04
-1.229444431825967889e-04
-1.228487688028420807e-04
-1.224974948042526412e-04
-1.216183720674713015e-04
-1.212611511851107392e-04
-1.209064522687746475e-04
-1.202269726631714384e-04
-1.197736785123369529e-04
-1.194705616921055806e-04
-1.189702049538621172e-04
-1.187927565081026187e-04
-1.182180480251537039e-04
-1.174082764001242355e-04
-1.172707170232553523e-04
-1.167592217760957633e-04
-1.164989855984872457e-04
-1.160102203162916544e-04
-1.157235599512470079e-04
-1.153565468200584156e-04
-1.148492469007533529e-04
-1.140701998626237896e-04
-1.137439649123604874e-04
-1.135322554699249421e-04
-1.133738640615920655e-04
-1.129467995836461462e-04
-1.128763498076045083e-04
-1.124389620144002934e-04
-1.120508559566402829e-04
-1.118151297593439483e-04
-1.112712776528563261e-04
-1.108754707053895267e-04
-1.107055547223643208e-04
-1.102061434687601416e-04
-1.096407157444350886e-04
-1.095895079976421451e-04
-1.091240688263278639e-04
-1.086786426265191695e-04
-1.085345937509396379e-04
-1.082210319594233681e-04
-1.072072817817027943e-04
-1.070277321025636208e-04
-1.067709199672890302e-04
-1.067100706594460404e-04
-1.059806459850814515e-04
-1.057435096088264585e-04
-1.053641976873656935e-04
-1.051340914187306720e-04
-1.049910782248268692e-04
-1.048545937994422705e-04
-1.046295673124522820e-04
-1.044520398425216519e-04
-1.039899520129420409e-04
-1.037090528915951489e-04
-1.034685312245802407e-04
-1.028030366358446924e-04
-1.025430446883879564e-04
-1.024480898332374664e-04
-1.022092405176100297e-04
-1.019377631226674712e-04
-1.011689601833478611e-04
-1.011003881387755461e-04
-1.007713656632755933e-04
-1.006984808373170289e-04
-1.006548941385836782e-04
-1.002019837740799517e-04
-1.000599916840326877e-04
-9.993572571483867110e-05
-9.946794369707553647e-05
-9.924132733844296642e-05
-9.893479168202913565e-05
-9.875008974057589313e-05
-9.852635148715422676e-05
-9.817482032091628280e-05
-9.799672138807032052e-05
-9.777049489214699137e-05
-9.751506570631354948e-05
-9.737399522216759354e-05
-9.699572467100090270e-05
-9.692684383643528372e-05
-9.692222040159296365e-05
-9.661706572354451317e-05
-9.637697101272010012e-05
-9.608520270922841675e-05
-9.587830957403199674e-05
-9.566875103423147508e-05
-9.541355236822306348e-05
-9.527795356612507138e-05
-9.500291776694945619e-05
-9.495657074139508022e-05
-9.454886982440147429e-05
-9.435513102846910811e-05
-9.427901354637282789e-05
-9.409936501013616537e-05
-9.400180765896390205e-05
-9.366636268090972614e-05
-9.337431077153273882e-05
-9.313960208638910436e-05
-9.283992269598211619e-05
-9.267280881271378111e-05
-9.230153817079065595e-05
-9.219176301486133463e-05
-9.204060240787935074e-05
-9.186106146912307929e-05
-9.175727854467575096e-05
-9.163886422280684914e-05
-9.132926229666139329e-05
-9.103921035771034309e-05
-9.090225837201264595e-05
-9.069714167471489030e-05
-9.060020378071417932e-05
-9.051543909177763676e-05
-9.028337100060521278e-05
-9.008919908512831750e-05
-8.991016361139749944e-05
-8.981429266768272269e-05
-8.939113906697492094e-05
-8.929489697275739732e-05
-8.927271740447535232e-05
-8.912917556839122573e-05
-8.882899242589261540e-05
-8.878199667635493469e-05
-8.858121080813170442e-05
-8.850896490697635489e-05
-8.808227946877510877e-05
-8.788268180097475086e-05
-8.770536970364107481e-05
-8.748923793107482821e-05
-8.746293072267667364e-05
-8.735017706856041178e-05
-8.686538079110864936e-05
-8.681348878232696066e-05
-8.658349123605192513e-05
-8.642372704331831301e-05
-8.638023935925440492e-05
-8.611075215104492531e-05
-8.604611676495830727e-05
-8.591231591030990163e-05
-8.571184386417143159e-05
-8.560663898101421180e-05
-8.526298236394736114e-05
-8.506178037501577833e-05
-8.486289825325750284e-05
-8.475689433637637201e-05
-8.449432212239503634e-05
-8.446705427248708787e-05
-8.443496617501230854e-05
-8.419476649150064171e-05
-8.411025342245009113e-05
-8.383978017833844528e-05
-8.362483279350239646e-05
-8.357494098294722493e-05
-8.337392824869769062e-05
-8.319859716350023386e-05
-8.315494602165203052e-05
-8.288166799108525142e-05
-8.260845810074049348e-05
-8.252702120448546480e-05
-8.223985771137224613e-05
-8.209213476119241182e-05
-8.192625060099554982e-05
-8.179641595334814135e-05
-8.167794376828361352e-05
-8.161172790229016187e-05
-8.140045632078862336e-05
-8.134547013899528123e-05
-8.120545159520465097e-05
-8.108232737786668504e-05
-8.098465215086349939e-05
-8.085571302878111699e-05
-8.082487469451810720e-05
-8.064722977854287477e-05
-8.038602379925809561e-05
-8.007311169914860531e-05
-8.002110041342076784e-05
-7.991389766891098423e-05
-7.977939594917146334e-05
-7.944859168388609288e-05
-7.936415740863844552e-05
-7.927082238824687574e-05
-7.917855546152841007e-05
-7.909497537564809974e-05
-7.890504226170219875e-05
-7.873943140519441082e-05
-7.869049098158578518e-05
-7.865317833242991240e-05
-7.850946054472142160e-05
-7.835010391369980911e-05
-7.805496776058973199e-05
-7.795862809017186062e-05
-7.790789216499534829e-05
-7.771106919407045135e-05
-7.758577421119600408e-05
-7.751670454278265668e-05
-7.735014951391325005e-05
-7.722016233864199602e-05
-7.718569099167772241e-05
-7.711058688180449168e-05
-7.687212510721518803e-05
-7.667905547304110702e-05
-7.654684867737869384e-05
-7.643993532341548415e-05
-7.629023778903652481e-05
-7.615037270852098193e-05
-7.599454552252999902e-05
-7.584644872778010432e-05
-7.572063488997983623e-05
-7.558604367978544679e-05
-7.555678705327246937e-05
-7.538322690732743379e-05
-7.518997106987026797e-05
-7.509326201198903057e-05
-7.497878121377560756e-05
-7.491628767708450481e-05
-7.473769186202308895e-05
-7.456749631401823712e-05
-7.454184618105970037e-05
-7.442115300141492079e-05
-7.415874912572635331e-05
-7.399117365107952204e-05
-7.391517372786476231e-05
-7.370683714038792338e-05
-7.362880182797537502e-05
-7.357452510338842152e-05
-7.340748600032814038e-05
-7.326611638525455563e-05
-7.322115293369352328e-05
-7.308417553989340562e-05
-7.288594432411723851e-05
-7.282796958857891217e-05
-7.270771945733953644e-05
-7.243802115305418890e-05
-7.234863466844649270e-05
-7.227720692440192890e-05
-7.212354901432308548e-05
-7.206683532118254214e-05
-7.198324474813428081e-05
-7.187074142330575387e-05
-7.172891803898633078e-05
-7.153759123419170757e-05
-7.151186531661847599e-05
-7.137880744961858082e-05
-7.121273598555916758e-05
-7.107900517261690732e-05
-7.095873780317643066e-05
-7.089811527585344940e-05
-7.077001802206084194e-05
-7.057099400845941563e-05
-7.053440315929812706e-05
-7.044063481637581365e-05
-7.020065462309711538e-05
-7.010286135088360433e-05
-7.001507512042528787e-05
-6.981706744356062314e-05
-6.970380791153790191e-05
-6.954172466056323580e-05
-6.941340457903945392e-05
-6.937331047755175063e-05
-6.922262497653272042e-05
-6.910744694572385361e-05
-6.905697079811555885e-05
-6.885989111893340371e-05
-6.871288902758616965e-05
-6.865900741260623551e-05
-6.859853691536249446e-05
-6.856740257503627744e-05
-6.839566722963186815e-05
-6.833181254272497826e-05
-6.825168280902425453e-05
-6.809316942105315517e-05
-6.801526346631579952e-05
-6.790757390498317351e-05
-6.780046952927374563e-05
-6.772533025021030943e-05
-6.764955865134096916e-05
-6.749505532225003968e-05
-6.738364984522411563e-05
-6.723171195397643928e-05
-6.696197963573312752e-05
-6.694645325481603682e-05
-6.679842372401855247e-05
-6.674243373217611660e-05
-6.664940683128512311e-05
-6.652985123649184356e-05
-6.642070266107624678e-05
-6.630958498472037791e-05
-6.627809184401747637e-05
-6.615709603082804832e-05
-6.587722808802809894e-05
-6.584457715109648846e-05
-6.581461241563383376e-05
-6.569760536541445831e-05
-6.557128807606998325e-05
-6.553495649230723274e-05
-6.545040252335280291e-05
-6.533989416303451431e-05
-6.521004279795572511e-05
-6.511846681723354588e-05
-6.504634135376524142e-05
-6.488188383746708548e-05
-6.486741404248949009e-05
-6.476492699015902325e-05
-6.464016199206448808e-05
-6.447251926459872883e-05
-6.438559756742776518e-05
-6.429381235909595587e-05
-6.413037368111720209e-05
-6.401461639479135606e-05
-6.391136306136785362e-05
-6.378951664342124986e-05
-6.369566850364082326e-05
-6.359278406559006568e-05
-6.348096576790703428e-05
-6.339656340099492559e-05
-6.332244556710041512e-05
-6.320586130818036524e-05
-6.315195285213587675e-05
-6.306498620539729906e-05
-6.293289463943672413e-05
-6.284845912849179551e-05
-6.263555614570120024e-05
-6.260374548034340050e-05
-6.250249203311159343e-05
-6.244250800611466897e-05
-6.240122235881845217e-05
-6.233685356454534603e-05
-6.222117556760251554e-05
-6.218321115960146611e-05
-6.213239331927410320e-05
-6.201674820076010690e-05
-6.194994269641431036e-05
-6.189838241902638678e-05
-6.177756847646113741e-05
-6.170567781114424076e-05
-6.146151463473795509e-05
-6.140493987378537724e-05
-6.129316245157553163e-05
-6.114428883827990923e-05
-6.097179044190080593e-05
-6.096178673117269554e-05
-6.089653124108987674e-05
-6.082860866333662488e-05
-6.072904742345950832e-05
-6.055764246367491478e-05
-6.047121605915126017e-05
-6.038264423717832632e-05
-6.033343126115153895e-05
-6.020676357310720812e-05
-6.016959647717676614e-05
-6.001553366368342829e-05
-5.996870373017330251e-05
-5.975357389440902068e-05
-5.972663864244148567e-05
-5.963927006733542758e-05
-5.951912001882599720e-05
-5.948087788214484689e-05
-5.931788989389762676e-05
-5.927934346264693370e-05
-5.925016028416725614e-05
-5.906906415334924510e-05
-5.899287532187377412e-05
-5.894269607011146122e-05
-5.881986013749485319e-05
-5.875593411103754635e-05
-5.870092198449658574e-05
-5.857158386470385727e-05
-5.848990905251936492e-05
-5.833111466079622605e-05
-5.827775068185092735e-05
-5.822491495950215526e-05
-5.805658047748519249e-05
-5.801876317485224526e-05
-5.789611058150311777e-05
-5.788738550121093297e-05
-5.771928823004000841e-05
-5.770465828148673619e-05
-5.763169294446061208e-05
-5.753372296625328987e-05
-5.744688537465841328e-05
-5.733977198572626785e-05
-5.729930904307607063e-05
-5.715748362196521027e-05
-5.707829907169635430e-05
-5.701490685025400177e-05
-5.692667793339472779e-05
-5.685481973109528735e-05
-5.681694242169335683e-05
-5.672017621454557203e-05
-5.660421306511696375e-05
-5.652410851123734525e-05
-5.640500982971408892e-05
-5.631290736245880835e-05
-5.615924045709936354e-05
-5.613964026462327380e-05
-5.605762227814730053e-05
-5.600624333102418597e-05
-5.588653479501281250e-05
-5.582566081914291066e-05
-5.575638846420771365e-05
-5.565946491383102883e-05
-5.555414593968793015e-05
-5.548070535981593606e-05
-5.534136072113516295e-05
-5.530041535361998329e-05
-5.520058197641591132e-05
-5.514915391576603399e-05
-5.513894467782476876e-05
-5.495922588384164045e-05
-5.491784130217191944e-05
-5.487444221357264834e-05
-5.476657288081870814e-05
-5.468468356937394311e-05
-5.457770313086958457e-05
-5.447759454057605956e-05
-5.436450778795864366e-05
-5.431077706221215651e-05
-5.423377996062885931e-05
-5.407919957997379902e-05
-5.405910063040247410e-05
-5.397584429006164824e-05
-5.388002401924069708e-05
-5.377446784398320304e-05
-5.368117929131984453e-05
-5.363811765750677453e-05
-5.359344536204903818e-05
-5.346786439584686677e-05
-5.339277087263472076e-05
-5.332673271351545522e-05
-5.331366625324251345e-05
-5.315940636534638539e-05
-5.308310840286361004e-05
-5.300041173477917922e-05
-5.295381258423262761e-05
-5.289902100790354279e-05
-5.284286354468327701e-05
-5.274828682691457254e-05
-5.271536938961074968e-05
-5.261747235551234437e-05
-5.249353669703317004e-05
-5.244687904151394887e-05
-5.236833199110223626e-05
-5.227416258112685307e-05
-5.216834873398293386e-05
-5.209736174281429832e-05
-5.205907478462478609e-05
-5.194324275496334161e-05
-5.193198794086066513e-05
-5.191480024763861994e-05
-5.177363559975145394e-05
-5.171490487605885487e-05
-5.155234263157766161e-05
-5.151835464822766575e-05
-5.145042016429190562e-05
-5.140835171657340697e-05
-5.132416202862335921e-05
-5.123347747439718075e-05
-5.117793885908749393e-05
-5.106518231645379712e-05
-5.100295256664384702e-05
-5.096603232490698546e-05
-5.088041623350800192e-05
-5.079720878322076201e-05
-5.074587785434162376e-05
-5.060911629422005207e-05
-5.058429250353518246e-05
-5.053952956264578112e-05
-5.040252620987142190e-05
-5.029728982637563000e-05
-5.025756852312057260e-05
-5.018761577521115485e-05
-5.012229719419013447e-05
-5.003374278777284509e-05
-4.997696225287432276e-05
-4.989559245713201486e-05
-4.986167117745735099e-05
-4.983497465409331118e-05
-4.972191538884191629e-05
-4.968575053166798605e-05
-4.956566558135145771e-05
-4.949677421152886609e-05
-4.942144504227053271e-05
-4.936110612390036829e-05
-4.932389486094675845e-05
-4.920470087275778513e-05
-4.917242947990772904e-05
-4.907617483170896762e-05
-4.901377897301852858e-05
-4.894362916055158786e-05
-4.883303135895691291e-05
-4.881303534240779440e-05
-4.875574237494450055e-05
-4.865203256213919755e-05
-4.860890712386116088e-05
-4.847457457475530469e-05
-4.838230787160440242e-05
-4.834900657843868159e-05
-4.828283965477602244e-05
-4.822931509307361693e-05
-4.818538489443916281e-05
-4.810227266007730419e-05
-4.802910249759494903e-05
-4.789881319151696672e-05
-4.787070185828287802e-05
-4.780465559392793227e-05
-4.774313098499419992e-05
-4.759331572381643818e-05
-4.755896688940660071e-05
-4.750172758873153758e-05
-4.746535711588783959e-05
-4.732790138823875827e-05
-4.732713831357445008e-05
-4.722657989762788741e-05
-4.711699986435584196e-05
-4.705838898508038184e-05
-4.699209297704498811e-05
-4.696474005762751782e-05
-4.689275475167024453e-05
-4.682681048827732392e-05
-4.677045979120689293e-05
-4.663283254508137439e-05
-4.661205014256456636e-05
-4.656528324871692673e-05
-4.649640508278487817e-05
-4.646544802055449654e-05
-4.635951994857599647e-05
-4.630282786235454722e-05
-4.626913067760575384e-05
-4.620321653717750275e-05
-4.615362301836303154e-05
-4.605467523106416715e-05
-4.601356476977564564e-05
-4.594883595107320320e-05
-4.592053683854090021e-05
-4.580777669470667530e-05
-4.568087896223211637e-05
-4.560506727732294190e-05
-4.558204758350283041e-05
-4.552048714480778034e-05
-4.546826100370313962e-05
-4.534327035678526103e-05
-4.528287390731107037e-05
-4.519609209609078257e-05
-4.516345038954237384e-05
-4.510871812198221747e-05
-4.507482114762657540e-05
-4.505327246239992884e-05
-4.489518285647539354e-05
-4.481866888182467392e-05
-4.475983109690012473e-05
-4.467591515001023087e-05
-4.465851168430594054e-05
-4.459459271629993030e-05
-4.454045130545104223e-05
-4.452140473170742056e-05
-4.446339615648775909e-05
-4.437496116472646932e-05
-4.430886510610582119e-05
-4.428719611895318121e-05
-4.420185458464886773e-05
-4.411754093494164684e-05
-4.401251405215020324e-05
-4.397481866180936641e-05
-4.390290321292821050e-05
-4.387197001718743761e-05
-4.377857193986368093e-05
-4.374390754241356573e-05
-4.364419934135652942e-05
-4.354085061216426863e-05
-4.349395761037461470e-05
-4.345545852160555473e-05
-4.340559478315147085e-05
-4.333532778932314800e-05
-4.326805173667550394e-05
-4.318298202238976470e-05
-4.316502165642281414e-05
-4.312071861867809383e-05
-4.304531298066170409e-05
-4.294429660994794813e-05
-4.290995241905093914e-05
-4.288334790363811111e-05
-4.284512048795207463e-05
-4.270679628462078158e-05
-4.264715382505968473e-05
-4.255197817980418485e-05
-4.249058118204751680e-05
-4.243559459975561132e-05
-4.242253483970118133e-05
-4.237594926396235728e-05
-4.226243245888814054e-05
-4.218636064974209797e-05
-4.217946371045499371e-05
-4.208701861563016102e-05
-4.198346294380639186e-05
-4.196257147561106431e-05
-4.186161250307145329e-05
-4.183327697834933153e-05
-4.173952319740934148e-05
-4.170650621878918047e-05
-4.161654040793049124e-05
-4.151023079508339659e-05
-4.150746203197300482e-05
-4.146435485623184344e-05
-4.139911064876080526e-05
-4.138025198832449402e-05
-4.128349002451815947e-05
-4.126999553491172393e-05
-4.119077532230494418e-05
-4.111893599812665664e-05
-4.107596999876819965e-05
-4.101770690237846803e-05
-4.092286035700058028e-05
-4.087251149224983170e-05
-4.076203407400369656e-05
-4.075210365477385669e-05
-4.071163885970117432e-05
-4.066619671580712966e-05
-4.058711580800111079e-05
-4.048855814491859152e-05
-4.042153850365203454e-05
-4.038811684229098327e-05
-4.034257001919042612e-05
-4.028512371156130423e-05
-4.019745828554469416e-05
-4.015895429423174142e-05
-4.010325389698122400e-05
-4.009149854949197909e-05
-4.003128710159937451e-05
-3.997484243633475578e-05
-3.993375865772880054e-05
-3.985157722931775853e-05
-3.979831891508144379e-05
-3.975043927295988222e-05
-3.969752359445775149e-05
-3.963352253764000031e-05
-3.960750820695531441e-05
-3.956014039111271696e-05
-3.944950091221012913e-05
-3.942155347255441635e-05
-3.938913488765346767e-05
-3.930394736456290270e-05
-3.922363715281419272e-05
-3.920414538290774498e-05
-3.917003348867522473e-05
-3.912365613468739924e-05
-3.908649942581057411e-05
-3.900750515836438588e-05
-3.898029555229450753e-05
-3.887327338806641561e-05
-3.879981666104897217e-05
-3.875307347883634397e-05
-3.868713491819542147e-05
-3.861476035985078603e-05
-3.858457893094973090e-05
-3.847240162054375433e-05
-3.841794020896541298e-05
-3.836534142972694182e-05
-3.835293013708013140e-05
-3.829478254927267241e-05
-3.828027029439527056e-05
-3.825140891809605668e-05
-3.817124774253432987e-05
-3.812059248184191589e-05
-3.800080098988351944e-05
-3.797687357176282314e-05
-3.793634857533902089e-05
-3.783238144261185076e-05
-3.779849695037667558e-05
-3.775365315071159194e-05
-3.767042260825042703e-05
-3.762573706708381932e-05
-3.756269786359233006e-05
-3.750744421997695660e-05
-3.741527705322445819e-05
-3.738919327158924787e-05
-3.732588008624207558e-05
-3.729888259942094458e-05
-3.721491675702333552e-05
-3.714070340999434127e-05
-3.708514821888451443e-05
-3.708189555663434997e-05
-3.697640029435046174e-05
-3.689493947024458244e-05
-3.688118151686798480e-05
-3.679689784731950033e-05
-3.676279735169929263e-05
-3.676047629399147758e-05
-3.671936508314574047e-05
-3.666761370191768044e-05
-3.657949842563145955e-05
-3.656474143383894355e-05
-3.651450201502716029e-05
-3.647067995955438169e-05
-3.634583990159404623e-05
-3.630680374697919726e-05
-3.627908789202846304e-05
-3.623804145768599937e-05
-3.623574634785256733e-05
-3.616650615665506052e-05
-3.609050886951523253e-05
-3.601838908858188282e-05
-3.590122642259359283e-05
-3.587723666228030391e-05
-3.581739424501127029e-05
-3.576469442261848001e-05
-3.570061167540847160e-05
-3.565652539556970736e-05
-3.563924217490905519e-05
-3.557276319488628726e-05
-3.554987545909960424e-05
-3.553454686737440540e-05
-3.541944851965482126e-05
-3.538365279578997480e-05
-3.533470115007914929e-05
-3.529952036203692949e-05
-3.525043041315137810e-05
-3.514907935972657943e-05
-3.514066645584672596e-05
-3.510358801741097329e-05
-3.507130351519980671e-05
-3.499996601643812850e-05
-3.493839675618959183e-05
-3.484060369823320031e-05
-3.478250660941727894e-05
-3.476892305499293786e-05
-3.469340586992835209e-05
-3.467687018634379716e-05
-3.464575951168813185e-05
-3.459068775153376204e-05
-3.455512382698098736e-05
-3.451134098331970024e-05
-3.445624727132687147e-05
-3.439963305668939308e-05
-3.438637275784282756e-05
-3.434041677741143787e-05
-3.431731609921775451e-05
-3.422492402591822958e-05
-3.411630556047630489e-05
-3.405085853378848242e-05
-3.401500555003455855e-05
-3.398254639520783410e-05
-3.393290312062021221e-05
-3.388995239413733691e-05
-3.385646533318687547e-05
-3.379004095861438918e-05
-3.373757877312417959e-05
-3.368556134980069529e-05
-3.366615630540931582e-05
-3.364804725771588872e-05
-3.358681447893003310e-05
-3.351113338216575019e-05
-3.342893233661970435e-05
-3.337420696763820726e-05
-3.334445530888131398e-05
-3.329812061491037171e-05
-3.326543556343069462e-05
-3.319183692994669995e-05
-3.316054668506058427e-05
-3.313320653101003641e-05
-3.308122598237045470e-05
-3.302687048802409575e-05
-3.295329351408817788e-05
-3.294589917725345156e-05
-3.288892001824935622e-05
-3.285037302421597323e-05
-3.274176740748613307e-05
-3.270387768956311962e-05
-3.267574835400923546e-05
-3.263170362508598441e-05
-3.256677724519134389e-05
-3.252969433457586425e-05
-3.246222926888517622e-05
-3.240122545319809962e-05
-3.239453167208275187e-05
-3.237634383268285520e-05
-3.231591854142954763e-05
-3.228033466411945820e-05
-3.224326844002228879e-05
-3.220191272202951248e-05
-3.212041591314282457e-05
-3.210143681860360348e-05
-3.202419875441189887e-05
-3.194443960908612408e-05
-3.192202487247484488e-05
-3.187390397346471171e-05
-3.178651143286750875e-05
-3.175457065599962845e-05
-3.172673920840597418e-05
-3.162740347971194243e-05
-3.153207316328101862e-05
-3.150831755649255314e-05
-3.147687410942143628e-05
-3.145797196200060384e-05
-3.140367580856016580e-05
-3.138359710681886484e-05
-3.134914160589158464e-05
-3.130364619443512091e-05
-3.124806713597834569e-05
-3.115164703304324005e-05
-3.112344805350656188e-05
-3.111084919148256628e-05
-3.109345822009082667e-05
-3.093868242547122223e-05
-3.092353820085757356e-05
-3.090607818586302194e-05
-3.086507119465290550e-05
-3.083721242314053630e-05
-3.081060820810756679e-05
-3.074864029764842299e-05
-3.067423056458586778e-05
-3.064748165057752167e-05
-3.058488191468269104e-05
-3.053372768103309307e-05
-3.049630519901436700e-05
-3.041444651614827851e-05
-3.034657296054964505e-05
-3.029588234102082104e-05
-3.024809943303439301e-05
-3.022965696663109162e-05
-3.021084203318924493e-05
-3.009918381685785073e-05
-3.009563349187471985e-05
-3.004626546637650158e-05
-3.000610844561360738e-05
-2.995895583594333360e-05
-2.991029338462525885e-05
-2.987904846090286233e-05
-2.983678363975747529e-05
-2.979984004836895413e-05
-2.971143700104018632e-05
-2.966173722323902184e-05
-2.964801725719049344e-05
-2.961021650312034570e-05
-2.948156856544979497e-05
-2.945548967043573184e-05
-2.943628304927299569e-05
-2.935124711441866032e-05
-2.934508798399213284e-05
-2.927205849674045828e-05
-2.921914764514118540e-05
-2.921758905458007177e-05
-2.913334976618879403e-05
-2.912154427075623912e-05
-2.909667407847782040e-05
-2.904593751613555592e-05
-2.899269990487905155e-05
-2.890420272105453557e-05
-2.887755668681472973e-05
-2.884817576583398807e-05
-2.877871178057996623e-05
-2.874731411969131875e-05
-2.872675718655967733e-05
-2.868282912302917936e-05
-2.867624970501085407e-05
-2.859390120240819604e-05
-2.857278010889543039e-05
-2.854239290772699259e-05
-2.849915166306728355e-05
-2.846070900039645687e-05
-2.837527922585473370e-05
-2.835451549012172565e-05
-2.832477745840710311e-05
-2.829768768808002804e-05
-2.824400093791971052e-05
-2.822111629597024259e-05
-2.816290428115828751e-05
-2.811993125474372541e-05
-2.807306530660169994e-05
-2.802453220161898136e-05
-2.799489144053539567e-05
-2.795755530692711660e-05
-2.791130632926752889e-05
-2.783015986472853055e-05
-2.780920418044649392e-05
-2.776022898687796373e-05
-2.769912070542699745e-05
-2.768283069928225337e-05
-2.765298434477562060e-05
-2.760916380644506845e-05
-2.759449971234917456e-05
-2.755053271498163303e-05
-2.751025650718577438e-05
-2.744979930399212194e-05
-2.740067674287315099e-05
-2.736793600702437085e-05
-2.732843828715334560e-05
-2.726216142227711665e-05
-2.722624418119380915e-05
-2.717401507982459034e-05
-2.715853422202672975e-05
-2.712166973694873047e-05
-2.707035611128516103e-05
-2.699278487811174114e-05
-2.695165297884485027e-05
-2.690217194643260449e-05
-2.689210529806526298e-05
-2.686715561239046138e-05
-2.680634473834320227e-05
-2.676954644587394987e-05
-2.674126314792069382e-05
-2.668545447292378488e-05
-2.667145294996963825e-05
-2.665221299939992894e-05
-2.663237368946453989e-05
-2.656804641096448168e-05
-2.653586740572288729e-05
-2.649289865667535658e-05
-2.645382096043953440e-05
-2.643752752326865315e-05
-2.637377110547658003e-05
-2.634025796731847478e-05
-2.630152994914504739e-05
-2.624648845331296228e-05
-2.620429195634558608e-05
-2.613115391210497904e-05
-2.607562226805188897e-05
-2.598247090889917860e-05
-2.596254770197072449e-05
-2.592876501271977426e-05
-2.591531014005814100e-05
-2.588499269609577074e-05
-2.579820062443112993e-05
-2.578907653474196352e-05
-2.574648780085739269e-05
-2.573832431850068121e-05
-2.572042148436849221e-05
-2.564042090166155188e-05
-2.560192248902982338e-05
-2.557188466961198055e-05
-2.554098238803981222e-05
-2.547924761042357031e-05
-2.541869049045052185e-05
-2.540937307348511973e-05
-2.536169939377318143e-05
-2.528402392485249001e-05
-2.526603709293000352e-05
-2.520531268021593087e-05
-2.517342507557682673e-05
-2.514206771351526994e-05
-2.510005184839912305e-05
-2.507569664565456071e-05
-2.501320849921588761e-05
-2.501080931005621291e-05
-2.498104828302303009e-05
-2.495717596795233212e-05
-2.488854507819688610e-05
-2.480309783167944327e-05
-2.477738643359463360e-05
-2.473953945407676090e-05
-2.471857887704398589e-05
-2.467794747410704265e-05
-2.466241312595324203e-05
-2.464666139869330812e-05
-2.455357149012695709e-05
-2.450594852596736162e-05
-2.445543967894278899e-05
-2.441074440781434992e-05
-2.437867262493505815e-05
-2.434563063039665265e-05
-2.433933025206889183e-05
-2.425134146037315216e-05
-2.423216586383331291e-05
-2.421832916874795783e-05
-2.415734010980653847e-05
-2.413154417863081345e-05
-2.408402220188780456e-05
-2.402970859082123879e-05
-2.400881812293107289e-05
-2.394376015818462934e-05
-2.392107852282297233e-05
-2.385998065399109319e-05
-2.384604501569493926e-05
-2.381605271777908315e-05
-2.373715296066441176e-05
-2.372380942086907491e-05
-2.369628379985772401e-05
-2.363532350033954651e-05
-2.360461782361130122e-05
-2.358367756553876195e-05
-2.357220919189575704e-05
-2.349897725825124195e-05
-2.345210986181570838e-05
-2.341052300462390727e-05
-2.337911285649797190e-05
-2.336320668755158828e-05
-2.332472942666941466e-05
-2.328505147470197431e-05
-2.321296611495477134e-05
-2.315797079954502979e-05
-2.315714989998289748e-05
-2.314539672686518541e-05
-2.310284672119114366e-05
-2.303950970454512231e-05
-2.298243047286982149e-05
-2.295090907896764370e-05
-2.288829138938718288e-05
-2.288007139807171438e-05
-2.283289218413746580e-05
-2.281467559310410644e-05
-2.278572890020878560e-05
-2.273310622908505536e-05
-2.269838034749177821e-05
-2.268863966363332432e-05
-2.263834780999077174e-05
-2.261841045969386152e-05
-2.260475371625695444e-05
-2.252075735121163922e-05
-2.246221919861578388e-05
-2.243467495528266294e-05
-2.241595649121708270e-05
-2.240416526087637874e-05
-2.236621074781956151e-05
-2.229097377712680651e-05
-2.220921283532855813e-05
-2.216762647983499510e-05
-2.213111381598721223e-05
-2.210967032735156344e-05
-2.209528794391177423e-05
-2.206234447393898721e-05
-2.202212019684338437e-05
-2.200117119595517974e-05
-2.195055925021363838e-05
-2.193975519142144650e-05
-2.192088379578808647e-05
-2.184497733768898879e-05
-2.178665984699191746e-05
-2.175983256393028282e-05
-2.173344202926424552e-05
-2.169084364170552353e-05
-2.165899864929584165e-05
-2.158567951315366911e-05
-2.156091430779098056e-05
-2.151641473974154150e-05
-2.151064619116453772e-05
-2.148041287216709619e-05
-2.144966206971681705e-05
-2.139073935352597692e-05
-2.137910217900071359e-05
-2.137175925215768882e-05
-2.132220761032262727e-05
-2.126044299486443744e-05
-2.123609863269182853e-05
-2.121135308344803221e-05
-2.113498765786375898e-05
-2.110609763048647337e-05
-2.110034637674406752e-05
-2.104215600047281331e-05
-2.102489894201197180e-05
-2.100607701571902307e-05
-2.093874658447241098e-05
-2.088756294256471704e-05
-2.084765750451671244e-05
-2.083111616663452668e-05
-2.080746220949135944e-05
-2.075948386009706187e-05
-2.069712980235249606e-05
-2.068136111734462232e-05
-2.060549456855150072e-05
-2.058123186992469049e-05
-2.055643482626172232e-05
-2.052407479102105159e-05
-2.050060574690816941e-05
-2.048964861321301813e-05
-2.039844153429579610e-05
-2.036988856656508513e-05
-2.029817313067440980e-05
-2.027240813198959117e-05
-2.025332514939436518e-05
-2.020471471717738034e-05
-2.018653194532144299e-05
-2.018380704719666626e-05
-2.009757155812627824e-05
-2.006470652743671409e-05
-2.005363018643069399e-05
-2.003022226211697838e-05
-1.998562458883322500e-05
-1.997645083249722912e-05
-1.992712949238380674e-05
-1.992415014580810380e-05
-1.985041398685525197e-05
-1.981436300811046923e-05
-1.977294728410345325e-05
-1.974611929982649446e-05
-1.969579020225140805e-05
-1.966230626438902153e-05
-1.962476123524607303e-05
-1.959093900366078061e-05
-1.956026701901047150e-05
-1.951165669496491000e-05
-1.947383927332158057e-05
-1.945489670392750475e-05
-1.941712567768371807e-05
-1.936080079603356380e-05
-1.935887500020263421e-05
-1.930576944871992127e-05
-1.929646858193144156e-05
-1.926851875460098459e-05
-1.922047062170540658e-05
-1.917676203948973494e-05
-1.914894751103215573e-05
-1.912182632280493542e-05
-1.910318876939401319e-05
-1.906742369616985653e-05
-1.900318990266383287e-05
-1.898980659397383331e-05
-1.897843525004693836e-05
-1.895368595178749740e-05
-1.890141273181678255e-05
-1.884566702026539665e-05
-1.883934208213406008e-05
-1.879974368011036990e-05
-1.877611309426245820e-05
-1.875443883176616279e-05
-1.870911913624104706e-05
-1.867713568995854446e-05
-1.865191573013090913e-05
-1.862554306673845514e-05
-1.854620491928942792e-05
-1.852319941420449805e-05
-1.849479747564585901e-05
-1.848654367697264919e-05
-1.847800698964424034e-05
-1.836573785987172437e-05
-1.835176366600408133e-05
-1.833886274468610964e-05
-1.830108907993643376e-05
-1.828254124432680816e-05
-1.825143614820953024e-05
-1.817915215695889384e-05
-1.815635560876009713e-05
-1.814547229746526667e-05
-1.811839371882733129e-05
-1.806186103655219976e-05
-1.803328408433573174e-05
-1.800933547926805643e-05
-1.799189425119209274e-05
-1.796066794826721690e-05
-1.790562027542337936e-05
-1.788854067267342345e-05
-1.787835518926761982e-05
-1.784267459974203405e-05
-1.780588961417683578e-05
-1.777212776885359448e-05
-1.772538715525575126e-05
-1.767980960056145134e-05
-1.766311213860133252e-05
-1.762523742705021356e-05
-1.757237674117655206e-05
-1.755530210712140396e-05
-1.752929372537401760e-05
-1.749438812566048217e-05
-1.747858910736830286e-05
-1.742402698182868865e-05
-1.739986436463498244e-05
-1.737333955318167837e-05
-1.735732432818806162e-05
-1.731579731742014167e-05
-1.729378279956843734e-05
-1.724329488489525391e-05
-1.721417512672245817e-05
-1.716517937867034012e-05
-1.715325568905904014e-05
-1.710348720568372741e-05
-1.708920041958233996e-05
-1.705187413784410968e-05
-1.704441430506838302e-05
-1.701483896965656778e-05
-1.698696469550230038e-05
-1.694356958011451891e-05
-1.691656778101772996e-05
-1.688857801651069760e-05
-1.683541915815823934e-05
-1.680841632303007888e-05
-1.677865595181554699e-05
-1.673655691582630824e-05
-1.671770659127823754e-05
-1.669447476157643665e-05
-1.667349408095091076e-05
-1.660665452084071741e-05
-1.658462150212205053e-05
-1.656610379633821718e-05
-1.653738242902649344e-05
-1.648918831698648337e-05
-1.646154994135725442e-05
-1.644809685053782899e-05
-1.642904111351084484e-05
-1.640695340999048779e-05
-1.635196776963330765e-05
-1.632458489748542029e-05
-1.630571581066576025e-05
-1.628890401781751436e-05
-1.622207546334844194e-05
-1.620807974118220184e-05
-1.617620857523238486e-05
-1.611446036397267328e-05
-1.608925576855350714e-05
-1.606513277226341498e-05
-1.605213417817165727e-05
-1.601211628633370003e-05
-1.600359557830044875e-05
-1.595116525223656064e-05
-1.591505407576351957e-05
-1.588754653949411781e-05
-1.586027842099430537e-05
-1.583266841531625366e-05
-1.580365069966176310e-05
-1.579120815731244710e-05
-1.572997776067332424e-05
-1.570472324622279635e-05
-1.566240334415945016e-05
-1.564063618163473565e-05
-1.560022162318827968e-05
-1.555673892852035291e-05
-1.553983949423135791e-05
-1.550606159677524404e-05
-1.547330800930459419e-05
-1.546264153926368051e-05
-1.541605648369835356e-05
-1.540115612146019850e-05
-1.532505132350678802e-05
-1.531496000001785087e-05
-1.529908263667268889e-05
-1.528174034967186260e-05
-1.521204379463226906e-05
-1.518200121105036196e-05
-1.515592095063252693e-05
-1.511019238557944633e-05
-1.509831377875584534e-05
-1.506588169636191910e-05
-1.506189160241116121e-05
-1.502492826819811124e-05
-1.500536433050516318e-05
-1.496218173281680561e-05
-1.494006063446637850e-05
-1.492394789751426246e-05
-1.487327531990108499e-05
-1.483420093485409338e-05
-1.480161935038173909e-05
-1.479820468651839040e-05
-1.478637482287700769e-05
-1.475566939113539870e-05
-1.470600822098871367e-05
-1.463690339710926464e-05
-1.461452517021570122e-05
-1.460743453392521569e-05
-1.458907841462571134e-05
-1.456148902291844929e-05
-1.451217693458653910e-05
-1.448758030871783431e-05
-1.447936719221673478e-05
-1.444986940972865143e-05
-1.442096718441040699e-05
-1.439251707710729267e-05
-1.435103936718069212e-05
-1.430658151133440767e-05
-1.429700918936654150e-05
-1.425476843999057862e-05
-1.422346905544989937e-05
-1.421049447475978750e-05
-1.416373957799153371e-05
-1.413306084597206306e-05
-1.411566968664185590e-05
-1.409651361434109942e-05
-1.407562521551828851e-05
-1.405050358070752858e-05
-1.400563571419369776e-05
-1.398652332996641639e-05
-1.397132554791123380e-05
-1.392403242119531032e-05
-1.391302952685209755e-05
-1.389720963460807110e-05
-1.383334132340546054e-05
-1.381305581405594563e-05
-1.377928968022747089e-05
-1.374739617942592256e-05
-1.371020523904510502e-05
-1.368017764088454222e-05
-1.365843113351075041e-05
-1.363453623679112307e-05
-1.360808388039759321e-05
-1.356916433595521043e-05
-1.355728402724057214e-05
-1.349228746690957917e-05
-1.348686917626451694e-05
-1.345917913697191816e-05
-1.338105165160627880e-05
-1.336650153980379490e-05
-1.335242898324205327e-05
-1.332629002552172690e-05
-1.328046098394124903e-05
-1.326192025688239300e-05
-1.324138992885846775e-05
-1.322521293466103779e-05
-1.320049520745551076e-05
-1.319125144551476751e-05
-1.317502129434950487e-05
-1.313426977225900215e-05
-1.311466346871705407e-05
-1.305337572036138518e-05
-1.302043634654624754e-05
-1.300196069273419409e-05
-1.297043457164335084e-05
-1.294424073043256684e-05
-1.291440547048925821e-05
-1.291193081126843920e-05
-1.288549708795732494e-05
-1.286558063734380820e-05
-1.281410542311377742e-05
-1.278698365928360341e-05
-1.277471645233163862e-05
-1.274546158552860962e-05
-1.271104533949977249e-05
-1.270107393619821898e-05
-1.269221329991053698e-05
-1.267035055030765278e-05
-1.260579263872953788e-05
-1.259699813153311655e-05
-1.258014181975262713e-05
-1.252657505102759197e-05
-1.252464490113237647e-05
-1.247781878289818774e-05
-1.244379430223418942e-05
-1.241854917392939520e-05
-1.240307724279349890e-05
-1.235675901314532066e-05
-1.234994025991725510e-05
-1.232027694762790545e-05
-1.228285062314793504e-05
-1.225080734306028391e-05
-1.224073509833456236e-05
-1.220915817796127667e-05
-1.218335372335581234e-05
-1.215163603499631393e-05
-1.213335419397302901e-05
-1.211892826038725049e-05
-1.206872685473822433e-05
-1.205781958086612366e-05
-1.203279148652146741e-05
-1.200869358011925875e-05
-1.198962259910838027e-05
-1.197108373315924029e-05
-1.194171099518700086e-05
-1.189612434210029538e-05
-1.189289858936922161e-05
-1.185665811355112740e-05
-1.182951714270686479e-05
-1.181054045609251976e-05
-1.176227087217993291e-05
-1.172951517640173935e-05
-1.172144602989101526e-05
-1.166712845708615666e-05
-1.165331550697936661e-05
-1.164576075843083961e-05
-1.161080817077248691e-05
-1.158479653299867233e-05
-1.155648290411938934e-05
-1.150728517016091775e-05
-1.147604694252364607e-05
-1.145767769461428204e-05
-1.144701945609184559e-05
-1.142181950265385382e-05
-1.140531455650505500e-05
-1.138117505659518604e-05
-1.135228703119480974e-05
-1.134219284298733769e-05
-1.128416233811174468e-05
-1.125363008543716461e-05
-1.121728705008417007e-05
-1.120195419188019769e-05
-1.116421644239178737e-05
-1.113545909316435075e-05
-1.112985396048013196e-05
-1.108025054626487440e-05
-1.102570884591035624e-05
-1.101986364972521087e-05
-1.099798984815331805e-05
-1.096200146303853846e-05
-1.094213967434748462e-05
-1.088438002663876670e-05
-1.085110913258620255e-05
-1.083054470830306317e-05
-1.080084628129652554e-05
-1.078382374560761574e-05
-1.077079524366915949e-05
-1.073155992892977641e-05
-1.072053016619515771e-05
-1.066235299518632145e-05
-1.065092165849087292e-05
-1.064308407940515720e-05
-1.062255322563763433e-05
-1.058208748803204348e-05
-1.053327193805905691e-05
-1.053165039856775450e-05
-1.049290020159096233e-05
-1.047889748813735311e-05
-1.045955422670075667e-05
-1.042787265797015930e-05
-1.038738335517503654e-05
-1.037644622540108339e-05
-1.034691198744039568e-05
-1.029414569395237069e-05
-1.027125430275071922e-05
-1.025783122795586837e-05
-1.025196906170904001e-05
-1.023663407247423712e-05
-1.018398520115253054e-05
-1.017589546619881104e-05
-1.016009873842732707e-05
-1.014553454127110342e-05
-1.011403288730230228e-05
-1.009431567395738404e-05
-1.003128489908906081e-05
-1.000996871709648193e-05
-9.974496648635850353e-06
-9.948363052708446207e-06
-9.929375852961669783e-06
-9.887129014920564900e-06
-9.865070413752226173e-06
-9.835391358539303426e-06
-9.801693083092214893e-06
-9.793664032168101211e-06
-9.782536457794491010e-06
-9.759711746722171783e-06
-9.733885649658912884e-06
-9.720670203614178897e-06
-9.668076005956875241e-06
-9.649710016800543578e-06
-9.634916304395408241e-06
-9.617437237797637269e-06
-9.567243501594738890e-06
-9.562955238353741506e-06
-9.548386561791671494e-06
-9.514228987506257736e-06
-9.481793362557486445e-06
-9.459493154856563090e-06
-9.434102815781641752e-06
-9.432797343341600682e-06
-9.399488960939545186e-06
-9.379736144401242884e-06
-9.350427831546232203e-06
-9.292827982351040375e-06
-9.284994434517344821e-06
-9.274252689506203923e-06
-9.224498643353533549e-06
-9.195885802390052184e-06
-9.175492687150943721e-06
-9.158472144356220792e-06
-9.147554414255343490e-06
-9.108182937603171033e-06
-9.088804394188641618e-06
-9.056160063159300085e-06
-9.039544643632881703e-06
-9.021391082235372859e-06
-8.990358270776754586e-06
-8.963192071648837125e-06
-8.959172259471477997e-06
-8.931223054422933840e-06
-8.921538704042843612e-06
-8.870555794711567583e-06
-8.852041829958404357e-06
-8.825254404229458053e-06
-8.803658127258484308e-06
-8.783664440657035872e-06
-8.775079745890522755e-06
-8.754306473968227542e-06
-8.722705696297048371e-06
-8.718994116529489737e-06
-8.675020489315314845e-06
-8.650398835166665080e-06
-8.630906410314557529e-06
-8.600481976316009269e-06
-8.585204554948043092e-06
-8.539119791018712246e-06
-8.530041096133586057e-06
-8.518532159409361842e-06
-8.474078478159433584e-06
-8.448124920700598984e-06
-8.431605369455116920e-06
-8.402421090737694829e-06
-8.379383340696985191e-06
-8.373749305076639115e-06
-8.348787951555940363e-06
-8.308792852824515296e-06
-8.296818714007751869e-06
-8.276358817128694030e-06
-8.245368726587072738e-06
-8.210603399158069844e-06
-8.192362608714153386e-06
-8.175911871973980645e-06
-8.150309143755955251e-06
-8.111516612743439848e-06
-8.103775220010577457e-06
-8.083828061428071439e-06
-8.069236833842242829e-06
-8.059446198307062520e-06
-8.011297688095577439e-06
-7.974531531983365204e-06
-7.964471306402500349e-06
-7.941384589060959903e-06
-7.931276785268206786e-06
-7.906157315711430660e-06
-7.881585152069000560e-06
-7.852341280305025041e-06
-7.811837949865963943e-06
-7.798528129132215736e-06
-7.790572635997156350e-06
-7.773654719977738140e-06
-7.751549196701110742e-06
-7.719231572278209137e-06
-7.685704506275450873e-06
-7.673095231392354580e-06
-7.658765502335006459e-06
-7.623561066498972031e-06
-7.619182585340860111e-06
-7.567351429090078200e-06
-7.561935298829844431e-06
-7.522026485911435806e-06
-7.501382308908243428e-06
-7.480446246274255537e-06
-7.464456069469792477e-06
-7.449114109697969343e-06
-7.405005416126006733e-06
-7.380973798730155281e-06
-7.358731247435317239e-06
-7.344292033084817153e-06
-7.339481542733732923e-06
-7.300966477601287838e-06
-7.278388239013463442e-06
-7.266123541960877919e-06
-7.225009422683424242e-06
-7.206018668144187534e-06
-7.184106473705990570e-06
-7.157802180668572599e-06
-7.139121804708198184e-06
-7.124195816437542046e-06
-7.113587311927220062e-06
-7.088980469514235821e-06
-7.042872317143746786e-06
-7.008416319628845844e-06
-6.989202664030731479e-06
-6.953527492381376363e-06
-6.930750744712658620e-06
-6.921589591904698925e-06
-6.887086658508635851e-06
-6.869594073831723083e-06
-6.860830390459633050e-06
-6.832670661961814395e-06
-6.816075543167718199e-06
-6.795121771477540077e-06
-6.788455516940788788e-06
-6.773252987606980258e-06
-6.745113393340998311e-06
-6.717635234448701703e-06
-6.694202189252888041e-06
-6.656765189844729212e-06
-6.636004653445466818e-06
-6.593858849770842968e-06
-6.584873899841347368e-06
-6.555589205066253311e-06
-6.549624268135690745e-06
-6.534946516343877235e-06
-6.488267669687571079e-06
-6.468460080966043637e-06
-6.446471364980953004e-06
-6.407243202652849003e-06
-6.375960137161868155e-06
-6.357788275646134797e-06
-6.356212643132549258e-06
-6.337644594773605229e-06
-6.309694588740276490e-06
-6.295962560544600760e-06
-6.289091028745344650e-06
-6.273161271242567515e-06
-6.260982082934479649e-06
-6.208561220646933782e-06
-6.193005643872499916e-06
-6.167352016930062532e-06
-6.133898448091536444e-06
-6.106252968383550867e-06
-6.092973856952778204e-06
-6.070370768903067764e-06
-6.057705706216871549e-06
-6.040283673672945617e-06
-6.020607039556031625e-06
-5.990516698059857995e-06
-5.976048192459754608e-06
-5.948624109521176191e-06
-5.928135218602640756e-06
-5.909703164607001996e-06
-5.900927212344864956e-06
-5.876935474037361083e-06
-5.846380697797041286e-06
-5.812863827091314425e-06
-5.791503389923818877e-06
-5.771684708020898158e-06
-5.751094179477237886e-06
-5.729550179549199187e-06
-5.709087789552133097e-06
-5.705108532112009784e-06
-5.678653603140009343e-06
-5.646932126866874646e-06
-5.630006696824407035e-06
-5.620621605983168445e-06
-5.610128901635880756e-06
-5.575192714345930838e-06
-5.551083204027604535e-06
-5.538002827967001132e-06
-5.520336824172676208e-06
-5.506698142798413653e-06
-5.496421688503707109e-06
-5.458725488375803169e-06
-5.445816138234486999e-06
-5.419990393908534288e-06
-5.405410294600206933e-06
-5.390027564996134141e-06
-5.351258057401632227e-06
-5.331655242826141069e-06
-5.312724120265340071e-06
-5.296970509415002863e-06
-5.276833719695773246e-06
-5.248359504294406704e-06
-5.239046755149771975e-06
-5.202825967494681896e-06
-5.184981920828508305e-06
-5.169147429500642403e-06
-5.162747304050428316e-06
-5.154496351790017833e-06
-5.112003087618117433e-06
-5.105321431780484514e-06
-5.095738285782992221e-06
-5.039630441399835750e-06
-5.010986411078257279e-06
-5.003245685882184215e-06
-4.962887962989307071e-06
-4.954112887702317772e-06
-4.948062153150348705e-06
-4.918980932461187110e-06
-4.907687728086213546e-06
-4.887103743858212828e-06
-4.882068960893525183e-06
-4.877368711583326803e-06
-4.845023680803021663e-06
-4.801206628529088742e-06
-4.773951149325542802e-06
-4.762671166726541622e-06
-4.726138782748902297e-06
-4.720665983873189667e-06
-4.712246908975282920e-06
-4.694848568884290038e-06
-4.672605268463336343e-06
-4.648793739140136218e-06
-4.639063349919739830e-06
-4.608197281994812212e-06
-4.572182512973340929e-06
-4.554179568723771815e-06
-4.542914932402882444e-06
-4.515099741784801428e-06
-4.485808353624359439e-06
-4.474216632087253350e-06
-4.447795679297750821e-06
-4.430719993213413962e-06
-4.418113970380526755e-06
-4.403794106416890652e-06
-4.371617684188616432e-06
-4.331396232170835147e-06
-4.325517303457012505e-06
-4.313798376182577244e-06
-4.299939592839190856e-06
-4.280401098823669330e-06
-4.260575275883334779e-06
-4.254502877716885323e-06
-4.250090878220356810e-06
-4.185788790067478040e-06
-4.165636388451274429e-06
-4.138958611380150494e-06
-4.137347032877636784e-06
-4.114021276893308487e-06
-4.091628338666579372e-06
-4.073886667625431439e-06
-4.063406293248884313e-06
-4.052921610484370730e-06
-4.031371544596114011e-06
-3.993264685586138395e-06
-3.979525996945318880e-06
-3.957458746723997043e-06
-3.924891742612081474e-06
-3.922079683212274285e-06
-3.885643016926171116e-06
-3.863441388032224452e-06
-3.861207510464478045e-06
-3.826285283472895299e-06
-3.816256200616861625e-06
-3.787707794964140618e-06
-3.771644021590373432e-06
-3.756755609317239234e-06
-3.703958301739698480e-06
-3.695687593967294081e-06
-3.690241957317228550e-06
-3.662806601818676844e-06
-3.659318489337875406e-06
-3.646533604292639799e-06
-3.625915534414214892e-06
-3.605390937748063372e-06
-3.575516988256200901e-06
-3.556684289272843126e-06
-3.543119774304802642e-06
-3.530974702728070216e-06
-3.479828690759085740e-06
-3.470986841656066308e-06
-3.458356736646592736e-06
-3.441846610301055531e-06
-3.423947882894533917e-06
-3.413255703436114748e-06
-3.407316211003855707e-06
-3.373604068543671611e-06
-3.349576498676399599e-06
-3.342197395150706991e-06
-3.320380744080267843e-06
-3.286881429149051651e-06
-3.261050184656575181e-06
-3.230973776117799220e-06
-3.220009459833282415e-06
-3.206518248150934329e-06
-3.188232713253285513e-06
-3.166666801000403038e-06
-3.136592452194842041e-06
-3.119245619560300991e-06
-3.095087982126171111e-06
-3.084129296054242094e-06
-3.076952440382313182e-06
-3.044495230529097105e-06
-3.030574363363730462e-06
-3.005156632310656384e-06
-2.990855981433419892e-06
-2.968621293032169353e-06
-2.959162627465797006e-06
-2.938260074772477218e-06
-2.929463169597552716e-06
-2.915909417629733916e-06
-2.895413188709729576e-06
-2.878417487414888019e-06
-2.860083523240187620e-06
-2.856872706288118264e-06
-2.839741069917784236e-06
-2.810237714272186854e-06
-2.794178884484798803e-06
-2.778819021762863964e-06
-2.757530921114421977e-06
-2.746393085031240995e-06
-2.724086338727721673e-06
-2.705797135766097976e-06
-2.683919728337000350e-06
-2.662571607013064376e-06
-2.653187471827755577e-06
-2.638375264362108773e-06
-2.626098455026356857e-06
-2.580659283842986163e-06
-2.574342404524264843e-06
-2.554565796738246475e-06
-2.540870232770009815e-06
-2.502406990656697139e-06
-2.494798409645552051e-06
-2.482880446147600559e-06
-2.465381035803791982e-06
-2.445292190022849512e-06
-2.437274122083603300e-06
-2.400994509822200330e-06
-2.387351242037907006e-06
-2.352974564242919538e-06
-2.338031429876200819e-06
-2.311623216327193967e-06
-2.305349029135477896e-06
-2.296485486639811024e-06
-2.263002985223139292e-06
-2.251426710421523261e-06
-2.225841018153125205e-06
-2.210824676097682184e-06
-2.198157431835202262e-06
-2.170109693920123943e-06
-2.156138757098986679e-06
-2.147388992779807182e-06
-2.114511915525594490e-06
-2.097800828420335961e-06
-2.087086386831886995e-06
-2.075521309676742032e-06
-2.060194322552126285e-06
-2.036106675181406553e-06
-2.011142558584295301e-06
-1.998716392127858546e-06
-1.976778660869583459e-06
-1.967653974815904840e-06
-1.934971812033711835e-06
-1.929707842893621658e-06
-1.920268850277883915e-06
-1.895704106191380298e-06
-1.870743289145165725e-06
-1.858196604619775720e-06
-1.846852686446352852e-06
-1.838720153511505848e-06
-1.819036554701010934e-06
-1.798885858395090253e-06
-1.767605087178716490e-06
-1.755784976338917272e-06
-1.734401119312232864e-06
-1.725796357021057956e-06
-1.701817984202697705e-06
-1.689360640074538079e-06
-1.674773295288681371e-06
-1.645280304183370633e-06
-1.635651090361152927e-06
-1.610307619447647453e-06
-1.604243703040043122e-06
-1.602823005936249283e-06
-1.548281639512288763e-06
-1.538412263367842136e-06
-1.535742447427050184e-06
-1.524670674704442484e-06
-1.510373703750929625e-06
-1.498014663501355234e-06
-1.479967385546759106e-06
-1.447559790203862996e-06
-1.435521565152170996e-06
-1.431239928184704164e-06
-1.403184831831976616e-06
-1.385759583573896544e-06
-1.353977822057655725e-06
-1.345574611828324102e-06
-1.309798822382054321e-06
-1.297592462484669763e-06
-1.296237071743044494e-06
-1.281607559567374365e-06
-1.268803351476855844e-06
-1.230500376618004345e-06
-1.221073708046102699e-06
-1.205565138317597869e-06
-1.194464767927015248e-06
-1.162413699891599919e-06
-1.159361828054205755e-06
-1.137275671593232068e-06
-1.118154720875791211e-06
-1.110464742214755676e-06
-1.097916755810239115e-06
-1.086947962451309154e-06
-1.071158358757865091e-06
-1.024562002940733764e-06
-1.008371724018759533e-06
-1.001990274166622368e-06
-9.944308496772927864e-07
-9.768833565129348774e-07
-9.635753352321517942e-07
-9.462700540689753220e-07
-9.076565625775389185e-07
-8.935843390103975959e-07
-8.805620076833226737e-07
-8.654965301535422183e-07
-8.360028785580055915e-07
-8.216466467785548979e-07
-8.130041555118530353e-07
-7.883756995388816048e-07
-7.803765273546287186e-07
-7.677192755321328970e-07
-7.565290947985718178e-07
-7.420413161307161381e-07
-7.320690349196062602e-07
-7.263411719909327182e-07
-6.946163055847269065e-07
-6.888666246038816936e-07
-6.601499880002264768e-07
-6.467196531015976005e-07
-6.303511402169438081e-07
-6.166602749355948532e-07
-6.044704557579869891e-07
-5.711386118949703616e-07
-5.659928221903308120e-07
-5.381081433671388930e-07
-5.101800720699998908e-07
-4.951526316912071001e-07
-4.880056050640072414e-07
-4.777270893424417676e-07
-4.558060464749643086e-07
-4.393092682863998118e-07
-4.287544109321210405e-07
-4.214360545656348114e-07
-4.140488959444379182e-07
-3.796176835288006240e-07
-3.706973222753397367e-07
-3.429462356569139518e-07
-3.152595814552398633e-07
-3.100701478976033821e-07
-3.073567108996936713e-07
-2.934554463842321769e-07
-2.694943835534265295e-07
-2.294736055851231110e-07
-2.220152125818018592e-07
-1.990547312411813109e-07
-1.929994084394047381e-07
-1.768847129358339222e-07
-1.717440053176065154e-07
-1.510299581874196480e-07
-1.363440809714281452e-07
-1.251994348936506704e-07
-1.117405613644347908e-07
-8.843261062292497991e-08
-7.726539950271193875e-08
-6.859266742560132007e-08
-3.467853639936060278e-08
-2.320205623340136747e-08
-5.191750506209511000e-09
8.828464195543124832e-09
1.782265490962032992e-08
3.813097919268136313e-08
5.177345426722026898e-08
7.588082013988555748e-08
9.373699078148772891e-08
1.107347744784043072e-07
1.272702497712370815e-07
1.365353232116891293e-07
1.516105461012336863e-07
1.597352591921532693e-07
1.742918674428693804e-07
1.923229218484586086e-07
2.045932241258620580e-07
2.247533258601912222e-07
2.501178327353028854e-07
2.631719066480994499e-07
2.772018159387176333e-07
2.920545092162943325e-07
2.950327505239157507e-07
3.215401793334662505e-07
3.522635998272546600e-07
3.553394441637660902e-07
3.674712748740217563e-07
3.799988006244799664e-07
3.915962124751467940e-07
4.138300082267935181e-07
4.411568995329804359e-07
4.500992668313503155e-07
4.655602860699823647e-07
4.789525236557527155e-07
4.918887469863303179e-07
5.118462482126037502e-07
5.270296435326643488e-07
5.577577393400584134e-07
5.840067416844139866e-07
5.874481906742615011e-07
6.188176690279651566e-07
6.292457290132370255e-07
6.376935856514086459e-07
6.551872124234661584e-07
6.714095619585711959e-07
6.802503985726533870e-07
6.955307967175806479e-07
7.238364464022786317e-07
7.346995680039738045e-07
7.510401714274668422e-07
7.668946342125212365e-07
7.937799491659774080e-07
8.160306675958421170e-07
8.413245441521511369e-07
8.527703930801801141e-07
8.598224070328339373e-07
8.797069805950374003e-07
8.907253495397107054e-07
9.070193465803642527e-07
9.246277392557311506e-07
9.347324605276739277e-07
9.605848108893813330e-07
9.729215089702075491e-07
9.955033833766650996e-07
1.023047954702493639e-06
1.031057144348235082e-06
1.043476846416653301e-06
1.065676218078726991e-06
1.087507027105922255e-06
1.099673229819830285e-06
1.124544382124769697e-06
1.146977905178956874e-06
1.166013922102359944e-06
1.177090075805496590e-06
1.191920407632083927e-06
1.215275901490368093e-06
1.238102788830406330e-06
1.240197302390237351e-06
1.258412976037012110e-06
1.270520380079067111e-06
1.294960634910602578e-06
1.317853120198643520e-06
1.330293961478157938e-06
1.365580536823988372e-06
1.369785435472282698e-06
1.371897825784663788e-06
1.392142089652706944e-06
1.401807574345221848e-06
1.440851448159703721e-06
1.443760405757054641e-06
1.498389876368824230e-06
1.524626685628779986e-06
1.539092892822345810e-06
1.542749148536935721e-06
1.550544143258542785e-06
1.574037278669762720e-06
1.588364982406255778e-06
1.605411662921259365e-06
1.624377900883175152e-06
1.636342523758084635e-06
1.659573845326817341e-06
1.674550004917881044e-06
1.694595916379903649e-06
1.702336370722194263e-06
1.724572970972279650e-06
1.736050151860880562e-06
1.754719200563909315e-06
1.765657271025085089e-06
1.806419622819996083e-06
1.825990694949633715e-06
1.838791642314439214e-06
1.847981888543804550e-06
1.866115471225206704e-06
1.880297631840916315e-06
1.886071799765902558e-06
1.898631739392765323e-06
1.903696631526430594e-06
1.958473875814118691e-06
1.963719346447214782e-06
1.983363492165613637e-06
1.994547974333643617e-06
2.011729836891688064e-06
2.026380681181148054e-06
2.050934602193857546e-06
2.059462440335352682e-06
2.086142587627624129e-06
2.104718552422757854e-06
2.109669028784583099e-06
2.158025493873766542e-06
2.163064727522642770e-06
2.193295424601476987e-06
2.212650749140681976e-06
2.226869157685422073e-06
2.264808947298794109e-06
2.271182469369117684e-06
2.292295114023815512e-06
2.304032542633910963e-06
2.318145738582464734e-06
2.320998349096171417e-06
2.332376940390854137e-06
2.339264013417060808e-06
2.376779946402898151e-06
2.377891018385204704e-06
2.411910680777665112e-06
2.419002034550537549e-06
2.445545672441851562e-06
2.469941573916372112e-06
2.484328536991902523e-06
2.518681545735028502e-06
2.532888145129897173e-06
2.548335157815500209e-06
2.570726145907047015e-06
2.593597676436548576e-06
2.610479102334163006e-06
2.622349542215521398e-06
2.627129855046499776e-06
2.663691485145731527e-06
2.683595912442906768e-06
2.704896399136398451e-06
2.719298102612090626e-06
2.736766958772151838e-06
2.752457568378683586e-06
2.769643292086240283e-06
2.786165788530025031e-06
2.792960570145446244e-06
2.823442071392829506e-06
2.836453519399630910e-06
2.853516354690278178e-06
2.878744560074904744e-06
2.893228626265103491e-06
2.911205824452104814e-06
2.935963514917904964e-06
2.957867977574537653e-06
2.965079328048531358e-06
2.977368092135624320e-06
2.991119310003646051e-06
2.995933259887341581e-06
3.012343359780152280e-06
3.059407496644820738e-06
3.071222218767548481e-06
3.083426498562131905e-06
3.101742766391029168e-06
3.113145190920953217e-06
3.137686823487818765e-06
3.157641059485176264e-06
3.180063287589903147e-06
3.187193470284293038e-06
3.213039281546313874e-06
3.259636871084538245e-06
3.265436039131762408e-06
3.285924736052995575e-06
3.297100381505939300e-06
3.315777086244757132e-06
3.334864692749107752e-06
3.357607940199700140e-06
3.365011065249232013e-06
3.386595985799577554e-06
3.398525941145382749e-06
3.422054644857252431e-06
3.436745614028839921e-06
3.464423203857733747e-06
3.498028528949457386e-06
3.535415785224103364e-06
3.540615182449574009e-06
3.568147721989530547e-06
3.577462807784307112e-06
3.605262069906893579e-06
3.615704672812368512e-06
3.622544777858952556e-06
3.651310763427756997e-06
3.670793845587365344e-06
3.686275905992062689e-06
3.697920936373842566e-06
3.714814964675483851e-06
3.741984286687741080e-06
3.776602628148835739e-06
3.820814694333774239e-06
3.823790162737689698e-06
3.845989902278799312e-06
3.864440498919379679e-06
3.906936404444076659e-06
3.921184302554282114e-06
3.931199496905590474e-06
3.959184929902527157e-06
3.971493182134431803e-06
3.991048754073883322e-06
4.021668445035238857e-06
4.024788762479683744e-06
4.038218088199098599e-06
4.057968533174802228e-06
4.080777969752427819e-06
4.084853991787076698e-06
4.113379854571862705e-06
4.128309892586897084e-06
4.144175867044561429e-06
4.184163129397759130e-06
4.201633660112071200e-06
4.217668271774615093e-06
4.233145003439156993e-06
4.261480010284162504e-06
4.272957998008514268e-06
4.281776435996122170e-06
4.306225534688015257e-06
4.319576088626407740e-06
4.329822629869524488e-06
4.366698813954986325e-06
4.390346916401629631e-06
4.406956092801599664e-06
4.433776176883411093e-06
4.463739943118083042e-06
4.495369645152200050e-06
4.498432629254117172e-06
4.511096205855494376e-06
4.522237939224526586e-06
4.562779312663843528e-06
4.579084659315369277e-06
4.606851156020253564e-06
4.625185574156807575e-06
4.650749374088785104e-06
4.671642230558821905e-06
4.679506750035012076e-06
4.715699523219118613e-06
4.733930833962691951e-06
4.748216960128936441e-06
4.770074836395530568e-06
4.801016304840637980e-06
4.813173916988406733e-06
4.836086815794599367e-06
4.849564899426164252e-06
4.868137393902559809e-06
4.882363352142980096e-06
4.913942997328728074e-06
4.937531048835605334e-06
4.946648200259432357e-06
4.961924151115131181e-06
4.982358190444961753e-06
5.007594906399913978e-06
5.011464724061668810e-06
5.021858788274141520e-06
5.063396802321663015e-06
5.104223945269935972e-06
5.113630460893948837e-06
5.133494438996534689e-06
5.150434860866180647e-06
5.186802408351391079e-06
5.192794086750402163e-06
5.201421070763488674e-06
5.248124732717090602e-06
5.263552938091488932e-06
5.291839122338588002e-06
5.296272612072386353e-06
5.327440569331145106e-06
5.345151770036985102e-06
5.360906566937353860e-06
5.374762665429819424e-06
5.402607774854782651e-06
5.420391855788120547e-06
5.436910792801407265e-06
5.477806633916354245e-06
5.492241817601461239e-06
5.499759469831185478e-06
5.529805180552985170e-06
5.535179623339696051e-06
5.563879387342407222e-06
5.580392048535406906e-06
5.602175203550315888e-06
5.623012279282086071e-06
5.648494048309388747e-06
5.663924453275749641e-06
5.678247669331492407e-06
5.705905430168211721e-06
5.727496416269415270e-06
5.741631893740505611e-06
5.781802758058958903e-06
5.815985404126257758e-06
5.829695257714843619e-06
5.838891311130560434e-06
5.865691482254301134e-06
5.891073687423052475e-06
5.912127949643940029e-06
5.942595232522856641e-06
5.950398285126838365e-06
5.969200821377506354e-06
5.999834763499666144e-06
6.020201018522563069e-06
6.038348518413015263e-06
6.044898201466567840e-06
6.078788200508156778e-06
6.096766513391830436e-06
6.104766774783287307e-06
6.122483806838993921e-06
6.161730828334273332e-06
6.186532724139174810e-06
6.208587028708910781e-06
6.230807629714764685e-06
6.262410729700752709e-06
6.293334107918867809e-06
6.295319636385046113e-06
6.316866053603029887e-06
6.342701514818656970e-06
6.368006297219399458e-06
6.378931658937371014e-06
6.399411498563174500e-06
6.413775712598596800e-06
6.453522491145155696e-06
6.479697104433290874e-06
6.512953902013869328e-06
6.538444587691491446e-06
6.551165249337281421e-06
6.553391873253160644e-06
6.581034499321494813e-06
6.594196613383082299e-06
6.617216243835422336e-06
6.661346925168611158e-06
6.678433038953846419e-06
6.716032124575424853e-06
6.718696982646237859e-06
6.759827611750723982e-06
6.791401557793442373e-06
6.798438879228106924e-06
6.818418758347426955e-06
6.825879670846250601e-06
6.852757539327104729e-06
6.876628694606614136e-06
6.883671289902161433e-06
6.896692177183487103e-06
6.940450339548343123e-06
6.955345676506941827e-06
6.983690990907248811e-06
6.992051086848507798e-06
7.012261079959518634e-06
7.047023706735133811e-06
7.066461371067615013e-06
7.097359236872184692e-06
7.128718083806440256e-06
7.133106067518335492e-06
7.165433470836166899e-06
7.181508960796027246e-06
7.218505348633673742e-06
7.226148780140352161e-06
7.244560993617063837e-06
7.263915591238005609e-06
7.270628269494685297e-06
7.297975642689836967e-06
7.313073626353815994e-06
7.346610688940264077e-06
7.368561815138521366e-06
7.403549621769079486e-06
7.409854560701223325e-06
7.443075669431994937e-06
7.457638573747943248e-06
7.484111667100250715e-06
7.519512579149323184e-06
7.533754235867180350e-06
7.558154437173174729e-06
7.582243636850457832e-06
7.618303250119372468e-06
7.632477642358722033e-06
7.666037453718661901e-06
7.684052865602950509e-06
7.695447450353438062e-06
7.729760884588582942e-06
7.748902877157074422e-06
7.761751790831154240e-06
7.798035363890686676e-06
7.821742064644631164e-06
7.867332434686225186e-06
7.875852434220590554e-06
7.890945984722600484e-06
7.923428978857863220e-06
7.939427435201683894e-06
7.959436852801299769e-06
8.015703862020720971e-06
8.031582408940436148e-06
8.040123003712910376e-06
8.058359863596451368e-06
8.082764180577402044e-06
8.138957260602466468e-06
8.154270449977574979e-06
8.167124139866333140e-06
8.190866837624786415e-06
8.201862809462483658e-06
8.240591706958926544e-06
8.252174771407004008e-06
8.265358598774319874e-06
8.291228517161789563e-06
8.347084138878239275e-06
8.372561212580392488e-06
8.377872542793559334e-06
8.396519453460526879e-06
8.422769234889897105e-06
8.449665019284892777e-06
8.473319627033348519e-06
8.489072189407151353e-06
8.529540780334543651e-06
8.530092280952213923e-06
8.556295835304320263e-06
8.591355306208758785e-06
8.602761731991532765e-06
8.612071127214776289e-06
8.642123275995593698e-06
8.688137951324019755e-06
8.715332881110304407e-06
8.719901046861181705e-06
8.738691185941004872e-06
8.792560367948679668e-06
8.815897355294757714e-06
8.819779152382567939e-06
8.833481697621086267e-06
8.851982301019813981e-06
8.870310217330891426e-06
8.896368766240438406e-06
8.908155476834482840e-06
8.956874421536543726e-06
8.972900235283379317e-06
8.981948269216075568e-06
9.020232944942904919e-06
9.036691923219225517e-06
9.070249964725592538e-06
9.080632935024462811e-06
9.119267147835523912e-06
9.154902979201677817e-06
9.198228382530649326e-06
9.211484389586820020e-06
9.238375152055894858e-06
9.249867527782249107e-06
9.271169509513154259e-06
9.325063160688255845e-06
9.331039806897576124e-06
9.355885452466149152e-06
9.376205421111432459e-06
9.397616732045021234e-06
9.426214700680776495e-06
9.460554045334703961e-06
9.480301730122658654e-06
9.495722641238559057e-06
9.517103107713600961e-06
9.546098590607133877e-06
9.603873883745434615e-06
9.629316441879736145e-06
9.646938918964053782e-06
9.654676552795334859e-06
9.702736552501213860e-06
9.713779024108898155e-06
9.749726003888101763e-06
9.755964333076640771e-06
9.780357629860665015e-06
9.803816564926421534e-06
9.815192514500810996e-06
9.839585824482142189e-06
9.869935805478594274e-06
9.900075325294413031e-06
9.920527620577921220e-06
9.942638651671707314e-06
9.973930836595559842e-06
1.001238508582712603e-05
1.003181521093445875e-05
1.005335088417117550e-05
1.006966021030769297e-05
1.011253090343553516e-05
1.014470571462359139e-05
1.017236843154175692e-05
1.018552086723981337e-05
1.021699667593637087e-05
1.022108732200509302e-05
1.024994348388838359e-05
1.027625568089183287e-05
1.029564793207205536e-05
1.030808139810455023e-05
1.035676308404969967e-05
1.037535246826373108e-05
1.039721744548441796e-05
1.041561851581912257e-05
1.044691548150170907e-05
1.047246846647198694e-05
1.050581545608743118e-05
1.053626120873387456e-05
1.057958272067676355e-05
1.059446187277534233e-05
1.061414074190108808e-05
1.064502658807252215e-05
1.067507549866409027e-05
1.069371237095393907e-05
1.071967893638343728e-05
1.074606528343415592e-05
1.076771473261201171e-05
1.080589903504501403e-05
1.081783397632716691e-05
1.085616095654764805e-05
1.087561002101049340e-05
1.092069200168012044e-05
1.095428094785929196e-05
1.097449833580042762e-05
1.100560958856120229e-05
1.105706609285304753e-05
1.107304886002106095e-05
1.109282275930705451e-05
1.110639166253157132e-05
1.114903865572771188e-05
1.117372395849324437e-05
1.118180642227151814e-05
1.122656061480191983e-05
1.123329404756454554e-05
1.126766701503548053e-05
1.129299783972300574e-05
1.131806320065745641e-05
1.133658411573282590e-05
1.139454778702697434e-05
1.141461020034986833e-05
1.144113063427153037e-05
1.145168352720812536e-05
1.148871793216776000e-05
1.151412336093955821e-05
1.154048419271001618e-05
1.158845415332821692e-05
1.159208000022743409e-05
1.160992129769965776e-05
1.162537377909111319e-05
1.166173004772202012e-05
1.166853230942705745e-05
1.174376315634726051e-05
1.174602327505163397e-05
1.176600376645366660e-05
1.179200350320678491e-05
1.182119117027883853e-05
1.184644340013305668e-05
1.188422503849251837e-05
1.191179250335243902e-05
1.194335532506022691e-05
1.195854120069486125e-05
1.198805078771763504e-05
1.203112036834479331e-05
1.205074617849778442e-05
1.205543812309221238e-05
1.207682915006386566e-05
1.211058281538669485e-05
1.211596795542427756e-05
1.215299271198200412e-05
1.219899342593547481e-05
1.223002832609814344e-05
1.224673933873685023e-05
1.227664059976730926e-05
1.230874735068261582e-05
1.233271003611988913e-05
1.236245906760873682e-05
1.237342570358739675e-05
1.241205763374526541e-05
1.243625784807901656e-05
1.245663586333432269e-05
1.248822878764279176e-05
1.250919803657317670e-05
1.252700471824335770e-05
1.255156477614069762e-05
1.258547813096457328e-05
1.261837903129932284e-05
1.266188580955733363e-05
1.268625830169109865e-05
1.271772836795773962e-05
1.273267455205301335e-05
1.274616509988912092e-05
1.275913052437677606e-05
1.282749961354925659e-05
1.284471383660164817e-05
1.289434361953154312e-05
1.290303515073321521e-05
1.291797145167375766e-05
1.294024799712400450e-05
1.298454281192459101e-05
1.300344612713984601e-05
1.301536112705483104e-05
1.305629035376212794e-05
1.308121758711386469e-05
1.310298122512788559e-05
1.312393473668869077e-05
1.315172174198385227e-05
1.321372895728563742e-05
1.322921141916683958e-05
1.324121096638367599e-05
1.327405296232742052e-05
1.333727070965161453e-05
1.334439501714543610e-05
1.337007447983214335e-05
1.339400913213688951e-05
1.340977670373458573e-05
1.342741055456880330e-05
1.348362137723642966e-05
1.351646274656525416e-05
1.358513351848463032e-05
1.360423446172488877e-05
1.361010625938298116e-05
1.363901310687913390e-05
1.366016302683361638e-05
1.368468671096501690e-05
1.373252663980036396e-05
1.374892258735563575e-05
1.379243961521410081e-05
1.379661766527630828e-05
1.382262798837491362e-05
1.385837438621846695e-05
1.388201176363644513e-05
1.392210285872276143e-05
1.395293793749731733e-05
1.395647880944274731e-05
1.398636572153232727e-05
1.405118244678905216e-05
1.407702307942433347e-05
1.412336080341984921e-05
1.415995357059981440e-05
1.417570181466193135e-05
1.419658425568402051e-05
1.421886694448103920e-05
1.424478331896065079e-05
1.427055135885189254e-05
1.430513947701523516e-05
1.434259015395354382e-05
1.436242795052507983e-05
1.440240345353695715e-05
1.441778639555848708e-05
1.442144728169032464e-05
1.442735240738262085e-05
1.446060259948422660e-05
1.450763739096341794e-05
1.454712003636133691e-05
1.457281821936491086e-05
1.459799227720622761e-05
1.460869420170981533e-05
1.465621451739693700e-05
1.469412916486542031e-05
1.471091270330249248e-05
1.474697260460901049e-05
1.476753267422125115e-05
1.480837426826702269e-05
1.482357154261098704e-05
1.485635348254602898e-05
1.490150528680664841e-05
1.494608883525342737e-05
1.495262017799469326e-05
1.498569433035830078e-05
1.501993003533364604e-05
1.502402288710822813e-05
1.508921088344975848e-05
1.509495202157171401e-05
1.511967760202102263e-05
1.514294513146180217e-05
1.517994355754760389e-05
1.518539673903037761e-05
1.523151219112210451e-05
1.527019306368610925e-05
1.530198750635601598e-05
1.533529723210791249e-05
1.535736483124849970e-05
1.537341506000415475e-05
1.539043530800497444e-05
1.543114165704080176e-05
1.548072785960299028e-05
1.553085331419281994e-05
1.555619402836481472e-05
1.560191081577627734e-05
1.564571659189119610e-05
1.565847196133755652e-05
1.567926425792371675e-05
1.569400394232557756e-05
1.570678200806092885e-05
1.575086384180612110e-05
1.576926698404980176e-05
1.581009300966511059e-05
1.584073096101153128e-05
1.587277952332319329e-05
1.593128033079539173e-05
1.595830556345742248e-05
1.597933734217298169e-05
1.599803757524196471e-05
1.602613563566455363e-05
1.608705862220347651e-05
1.611035742711836586e-05
1.611554923304390965e-05
1.617124598015144080e-05
1.618541335546775566e-05
1.623415503803740507e-05
1.626393000805301733e-05
1.628515277009102210e-05
1.630928228900981064e-05
1.632898846558450678e-05
1.636974641606039427e-05
1.638477415346760620e-05
1.646671435419619952e-05
1.647351650413593572e-05
1.651557997964927130e-05
1.652354799427416899e-05
1.654892743046923914e-05
1.658771866310114511e-05
1.661012412380037832e-05
1.663727536254310411e-05
1.669025806134788269e-05
1.673019197913800131e-05
1.674985875053592368e-05
1.679216104396288181e-05
1.683325659156066807e-05
1.684534124668549975e-05
1.685839353101880049e-05
1.688135954635654101e-05
1.692378370540080089e-05
1.694118576158035904e-05
1.698619301997624642e-05
1.701908280378827831e-05
1.705092884500947323e-05
1.709145122600863091e-05
1.711940710086296550e-05
1.717957158219986447e-05
1.719450667019302963e-05
1.722418368741185536e-05
1.726528170965843019e-05
1.728359097702663387e-05
1.731817309847429111e-05
1.734920425957233608e-05
1.735819619025452158e-05
1.738225470815859763e-05
1.744016756971466446e-05
1.748196269667758471e-05
1.751480872529157393e-05
1.754404441580460839e-05
1.758515455488763451e-05
1.761342085698362384e-05
1.764389969225828905e-05
1.767190390734727423e-05
1.768942409902194562e-05
1.771669015452116645e-05
1.776632108306437448e-05
1.778934587812650931e-05
1.782907804088584830e-05
1.785978079234111401e-05
1.791398116821412591e-05
1.794247810375902499e-05
1.795765444965446368e-05
1.799117185997458287e-05
1.801450573002278465e-05
1.805215680333598053e-05
1.807035061218528911e-05
1.809335644249220198e-05
1.815703382335327664e-05
1.821071480654328154e-05
1.825868253546471113e-05
1.827517912529470260e-05
1.829382070124063243e-05
1.832361482127313390e-05
1.834001073828233085e-05
1.839485318497391706e-05
1.840839055031529069e-05
1.846419662539866633e-05
1.848563587273785992e-05
1.851987824889884786e-05
1.854252079133344856e-05
1.856294971976371139e-05
1.863909050196556688e-05
1.864948381895948872e-05
1.869610753657709778e-05
1.873127589680813332e-05
1.874456872893331440e-05
1.880322266706703502e-05
1.880534228299212126e-05
1.884895722112679152e-05
1.890286536183554710e-05
1.892476305049240403e-05
1.895970272429502333e-05
1.897545379789926932e-05
1.903290956867674831e-05
1.904330065363470296e-05
1.906761302788934830e-05
1.909932222388179441e-05
1.919159516837494806e-05
1.922439178888187943e-05
1.924539352113662906e-05
1.926837571414752670e-05
1.929829336356865061e-05
1.934580292525187186e-05
1.939097982051892245e-05
1.944158882468916764e-05
1.948016775418496657e-05
1.950537155811080716e-05
1.955383273080167329e-05
1.958106024690680258e-05
1.962067420269981465e-05
1.965475913370302055e-05
1.967083300734975067e-05
1.968873336032106355e-05
1.970313171626288402e-05
1.972143290228391517e-05
1.978589645831429011e-05
1.980646543153791810e-05
1.983111100198997923e-05
1.988463627002257493e-05
1.991201427964494266e-05
1.993684740972497527e-05
1.997719891834719586e-05
2.004799870964836690e-05
2.008698668782805412e-05
2.011842054651104646e-05
2.015540582014165071e-05
2.018584928804010954e-05
2.020749324031968644e-05
2.025787442647546482e-05
2.027647671226103605e-05
2.031583573888445337e-05
2.037029017318776799e-05
2.039978757885266525e-05
2.042309512664599864e-05
2.043614880232126656e-05
2.050442486161359491e-05
2.056569015482328887e-05
2.060596110713334606e-05
2.062053231408027870e-05
2.065770129600002716e-05
2.067689518981153675e-05
2.073175990557657279e-05
2.077216799613497162e-05
2.081165310149906097e-05
2.083701854628058377e-05
2.087046217016247712e-05
2.088981435744863161e-05
2.094842046426836942e-05
2.099059418037766393e-05
2.100525786297669517e-05
2.106332602221259865e-05
2.107335120630982256e-05
2.112700251112080365e-05
2.116655665176153715e-05
2.121306940966779709e-05
2.124104753533775583e-05
2.125828563311487981e-05
2.128362334770590362e-05
2.131143044776511873e-05
2.132462094875918558e-05
2.137264992023020065e-05
2.143957729572143237e-05
2.145714636267175661e-05
2.149654590446743895e-05
2.154288822788514497e-05
2.157805592936932990e-05
2.163622058924259244e-05
2.167813915035229704e-05
2.169666115703773845e-05
2.172396659113673940e-05
2.176522279916153491e-05
2.182344562112703920e-05
2.185262151374209341e-05
2.188851301579288302e-05
2.193339256103635926e-05
2.195783027034788911e-05
2.196513718485262355e-05
2.201562538166896145e-05
2.208260669608824120e-05
2.212590139958617040e-05
2.215197295284747507e-05
2.220029607160831504e-05
2.221124435784192864e-05
2.226874446223921445e-05
2.229484595100647716e-05
2.232774680490842554e-05
2.234864815676001088e-05
2.238006219311268566e-05
2.242234508081764649e-05
2.248272386558909487e-05
2.252389264501822300e-05
2.253900549880226211e-05
2.257026241549450150e-05
2.260252178161551188e-05
2.264152626842154371e-05
2.267415821841042256e-05
2.273952061778771128e-05
2.278364685203529923e-05
2.279951836253371324e-05
2.284017919731605860e-05
2.285428422492198459e-05
2.288441323653702986e-05
2.292077344078379114e-05
2.292867454552303675e-05
2.304660181659249398e-05
2.306223277188854646e-05
2.307506156242777838e-05
2.313931328130375777e-05
2.319279589931399485e-05
2.323392015032522005e-05
2.324707853156234930e-05
2.325821661078775106e-05
2.331060112500923839e-05
2.336872982284514020e-05
2.342565593282119828e-05
2.346202067127301579e-05
2.350207395406420934e-05
2.353591627295620447e-05
2.354389005874468188e-05
2.354806840078974434e-05
2.357494351840413118e-05
2.365799652819313242e-05
2.367275114087199835e-05
2.369744582332378109e-05
2.378846586834415926e-05
2.379942013252981330e-05
2.380678367753378793e-05
2.387780291081548952e-05
2.393705184145933921e-05
2.396968893716950677e-05
2.400472160329181177e-05
2.406610979380356842e-05
2.412257656874923346e-05
2.416723478000453755e-05
2.420096910028434660e-05
2.420834305199100181e-05
2.424064032914293482e-05
2.427214424469655761e-05
2.430516064089534282e-05
2.431172311301881936e-05
2.438498868882228851e-05
2.440959812514541683e-05
2.443554570704584478e-05
2.448298979832965643e-05
2.457111772596536845e-05
2.458530290367245686e-05
2.465220910944518692e-05
2.466825921128343771e-05
2.470734594266876699e-05
2.474925570291452705e-05
2.478797842104674950e-05
2.483524324293050613e-05
2.489578317275598462e-05
2.491215534515865034e-05
2.494857063487018942e-05
2.498071830275212552e-05
2.499225236842241151e-05
2.501399332144697626e-05
2.506549339600942764e-05
2.510570515765682238e-05
2.514935415536631799e-05
2.520483098545644882e-05
2.522673766591505473e-05
2.527630360235878524e-05
2.529906302579638692e-05
2.534467916300543001e-05
2.539188281793080680e-05
2.541724947289751720e-05
2.544712808925149805e-05
2.552727152191045949e-05
2.558041527977657586e-05
2.558233752809239650e-05
2.562017510483772262e-05
2.570287525674871956e-05
2.573340057020469750e-05
2.577593227512998511e-05
2.579042367959430589e-05
2.581693865238629459e-05
2.586042727135710921e-05
2.593055571710128031e-05
2.598757092411328726e-05
2.600711291421401011e-05
2.601510989355228703e-05
2.609242056246779607e-05
2.613017420098773331e-05
2.616671500698558819e-05
2.621321624336643891e-05
2.624290653349028025e-05
2.626056158107234091e-05
2.631420768307079629e-05
2.634708807151835044e-05
2.640646451952949816e-05
2.644317280852026455e-05
2.646230986018877535e-05
2.647995343084455071e-05
2.654404309481883621e-05
2.660129948158788648e-05
2.661141411043783854e-05
2.666626584622868275e-05
2.675514367697343600e-05
2.676232148508713628e-05
2.683566041350743611e-05
2.685769037669964601e-05
2.694112884270947277e-05
2.700173164768761657e-05
2.703741718568995035e-05
2.705345756996406576e-05
2.712372281558543899e-05
2.713728663447318712e-05
2.715062235170448239e-05
2.718374373047862476e-05
2.724633005524710301e-05
2.734045467507015913e-05
2.736401147716705024e-05
2.740403422327650614e-05
2.747431936900560816e-05
2.749974742071067924e-05
2.751859679745910072e-05
2.755467011431389984e-05
2.760487661359312163e-05
2.764998192988969244e-05
2.770090596948909136e-05
2.774030621223664688e-05
2.782603211421053965e-05
2.784808997353024196e-05
2.788551138676042689e-05
2.791586990387779255e-05
2.796363404764556676e-05
2.800946490355355671e-05
2.805071023755645107e-05
2.806671446354991898e-05
2.813238985441696895e-05
2.819403778425038677e-05
2.820515804860623761e-05
2.826901587374768294e-05
2.830240116467574917e-05
2.835352012732562693e-05
2.840465296213640149e-05
2.843429569195950321e-05
2.847955520323272935e-05
2.852514781946650826e-05
2.855436790640064487e-05
2.861795206034645385e-05
2.864282733964837045e-05
2.869855957189933719e-05
2.875499928717205233e-05
2.880396072548442195e-05
2.882913571379390968e-05
2.888478158000962873e-05
2.889276547771098651e-05
2.896824729344311960e-05
2.900638201581798935e-05
2.905034378168753307e-05
2.913730864265251131e-05
2.921382878076437390e-05
2.924216047822964518e-05
2.925236254158695829e-05
2.930853860190653828e-05
2.934928876849825555e-05
2.938183355884336405e-05
2.941646999947526641e-05
2.947688029877416620e-05
2.952948286561473917e-05
2.956654141897087579e-05
2.963978450635893177e-05
2.969040182603200091e-05
2.971245240156307292e-05
2.974562330648236315e-05
2.980534568689779121e-05
2.983812094712556299e-05
2.990622702356171789e-05
2.994344541499390771e-05
2.997461863308045315e-05
3.001883370729675464e-05
3.008517070874880381e-05
3.010603376852814784e-05
3.014797667912022343e-05
3.016352523619912027e-05
3.022752791928821399e-05
3.025106484222974591e-05
3.032409869831133041e-05
3.034491972510051832e-05
3.042497407274100734e-05
3.048090730518170929e-05
3.051832479669502722e-05
3.052851213232467661e-05
3.054301107345189746e-05
3.065021956244464113e-05
3.068065463187723420e-05
3.068488155504195695e-05
3.069970750998293112e-05
3.080670990588933207e-05
3.086494592006838988e-05
3.092027080498172621e-05
3.093362642344218803e-05
3.100790328253460218e-05
3.103613988614629200e-05
3.106608821246299983e-05
3.113130237053164564e-05
3.118861214851850728e-05
3.126229063043559748e-05
3.130535344594965157e-05
3.135192301884570724e-05
3.144809600038056552e-05
3.148324521370095107e-05
3.154432522857303063e-05
3.159987359246380344e-05
3.163279609160100469e-05
3.169543519704811772e-05
3.171170076589874102e-05
3.176551206602440104e-05
3.180470610988375501e-05
3.183761103283069041e-05
3.185552358769743538e-05
3.186385244158349022e-05
3.200721228701905246e-05
3.202944594899630529e-05
3.208569462228503367e-05
3.209246839788623641e-05
3.212970651020146100e-05
3.217253787772470354e-05
3.222689225438147632e-05
3.226967020918155410e-05
3.233221611323250177e-05
3.240375886229858308e-05
3.244531389796791973e-05
3.251583744418171855e-05
3.255214293260909705e-05
3.257182738695128707e-05
3.261669348375712121e-05
3.268729871982176734e-05
3.270376691873313818e-05
3.277697463796850930e-05
3.281272511358265283e-05
3.289556828432029992e-05
3.294268119395607784e-05
3.300390689926619006e-05
3.306665885189339661e-05
3.310418272916375700e-05
3.316266263351141437e-05
3.319131238628475554e-05
3.323025015825757845e-05
3.328377245115375410e-05
3.335403015928225693e-05
3.337808990674578311e-05
3.344504957813027284e-05
3.349680307962505684e-05
3.352804540055832791e-05
3.355248927797290729e-05
3.360004915107121711e-05
3.367280320402926658e-05
3.373150924909924228e-05
3.377686521562329157e-05
3.382840462785812434e-05
3.386499328918050682e-05
3.387644627696390943e-05
3.389077783072663594e-05
3.400040826995346180e-05
3.402571003508463580e-05
3.408852564504410965e-05
3.414530688493455077e-05
3.422375270684878905e-05
3.424567391606352622e-05
3.431926013658465817e-05
3.439282944783859756e-05
3.443186307538672876e-05
3.444851345108311633e-05
3.452106178213235841e-05
3.455843490685474810e-05
3.459001580131386980e-05
3.463960310665993478e-05
3.469814000283605787e-05
3.471638326173019781e-05
3.477943511948789889e-05
3.485089668883363816e-05
3.488482853094955705e-05
3.490842230674022170e-05
3.504094365354950338e-05
3.506940067562006882e-05
3.510313946894048508e-05
3.519627368575753521e-05
3.523256939661429451e-05
3.526502151963819203e-05
3.530687277966541079e-05
3.537237551447774123e-05
3.538826310384827231e-05
3.543700535497467600e-05
3.547307783351372001e-05
3.549120588171850968e-05
3.556128384350032656e-05
3.572210233111537756e-05
3.576016170365749994e-05
3.576444830217474568e-05
3.582270044718644859e-05
3.584934072722464839e-05
3.592903310222764543e-05
3.595399097266260493e-05
3.602883641847722543e-05
3.609802647925595455e-05
3.616528468858171971e-05
3.624740514243063815e-05
3.627949690436728565e-05
3.631824433262231778e-05
3.638078759884307137e-05
3.640569136357375932e-05
3.646726515817698568e-05
3.651046278200588050e-05
3.658628938936089555e-05
3.661707928715190221e-05
3.669135326363243577e-05
3.674083800265474654e-05
3.680533027702781088e-05
3.685803445082499015e-05
3.691917587739906024e-05
3.694588024783784243e-05
3.695567254435636837e-05
3.703562174192027751e-05
3.709597593941285772e-05
3.714075232505739492e-05
3.716718524183984399e-05
3.723347172072573454e-05
3.730356985110881045e-05
3.738354323631291193e-05
3.740229945352151458e-05
3.749563562543740161e-05
3.750120464164436124e-05
3.754125376318112795e-05
3.760365978350637913e-05
3.765398083639718917e-05
3.768515625260578669e-05
3.778953140811190496e-05
3.784681660233814803e-05
3.790080662431440680e-05
3.791412504543005492e-05
3.794910336171969465e-05
3.797543643518972687e-05
3.805083084472845559e-05
3.818009395540217118e-05
3.826767586771904139e-05
3.833567755546903814e-05
3.835645211047547813e-05
3.840772039219508203e-05
3.844398765550683538e-05
3.849128757697594636e-05
3.852658753523707937e-05
3.864351110742076615e-05
3.869239882782030566e-05
3.878842492941558362e-05
3.880205447324376530e-05
3.885633660207122333e-05
3.889402528346974598e-05
3.894099801619330472e-05
3.899697394878441886e-05
3.907961902552427026e-05
3.914094090219441552e-05
3.918995878955869989e-05
3.923626696348854871e-05
3.931374815451179358e-05
3.942410185114715934e-05
3.946756844519169489e-05
3.951048183870056415e-05
3.961246301091503536e-05
3.964559655705640270e-05
3.969056278390922478e-05
3.975857103610173324e-05
3.979613405213825556e-05
3.983848107233973367e-05
3.988468164390900772e-05
3.990393209295020074e-05
4.001017110518805393e-05
4.003375224966345400e-05
4.011745576554126292e-05
4.013496342997179971e-05
4.024286904574970206e-05
4.031868219798560458e-05
4.033289047029804301e-05
4.038985941790445227e-05
4.050870316346705431e-05
4.053398558532643876e-05
4.057703149187971616e-05
4.069012498312810691e-05
4.077512861745735738e-05
4.082718275052559632e-05
4.083329783121300707e-05
4.086223843795492997e-05
4.099554379855598627e-05
4.110275206206653328e-05
4.114641931593439371e-05
4.115486060932474331e-05
4.128746473010908388e-05
4.131885885021686298e-05
4.139370257198340768e-05
4.147240831119563723e-05
4.149484770236712948e-05
4.157256731023179912e-05
4.158437614719299677e-05
4.162703477004074849e-05
4.172879539158563442e-05
4.175936420731100911e-05
4.182943747818235127e-05
4.187035856225286394e-05
4.194703034856685691e-05
4.198583598826049492e-05
4.204336942230155720e-05
4.211555140302371058e-05
4.218089087258841978e-05
4.219789351839929391e-05
4.226297765893563611e-05
4.231974095876274937e-05
4.233338959599000694e-05
4.246467140515500249e-05
4.248745209700488100e-05
4.259873144281706197e-05
4.265628793234544632e-05
4.271307818763640801e-05
4.273158291411183099e-05
4.283271987088732563e-05
4.287009686000696154e-05
4.295630657384849480e-05
4.299372696099773290e-05
4.308066200590593902e-05
4.312690114852998333e-05
4.321538412320609471e-05
4.329490543345179552e-05
4.336443082362312817e-05
4.342398484389234478e-05
4.346159173550890936e-05
4.351533574772228034e-05
4.356355578137419328e-05
4.362364614045893970e-05
4.368063039060431584e-05
4.377726454757374576e-05
4.388597908916335230e-05
4.391096174431159498e-05
4.399511905467424230e-05
4.403191573507743341e-05
4.415016568906366800e-05
4.418165016666000794e-05
4.423743111152042133e-05
4.435097138119139946e-05
4.437435685323828981e-05
4.449441086773652578e-05
4.458965837160875246e-05
4.459394711881149747e-05
4.464419589846732372e-05
4.469578550766559758e-05
4.482719329040721535e-05
4.488696061904831332e-05
4.490154048946202694e-05
4.499562254781571953e-05
4.504039641209037085e-05
4.509088571125247265e-05
4.516188988119735232e-05
4.518886945925804408e-05
4.527072139502817135e-05
4.531235598169081671e-05
4.539805856174918778e-05
4.545839258273407305e-05
4.553095054688447596e-05
4.556877629767875601e-05
4.564431223459591765e-05
4.569314581762388988e-05
4.579992748440971513e-05
4.586648881488858143e-05
4.597464624659539859e-05
4.601300812769222592e-05
4.605967497735436453e-05
4.607025306504148801e-05
4.619210718017250722e-05
4.622920406037864173e-05
4.628074295852785392e-05
4.634200251022384487e-05
4.639578703984804665e-05
4.649413764358287764e-05
4.659898630937017196e-05
4.662728240123582493e-05
4.675689150312474480e-05
4.680566099724421366e-05
4.687260525349462939e-05
4.692584460282188066e-05
4.699230282637373860e-05
4.704972455376362216e-05
4.709780961768170692e-05
4.721796078954275925e-05
4.729357042566324331e-05
4.733398066299052609e-05
4.738606124781456270e-05
4.744951625543340101e-05
4.753598719418959239e-05
4.756878848020778383e-05
4.760421439976493014e-05
4.771110337616092103e-05
4.776518546857428993e-05
4.785049943907068460e-05
4.791968844507315904e-05
4.796853601591306404e-05
4.802902893355935539e-05
4.809061051964561668e-05
4.826464009378510212e-05
4.828382701311302610e-05
4.835309477889981232e-05
4.843279945553029270e-05
4.848201739783806081e-05
4.851007218436970939e-05
4.858016399642723639e-05
4.875037885232269493e-05
4.880859844517839265e-05
4.886642751375530901e-05
4.890459240941509361e-05
4.907066584694736496e-05
4.909373727280821285e-05
4.912869551091956295e-05
4.920993745748756935e-05
4.933699738936166970e-05
4.935111095492416519e-05
4.941165457491914815e-05
4.948770467498211895e-05
4.953699010390434870e-05
4.955396805058160178e-05
4.967561853625199691e-05
4.969599482652390466e-05
4.980729258135429193e-05
4.987526002080261818e-05
4.991262897278788731e-05
4.997063209251472046e-05
5.007831046750133464e-05
5.010782308707896921e-05
5.015625248459956503e-05
5.026580637559292038e-05
5.029462510100739107e-05
5.040412153455745643e-05
5.046710872578451620e-05
5.057322208055455351e-05
5.059587509989348840e-05
5.077387869947852544e-05
5.089506123923038161e-05
5.094095900933715606e-05
5.098329292821127205e-05
5.110697079736499016e-05
5.120020541045200533e-05
5.129467126173172653e-05
5.137944146745590480e-05
5.146165271843079883e-05
5.149009007642817197e-05
5.155121982053808259e-05
5.162003718386768309e-05
5.177341360894273657e-05
5.183919499413009178e-05
5.195613273720034968e-05
5.197309560688911695e-05
5.203130689382771691e-05
5.215249778976650417e-05
5.216460730197779405e-05
5.232550915076041644e-05
5.236003827050650139e-05
5.239609761531932889e-05
5.249234055917651316e-05
5.256564939132565498e-05
5.266363617506264201e-05
5.269395966578653990e-05
5.277158034405896915e-05
5.281718502550130794e-05
5.287973709954045488e-05
5.301428282498602375e-05
5.306869989044265352e-05
5.326377634028906693e-05
5.332067870936618573e-05
5.334458038913771305e-05
5.341649487001455998e-05
5.349433472969161648e-05
5.354714499000638419e-05
5.370844134658428720e-05
5.379075472006858438e-05
5.384247178680506146e-05
5.400656753364832286e-05
5.401699616505205786e-05
5.408589521618957741e-05
5.417119958162145950e-05
5.430628350680343332e-05
5.432459306092709254e-05
5.446282231666524929e-05
5.453558084118947572e-05
5.456798316001669746e-05
5.467947166484279887e-05
5.477467771333504389e-05
5.483310682340563908e-05
5.491260462197704295e-05
5.502291735502361870e-05
5.509619234864015114e-05
5.517152251391972283e-05
5.519497822200310954e-05
5.531140021762848044e-05
5.535525165917026309e-05
5.544796498878533727e-05
5.546656797879745849e-05
5.552125226514760629e-05
5.562521328318566520e-05
5.578068542815546138e-05
5.579250235855808308e-05
5.588706436720816662e-05
5.598071959315988961e-05
5.610464640312981766e-05
5.617752754216162126e-05
5.621558792361760944e-05
5.629023250564472661e-05
5.646562175216170745e-05
5.649130091971169351e-05
5.667489366494425792e-05
5.673413951300907847e-05
5.677335005775589440e-05
5.680551690027298015e-05
5.690879591661719109e-05
5.702677283986783217e-05
5.711399837470097237e-05
5.726091579280359432e-05
5.732610688841021838e-05
5.740655954568323066e-05
5.742643694254520375e-05
5.750459734485828035e-05
5.766145947409570229e-05
5.773299016068951284e-05
5.785462411578772235e-05
5.786757654829670101e-05
5.795417544528872351e-05
5.803925225138504066e-05
5.814044653346806787e-05
5.826127753306385568e-05
5.830904124254954369e-05
5.841134733190254491e-05
5.846071092798603566e-05
5.854810216870084993e-05
5.865183798895514137e-05
5.873468094307916228e-05
5.883059749186833663e-05
5.893653391054357000e-05
5.907588387226496250e-05
5.910537850423513371e-05
5.926813344140585644e-05
5.932762326660559937e-05
5.946540570216194977e-05
5.960662995514536509e-05
5.967661013935184576e-05
5.974786439010569864e-05
5.978214821992831283e-05
5.983194305784857913e-05
5.998904851289159796e-05
6.004700349649758225e-05
6.015128066133476988e-05
6.036472311406645535e-05
6.043634896220392968e-05
6.048450148132697652e-05
6.061453769722264970e-05
6.071015661910589490e-05
6.075932750661672125e-05
6.082063126199682126e-05
6.091792969893882582e-05
6.102532173466129837e-05
6.110054442024145385e-05
6.115504651502033054e-05
6.127859397254762492e-05
6.138637013253966023e-05
6.149724587094232355e-05
6.159157862999165901e-05
6.163838564874653389e-05
6.171170537303369730e-05
6.180724676529627962e-05
6.182424226117841305e-05
6.209907164064766788e-05
6.218027842695463263e-05
6.225718867858112454e-05
6.237940933058219966e-05
6.247472945972715858e-05
6.256238789726613488e-05
6.263687792064716482e-05
6.277874601113191198e-05
6.285480779552588253e-05
6.301403170013843516e-05
6.307449670904225045e-05
6.312383218858037403e-05
6.319507309374587992e-05
6.333017240684234779e-05
6.339061057627508777e-05
6.352014856249805282e-05
6.360788195455774157e-05
6.365648575526129313e-05
6.373531807882131027e-05
6.388406149637931885e-05
6.400513527837462413e-05
6.404185300594611603e-05
6.421664275182662623e-05
6.424730667224125475e-05
6.432349663962222300e-05
6.443370282443916150e-05
6.457834778979548859e-05
6.468007183530517128e-05
6.477897630524214476e-05
6.493038124466375812e-05
6.500040959284474290e-05
6.524867468873330411e-05
6.538172097907947401e-05
6.541574975286315661e-05
6.547720616514994421e-05
6.567545400242125295e-05
6.576523577006211554e-05
6.584930191570783340e-05
6.589419309075421783e-05
6.593408182388723411e-05
6.612092036452249283e-05
6.620896460497246322e-05
6.625167901840520992e-05
6.635218955443073635e-05
6.645718381257342919e-05
6.660584163700823180e-05
6.674151173618981733e-05
6.697277994743879568e-05
6.700807100045901769e-05
6.709413369317806109e-05
6.718414012174496247e-05
6.731104875694686430e-05
6.737596663188126641e-05
6.745371263829750045e-05
6.759617926004813835e-05
6.766132238905173536e-05
6.785061336522831411e-05
6.803020523918007294e-05
6.808812687287130172e-05
6.827136709287447386e-05
6.835419885715862112e-05
6.837781475126822838e-05
6.851123787179175771e-05
6.854215261836257736e-05
6.873899080604231886e-05
6.881146466438433761e-05
6.900611919325874775e-05
6.909150990865717463e-05
6.920875731608066065e-05
6.931128143048151337e-05
6.956176268600586981e-05
6.968907699118595848e-05
6.976088703467206984e-05
6.988808548595973390e-05
7.000748064358556946e-05
7.011439263544442082e-05
7.020899613120806717e-05
7.031354329573975229e-05
7.033216174353889465e-05
7.046189581315308293e-05
7.055606954610909925e-05
7.070445916257468081e-05
7.074828724024230075e-05
7.097975744664454902e-05
7.101323614978011592e-05
7.119128022485445972e-05
7.127610353966933770e-05
7.137565569209621344e-05
7.151640566045407827e-05
7.157319673100510373e-05
7.182499193474885322e-05
7.183641849115373983e-05
7.206323327465078050e-05
7.214539807462168157e-05
7.224243862618897629e-05
7.238787060821346114e-05
7.241000100186042554e-05
7.262345031997020938e-05
7.274687158801719771e-05
7.284711479198412100e-05
7.293050369239604148e-05
7.304512923519000298e-05
7.315838362771242154e-05
7.338234354618335955e-05
7.348236863622093992e-05
7.350673380135738918e-05
7.372386831982642697e-05
7.382833696768698777e-05
7.389984405919908575e-05
7.402626840922937120e-05
7.407399448650836863e-05
7.425176313944861122e-05
7.439018392437849185e-05
7.447246525415647761e-05
7.453289725149064588e-05
7.472464606982768035e-05
7.477282592182312923e-05
7.498759439693235512e-05
7.505964480590361838e-05
7.536810315852863573e-05
7.538984424858822695e-05
7.546860194262064296e-05
7.564205362911353861e-05
7.577001644099057873e-05
7.592254604522685269e-05
7.602924612042066116e-05
7.611190211502881335e-05
7.624599764504537771e-05
7.626216571003692902e-05
7.650756502829660272e-05
7.659861246442661485e-05
7.684020318127271281e-05
7.688635128443708122e-05
7.704478426198611244e-05
7.735213785925473362e-05
7.748990474364663577e-05
7.754942110190433566e-05
7.778126887418578027e-05
7.781497359678981489e-05
7.809914260032970953e-05
7.826523868137231154e-05
7.841057212169507459e-05
7.850003483131743362e-05
7.861090117868325283e-05
7.879212625002852553e-05
7.900433518707532493e-05
7.907374466817080217e-05
7.917984952239922637e-05
7.932577174898739218e-05
7.950535083356825676e-05
7.966977886637421338e-05
7.976059033863959404e-05
7.987589668127216493e-05
8.005852403706287355e-05
8.012849478409554704e-05
8.029464477273021660e-05
8.043352516862493050e-05
8.046887595845785761e-05
8.066054689228718388e-05
8.081803906934324441e-05
8.093219347888710373e-05
8.105098802510706034e-05
8.125197836191323829e-05
8.130718621609950574e-05
8.147614944105522402e-05
8.169207590030293231e-05
8.186449981645904151e-05
8.215265384626462919e-05
8.244651001351162376e-05
8.246756199892024209e-05
8.255299982826333190e-05
8.272511310115580592e-05
8.287840054974669279e-05
8.307490888012877589e-05
8.326655261837231231e-05
8.337291339636811714e-05
8.346414936201972687e-05
8.353251696666766119e-05
8.375769741820767551e-05
8.386086977710484520e-05
8.398390843352889358e-05
8.408869037170278325e-05
8.435086792680569247e-05
8.448040807331375123e-05
8.464895232836622437e-05
8.480498351433731017e-05
8.494460219420108557e-05
8.518431574759213775e-05
8.530840589867279028e-05
8.535065506655425125e-05
8.548749040444512395e-05
8.567310068405496997e-05
8.579688329103432576e-05
8.593891635568766277e-05
8.618737561039039945e-05
8.648057107344294108e-05
8.661026860978187725e-05
8.679373213582769247e-05
8.701692121693500512e-05
8.715635614772620945e-05
8.735601050878407780e-05
8.750388402559563866e-05
8.759350375775630721e-05
8.784609263724468939e-05
8.801583487016143752e-05
8.815953458310603406e-05
8.842347584032274170e-05
8.850251239745999317e-05
8.860061415928083067e-05
8.870933608382111299e-05
8.880732241476927227e-05
8.914285912428944502e-05
8.932523214374845451e-05
8.950583354046107772e-05
8.967662157891816480e-05
8.991884024182478241e-05
9.002417864662748382e-05
9.017551011263291684e-05
9.037233556062355326e-05
9.074699283273508039e-05
9.082010362027039213e-05
9.106036120306173576e-05
9.125901852026224324e-05
9.136093594814916259e-05
9.151734247341059057e-05
9.186014972883480424e-05
9.196253785906540303e-05
9.209302218396550783e-05
9.216718968924482143e-05
9.249052175149115004e-05
9.275467192101630360e-05
9.303860917061918001e-05
9.315198109239053198e-05
9.324560859193206403e-05
9.371585472139166506e-05
9.376383168092730939e-05
9.379195596432034188e-05
9.415035784652930288e-05
9.436706888350758081e-05
9.471347158301379515e-05
9.475064060394572970e-05
9.517145590399259125e-05
9.551045486841375351e-05
9.559622886441945171e-05
9.589262808954109355e-05
9.599156777310980087e-05
9.635621842434273737e-05
9.663495193296486483e-05
9.680363790237138898e-05
9.695232392256592413e-05
9.713403960174314471e-05
9.748313276103781481e-05
9.762625196827610832e-05
9.783398528808520689e-05
9.813140558356355978e-05
9.831353285764578970e-05
9.875802866339620633e-05
9.908038014770832215e-05
9.925624691661120763e-05
9.944104917407210742e-05
9.967868335063851618e-05
9.991545775683815308e-05
1.001338572799171105e-04
1.003799465380942105e-04
1.005557879389322559e-04
1.009571838742212579e-04
1.011234577762250086e-04
1.014180338808944249e-04
1.018088869660016473e-04
1.019330750871121478e-04
1.020637820240029970e-04
1.023943218912768262e-04
1.025820246674384085e-04
1.028841793943248070e-04
1.030567183005143213e-04
1.032544330923665870e-04
1.038879220909163614e-04
1.042904416105343746e-04
1.044338742294153080e-04
1.046592010135347312e-04
1.048444707774554859e-04
1.052909938681608149e-04
1.055022146506836282e-04
1.055299362015528714e-04
1.063480160021228638e-04
1.065928655267516683e-04
1.068870224729015186e-04
1.070425357414587196e-04
1.074833772536350700e-04
1.079181190402388402e-04
1.085018557069798939e-04
1.085681337443989596e-04
1.090912531873014632e-04
1.092825303100631034e-04
1.094045444950642417e-04
1.097426558793434788e-04
1.104923608436124351e-04
1.109914046239274845e-04
1.113170635059496902e-04
1.116397646498522859e-04
1.119823105084849176e-04
1.121792910641935105e-04
1.123622767083650082e-04
1.130900731735475873e-04
1.133275879083320509e-04
1.134690353879706375e-04
1.139970654117245934e-04
1.145124824785844598e-04
1.147078576643297454e-04
1.148816744566642919e-04
1.153069863301048542e-04
1.153784626503196852e-04
1.159023248361473767e-04
1.166050664986209128e-04
1.173260598066349264e-04
1.176350941786629637e-04
1.177006802039013572e-04
1.181225210733730942e-04
1.185789483394341103e-04
1.190083158184092354e-04
1.193838440156965851e-04
1.202126678215979826e-04
1.209475836163871300e-04
1.212173846977396079e-04
1.217418668035377319e-04
1.220711246754817888e-04
1.226090662532513978e-04
1.233567437857200559e-04
1.239272499021232135e-04
1.245059946885603203e-04
1.249822123263749239e-04
1.251424977082580051e-04
1.253561482145825314e-04
1.261642098448185578e-04
1.267803779442737259e-04
1.269731791847120497e-04
1.280523995569116450e-04
1.286877286979360813e-04
1.293393186611105632e-04
1.296211388609735937e-04
1.305757424985035066e-04
1.317701709860044559e-04
1.324444183073454487e-04
1.328044773759210037e-04
1.333255876364816586e-04
1.334376631642892740e-04
1.339794806347412886e-04
1.353061545162224575e-04
1.355786531694560984e-04
1.362444291320873059e-04
1.373897892914999652e-04
1.383688398547014507e-04
1.386688608420658651e-04
1.398723409321146033e-04
1.404856225994379414e-04
1.408892140346746670e-04
1.415176115774073357e-04
1.448820628302157070e-04
1.467928434211079110e-04
1.470458850466361297e-04
1.488225395789598336e-04
1.529310682491467075e-04
2.687937330525864326e-04
