-2.238392341448677429e-05
-2.208716915802547471e-05
-2.176772769782027938e-05
-2.136644044589724778e-05
-2.101144768792222151e-05
-2.097960993319270104e-05
-2.033146375897272427e-05
-2.013713392374912208e-05
-2.000301518565367320e-05
-1.978423954086553564e-05
-1.960554360468082046e-05
-1.925808576875911044e-05
-1.923203287936258452e-05
-1.918506168562772273e-05
-1.896475386636239482e-05
-1.885464874787696855e-05
-1.844777167649600636e-05
-1.836579893736061268e-05
-1.827832751370486709e-05
-1.819186826567790145e-05
-1.797500891695195789e-05
-1.794713572998856790e-05
-1.772834214619230226e-05
-1.769514783427579549e-05
-1.752001697041857521e-05
-1.733926020978373769e-05
-1.731180671990407502e-05
-1.704736435183515543e-05
-1.692698521815019615e-05
-1.678085391239376214e-05
-1.673911244185893808e-05
-1.659795004770882502e-05
-1.645773824845733239e-05
-1.636880509937009226e-05
-1.624941335693189080e-05
-1.609548265276437487e-05
-1.596148550990235716e-05
-1.585202365694650877e-05
-1.582571963951127304e-05
-1.576149264951628491e-05
-1.563356266652469160e-05
-1.532289997882640769e-05
-1.527275686880021356e-05
-1.510086698199623959e-05
-1.504886145357655062e-05
-1.501603074505455986e-05
-1.479219087135645522e-05
-1.475494897906734322e-05
-1.472212253778250000e-05
-1.460012589834107975e-05
-1.449688699012405103e-05
-1.437789606607113207e-05
-1.434389897969813706e-05
-1.419432522868963837e-05
-1.413002919006223959e-05
-1.405304995054611273e-05
-1.389677069775380383e-05
-1.379730322513730930e-05
-1.370403998328183527e-05
-1.367939150377632014e-05
-1.365865922609060319e-05
-1.348206689426823207e-05
-1.347466356421136214e-05
-1.336522195902199670e-05
-1.313746215363174283e-05
-1.310087984508939231e-05
-1.303874855215515794e-05
-1.296928814747075376e-05
-1.293166195485368560e-05
-1.282934981744273217e-05
-1.274486863202832423e-05
-1.269819447198404792e-05
-1.264972660774756740e-05
-1.249685046478588440e-05
-1.248063539927836273e-05
-1.236997380434660969e-05
-1.229692502974917354e-05
-1.225451934250110238e-05
-1.218289777258962030e-05
-1.201774137593157615e-05
-1.192030627300194079e-05
-1.185401334436026984e-05
-1.173924702982133440e-05
-1.171028690802606731e-05
-1.161042873013237989e-05
-1.157827066228366228e-05
-1.155693632593616008e-05
-1.145791760872910176e-05
-1.131750107836027228e-05
-1.129866177023553694e-05
-1.126783284165513504e-05
-1.116865514305766507e-05
-1.114507014073060311e-05
-1.106035229548105571e-05
-1.098467370807743233e-05
-1.089054578893071708e-05
-1.082853206995406142e-05
-1.075999887040867627e-05
-1.074799771854352223e-05
-1.057513760730523121e-05
-1.052193747103848757e-05
-1.045788410778002281e-05
-1.042717929021064008e-05
-1.034991458326102153e-05
-1.029231233862318351e-05
-1.023053762829997105e-05
-1.011714510551006600e-05
-1.008465014078448397e-05
-1.006613232325785346e-05
-9.960185545751683639e-06
-9.911323404570647857e-06
-9.837639097584699536e-06
-9.792664482733773605e-06
-9.761603264799377009e-06
-9.745363359962045275e-06
-9.636327673205323619e-06
-9.573207147161057252e-06
-9.503790783620453842e-06
-9.486390173474270858e-06
-9.404013695617732978e-06
-9.375870266634019214e-06
-9.296041930886536736e-06
-9.259124199026157445e-06
-9.182042564140105345e-06
-9.161624728713558768e-06
-9.062340411067153394e-06
-9.039576247003081237e-06
-8.993784475350939182e-06
-8.972586071608740820e-06
-8.921097177571250290e-06
-8.811282996295967255e-06
-8.725210931373938647e-06
-8.646605788901353773e-06
-8.614387259251853074e-06
-8.548675515931735612e-06
-8.516670487876188995e-06
-8.463893088578903709e-06
-8.441849234363203372e-06
-8.390371581008256342e-06
-8.287633620865909553e-06
-8.249353792243985557e-06
-8.245012689091325839e-06
-8.168259278592377663e-06
-8.118433209649606228e-06
-8.105709485418380653e-06
-7.991573959053938151e-06
-7.948675871873778066e-06
-7.883180556182698605e-06
-7.856302695367750995e-06
-7.809813786800820517e-06
-7.776276120381779106e-06
-7.740503875914646104e-06
-7.705281684072687068e-06
-7.647799396680581441e-06
-7.570330774071760845e-06
-7.556611934461317100e-06
-7.547160454834086304e-06
-7.455687260309451192e-06
-7.450735633397643495e-06
-7.435902608993220210e-06
-7.340465111351611455e-06
-7.268491583996137444e-06
-7.267574806939334945e-06
-7.206688737730962413e-06
-7.161695866671168167e-06
-7.144199581606435142e-06
-7.109228860034875444e-06
-7.070173882917964757e-06
-6.968826782270660108e-06
-6.882374559810358214e-06
-6.827449077748728945e-06
-6.750019387320355360e-06
-6.712728791735974280e-06
-6.679350440183269719e-06
-6.624888252779883601e-06
-6.583390373603005357e-06
-6.548215397519725963e-06
-6.536590316578092619e-06
-6.503531020624114996e-06
-6.442313005634756945e-06
-6.393004485607768687e-06
-6.331148683494055608e-06
-6.327002337793981636e-06
-6.309224432353084190e-06
-6.240841562471502822e-06
-6.181145954911680657e-06
-6.103458165487845934e-06
-6.034016936552067890e-06
-6.007701811080271613e-06
-5.966906608856687253e-06
-5.957783606509543662e-06
-5.905471227380365608e-06
-5.857447042787632426e-06
-5.813965077679195059e-06
-5.788386720246226158e-06
-5.771257170003594360e-06
-5.694269867875294111e-06
-5.677563388352403221e-06
-5.636025215478380072e-06
-5.619898477271492329e-06
-5.561765447512665388e-06
-5.535276175423272363e-06
-5.456693032156290199e-06
-5.403755559351841478e-06
-5.366985295465616708e-06
-5.328631254100715797e-06
-5.304441654645263024e-06
-5.278006685448905985e-06
-5.255237592851637511e-06
-5.241094578397582144e-06
-5.083321046304069160e-06
-5.071338265866601361e-06
-5.045071189477647573e-06
-5.029004583802923543e-06
-5.012332503998173395e-06
-4.965832670742409226e-06
-4.926181706432125582e-06
-4.897877850981337702e-06
-4.854335659787761942e-06
-4.789033528791124414e-06
-4.753617623342291710e-06
-4.719663098854643187e-06
-4.687542969351979382e-06
-4.683715326344731875e-06
-4.656194522381185815e-06
-4.609354498890731565e-06
-4.581989054447419557e-06
-4.552142610263004778e-06
-4.498568263029194870e-06
-4.451442740135609858e-06
-4.443391879549883168e-06
-4.384425136990524164e-06
-4.353708153590252113e-06
-4.295805056074425546e-06
-4.266697631107531401e-06
-4.223721111001710932e-06
-4.217219102480371957e-06
-4.191870591138315598e-06
-4.130527302676911279e-06
-4.112672933139908236e-06
-4.088143332540321405e-06
-4.051284362548705712e-06
-4.002097232051891244e-06
-3.936273550248501562e-06
-3.927769372169937014e-06
-3.888978093845169049e-06
-3.812244380091001993e-06
-3.798454355799258434e-06
-3.760727745536623330e-06
-3.726497970060622431e-06
-3.713438570786649489e-06
-3.675650116236898716e-06
-3.644917000218619495e-06
-3.636839877260858385e-06
-3.568166803418144966e-06
-3.541110650775725642e-06
-3.502667885943411970e-06
-3.473782981369536846e-06
-3.433708228130319021e-06
-3.429169681075624533e-06
-3.401011118068501266e-06
-3.376458468620566296e-06
-3.351038855577278150e-06
-3.330347708221442746e-06
-3.294947937667030963e-06
-3.214640126592117295e-06
-3.178278420963462908e-06
-3.166407650951557118e-06
-3.124074917314271925e-06
-3.105712466523715687e-06
-3.066934600360247306e-06
-3.040357275006718940e-06
-2.997820474454172143e-06
-2.975276389689164986e-06
-2.932114090072624104e-06
-2.912845717919874831e-06
-2.883297887257227444e-06
-2.865538470508864285e-06
-2.842903064607381515e-06
-2.821329073559555363e-06
-2.764744377470784633e-06
-2.740790150604118015e-06
-2.683562104968073306e-06
-2.666475902886478262e-06
-2.635408025687040277e-06
-2.602014128958287161e-06
-2.556740856650422616e-06
-2.548599162518214514e-06
-2.476517792104628561e-06
-2.457280867420021523e-06
-2.446460022255892284e-06
-2.409494770202555068e-06
-2.365104594055210413e-06
-2.338094752642134116e-06
-2.329706122381066871e-06
-2.287388430818557466e-06
-2.271164822383222731e-06
-2.222572939033333602e-06
-2.211303763598806660e-06
-2.154855518087633719e-06
-2.135493146159801286e-06
-2.121472655597690535e-06
-2.100104989606541881e-06
-2.075108904279352259e-06
-2.067946264492347892e-06
-2.036287387049573426e-06
-1.957374594550389779e-06
-1.950363633819308393e-06
-1.925912934525787411e-06
-1.900776677454363793e-06
-1.851748588450059159e-06
-1.841905754914008276e-06
-1.804230303628352060e-06
-1.766093667664388419e-06
-1.718544186830827645e-06
-1.696626010313571066e-06
-1.669118013767272776e-06
-1.651355662936877810e-06
-1.641858822886705457e-06
-1.618845929633980573e-06
-1.599271633688135490e-06
-1.561425646060514636e-06
-1.541755053849311794e-06
-1.529515170273483966e-06
-1.488115314938502403e-06
-1.473864222027102096e-06
-1.460535023512400219e-06
-1.409347498904090285e-06
-1.401738603639101835e-06
-1.393795887503182579e-06
-1.331808858412388207e-06
-1.321906785674380680e-06
-1.305619746302656194e-06
-1.261414123636349798e-06
-1.237747463229815217e-06
-1.215976796143548564e-06
-1.203475710930776107e-06
-1.200284820042313703e-06
-1.152188481499005947e-06
-1.126313318864741810e-06
-1.074314297560494313e-06
-1.060188414514881613e-06
-1.055250027806580951e-06
-1.022164268281165506e-06
-1.006203942030281325e-06
-9.734202581674839042e-07
-9.556307040794815493e-07
-9.320285587049999998e-07
-8.968594947493526473e-07
-8.806803719622054377e-07
-8.589401906857037053e-07
-8.316833401711853976e-07
-8.239418034943443964e-07
-8.091563930243648158e-07
-7.413687053589819745e-07
-7.275597214288839412e-07
-6.984113560472669404e-07
-6.653633625899728373e-07
-6.427571697509518499e-07
-6.410544234537658632e-07
-6.086145622928428745e-07
-6.024652198504480672e-07
-5.710266617119741358e-07
-5.403660589832883163e-07
-5.288622044260526359e-07
-5.249387981956626734e-07
-4.766446474663760570e-07
-4.579050909291224360e-07
-4.373465485087089896e-07
-3.999628682314845923e-07
-3.830620152139456935e-07
-3.621316671417355975e-07
-3.340439789283131399e-07
-3.250734020396044988e-07
-3.020714131130245243e-07
-2.706421769012238907e-07
-2.371848166495665222e-07
-2.096569301282683368e-07
-1.699519616366116225e-07
-1.604671259115642652e-07
-1.499156357945812823e-07
-1.067252458172487805e-07
-8.606192491886116473e-08
-7.023465237222717433e-08
-4.267734786854859033e-08
-3.577803256502168010e-08
-2.582341840613385862e-08
0.000000000000000000e+00
1.993265904793184520e-08
4.385520121183568656e-08
6.473956852729294255e-08
9.219343710475638360e-08
1.055178693465255795e-07
1.314440585387334099e-07
1.584442494727899311e-07
1.875724618409627767e-07
2.002094973770467829e-07
2.104574055204996582e-07
2.267957365579449798e-07
2.560464153909035729e-07
2.789853923548312591e-07
3.082219212231080251e-07
3.187550883813574198e-07
3.697541728036364636e-07
3.882703955135040616e-07
4.030800618992617828e-07
4.452686345308782016e-07
4.633906864552813962e-07
4.897756624246407734e-07
5.097710599576075082e-07
5.105474987823437231e-07
5.263489505343002844e-07
5.935752182691282181e-07
6.002944240521875971e-07
6.520583561789814456e-07
6.683417674547640669e-07
6.770292919808449794e-07
6.917342945978624032e-07
7.076362724899047771e-07
7.389384225149433749e-07
7.558725219907553713e-07
7.902895233941716340e-07
8.207442504346829495e-07
8.498875654600645725e-07
8.707272812837831944e-07
9.179776046566907828e-07
9.556352985145157009e-07
9.712433868475256634e-07
9.890731113650379121e-07
9.938953360113880882e-07
1.029678861846955805e-06
1.061648293681776908e-06
1.070134154292772857e-06
1.110685254148356647e-06
1.126812046570732944e-06
1.145056579802174283e-06
1.167745420363630470e-06
1.178357517485238246e-06
1.203328178554064710e-06
1.227577443221223539e-06
1.260956602814726467e-06
1.265600163689759112e-06
1.293453562699922047e-06
1.320553752390894543e-06
1.347421253234489766e-06
1.374391247227996108e-06
1.398586024213175702e-06
1.441060376046002044e-06
1.492780036209154168e-06
1.509336688488563725e-06
1.517716352544452783e-06
1.549326297687180391e-06
1.564796337739593154e-06
1.601957195047306494e-06
1.626165474493822858e-06
1.651142922424114703e-06
1.686977352571983679e-06
1.695029517325093045e-06
1.703583676374152405e-06
1.734043733816161743e-06
1.745460614034751344e-06
1.769233715374670357e-06
1.808675991572662865e-06
1.846111556884880270e-06
1.873878749320002334e-06
1.887260142703738013e-06
1.915451682830276918e-06
1.958241418369538293e-06
1.986989299512807754e-06
2.026587534018315491e-06
2.048161544926664613e-06
2.109109197587761737e-06
2.138095219679937523e-06
2.177247033748445434e-06
2.192512830792331909e-06
2.224468205337540737e-06
2.234373397602652193e-06
2.259458876759201596e-06
2.292597973863178276e-06
2.303446322176265804e-06
2.341366051833495590e-06
2.386751959994185937e-06
2.394400474859053747e-06
2.425745419003926029e-06
2.452444581374875875e-06
2.475705188141148769e-06
2.516881241994090596e-06
2.549654962455907243e-06
2.570545447771979052e-06
2.603785698048794136e-06
2.607724684456263407e-06
2.651048181862989650e-06
2.669674662112171541e-06
2.672861866348071897e-06
2.741441384838437158e-06
2.766417650846942067e-06
2.807719628145163102e-06
2.835991769892673343e-06
2.863429088958372926e-06
2.893488472639390887e-06
2.933731796156217972e-06
2.993417571808447953e-06
3.019150308050165088e-06
3.040004311157570341e-06
3.091452710846635843e-06
3.093002762128283493e-06
3.104663515104020729e-06
3.188268928268688145e-06
3.205403095518770146e-06
3.233629048983886968e-06
3.260794250394217474e-06
3.274732497153923887e-06
3.286988739725186364e-06
3.322833681616365410e-06
3.370995916512988569e-06
3.428909305700370129e-06
3.464337391625870338e-06
3.476394007496833786e-06
3.527545419831673498e-06
3.565453629364453107e-06
3.623568529613400507e-06
3.659612428715847295e-06
3.697447578755356415e-06
3.704528289880055672e-06
3.742565940444162555e-06
3.797614503878742108e-06
3.837178425004798717e-06
3.846973599407339225e-06
3.867262400976038810e-06
3.938586546111373798e-06
3.968456977471649432e-06
4.005513372437039178e-06
4.033307048592184597e-06
4.080925639815604330e-06
4.114042131416473778e-06
4.136610362446878937e-06
4.156272601260217361e-06
4.219271505633025694e-06
4.243801158517613465e-06
4.268524997060355145e-06
4.323919606519246002e-06
4.351743127732423927e-06
4.402353899980011336e-06
4.425061879293475410e-06
4.473982736592135233e-06
4.477859052744436980e-06
4.499747163852594110e-06
4.575821523277020988e-06
4.583953002395892241e-06
4.596241727741861518e-06
4.655350481496294157e-06
4.668547414912576894e-06
4.707692718209121314e-06
4.722852859438240782e-06
4.782782713747972918e-06
4.818528044628374132e-06
4.862337424726659648e-06
4.887407507756778427e-06
4.921908946823307866e-06
4.963437177748085375e-06
5.003267581633495148e-06
5.052505546699506820e-06
5.057511233808594435e-06
5.140099472260155919e-06
5.156711107606784608e-06
5.180479500958824736e-06
5.193283490948892829e-06
5.274370327198595657e-06
5.330846165251434450e-06
5.361870197202664977e-06
5.367839164148699030e-06
5.444062422906205349e-06
5.489679680295429969e-06
5.533191454426020665e-06
5.546292882323150654e-06
5.621940593097787084e-06
5.652479445805912423e-06
5.691708036274974846e-06
5.732225042163750884e-06
5.760315210178704942e-06
5.780848256089764654e-06
5.835993077768174908e-06
5.874220791821913495e-06
5.900878395182097887e-06
5.936266097731673380e-06
5.972039407826746580e-06
6.019970081225924183e-06
6.047571585052904057e-06
6.109270505623444357e-06
6.169815434430124675e-06
6.186877683757505425e-06
6.236684586628888643e-06
6.284089401143136381e-06
6.352210940257400836e-06
6.415992663729935115e-06
6.434117976219846484e-06
6.453211698784755040e-06
6.467291990417687891e-06
6.533112215413757934e-06
6.582071417539151739e-06
6.633092642924328365e-06
6.667233379170561461e-06
6.703566957167487172e-06
6.730071619614175770e-06
6.802611468660485359e-06
6.829136983385829840e-06
6.889619376526471688e-06
6.902869952060675367e-06
7.030921777839200013e-06
7.068362702939553899e-06
7.139813415090532450e-06
7.164100176751936080e-06
7.212758002939824255e-06
7.262380805678102238e-06
7.288559356123130988e-06
7.330321710350288059e-06
7.336854515220539715e-06
7.394637552709559665e-06
7.473627545449229194e-06
7.497813990361350771e-06
7.604260917447626186e-06
7.641225906596867224e-06
7.681359468022949284e-06
7.698719421033254213e-06
7.750745149950249367e-06
7.833151179911247212e-06
7.898708136875043633e-06
7.915932847960489757e-06
7.969623531413802509e-06
8.039754336566013709e-06
8.107907868362175269e-06
8.180940776523120344e-06
8.241562426727402959e-06
8.263100810870126350e-06
8.290155365011773363e-06
8.362772021456387115e-06
8.391285928576093590e-06
8.467431150151918901e-06
8.487260252391128746e-06
8.515443273734018832e-06
8.629729040511172560e-06
8.645546950572404447e-06
8.709799298188714513e-06
8.733475869308458833e-06
8.758777559516624364e-06
8.849461310897628112e-06
8.922590752018567215e-06
8.954097115123515376e-06
9.061834955453504890e-06
9.082436373933046791e-06
9.127281093304832516e-06
9.199317375140677122e-06
9.211452456300258922e-06
9.337509716134726574e-06
9.369940223618123743e-06
9.473576824068220053e-06
9.558098078283644263e-06
9.600708782112855416e-06
9.623898262167324721e-06
9.657172297956917087e-06
9.693696172600448234e-06
9.837270292843756673e-06
9.883606845045983581e-06
9.891413678853126215e-06
9.989867576739501235e-06
1.006899924672802279e-05
1.011203228322234384e-05
1.017250203673270022e-05
1.024975648163534215e-05
1.025758888078650414e-05
1.038683881114331680e-05
1.044908113799834449e-05
1.050838634974731470e-05
1.055549861692469745e-05
1.061343797709528179e-05
1.069881722974951286e-05
1.075407898074662277e-05
1.078459213119704145e-05
1.090307442793038728e-05
1.098316101632479158e-05
1.107424775639129090e-05
1.114533353562897875e-05
1.114988309273599269e-05
1.123781786695357912e-05
1.130508658266942560e-05
1.135144563546129236e-05
1.141494551301715242e-05
1.150308028388176784e-05
1.157121834407215695e-05
1.161011629564945356e-05
1.165257849376490956e-05
1.174909950530488198e-05
1.183486703312561088e-05
1.185832516275938456e-05
1.197248592379416116e-05
1.201866707901703756e-05
1.203653013149707706e-05
1.220765570599745220e-05
1.231566513032253153e-05
1.246402827836860745e-05
1.252580691605021772e-05
1.255212721101000705e-05
1.262679741052480350e-05
1.276079332985210468e-05
1.279135680350555601e-05
1.287531594534883689e-05
1.296801932125130988e-05
1.300415991929727968e-05
1.310472091026865081e-05
1.315181997260455541e-05
1.325259870049450452e-05
1.333263457040221517e-05
1.349086591753811898e-05
1.354701262362722684e-05
1.360215714716695576e-05
1.365022099567344139e-05
1.371871363655235311e-05
1.380484479360370888e-05
1.394529393871923002e-05
1.399686901658384121e-05
1.407240629817622342e-05
1.423543608964765584e-05
1.432116487930475098e-05
1.442864542363514547e-05
1.446717678643408281e-05
1.467008319204140929e-05
1.468547111969499582e-05
1.479667643945903925e-05
1.494018753538916580e-05
1.497549050756486806e-05
1.514552565267123165e-05
1.523564008110232698e-05
1.539649846850841612e-05
1.548080628152690309e-05
1.555181773963593454e-05
1.558395851722086932e-05
1.575014807768860306e-05
1.587749933454786551e-05
1.596594970497010915e-05
1.614222883497115673e-05
1.623370795329012281e-05
1.629011022247644176e-05
1.634366506132595278e-05
1.657991601777589853e-05
1.677767240463971798e-05
1.684420481026415305e-05
1.692440092401043425e-05
1.718886658028077890e-05
1.728424554440878962e-05
1.739019864765707800e-05
1.756084331861577715e-05
1.772722573903964851e-05
1.787310034596391916e-05
1.792963875097849881e-05
1.813983122483507043e-05
1.825877916673544527e-05
1.841654222992234388e-05
1.863621227410054517e-05
1.872426281288387784e-05
1.885573216944851142e-05
1.897978911943423141e-05
1.915779244333026110e-05
1.931507282590763132e-05
1.954638014219586443e-05
1.975915949005836212e-05
1.978507092343683625e-05
2.003831780075528260e-05
2.048441665642806100e-05
2.073878577704009509e-05
2.086404222942387840e-05
2.108150080580016740e-05
2.136676587613118636e-05
2.145828568820682574e-05
2.172246370067301596e-05
2.194130879330108159e-05
