-6.931338771829524944e-06
-6.741788714547156934e-06
-6.364235604005612406e-06
-5.974202002022217433e-06
-5.914152090128215920e-06
-5.797656962495568418e-06
-5.764802160901811049e-06
-5.438510335547359900e-06
-5.367190737335421454e-06
-5.325193018410193641e-06
-5.189246520346117559e-06
-5.050269016188730801e-06
-4.936664005353538289e-06
-4.850036121458071390e-06
-4.755014556406725815e-06
-4.674479864072969879e-06
-4.615915701853701875e-06
-4.569278402402062642e-06
-4.525582087279047649e-06
-4.422573607821934822e-06
-4.328996311036131286e-06
-4.259332981480372844e-06
-4.215005565765404436e-06
-4.063489521588616465e-06
-4.016068025820525817e-06
-3.921296626545429381e-06
-3.895765455666672297e-06
-3.860865198952236054e-06
-3.785636610916107472e-06
-3.697352727028839457e-06
-3.627349465360125538e-06
-3.613082829222967073e-06
-3.499335345019184762e-06
-3.466154291024249124e-06
-3.364561399086472527e-06
-3.306286094811569968e-06
-3.280555162785021416e-06
-3.204589520626402341e-06
-3.131942897487401498e-06
-3.069188198138804081e-06
-3.048166706625203514e-06
-2.997845647867768743e-06
-2.923114529857473997e-06
-2.875360289821450305e-06
-2.806089121254074246e-06
-2.762171041304391330e-06
-2.741067294441060694e-06
-2.699944715978929397e-06
-2.578046899489928629e-06
-2.534869093769737040e-06
-2.530395373192145187e-06
-2.491424674310941049e-06
-2.374396583005136486e-06
-2.346973980551383922e-06
-2.307503720586119143e-06
-2.229787503741770792e-06
-2.184585983899870323e-06
-2.136757565265159573e-06
-2.115060712371188132e-06
-2.081087593216187438e-06
-2.066771007956859051e-06
-2.011527419275163492e-06
-1.977312419142780058e-06
-1.924409166909887613e-06
-1.850036867993755020e-06
-1.800673182064195243e-06
-1.748873328456111484e-06
-1.705799341484983835e-06
-1.635861096835872432e-06
-1.612157905054634765e-06
-1.579209986915754920e-06
-1.557349329950929380e-06
-1.527298505063734307e-06
-1.480302342594259747e-06
-1.444204443523764939e-06
-1.404308607358709807e-06
-1.333450950200647253e-06
-1.320782179718946281e-06
-1.286284804736331681e-06
-1.202954332073880013e-06
-1.176211427504676110e-06
-1.146386210955025942e-06
-1.117187711469611658e-06
-1.068563490644586079e-06
-1.035520293822047912e-06
-1.025108574088511463e-06
-9.640175260973025372e-07
-9.396300180140165056e-07
-9.197759401590420140e-07
-8.754596297411539444e-07
-8.466467861327128729e-07
-8.320752407655848150e-07
-7.861807189492586274e-07
-7.353919018717019710e-07
-7.012057250436159176e-07
-6.858116839495239225e-07
-6.328624169255787819e-07
-6.129185246960070302e-07
-6.079763889906139740e-07
-5.865244266064650041e-07
-5.512019400738564642e-07
-5.449892024907562540e-07
-5.125758459391325506e-07
-4.299046109397530898e-07
-4.035990013059317471e-07
-3.850790512542143370e-07
-3.512270819754815250e-07
-3.401636014002615378e-07
-3.019243934638252301e-07
-2.634897041443987595e-07
-2.468666192321632115e-07
-2.047898802545634547e-07
-2.014427442474800088e-07
-1.458890896118507775e-07
-1.239870937339292237e-07
-9.348824048250102259e-08
-8.979846774907898123e-08
-5.612008349615146684e-08
-3.296819637890284207e-08
-2.883101269583221505e-09
2.729696021424957943e-22
3.975146880932343421e-09
2.543244060854791953e-08
5.563534516271055811e-08
6.566579636428093341e-08
7.296649987589187919e-08
1.052855637135045660e-07
1.419742251938337956e-07
1.598386547847667827e-07
1.935670135936539165e-07
2.058453979343961757e-07
2.472907712132186577e-07
2.583053137501560219e-07
2.860954489602786110e-07
3.586553337613703560e-07
4.070403846138157533e-07
4.155849154456192770e-07
4.273645269304065492e-07
4.763918161541289898e-07
4.898739674642451752e-07
5.597004091582924754e-07
5.919207320813435691e-07
6.310386128228231167e-07
6.356431002704865929e-07
6.670415605919777913e-07
6.928427464925217173e-07
7.169881497899435343e-07
7.517725985318918664e-07
7.855758915533053679e-07
8.093095545040860976e-07
8.446060131912088273e-07
8.917702994588856281e-07
9.290733879236425757e-07
9.592634917503304640e-07
9.953429142460514776e-07
1.008326085470713801e-06
1.020211784829936607e-06
1.092264349996556565e-06
1.159381427510379210e-06
1.199955388267681581e-06
1.240215425757967166e-06
1.264961861487347600e-06
1.317722576720416607e-06
1.334919462552359501e-06
1.428449914809407282e-06
1.429672908704993387e-06
1.448053602950039978e-06
1.510513062160724854e-06
1.527858923159165943e-06
1.539843812994166343e-06
1.578239700957908925e-06
1.629567172575937682e-06
1.656350895678440141e-06
1.740890717009697707e-06
1.790531517468547422e-06
1.857628802697643745e-06
1.886103763040598315e-06
1.944453261296307737e-06
1.950991655325811167e-06
1.982080083424139792e-06
2.029675935004994819e-06
2.061735965911360876e-06
2.122887041815647768e-06
2.163874798526376344e-06
2.228606814487844900e-06
2.271140821901039246e-06
2.329328793436341429e-06
2.406031241913029580e-06
2.449769780897075966e-06
2.462083416963676675e-06
2.529915096572239614e-06
2.586245676733680032e-06
2.676300469586894740e-06
2.739122016087185511e-06
2.781450489890921789e-06
2.870758211265226167e-06
2.955281938233320115e-06
2.964099542682312097e-06
2.992007598724804542e-06
3.044683864886203309e-06
3.112354673582137214e-06
3.230295176741524073e-06
3.249498761777914668e-06
3.287963570317509766e-06
3.325740579681544001e-06
3.381593476094776208e-06
3.474429451271662032e-06
3.508160651311436460e-06
3.618385755948166190e-06
3.668436085581033081e-06
3.727833533383825887e-06
3.888896948620713038e-06
3.924735527225808506e-06
3.998577545570057723e-06
4.020915233327184689e-06
4.093946079257895128e-06
4.182041944594424478e-06
4.213092636405881587e-06
4.283083476790730990e-06
4.421038983685456500e-06
4.442061915878407278e-06
4.514987753861200328e-06
4.584717335028225900e-06
4.715783094241801330e-06
4.871059825554595772e-06
5.004208486885339968e-06
5.043251187203115665e-06
5.159788035428514002e-06
5.221760754796651708e-06
5.414825022234185707e-06
5.457003515519120824e-06
5.597301702420131095e-06
5.683570015328638049e-06
5.950996916545632897e-06
6.076369846832713913e-06
6.336774203538134176e-06
6.351333050941598143e-06
6.592439224396892283e-06
6.783078132199504411e-06
7.559911922771996919e-06
