-2.216701494585667897e-05
-2.176606672860830377e-05
-2.131024207824120881e-05
-2.116274658472832662e-05
-2.110247298719008301e-05
-2.069558105708271605e-05
-2.047517704254891166e-05
-2.023734087596445831e-05
-2.011554920846058320e-05
-1.982001224567880567e-05
-1.972442212014537306e-05
-1.936178885181376929e-05
-1.925299725579843955e-05
-1.918651325084522497e-05
-1.906682145834848020e-05
-1.879707307246463032e-05
-1.865403672628308441e-05
-1.827583354282540684e-05
-1.822484980840779028e-05
-1.811926644897891909e-05
-1.791451339417371910e-05
-1.780340925228069717e-05
-1.776517200265722435e-05
-1.754501274331785409e-05
-1.747898080714579830e-05
-1.735332721495727278e-05
-1.729215663281853836e-05
-1.714437332730296424e-05
-1.696527210152490666e-05
-1.669700393677178959e-05
-1.662276588883754728e-05
-1.653602541815986840e-05
-1.630513017185485978e-05
-1.621707845781355335e-05
-1.605073801379117965e-05
-1.600011538291619279e-05
-1.585932689733295889e-05
-1.583915375170109378e-05
-1.560028238631614299e-05
-1.556247888838413891e-05
-1.545902212635955758e-05
-1.540525149408859132e-05
-1.535935148156112071e-05
-1.526417292896691051e-05
-1.524674912772701354e-05
-1.508809086370023113e-05
-1.499246871733038176e-05
-1.493001709763998407e-05
-1.491475436258630790e-05
-1.466347405807874019e-05
-1.452577843627387628e-05
-1.447710284248770356e-05
-1.434450879039728679e-05
-1.432510413431242073e-05
-1.422435226440270252e-05
-1.404493310204390426e-05
-1.397515706842574772e-05
-1.389206905111872523e-05
-1.378090674324807738e-05
-1.368175255197524108e-05
-1.347736833683177898e-05
-1.345568943930669464e-05
-1.335471333737902163e-05
-1.323656272135536951e-05
-1.317893958169859937e-05
-1.307445417709112215e-05
-1.298833286842202487e-05
-1.286019165388018860e-05
-1.283600874643987244e-05
-1.271964133056700295e-05
-1.268523897843407881e-05
-1.253473877616036163e-05
-1.252910657086063793e-05
-1.238108846113837839e-05
-1.227410786649674870e-05
-1.224649346082959251e-05
-1.220283320208115616e-05
-1.210775978576053612e-05
-1.204102053861514938e-05
-1.200800248865907526e-05
-1.193269640671809505e-05
-1.184924888017523699e-05
-1.175508521637216178e-05
-1.166779723928019104e-05
-1.164923442998800004e-05
-1.149987730101104905e-05
-1.142141758144102185e-05
-1.140764326473787589e-05
-1.136509657869361909e-05
-1.122145246142458911e-05
-1.116244654308358438e-05
-1.114879065832376784e-05
-1.110317361952507146e-05
-1.102570308129760059e-05
-1.101279219761799969e-05
-1.091112429708216639e-05
-1.081304140758494616e-05
-1.071355093920972898e-05
-1.066382624185922183e-05
-1.063984195734522757e-05
-1.054845385338870182e-05
-1.050832393400509113e-05
-1.042061176346187967e-05
-1.032605538718669132e-05
-1.029967070709304866e-05
-1.029619086188244356e-05
-1.020944060261624584e-05
-1.010039454836422673e-05
-1.004781575550100161e-05
-1.001414724068982937e-05
-9.985783502760078918e-06
-9.927981866684382859e-06
-9.892430851447736253e-06
-9.833268974162862251e-06
-9.768008882253148651e-06
-9.678549201181359734e-06
-9.618237495777787836e-06
-9.551683044305114259e-06
-9.450990602508532555e-06
-9.395511846979260788e-06
-9.308752176572862653e-06
-9.304335128940399228e-06
-9.198724907192242119e-06
-9.122325796355183650e-06
-9.080093183405247713e-06
-8.997947651402172961e-06
-8.951740921863853207e-06
-8.945767844919587884e-06
-8.872311004411684540e-06
-8.801144323471680732e-06
-8.784786093749212923e-06
-8.727986924896596779e-06
-8.711276031354091864e-06
-8.587646015557472514e-06
-8.552258238681900241e-06
-8.489145853574384009e-06
-8.418612542222563127e-06
-8.342163500319393771e-06
-8.252853711177747867e-06
-8.208120398388756687e-06
-8.187667344426606127e-06
-8.103992404276030899e-06
-8.098588815479761615e-06
-8.037984756902239302e-06
-7.989618781739505466e-06
-7.936419055594408895e-06
-7.907441621660973673e-06
-7.831677210389924879e-06
-7.796478725446716313e-06
-7.784588757315895596e-06
-7.709009974944239487e-06
-7.650048087862679417e-06
-7.617312908270167645e-06
-7.542732596970248168e-06
-7.514522920440847545e-06
-7.486809236116489991e-06
-7.448214996588779252e-06
-7.422960906581484917e-06
-7.387714905539547045e-06
-7.296633867839766122e-06
-7.262914065726239318e-06
-7.213814396132799089e-06
-7.136871933300949065e-06
-7.103077984726259165e-06
-7.078659559672337517e-06
-7.044690725655892123e-06
-6.994030570487285360e-06
-6.943254957771711450e-06
-6.881254188984032822e-06
-6.793811795637002425e-06
-6.770867862470860043e-06
-6.728094443519685491e-06
-6.685056385718099528e-06
-6.658085049798432015e-06
-6.607433749973617754e-06
-6.533014183518897736e-06
-6.475282601404337487e-06
-6.464138602742569780e-06
-6.401237399710745815e-06
-6.348302366650679025e-06
-6.298211164942648093e-06
-6.284375197553005838e-06
-6.228373274242473118e-06
-6.210267374604221728e-06
-6.182425526466837910e-06
-6.173220420408615887e-06
-6.116447972541396734e-06
-6.041078898989489450e-06
-6.022729979132281521e-06
-5.954397634893998173e-06
-5.906656134441280486e-06
-5.858550305104519368e-06
-5.817550168492005517e-06
-5.782565366060510614e-06
-5.753139710989272939e-06
-5.743172661257823442e-06
-5.676009563897242114e-06
-5.613083213804304875e-06
-5.596665979203038528e-06
-5.559665875579437755e-06
-5.501106463150466071e-06
-5.485228271173556387e-06
-5.441426463458297416e-06
-5.414853549847611028e-06
-5.354030419423827571e-06
-5.331716331002781840e-06
-5.325215305443219516e-06
-5.275768865439303882e-06
-5.255275157544416756e-06
-5.203949009591892714e-06
-5.134447003871130885e-06
-5.076377507619679187e-06
-5.027035264998947797e-06
-5.006536800176092990e-06
-4.993214480724223243e-06
-4.912046279728638491e-06
-4.900392393001768983e-06
-4.861405003166985126e-06
-4.821545939457606385e-06
-4.757948852508278614e-06
-4.715812049395688689e-06
-4.692834389405974747e-06
-4.666412334099135860e-06
-4.649874904578934064e-06
-4.564055266529510994e-06
-4.508675964851246275e-06
-4.467616132570444374e-06
-4.450476989224621552e-06
-4.398392207629660893e-06
-4.390397957803160485e-06
-4.341867833480207100e-06
-4.280205961905857727e-06
-4.252620750275256743e-06
-4.232636909397449762e-06
-4.203789093137238419e-06
-4.176868268068535411e-06
-4.130304598201058546e-06
-4.104349642482370977e-06
-4.091369512614629829e-06
-4.053469585627317176e-06
-4.039601762819443047e-06
-3.984168628708658284e-06
-3.955062365617559231e-06
-3.913997209367931275e-06
-3.895195145406337861e-06
-3.856620454855523109e-06
-3.836285850885798399e-06
-3.765189594515871564e-06
-3.758267603118037836e-06
-3.709656663040327085e-06
-3.689153162079335123e-06
-3.592902109669411692e-06
-3.565881211564891518e-06
-3.533011404475298735e-06
-3.502225171748543391e-06
-3.496845780944823080e-06
-3.473832771102591431e-06
-3.453035522878152214e-06
-3.425156322751338975e-06
-3.389412955438382100e-06
-3.351489953869242460e-06
-3.312487787655956612e-06
-3.303419761296000749e-06
-3.288567728730159324e-06
-3.224493941670226406e-06
-3.153217159928086197e-06
-3.140469819269801740e-06
-3.113042292530111108e-06
-3.084533984484450223e-06
-3.049694076058810241e-06
-3.017818448653406445e-06
-2.995107703972467531e-06
-2.936240600566598807e-06
-2.922308121027050507e-06
-2.871684972956153746e-06
-2.843672164759147999e-06
-2.816388156684876182e-06
-2.795674642818583119e-06
-2.747215726998502145e-06
-2.712839948328336395e-06
-2.692225832063925506e-06
-2.668466926835025022e-06
-2.658585632529076495e-06
-2.643676228519851167e-06
-2.586489536113847878e-06
-2.574219628956138737e-06
-2.534999223344695944e-06
-2.496014682136994885e-06
-2.465211879307597603e-06
-2.441864639812390593e-06
-2.416106439154568055e-06
-2.380966625808517622e-06
-2.347322035868754632e-06
-2.308460660636319974e-06
-2.284543893581238860e-06
-2.274785221252048079e-06
-2.260039048476229605e-06
-2.238924596789651265e-06
-2.173357165261124336e-06
-2.137783638332479315e-06
-2.115088041912025795e-06
-2.073092674193461057e-06
-2.040453752481213541e-06
-2.008467072313992894e-06
-1.983369364704308929e-06
-1.968096057683566856e-06
-1.944588426188106250e-06
-1.918991285930523088e-06
-1.882416080793567022e-06
-1.859531929420347338e-06
-1.831956488513589236e-06
-1.818956279361675000e-06
-1.808557617843588727e-06
-1.781815596289022110e-06
-1.766756841717181104e-06
-1.733162022220404397e-06
-1.701795418338783593e-06
-1.694487346236808901e-06
-1.621039488288780118e-06
-1.614189357984832688e-06
-1.597051688212019976e-06
-1.546400015104358567e-06
-1.537131356923031598e-06
-1.511666122036406321e-06
-1.473755451097222493e-06
-1.439068533663185723e-06
-1.412287470712175439e-06
-1.390138320078196096e-06
-1.377131245026171267e-06
-1.350392118235238219e-06
-1.321396294536592477e-06
-1.311155232585614927e-06
-1.302333176990728562e-06
-1.243551178852402474e-06
-1.217767284299784997e-06
-1.199146983179381622e-06
-1.186912413418200968e-06
-1.149826540286153050e-06
-1.123592250081963964e-06
-1.077302352604870357e-06
-1.069855318855578063e-06
-1.022485120775291135e-06
-9.981227736020461843e-07
-9.728986548220618049e-07
-9.567223052043331495e-07
-9.490707291291883650e-07
-9.263470039609889095e-07
-9.146049548263646766e-07
-8.809278628458313923e-07
-8.627015856188007086e-07
-8.416826074364770678e-07
-7.844250428682168755e-07
-7.757291036728286049e-07
-7.496443586192176797e-07
-7.352762461441372588e-07
-7.063766285466359419e-07
-6.793701413998811938e-07
-6.559852835143807964e-07
-6.302246600732506725e-07
-6.201668216229463937e-07
-5.574445717159985967e-07
-5.424018026927205495e-07
-4.904979115831665643e-07
-4.874572299944385496e-07
-4.651975486290364807e-07
-4.477274388185914042e-07
-4.280534510181849997e-07
-4.138122699782553408e-07
-3.934800423550843580e-07
-3.785099128451884976e-07
-3.556852407650192158e-07
-3.282755647171163317e-07
-3.033919208966933198e-07
-2.907294465560489781e-07
-2.500142268593915588e-07
-2.384775947962015035e-07
-2.229513697933579625e-07
-1.913218497406634289e-07
-1.574384424081873729e-07
-1.480839326308213115e-07
-1.186895003326015278e-07
-9.054298272159539448e-08
-8.464992068941375559e-08
-7.231612839452974714e-08
-7.027252374632701655e-08
-3.264618122304414493e-08
-1.402700982056372810e-09
0.000000000000000000e+00
2.280492825959516856e-08
2.591605333335280312e-08
7.724076805150479335e-08
1.048932816176626970e-07
1.123633412241898660e-07
1.638284614127450280e-07
1.771549787579081141e-07
2.009060099171678498e-07
2.428484447427664748e-07
2.532715043962428536e-07
2.891682800173823293e-07
2.915165585798054481e-07
3.347763082505766303e-07
3.463200900392613559e-07
3.644258361333773790e-07
3.927954479394879414e-07
4.020540620477012375e-07
4.531785607032578955e-07
4.858242430749848932e-07
4.919317875720650974e-07
5.015446847056658754e-07
5.200879120157246272e-07
5.553613903781386201e-07
5.763638271879477897e-07
6.224731912442678075e-07
6.435414213409016152e-07
6.651955836581077200e-07
6.996478295984786540e-07
7.125276883977051754e-07
7.508493041682336539e-07
7.574799126703725023e-07
7.914333234802795634e-07
8.154021375484574121e-07
8.200304000762831917e-07
8.414043086963656520e-07
8.651907482021573240e-07
8.799547616896119273e-07
9.354227778784205038e-07
9.415040124945543229e-07
9.611175434091302549e-07
9.869704184547290922e-07
1.007174628243717787e-06
1.011829944709685056e-06
1.044002836413419413e-06
1.076175482784443315e-06
1.097506554328321543e-06
1.127003131138470612e-06
1.161005057257860554e-06
1.202411357480641994e-06
1.217973665154679969e-06
1.248646985545990525e-06
1.262885979708542928e-06
1.276947106353950922e-06
1.309085720871586279e-06
1.336912357490723349e-06
1.342727070740706826e-06
1.374086939552642892e-06
1.401877915424384799e-06
1.427884806861543325e-06
1.439594281849698831e-06
1.485288078262729659e-06
1.513908469618884345e-06
1.524157997356083278e-06
1.563146357367987996e-06
1.580788423151768193e-06
1.604393749995319752e-06
1.612229298616506762e-06
1.643834329976214528e-06
1.699351216990114862e-06
1.745403105688731369e-06
1.763825948954996248e-06
1.792428595685622192e-06
1.813936947070773618e-06
1.850639209237863524e-06
1.885616948733387449e-06
1.894958464818201384e-06
1.902884985814719574e-06
1.921175593573341570e-06
1.965855257502769855e-06
2.007005281139278903e-06
2.034203800137144121e-06
2.073521772406583356e-06
2.085879240802733425e-06
2.099137078983649174e-06
2.127632387600578577e-06
2.141077152527996556e-06
2.184617452292841318e-06
2.215834440569454343e-06
2.256148161010567572e-06
2.273628687679153677e-06
2.303124784917149205e-06
2.312473920661618003e-06
2.379818173231069557e-06
2.410800924168893530e-06
2.417129234795728658e-06
2.438451348033113635e-06
2.496877719920981821e-06
2.501015916938878840e-06
2.527340851279642410e-06
2.529245040562622763e-06
2.587232485059158874e-06
2.617804787207185373e-06
2.664193109073554790e-06
2.692123691725593930e-06
2.723769167204893604e-06
2.764049750687453605e-06
2.774073220101766024e-06
2.792287387520114674e-06
2.864527378959641166e-06
2.906702628523997298e-06
2.929576738483772681e-06
2.948291416556958038e-06
3.008585468362092285e-06
3.059443900023649468e-06
3.088610246889186878e-06
3.119141744631735956e-06
3.134713306696038755e-06
3.149026551775088203e-06
3.174389961239557384e-06
3.244716143929647292e-06
3.270834848608421520e-06
3.307194608438086919e-06
3.335689144294385135e-06
3.381511601081083275e-06
3.397919588708548159e-06
3.414194015347473093e-06
3.430972174971100320e-06
3.480076924828857397e-06
3.495385490238600406e-06
3.515349526885262843e-06
3.569941360909094218e-06
3.602064635277402371e-06
3.637002166140710905e-06
3.672618154147047667e-06
3.686436424323049015e-06
3.690206205984475695e-06
3.747884109242497906e-06
3.769072002512542518e-06
3.791131694394445871e-06
3.869591635418086587e-06
3.905061428213036775e-06
3.945494958743863792e-06
3.991155602996987101e-06
4.011075964742804768e-06
4.033359651809136334e-06
4.077035407125698313e-06
4.114560884038973200e-06
4.138671096366313844e-06
4.180164672280201865e-06
4.202507049992189458e-06
4.265329113630251484e-06
4.304903033635602041e-06
4.331700416451963430e-06
4.360408096990583368e-06
4.382873177674582546e-06
4.431472549685270087e-06
4.445256255964813570e-06
4.477986726849394972e-06
4.540508099928981510e-06
4.550684957115463155e-06
4.592661130452306609e-06
4.646484366428865211e-06
4.668565311629647578e-06
4.727028445896569519e-06
4.771694261252387680e-06
4.811483548073992187e-06
4.842076791617623355e-06
4.853853485269717266e-06
4.892424249196459265e-06
4.955584222782062322e-06
4.982043469217810220e-06
5.018809897424801347e-06
5.041619892558767190e-06
5.087079853195665078e-06
5.105867741300231971e-06
5.111839253000077824e-06
5.182340109031851020e-06
5.205635836419102322e-06
5.280944828629520924e-06
5.323027092040038532e-06
5.351781689837816503e-06
5.423618050181160955e-06
5.453827598466574271e-06
5.465566937589713282e-06
5.474266439160900853e-06
5.551336636073862144e-06
5.584395930407259063e-06
5.618271555939318356e-06
5.668443674243704555e-06
5.701741626125665798e-06
5.739113887318602876e-06
5.779233742558551608e-06
5.857068153143072540e-06
5.901087966338068527e-06
5.961544509982724240e-06
5.996873071164561945e-06
6.017192703606881387e-06
6.084740543943397934e-06
6.103079737718318389e-06
6.134445693142767962e-06
6.190400871122108627e-06
6.236890223682792578e-06
6.263567004702222290e-06
6.270304609016539180e-06
6.412429999340351269e-06
6.416004125919658076e-06
6.459114218952970756e-06
6.537711746254673309e-06
6.557784369604886208e-06
6.602727449139009385e-06
6.651740946642544233e-06
6.670787239574753912e-06
6.728495141910368236e-06
6.781549117334521660e-06
6.797644355626396114e-06
6.840854684362589770e-06
6.884496566393244723e-06
6.946238185748500577e-06
7.031172942018738923e-06
7.072759397712151694e-06
7.098151656417050265e-06
7.123268435089511907e-06
7.181910072943557344e-06
7.235724682455955705e-06
7.285809974280288869e-06
7.315288982597852927e-06
7.343352427727650619e-06
7.381015239826734698e-06
7.415302536577351906e-06
7.481966891170668635e-06
7.522460667170899187e-06
7.569826285883237133e-06
7.591979147549524656e-06
7.611807415105986709e-06
7.690657425074082291e-06
7.767324232604344420e-06
7.781773723844641189e-06
7.835827172514230632e-06
7.867266444921376052e-06
7.950587169662043591e-06
7.986392924595989799e-06
8.020171303223296174e-06
8.059103948126533146e-06
8.102342444566294606e-06
8.155847580004202264e-06
8.235344222729125391e-06
8.311478290625054179e-06
8.382908049233789250e-06
8.460589830498047430e-06
8.483070859452721744e-06
8.509552023042812375e-06
8.556898388515051779e-06
8.616561424808318932e-06
8.657968535730705515e-06
8.723932459281283263e-06
8.779146929261060449e-06
8.791128015321538020e-06
8.860362647514279056e-06
8.907576152548907794e-06
8.988978727905831700e-06
9.047027760282442139e-06
9.075563390656223901e-06
9.173291600064465066e-06
9.200345211561703572e-06
9.246377246468219423e-06
9.295943127277779021e-06
9.364008266824342378e-06
9.460846711160619308e-06
9.534422304637708395e-06
9.560905549195978782e-06
9.600783187914381113e-06
9.677557637971948980e-06
9.712641273623303682e-06
9.843378762576260546e-06
9.879797073737025089e-06
9.962388227269702352e-06
1.000994664062264573e-05
1.002108010795159622e-05
1.012426421886388488e-05
1.015372464542847523e-05
1.029278783900032228e-05
1.035551289751832221e-05
1.043181457536440273e-05
1.045871350858000221e-05
1.050385931479900442e-05
1.061669948971172418e-05
1.065281095630804410e-05
1.066421394257751582e-05
1.070781690707253802e-05
1.074300651459027440e-05
1.091048287383471031e-05
1.092493020626552946e-05
1.101315916754362794e-05
1.107865342502767960e-05
1.112674192404617405e-05
1.124956780182470286e-05
1.128508775264046554e-05
1.139842953861039417e-05
1.146324225107355957e-05
1.149322630813544105e-05
1.156971601586612732e-05
1.168513493849070698e-05
1.176259930377672705e-05
1.180309232156533023e-05
1.182330979579566210e-05
1.192598685724691678e-05
1.200306485454962792e-05
1.208959804529623691e-05
1.215177879407238596e-05
1.223198120458310421e-05
1.229015504810820853e-05
1.236234462671834502e-05
1.251379708804994950e-05
1.257927299161641802e-05
1.260668271302144032e-05
1.280877108206375787e-05
1.283628871435868008e-05
1.287946990271716202e-05
1.293072656056106904e-05
1.307998595865424339e-05
1.315222071612288100e-05
1.325772631856079351e-05
1.331875412886160859e-05
1.341360166722209543e-05
1.346234590185412029e-05
1.359793045269444907e-05
1.362751768744536131e-05
1.366149018068225702e-05
1.377268863087073200e-05
1.392536308089398697e-05
1.396941453003651687e-05
1.413253733992643956e-05
1.423303514158249718e-05
1.432252839693678686e-05
1.441016829476004953e-05
1.450789320315737920e-05
1.463891895331973818e-05
1.476410127517229274e-05
1.482416103351198386e-05
1.491523957969777943e-05
1.500959317709556518e-05
1.505224711360583415e-05
1.518809309933773233e-05
1.521962917322971850e-05
1.537549667543142216e-05
1.556323552838244516e-05
1.566946678065116150e-05
1.574399455047200517e-05
1.589287001401863195e-05
1.608312096416490507e-05
1.614099042852549048e-05
1.619517513347438998e-05
1.623294214922653086e-05
1.647275039261327187e-05
1.656878399142891348e-05
1.664998524894863169e-05
1.689684162864236392e-05
1.702031745621914873e-05
1.709563627541730755e-05
1.723960281082951451e-05
1.737041125399112237e-05
1.740301573600030788e-05
1.757759455334318821e-05
1.770173015387806894e-05
1.780910559709832799e-05
1.786381859985605066e-05
1.798881694426092520e-05
1.830891282113433178e-05
1.848312979849407517e-05
1.852869269937864409e-05
1.872025628382808997e-05
1.881826050709878764e-05
1.928497224300660285e-05
1.933802217478350076e-05
1.963750846842055804e-05
1.972575748495066449e-05
1.991367268301591546e-05
2.006223476993746746e-05
2.017849703923410717e-05
2.030986917477658725e-05
2.074327681273933043e-05
2.091618828794758521e-05
2.115469235215657433e-05
2.139232221936420846e-05
2.180627717489384371e-05
2.186096842310006414e-05
2.221972167208627867e-05
