-2.080111747652003764e-06
-1.984531149588556220e-06
-1.632563338475677650e-06
-1.484109398687534214e-06
-1.370753159482716970e-06
-1.219035000926097765e-06
-1.011515995613191157e-06
-8.775882123811011776e-07
-8.399859426443113242e-07
-8.399859426443112183e-07
-7.682138868867511520e-07
-6.259124717238681508e-07
-4.893533653343113594e-07
-3.846643460289084871e-07
-3.553568583824679977e-07
-2.353415141848454749e-22
-1.444480640868931475e-22
-1.289233095200220085e-22
-1.151197604511476586e-22
-1.134631332921350746e-22
-8.243640460733680278e-23
-6.455235912112797987e-23
-2.983334154854779126e-23
-1.269117904188417032e-23
-1.831422106531797152e-38
-1.420573133368070455e-38
-4.543455506760412822e-39
-8.887436471981657834e-41
-4.877832136091401665e-70
0.000000000000000000e+00
0.000000000000000000e+00
0.000000000000000000e+00
3.437299753835144891e-39
6.445621393712355111e-39
1.799397601097460202e-38
1.201618782445928876e-23
4.841270604089079622e-23
4.916273059808914819e-23
8.315031596083899270e-23
1.076821027972552939e-22
1.307052128471944330e-22
2.002762248961289084e-22
3.553568583824681566e-07
3.846643460289086989e-07
4.893533653343115711e-07
6.259124717238680449e-07
7.682138868867496697e-07
8.399859426443113242e-07
8.399859426443115360e-07
8.775882123811008600e-07
1.011515995613191157e-06
1.219035000926097554e-06
1.370753159482716758e-06
1.484109398687535061e-06
1.632563338475677015e-06
1.984531149588555797e-06
2.080111747652003340e-06
