-6.282710211429104908e-05
-6.117269043296855895e-05
-6.067064750223967175e-05
-5.991305114888529861e-05
-5.947449717290989704e-05
-5.916993514202655420e-05
-5.846541626961678883e-05
-5.820539490238248496e-05
-5.779828576195753827e-05
-5.718424908337010670e-05
-5.690456313119126425e-05
-5.672670425190853139e-05
-5.648728041515000634e-05
-5.611048030614493027e-05
-5.573429397337512146e-05
-5.536581601799199775e-05
-5.534383866778307012e-05
-5.487820082371631133e-05
-5.476080442178073729e-05
-5.400685596430291371e-05
-5.395568365235650128e-05
-5.382758967253676316e-05
-5.318757028626495238e-05
-5.303255188718651402e-05
-5.259220300236558946e-05
-5.242682392234639436e-05
-5.210847166696947537e-05
-5.197555335351122221e-05
-5.190839421671966403e-05
-5.164019631005684036e-05
-5.133656068416698662e-05
-5.099497150521457286e-05
-5.072579333360670008e-05
-5.065052424273835637e-05
-5.042149360758211256e-05
-5.025013064894751351e-05
-4.994804609744519375e-05
-4.982681326509377133e-05
-4.945884790366625121e-05
-4.927672961677142616e-05
-4.912280880108174723e-05
-4.889700607230306373e-05
-4.877601106685558409e-05
-4.856245023295660296e-05
-4.834703657361149275e-05
-4.805418409892434198e-05
-4.790640204647113255e-05
-4.771755260936810680e-05
-4.758751580841829985e-05
-4.723617451802933386e-05
-4.699868267001561624e-05
-4.682362947262191049e-05
-4.663646264729791877e-05
-4.655059080288914805e-05
-4.630803886438862702e-05
-4.612071580826882471e-05
-4.570173871249821006e-05
-4.566074714752051507e-05
-4.554100218416815991e-05
-4.551134248510494464e-05
-4.522402180942628033e-05
-4.510798449620443524e-05
-4.502503038038155672e-05
-4.487828474414009075e-05
-4.471069885141876177e-05
-4.438618091580444396e-05
-4.421785676299521230e-05
-4.410666406624479059e-05
-4.398350825720637761e-05
-4.385385756046265930e-05
-4.370042187730235065e-05
-4.349714896396171071e-05
-4.338065534717191666e-05
-4.314985052416249532e-05
-4.294777775689058235e-05
-4.289658426273309442e-05
-4.281789062529566767e-05
-4.247886640827793533e-05
-4.200870499299975736e-05
-4.197513193314945424e-05
-4.183991089633236511e-05
-4.171920040743906183e-05
-4.169169782340262988e-05
-4.153040435988023909e-05
-4.138061540299371494e-05
-4.115556602318732005e-05
-4.108709860542381542e-05
-4.101161185228361191e-05
-4.085373359987606021e-05
-4.065822282993271743e-05
-4.044271704294614056e-05
-4.033247317690518915e-05
-4.018099315304508542e-05
-4.005403225533859076e-05
-4.000086695000031756e-05
-3.988031091918784767e-05
-3.982913673893159355e-05
-3.955551009545146352e-05
-3.938677454000206671e-05
-3.923539780692412006e-05
-3.907286102483262404e-05
-3.899171324017574187e-05
-3.898080178404910936e-05
-3.875793110237986454e-05
-3.871347842187537888e-05
-3.858984281578503036e-05
-3.837551805297607108e-05
-3.830176310494648624e-05
-3.814853503579586119e-05
-3.801846337445646839e-05
-3.787823831022270993e-05
-3.782990164003407119e-05
-3.768468116468645082e-05
-3.761273805577830932e-05
-3.756334396837406015e-05
-3.745117913617879548e-05
-3.740506146122229980e-05
-3.736732138332403652e-05
-3.708899002179222933e-05
-3.691216246919514253e-05
-3.676473192948791365e-05
-3.671319660241552602e-05
-3.669914555699131436e-05
-3.643534310420402358e-05
-3.634913586203471024e-05
-3.633057189304292458e-05
-3.620613142426242875e-05
-3.611170899519699774e-05
-3.600031519841310660e-05
-3.588707986667806710e-05
-3.576351912932699889e-05
-3.562990062913090519e-05
-3.545828345704751203e-05
-3.537301529448569777e-05
-3.520134382124458417e-05
-3.502300476166186958e-05
-3.496720988265501697e-05
-3.493389742027879473e-05
-3.485244187993459097e-05
-3.477896652428858702e-05
-3.468507540831716800e-05
-3.466585231576676591e-05
-3.460904267934614815e-05
-3.443868719814642808e-05
-3.429617297749143251e-05
-3.424111437474125854e-05
-3.416844901890334649e-05
-3.408328630654096049e-05
-3.398582530598589948e-05
-3.388674255975487599e-05
-3.366270889493859709e-05
-3.353935032390855270e-05
-3.343844900285727483e-05
-3.333698035630615222e-05
-3.328236786765485349e-05
-3.320311126662941472e-05
-3.302134366196938007e-05
-3.294843998700618316e-05
-3.288741409389895330e-05
-3.281684115868311788e-05
-3.268090102154005142e-05
-3.254642861733536633e-05
-3.250800807000731003e-05
-3.241370870039607345e-05
-3.240379926081990328e-05
-3.232008278076347458e-05
-3.228441031445379149e-05
-3.226483337749758704e-05
-3.210678943249731211e-05
-3.192834027525221955e-05
-3.188245200279808233e-05
-3.183229974743163123e-05
-3.163676923746361688e-05
-3.160436886222800441e-05
-3.151359628027333433e-05
-3.135524504412269569e-05
-3.132452948458033988e-05
-3.128588794882222046e-05
-3.118890727379246465e-05
-3.105943890753997343e-05
-3.097678559114369444e-05
-3.089151864301353193e-05
-3.083761921970947363e-05
-3.073200061458308114e-05
-3.068982227854761039e-05
-3.059370002351658043e-05
-3.042374157307629873e-05
-3.037970990837807634e-05
-3.031653523557986880e-05
-3.021358390677408450e-05
-3.015876254026351200e-05
-3.010666426395958558e-05
-3.002098232648782984e-05
-2.992325534022547982e-05
-2.983704012535118126e-05
-2.975043408176777191e-05
-2.969699160744702435e-05
-2.963021946018530746e-05
-2.946194712176091349e-05
-2.944185283132524521e-05
-2.931166473333391982e-05
-2.920374942318983770e-05
-2.914514812621053612e-05
-2.909719054316971571e-05
-2.903116521047468550e-05
-2.892327813197063125e-05
-2.886928618844880482e-05
-2.876487320103989797e-05
-2.870605223973255176e-05
-2.867239893048344432e-05
-2.853690371200532383e-05
-2.841306739151742606e-05
-2.837778392781286813e-05
-2.827487748599335585e-05
-2.816766736080158611e-05
-2.810476093867003632e-05
-2.806972312063516709e-05
-2.803741720402307106e-05
-2.796677889797950006e-05
-2.786441409234232102e-05
-2.774157707207561835e-05
-2.768175722075318684e-05
-2.761655228135734288e-05
-2.757722593773181822e-05
-2.753963805360911876e-05
-2.744713545140602538e-05
-2.734611624013825806e-05
-2.727666428756469127e-05
-2.727128506985328918e-05
-2.712713234986569922e-05
-2.708035065033330183e-05
-2.701240762483098553e-05
-2.684702421266460401e-05
-2.679996815628689954e-05
-2.671401670897217655e-05
-2.664444837909632423e-05
-2.662947910868755674e-05
-2.653160890566527304e-05
-2.647179477429575454e-05
-2.637935726590668069e-05
-2.634194536098114490e-05
-2.624309257942891781e-05
-2.616974739332878833e-05
-2.605496108569562471e-05
-2.595064462367157766e-05
-2.593463259880729072e-05
-2.589676846085931864e-05
-2.576017895097665732e-05
-2.565486603467411459e-05
-2.561712049063133635e-05
-2.558049391825035698e-05
-2.551323029213264126e-05
-2.542089422877863146e-05
-2.535281396718297957e-05
-2.531537987862205927e-05
-2.526125738514962220e-05
-2.513230770731353351e-05
-2.508492489522486644e-05
-2.501278239011108615e-05
-2.495758252383763675e-05
-2.492357389751202398e-05
-2.486491242144032394e-05
-2.479217250122467853e-05
-2.469690166797374996e-05
-2.466120487946628392e-05
-2.455908969768349825e-05
-2.452528576294074218e-05
-2.446216335523724241e-05
-2.439813285827668310e-05
-2.437130776642155425e-05
-2.427826088496178993e-05
-2.422972541565259044e-05
-2.413767083232329407e-05
-2.405709404322097154e-05
-2.401720668341483607e-05
-2.396597613045106472e-05
-2.389661403864928245e-05
-2.387893723103709691e-05
-2.383166687202410331e-05
-2.369301712062776602e-05
-2.367248327153785229e-05
-2.360314760387489716e-05
-2.354339019501226830e-05
-2.336365981785461628e-05
-2.328589666599700455e-05
-2.324866099063966913e-05
-2.322365485646900280e-05
-2.320187673368520045e-05
-2.307190735499867505e-05
-2.300105866425339570e-05
-2.295796832123104349e-05
-2.290144056151627070e-05
-2.282457759684523768e-05
-2.280794935519152281e-05
-2.272380542554578621e-05
-2.269815455713652055e-05
-2.263306245262932932e-05
-2.260171782534181308e-05
-2.257261124193942826e-05
-2.250223155462729841e-05
-2.235630044107739928e-05
-2.231111934695118604e-05
-2.225221783867925760e-05
-2.216119512290899720e-05
-2.210158068744718702e-05
-2.206864123550202679e-05
-2.198151660454814640e-05
-2.191668503027119778e-05
-2.187523097520468766e-05
-2.185730015680065034e-05
-2.178269857544685081e-05
-2.172843035062122367e-05
-2.170466023347434519e-05
-2.164790403360948551e-05
-2.157791636020156309e-05
-2.154433085163146383e-05
-2.148691247437112769e-05
-2.143614238026901559e-05
-2.132920620327648131e-05
-2.124547183597307455e-05
-2.118652434408358070e-05
-2.114252343136345039e-05
-2.103854008483942782e-05
-2.100352428327826202e-05
-2.093961154092269263e-05
-2.089687938468349498e-05
-2.086343549644020305e-05
-2.081174922198720322e-05
-2.077501631861745424e-05
-2.072127337842442102e-05
-2.069108972529938706e-05
-2.065849329689570336e-05
-2.058313626000920571e-05
-2.052275728834192635e-05
-2.044908649540334888e-05
-2.040676746651338619e-05
-2.038418397354520609e-05
-2.028162865289947624e-05
-2.023057314934097376e-05
-2.014094942732736255e-05
-2.007646691688997733e-05
-2.003779164731375425e-05
-2.000689464132714040e-05
-1.996431077232176338e-05
-1.983610126689586424e-05
-1.981773428430916816e-05
-1.976424446423570211e-05
-1.970322386871671381e-05
-1.963575384093705514e-05
-1.960869242189037596e-05
-1.954670242667008151e-05
-1.949129056751626598e-05
-1.945441290654252169e-05
-1.938830896319477178e-05
-1.933674552637169167e-05
-1.922390746944672662e-05
-1.918002408949551744e-05
-1.915141307059046191e-05
-1.907942549503229617e-05
-1.905458287932104317e-05
-1.902836011820631368e-05
-1.898250484193224788e-05
-1.896735473321697923e-05
-1.891362178360356475e-05
-1.886345922751718086e-05
-1.878014052672169137e-05
-1.876514797158249076e-05
-1.869370491783668326e-05
-1.868099963798787230e-05
-1.858622812095644882e-05
-1.855153811452682754e-05
-1.844535348565241799e-05
-1.843157540497744636e-05
-1.838878239441846255e-05
-1.826869348075636925e-05
-1.822699160742586517e-05
-1.820906586230993434e-05
-1.820132456556566107e-05
-1.815919586270683137e-05
-1.815089130976919640e-05
-1.799945963825788989e-05
-1.799701103153374649e-05
-1.795992126695097283e-05
-1.793519371055241041e-05
-1.789592531304718298e-05
-1.781354921503791331e-05
-1.780076595406765067e-05
-1.773532526261790778e-05
-1.769072603141129968e-05
-1.765117643467568786e-05
-1.761781925994469224e-05
-1.754411531148342165e-05
-1.751348773637588410e-05
-1.748926486049072219e-05
-1.734005236804742560e-05
-1.733185464750451097e-05
-1.726030990128447852e-05
-1.722390178185084371e-05
-1.716828365113126523e-05
-1.711638090554354000e-05
-1.710157784071000839e-05
-1.700233496269635788e-05
-1.699311673409203936e-05
-1.692928012682702515e-05
-1.685085717309388711e-05
-1.680096907030021345e-05
-1.673034735752361151e-05
-1.670249399112817522e-05
-1.669019020615093040e-05
-1.663648893284661701e-05
-1.657437640239268768e-05
-1.650373557753428196e-05
-1.645709960500784744e-05
-1.641650040041840128e-05
-1.635729496541361500e-05
-1.633655070902958117e-05
-1.627533344474979063e-05
-1.625305917643160946e-05
-1.614563144826454511e-05
-1.611421741814185525e-05
-1.605556291048924918e-05
-1.604894511916427576e-05
-1.601763954862778065e-05
-1.595172685468856949e-05
-1.592749778637979241e-05
-1.586619292798752362e-05
-1.583698031323811981e-05
-1.577659137079786745e-05
-1.574804989505464980e-05
-1.570578902271695053e-05
-1.562585016733157098e-05
-1.558723776458294989e-05
-1.556405549863169676e-05
-1.549016277593562635e-05
-1.543485868683699272e-05
-1.540039262058080021e-05
-1.536132585149259589e-05
-1.530266627091171988e-05
-1.528798805677551443e-05
-1.525542280490672062e-05
-1.520696309913849023e-05
-1.518405676341500548e-05
-1.510209770584878487e-05
-1.509416089138928867e-05
-1.504399726694025180e-05
-1.497519562592921622e-05
-1.496989306729472932e-05
-1.488839167868981614e-05
-1.486642392276177213e-05
-1.485039651198355760e-05
-1.480207324464537986e-05
-1.466752140566178028e-05
-1.464331519247005341e-05
-1.463264291509451894e-05
-1.460769675696521142e-05
-1.457136622031298271e-05
-1.451392957032061169e-05
-1.448766209297372571e-05
-1.442926986087548267e-05
-1.441159422338937270e-05
-1.436776319959221486e-05
-1.435541752146639259e-05
-1.432869894616611578e-05
-1.426159139416623432e-05
-1.424561468515757464e-05
-1.416465063193430047e-05
-1.414217834779830929e-05
-1.410801581623882608e-05
-1.401169287792121305e-05
-1.398119346155118378e-05
-1.395573276393317070e-05
-1.393182027603280011e-05
-1.386273008420250581e-05
-1.381694537402980144e-05
-1.380418623417808671e-05
-1.375889318483509184e-05
-1.374263902165277560e-05
-1.370380255832101463e-05
-1.365417119585822339e-05
-1.363204510759695105e-05
-1.357128098827843418e-05
-1.351111599013492122e-05
-1.349426131205017735e-05
-1.341282284163372368e-05
-1.339514576405201234e-05
-1.331217754799586444e-05
-1.328814771512713992e-05
-1.326181043084075533e-05
-1.322827388002593038e-05
-1.315860595043849570e-05
-1.314330982919657600e-05
-1.308931938799696064e-05
-1.304752123495815156e-05
-1.303526351556830686e-05
-1.297168649808924570e-05
-1.292376606228512120e-05
-1.290612871020140172e-05
-1.287785915453321300e-05
-1.282821581146153060e-05
-1.279126125323403244e-05
-1.274007745968986670e-05
-1.269225229589720342e-05
-1.261353712104080994e-05
-1.258526524313404025e-05
-1.256714766400819465e-05
-1.248192575132765840e-05
-1.246615669464182058e-05
-1.245342888077583284e-05
-1.242285294957305294e-05
-1.235507958515823130e-05
-1.231750878632562542e-05
-1.228008647544985213e-05
-1.222372771725995443e-05
-1.221578086228335818e-05
-1.217199683231573665e-05
-1.214307130925244360e-05
-1.206674481998650208e-05
-1.202744963901141673e-05
-1.198453937680442115e-05
-1.198215720327767953e-05
-1.196889220003226132e-05
-1.192199929574130379e-05
-1.188934290524695661e-05
-1.184765434268817939e-05
-1.179077412442597836e-05
-1.173957970902229580e-05
-1.171660213327422500e-05
-1.169506024584713348e-05
-1.165189285415383887e-05
-1.164119047595934517e-05
-1.159776791402826170e-05
-1.156365320883474887e-05
-1.154602211595536416e-05
-1.148912128030384167e-05
-1.143208753023623460e-05
-1.139487660441243749e-05
-1.137696278044784555e-05
-1.131993086075744096e-05
-1.126634236174771141e-05
-1.122169163652544609e-05
-1.116604297037643259e-05
-1.112617974578148953e-05
-1.109735916117888682e-05
-1.105849555974230470e-05
-1.105350205060753412e-05
-1.102000545605266241e-05
-1.096270485291746830e-05
-1.093639919399407528e-05
-1.090847713780422327e-05
-1.088832483244213159e-05
-1.084657986973201199e-05
-1.079160267401019521e-05
-1.075294002419769614e-05
-1.074661932160431719e-05
-1.069264712301093590e-05
-1.066892410983794824e-05
-1.064449528824085399e-05
-1.060792087928356264e-05
-1.057555005857718425e-05
-1.052384128725480984e-05
-1.049832079087512242e-05
-1.047258521088233626e-05
-1.039224491945559467e-05
-1.037350469606932876e-05
-1.033462344284202214e-05
-1.031171488344155042e-05
-1.028912381287645111e-05
-1.024989340711075741e-05
-1.023275581864314039e-05
-1.022806668444794090e-05
-1.017119215155399780e-05
-1.011804173179565047e-05
-1.011485936370987756e-05
-1.007058932268663180e-05
-1.001762840119366606e-05
-1.001431465129669265e-05
-9.959626006188154821e-06
-9.892263001400459463e-06
-9.883438928615669147e-06
-9.874537448815975179e-06
-9.863542997641815179e-06
-9.810440404669832539e-06
-9.794189786165346100e-06
-9.739071899830810026e-06
-9.693173007758682988e-06
-9.653010136707761331e-06
-9.607979918865165757e-06
-9.570493113715916483e-06
-9.552956856830238021e-06
-9.534576484692575623e-06
-9.477801221315675841e-06
-9.457891251174657592e-06
-9.406015367560244291e-06
-9.391025275662903923e-06
-9.340841770338832771e-06
-9.317798213294944647e-06
-9.317227113235033764e-06
-9.259553682517654601e-06
-9.210524432298009757e-06
-9.170257694059069702e-06
-9.160880253286686007e-06
-9.113758346018035217e-06
-9.047120143930286194e-06
-9.021046645326224802e-06
-9.018023948438686770e-06
-8.975576667787197951e-06
-8.943683280574622849e-06
-8.918191914645731870e-06
-8.882114513469516792e-06
-8.843130334104863747e-06
-8.831612705805946020e-06
-8.792809034779206217e-06
-8.763821262021852709e-06
-8.751321015923380333e-06
-8.717337789870552642e-06
-8.653722896798355537e-06
-8.629825009705889655e-06
-8.614052876586744787e-06
-8.549277463435928600e-06
-8.541298098991106000e-06
-8.504010453840003350e-06
-8.478954202577635113e-06
-8.418705820235497931e-06
-8.407797640617646376e-06
-8.371595118411166627e-06
-8.331772893716052252e-06
-8.311107304569961013e-06
-8.272216621964030450e-06
-8.244787776868692372e-06
-8.222130807466838042e-06
-8.190000099591075662e-06
-8.164075280012470453e-06
-8.148374778041865001e-06
-8.121271085633177987e-06
-8.072109898419420524e-06
-8.051662842959933991e-06
-8.025593143370801465e-06
-7.990185885970771442e-06
-7.956748557358261315e-06
-7.926482185676025791e-06
-7.911742162828613626e-06
-7.886172513612534958e-06
-7.861061467868636613e-06
-7.818770723679666220e-06
-7.785392846172349733e-06
-7.722366134130668525e-06
-7.714568561857658546e-06
-7.681326640499873650e-06
-7.651624485092103318e-06
-7.625174560852318755e-06
-7.588129019894233596e-06
-7.549057196275500445e-06
-7.508133430214129598e-06
-7.480300511306380322e-06
-7.440247166846267791e-06
-7.410418968045211662e-06
-7.375145106195808451e-06
-7.362610996554871064e-06
-7.301394284454621328e-06
-7.297774208510088605e-06
-7.286044347022965001e-06
-7.261953497878093083e-06
-7.221054304926806967e-06
-7.208886462607636811e-06
-7.177889257429919850e-06
-7.136399609241249107e-06
-7.121305552519268180e-06
-7.091404229655592040e-06
-7.065785749388332467e-06
-7.012536669988359673e-06
-7.004570542879307340e-06
-6.951465358328242391e-06
-6.926296484363114157e-06
-6.896186774839312901e-06
-6.882376163487805839e-06
-6.869985401353251871e-06
-6.835092676120188160e-06
-6.805749726283234348e-06
-6.757227672945512257e-06
-6.740899294753745288e-06
-6.715644527010730185e-06
-6.681465067322524649e-06
-6.659746182352987404e-06
-6.629832266577582003e-06
-6.584394294152366681e-06
-6.563127136848473824e-06
-6.545122403409646602e-06
-6.503550073082658053e-06
-6.493640759750889743e-06
-6.464902409474811397e-06
-6.452515802723161145e-06
-6.399965411396143463e-06
-6.386852494311992344e-06
-6.360430757737157307e-06
-6.300619215085715716e-06
-6.281728570057686771e-06
-6.219745057951269882e-06
-6.192594129351882045e-06
-6.187008186554262000e-06
-6.170517337123831282e-06
-6.122773809921789772e-06
-6.114213294855244077e-06
-6.090301661107346965e-06
-6.049152814372811146e-06
-6.041317192974836428e-06
-6.024212742047133694e-06
-5.998187003306864777e-06
-5.975151031836619432e-06
-5.951613381080649452e-06
-5.925563532127594420e-06
-5.896045502755777913e-06
-5.822755698997042893e-06
-5.814855995030946079e-06
-5.795190509451411169e-06
-5.777755648011908461e-06
-5.753923789761433369e-06
-5.728996620955371568e-06
-5.700928021977241205e-06
-5.649229010813838618e-06
-5.618997718406452456e-06
-5.599635203500914575e-06
-5.577741275313009897e-06
-5.547546898673087438e-06
-5.539946290547998224e-06
-5.502436182637484828e-06
-5.465284925294350995e-06
-5.446434553828964403e-06
-5.419974477623040426e-06
-5.386325752324988569e-06
-5.373032975611871114e-06
-5.366031133224894151e-06
-5.327295527893348059e-06
-5.294578577421607043e-06
-5.289751683140321926e-06
-5.250689630529400936e-06
-5.204582042742611550e-06
-5.197098214727870926e-06
-5.140111925124212388e-06
-5.117575455904656109e-06
-5.114518155179340392e-06
-5.078534707258907018e-06
-5.054037582526059528e-06
-5.047810045413869714e-06
-5.004770244551884296e-06
-4.966688149173655647e-06
-4.954160453297846796e-06
-4.911844825064704425e-06
-4.866584681503280652e-06
-4.846923352557806060e-06
-4.826164263773339510e-06
-4.819959551732824883e-06
-4.805053876303506233e-06
-4.766680543739489272e-06
-4.763207685102630126e-06
-4.728101691139393657e-06
-4.696380910732898688e-06
-4.684768203597934514e-06
-4.646328105966001772e-06
-4.601156103395321917e-06
-4.570960182016191592e-06
-4.530094970628849341e-06
-4.511637038640426392e-06
-4.493273856893537450e-06
-4.457178743803973120e-06
-4.436201921417708858e-06
-4.412044460879651537e-06
-4.394382572296151205e-06
-4.361553878982872966e-06
-4.330194478952542908e-06
-4.322203072118641381e-06
-4.290938973174662953e-06
-4.267828076907241554e-06
-4.237083313952885365e-06
-4.203593928306934112e-06
-4.170600518697393469e-06
-4.157169251581767782e-06
-4.119906854113091412e-06
-4.089208290404658090e-06
-4.076953979216659298e-06
-4.047816187371486605e-06
-4.031319360722844977e-06
-4.010315223594285320e-06
-4.004178880995991493e-06
-3.960837656889856879e-06
-3.955313306946278786e-06
-3.916351066745188719e-06
-3.896693931586209910e-06
-3.879741759179998591e-06
-3.857858353798572456e-06
-3.833774064541971890e-06
-3.818173711108996370e-06
-3.794752986449434406e-06
-3.759299202513445555e-06
-3.743195548057373728e-06
-3.718102989466633168e-06
-3.700727268464835391e-06
-3.666633413489591976e-06
-3.661998482912229544e-06
-3.642939300231048708e-06
-3.617139680861293600e-06
-3.596532058034938236e-06
-3.556699085136628679e-06
-3.540529183474080007e-06
-3.505159331901345001e-06
-3.475129626422506476e-06
-3.457464930514597908e-06
-3.447564823530798504e-06
-3.405020648634809214e-06
-3.401690956286757700e-06
-3.386790324605987241e-06
-3.350049718473078324e-06
-3.319555399737088964e-06
-3.291525855414145364e-06
-3.269725545739113780e-06
-3.210832006944043720e-06
-3.201891340942990058e-06
-3.170680645821315727e-06
-3.140678544727032038e-06
-3.124692441019083994e-06
-3.110701186406708365e-06
-3.079337772375067998e-06
-3.071979473234418437e-06
-3.039498398789091008e-06
-3.027757479073355663e-06
-3.010313757605820871e-06
-2.987551523195360956e-06
-2.978864575914030613e-06
-2.942993790445536949e-06
-2.939549857459336536e-06
-2.920360958063151879e-06
-2.891296292173134651e-06
-2.838634602464341946e-06
-2.823505507522412139e-06
-2.810885808904271867e-06
-2.798485067473231497e-06
-2.753178004168904722e-06
-2.735531016803370693e-06
-2.726884595578871861e-06
-2.695014258387723274e-06
-2.670850440328978622e-06
-2.660674239806591398e-06
-2.641302051424049624e-06
-2.604562268657883653e-06
-2.597924933693547467e-06
-2.554130518346369760e-06
-2.536140639329767594e-06
-2.514013667483393773e-06
-2.496489476217789629e-06
-2.481927040500451788e-06
-2.444536381727758213e-06
-2.430760703204394501e-06
-2.407005386314104219e-06
-2.381640540648769094e-06
-2.369367212681532230e-06
-2.356642823614972636e-06
-2.314971115028477887e-06
-2.301500176420369864e-06
-2.286727545284176091e-06
-2.248170868493591211e-06
-2.233355784992016389e-06
-2.219052520448942911e-06
-2.203812518432451679e-06
-2.185602365996287233e-06
-2.172687249739379065e-06
-2.149157918806840096e-06
-2.132281398144080273e-06
-2.100088102778560343e-06
-2.090068713370529074e-06
-2.069105582591788825e-06
-2.051441040026740161e-06
-2.033829170282526200e-06
-2.014165204687761645e-06
-1.996422431427616335e-06
-1.961238647249535132e-06
-1.935810098600271239e-06
-1.917662650149343038e-06
-1.911170089831543082e-06
-1.878209350550924529e-06
-1.870622234384116003e-06
-1.829243314493912950e-06
-1.813854477533470714e-06
-1.787128041453592261e-06
-1.768216741141890642e-06
-1.759651853407675061e-06
-1.724053254502624250e-06
-1.705357615691113130e-06
-1.688887139685322369e-06
-1.640382601730879624e-06
-1.618163117792038231e-06
-1.615800199958514166e-06
-1.603093231759805770e-06
-1.579812782319134582e-06
-1.565373213318942847e-06
-1.551085732620788307e-06
-1.528335722393074777e-06
-1.503577891396676164e-06
-1.477138370447460898e-06
-1.465942216710238663e-06
-1.428775028362622246e-06
-1.407931676814705538e-06
-1.368279767567324744e-06
-1.345821241861064861e-06
-1.324189320279897560e-06
-1.300357941741529992e-06
-1.275636363913789515e-06
-1.251708227462266223e-06
-1.247844689995547202e-06
-1.228240555632624338e-06
-1.211810143589267731e-06
-1.192534351649864224e-06
-1.166805239273413598e-06
-1.153643661584066002e-06
-1.144270504531319565e-06
-1.104350673063737395e-06
-1.089583321271100806e-06
-1.066003669913311063e-06
-1.056519555573994696e-06
-1.050965437303232777e-06
-1.036620881957175176e-06
-1.005130467726878360e-06
-1.001895806695236303e-06
-9.528536534582182775e-07
-9.369034854859485402e-07
-9.190734509887542168e-07
-9.098162849116371529e-07
-8.918550141632016089e-07
-8.744029946978001444e-07
-8.554760319533460477e-07
-8.423802654431063985e-07
-8.170914888539910227e-07
-7.917329965523282928e-07
-7.537380217197120825e-07
-7.467917611671912420e-07
-7.191379811374155854e-07
-7.062655877351131242e-07
-6.947115364084005536e-07
-6.872966533003245331e-07
-6.732136483030020314e-07
-6.224510301578329390e-07
-6.172995754205327427e-07
-5.912623041955041064e-07
-5.675342473628984558e-07
-5.504153683067020611e-07
-5.347369447781206904e-07
-5.273759502340206194e-07
-5.080198047079823205e-07
-4.611641627227797169e-07
-4.474860212469477551e-07
-4.291843456652657857e-07
-3.962485704746130136e-07
-3.958607160045886975e-07
-3.902115274940105576e-07
-3.742006072145930251e-07
-3.365449522781653931e-07
-3.248348525586704825e-07
-3.044333680617973221e-07
-2.917665676245365683e-07
-2.774592179797269743e-07
-2.515083967543570725e-07
-2.352579352392209546e-07
-2.268964632987839447e-07
-1.922112095787296134e-07
-1.816282551103059397e-07
-1.690538713536240875e-07
-1.582780030417031317e-07
-1.271320277320247147e-07
-1.147452145346620010e-07
-9.288564394659129810e-08
-8.504734099406220639e-08
-6.211318862694574491e-08
-4.125799382462073242e-08
-3.894919380834001127e-08
-1.578628110407207961e-08
8.618462870346028468e-09
2.776101016089854330e-08
3.674237228925424583e-08
6.052858698831950460e-08
8.414676954838987063e-08
9.507881100447478561e-08
1.272509143368514355e-07
1.363954096425129241e-07
1.623295802524152196e-07
1.813715310084969950e-07
1.926592435798587309e-07
2.099735634314600291e-07
2.283828652011676790e-07
2.465824967949578679e-07
2.727024396053510018e-07
2.963325020922291071e-07
3.121891870620894280e-07
3.367483151666385619e-07
3.500908549498638136e-07
3.679761853495193264e-07
3.780000771336498195e-07
3.891905882418120462e-07
4.142345820535483862e-07
4.166280771628781937e-07
4.339523534303449393e-07
4.822063152241010434e-07
5.029129350570019299e-07
5.149581347227533161e-07
5.407116742942136782e-07
5.549571935379809290e-07
5.799991411435645801e-07
5.854301996780772994e-07
6.116903758524457299e-07
6.237046035577543888e-07
6.640796627567420338e-07
6.819169192639725785e-07
7.000637292974634764e-07
7.156801173680620350e-07
7.482345571812771050e-07
7.569429810793593252e-07
7.923244912706705719e-07
8.163525809198309453e-07
8.238704625865906050e-07
8.479004190565527902e-07
8.758136808583727205e-07
8.772969547903693177e-07
8.804766139813962509e-07
9.167451112176386572e-07
9.269877202130679670e-07
9.598278969536611376e-07
9.662630256476223195e-07
1.007374228069178224e-06
1.023816406185592176e-06
1.034127348941133303e-06
1.057602260570313411e-06
1.079496257370862867e-06
1.087710540906852416e-06
1.095341829977448629e-06
1.102900660438907825e-06
1.129070025970472881e-06
1.168548813723973725e-06
1.182814804523373027e-06
1.204739010616214281e-06
1.212371619014311567e-06
1.222706350326909311e-06
1.244002600518917772e-06
1.258846204366025827e-06
1.269119024605577343e-06
1.299977268518844699e-06
1.315070158787302381e-06
1.364047155877752547e-06
1.379717149366743194e-06
1.416295998304913846e-06
1.450116581396034493e-06
1.469925003040824301e-06
1.480626745475322480e-06
1.501324534946759412e-06
1.511047410434702652e-06
1.542842126526426741e-06
1.566543839003564156e-06
1.578934224169799494e-06
1.591318244656627373e-06
1.607740402433571706e-06
1.625764103648482788e-06
1.647030675214871571e-06
1.658598734844160185e-06
1.663389503308911822e-06
1.719222798246027175e-06
1.741657621696616088e-06
1.748191250681023669e-06
1.793789121959246719e-06
1.797894478761263297e-06
1.811436482574606528e-06
1.831571043223305473e-06
1.856207675837068987e-06
1.888349712773821672e-06
1.906689764614741811e-06
1.937260479491096112e-06
1.965578396748494488e-06
1.986280199816299842e-06
2.005940532695477788e-06
2.012637620553183768e-06
2.026278526252875555e-06
2.047494563489337453e-06
2.085557371828886578e-06
2.108995729276285330e-06
2.128352809900341438e-06
2.149147154398230049e-06
2.175313485070012624e-06
2.212489267687217863e-06
2.225508111353496500e-06
2.233086477747096002e-06
2.240685459943100328e-06
2.263226832349715889e-06
2.289441489057358629e-06
2.291733335849091577e-06
2.346289364155669247e-06
2.350672036793093034e-06
2.387865628588005908e-06
2.424632562069880433e-06
2.443764704466523384e-06
2.460315375892018816e-06
2.480059351710247518e-06
2.520109390805516676e-06
2.548083162148464460e-06
2.570228218151865862e-06
2.590307227826500509e-06
2.620475259316755889e-06
2.650033758310368430e-06
2.652489039054073060e-06
2.695563920003540661e-06
2.705720132691364769e-06
2.712218487778271118e-06
2.750385707551162530e-06
2.779108420879440264e-06
2.782960740433772948e-06
2.800474439492866282e-06
2.835291249613400194e-06
2.847517675287321312e-06
2.865274897076491532e-06
2.899538535398114447e-06
2.936230792233593307e-06
2.944088734691820414e-06
2.970929237638157455e-06
2.985121293836430706e-06
3.020141041359331925e-06
3.052894420895931427e-06
3.069244699774977786e-06
3.090759342426391957e-06
3.100632562853680218e-06
3.139493653838406261e-06
3.166508017522777144e-06
3.191203860393747144e-06
3.215159443775692540e-06
3.258307083080078672e-06
3.264346522683378785e-06
3.278291530061835947e-06
3.295517583644649650e-06
3.334029744516046857e-06
3.341152329803202442e-06
3.381089122137519023e-06
3.392763224192213742e-06
3.422643997351690933e-06
3.471600946660121762e-06
3.479497462375994749e-06
3.487181129528084267e-06
3.510304211649663480e-06
3.553792617817904726e-06
3.562217579371742316e-06
3.577864932593283828e-06
3.622163572911237427e-06
3.635272727663263233e-06
3.653210273347939024e-06
3.679492899881080558e-06
3.695580938279855791e-06
3.735633941207508304e-06
3.745565204488879639e-06
3.770178294244949812e-06
3.780524613572922794e-06
3.821146022657976897e-06
3.841192080616742293e-06
3.858905293909974326e-06
3.882969323143988534e-06
3.919114602265183692e-06
3.945757260410749943e-06
3.971904603168593338e-06
3.990748137880464692e-06
4.027456461276698043e-06
4.052789791204479999e-06
4.085067472384236829e-06
4.103513842506732163e-06
4.123892023702251290e-06
4.139039137433683916e-06
4.181074662501472589e-06
4.195915174958639826e-06
4.225534007129218942e-06
4.260005473115298685e-06
4.276971126005727171e-06
4.294450686768645313e-06
4.314457878512521671e-06
4.352317954683461080e-06
4.374431508191157066e-06
4.377472816232517830e-06
4.428945013069180336e-06
4.474319287045314423e-06
4.480963484779605793e-06
4.502669261340857371e-06
4.516899803795015947e-06
4.544228149867843683e-06
4.558950199327993363e-06
4.576913331403742000e-06
4.595394482195028671e-06
4.624659753261573056e-06
4.646630638290065668e-06
4.671169070217588457e-06
4.711310860716779723e-06
4.736512309235225243e-06
4.748567629871101327e-06
4.783646330220980267e-06
4.818044815974965322e-06
4.852290030723052468e-06
4.868556359628012298e-06
4.897441882504331037e-06
4.932069756274217335e-06
4.941360892549248182e-06
4.967727932975262715e-06
4.983001339689302990e-06
5.004817528435912779e-06
5.013317013751463615e-06
5.029872750502118111e-06
5.064768476495854549e-06
5.085878323982693018e-06
5.120677706886562461e-06
5.174845762742805303e-06
5.191100339293649179e-06
5.209218767196966530e-06
5.218500146373541096e-06
5.245320818514498311e-06
5.283015795157888510e-06
5.311643327131353886e-06
5.319672705784551198e-06
5.339975353827585462e-06
5.383579666201963296e-06
5.429817944113227935e-06
5.449494665171190127e-06
5.493038086017090640e-06
5.532043189296007103e-06
5.554840230503951764e-06
5.566817415020438873e-06
5.620206922861832634e-06
5.632467512941901231e-06
5.663676140474023285e-06
5.701188466613588153e-06
5.718184228915803247e-06
5.751711164519437633e-06
5.766975245862420040e-06
5.776506322784618842e-06
5.835176760773866271e-06
5.868860023714467396e-06
5.886397302339937021e-06
5.927427443064216865e-06
5.948305630418077425e-06
5.984697446568103206e-06
5.995983478448001924e-06
6.045493903470323073e-06
6.061873410182501969e-06
6.095285187540089865e-06
6.105429222851492088e-06
6.127793466244145204e-06
6.176264374269869987e-06
6.186897501947068538e-06
6.235357373685232612e-06
6.269795361890885637e-06
6.280452397843999993e-06
6.305695481261017070e-06
6.340208126435864439e-06
6.344759781605703431e-06
6.355135737788354611e-06
6.405834431038029028e-06
6.420357358650606938e-06
6.483727341365164626e-06
6.532133269309706567e-06
6.547242805506745851e-06
6.566309598945022388e-06
6.581859330111106260e-06
6.619889869020316425e-06
6.633360124341795232e-06
6.684781918961466871e-06
6.704586845543695806e-06
6.718613155974764566e-06
6.734870200271053077e-06
6.776356546133534488e-06
6.828443079087336526e-06
6.843269196047048281e-06
6.872969639958928297e-06
6.907049555804912096e-06
6.934453060992193042e-06
6.987382684133529324e-06
7.003839379337416830e-06
7.021744460426661469e-06
7.071038088905423832e-06
7.121163088028127039e-06
7.137721744726196464e-06
7.152726788161632006e-06
7.173189212758297384e-06
7.207474416934711415e-06
7.215910290133311630e-06
7.265163844520277331e-06
7.284784727271868230e-06
7.315855922192079652e-06
7.340223747233755152e-06
7.353136833736695099e-06
7.389264678174217428e-06
7.395963584018820263e-06
7.468174234890156503e-06
7.490976657677851103e-06
7.496545110729320441e-06
7.530770994613753708e-06
7.547790096446132719e-06
7.607723968269383304e-06
7.622116160699323539e-06
7.665037538016462821e-06
7.690824194719386362e-06
7.715867302804298731e-06
7.741975046175328257e-06
7.811478986466330058e-06
7.835244443762634086e-06
7.852939152699449693e-06
7.879736222065608230e-06
7.880739252839672520e-06
7.929334038829360937e-06
7.935022948757748123e-06
7.962071192405402749e-06
7.987995637074145621e-06
8.037159172190604879e-06
8.055102529378489401e-06
8.085083360197022073e-06
8.128957238085745681e-06
8.162601989763426465e-06
8.210150654792759852e-06
8.220697004894341912e-06
8.237225965915500047e-06
8.296082347185114485e-06
8.319788909536541852e-06
8.349528315085443355e-06
8.376196008630857725e-06
8.420809026080641179e-06
8.445598178035609301e-06
8.488312719769851075e-06
8.498753598281265205e-06
8.506020085182724780e-06
8.544973588890774407e-06
8.610415315750031095e-06
8.635183413250800317e-06
8.658642287524519402e-06
8.718639794247210785e-06
8.750430733525498074e-06
8.760206999293874776e-06
8.806970110481422944e-06
8.829293228406236897e-06
8.851504124611589983e-06
8.872134568878439417e-06
8.953235667337682382e-06
8.981445375002263329e-06
9.017058861368111396e-06
9.050300377973963774e-06
9.071816896096960282e-06
9.087285950761814099e-06
9.124489603092869676e-06
9.166172464047305592e-06
9.184416563511634736e-06
9.212953217808855211e-06
9.223936679938463026e-06
9.285804973373526530e-06
9.322047604231286749e-06
9.339738920351728168e-06
9.361391396027833906e-06
9.394274429570290645e-06
9.471399394682907384e-06
9.497628669158159734e-06
9.504804381717488304e-06
9.563183627999941223e-06
9.571863494689893643e-06
9.607669098688364050e-06
9.625961805774405034e-06
9.660463071150059998e-06
9.704188071153233992e-06
9.805124189188126776e-06
9.810384394568693741e-06
9.837287987914891690e-06
9.874484148286647551e-06
9.910114111023396997e-06
9.946532965008571568e-06
9.950762494633980638e-06
9.999508560147214606e-06
1.000284527377602573e-05
1.005847238788817950e-05
1.012506076865311729e-05
1.014134521813702719e-05
1.020892691370450727e-05
1.024030621145354782e-05
1.025105572032964858e-05
1.027291117909083532e-05
1.028885946072604846e-05
1.032557649979650940e-05
1.036107348074531036e-05
1.041384797537967257e-05
1.045142858523804277e-05
1.049587031898991456e-05
1.051584332768183390e-05
1.057584406479570465e-05
1.061152181699721052e-05
1.064503995465253430e-05
1.069116357465933428e-05
1.073601284873411775e-05
1.075434149533168281e-05
1.077463589697031258e-05
1.080022327507466108e-05
1.082576709974194490e-05
1.088985477415176900e-05
1.091501570598018166e-05
1.095535258843283355e-05
1.097311002085821924e-05
1.103382198774583491e-05
1.108703096533267165e-05
1.110426715463382438e-05
1.111474501018082129e-05
1.112944100833709223e-05
1.117977069137847695e-05
1.123569699637537998e-05
1.126951871121443492e-05
1.129572740451408886e-05
1.133531607344380618e-05
1.135949381842961475e-05
1.139297499110916183e-05
1.143577861433585405e-05
1.145612183831427560e-05
1.150020551341020070e-05
1.151568955750206337e-05
1.158699607191082726e-05
1.161701829093054698e-05
1.162899556475111447e-05
1.166522986428939775e-05
1.167966561417437460e-05
1.173872621791186958e-05
1.179635937648757870e-05
1.181615892229349555e-05
1.185690884892247462e-05
1.191830571353497051e-05
1.193941849301672005e-05
1.198389153229074992e-05
1.198654264925564762e-05
1.203598445559429662e-05
1.208443194685603640e-05
1.209016342187428545e-05
1.212043839840908111e-05
1.219376927466606454e-05
1.220478744840989938e-05
1.226661313879003908e-05
1.229349501118378743e-05
1.231387964968371159e-05
1.235228363227161997e-05
1.240890096367228169e-05
1.244461876953898405e-05
1.249073399157409083e-05
1.250104049140060324e-05
1.258363147347814356e-05
1.263334408694581125e-05
1.269789830848999438e-05
1.270195352369894085e-05
1.274314718764972783e-05
1.275407443875423648e-05
1.278259376885236467e-05
1.286134476348550898e-05
1.287081447369721988e-05
1.297179075499461083e-05
1.298327423992699550e-05
1.302045490277362334e-05
1.306921188378358781e-05
1.311552082091746265e-05
1.315594873151463981e-05
1.317847049613110781e-05
1.321292902684258030e-05
1.323949008232802988e-05
1.328057932425143444e-05
1.330379761126589499e-05
1.335708849957363727e-05
1.339666650888945156e-05
1.347451488475049206e-05
1.350796453298386411e-05
1.352853553277677821e-05
1.357246123876783480e-05
1.360303134348277820e-05
1.364817768328765120e-05
1.372059608774106602e-05
1.374556971686717793e-05
1.379394758419386552e-05
1.382817223903615285e-05
1.383900844904181592e-05
1.388955637713607459e-05
1.395268207239619757e-05
1.396880121527441141e-05
1.402736259475288967e-05
1.406598858354209290e-05
1.409076829168096209e-05
1.415903865108241546e-05
1.423155849987707440e-05
1.428590332451741227e-05
1.434430401462221133e-05
1.435551634128293432e-05
1.440664901269169364e-05
1.441842974933235552e-05
1.446225217084152335e-05
1.450025244428677970e-05
1.452190560428578916e-05
1.459218294524833152e-05
1.469699223550171197e-05
1.471440773185669874e-05
1.471987061924035378e-05
1.475196795015538010e-05
1.478545853792145409e-05
1.485635326377127109e-05
1.486711584585816139e-05
1.495496382726789464e-05
1.501206181132116216e-05
1.503247630475080077e-05
1.508464892020900873e-05
1.511171331397355849e-05
1.519196173047761167e-05
1.521875615125894618e-05
1.522789473821701037e-05
1.531657185069343642e-05
1.533685157792176546e-05
1.535789953601082589e-05
1.541331602348881729e-05
1.544776928789522299e-05
1.551479420590207414e-05
1.559493755098562492e-05
1.562981746499621290e-05
1.566941393106402477e-05
1.570478685824771515e-05
1.576491557274697865e-05
1.579493227402158000e-05
1.582489778805225083e-05
1.585025165226043727e-05
1.590043741067289167e-05
1.596726249158863367e-05
1.600171143489727578e-05
1.607704588780494101e-05
1.611170063279658367e-05
1.613703452856556870e-05
1.615233112743802050e-05
1.624788851892434161e-05
1.630808765554832380e-05
1.633040125449935817e-05
1.635312229812500720e-05
1.639435679602288819e-05
1.642509967237592609e-05
1.651501179712481092e-05
1.652962854688372736e-05
1.658220267474419339e-05
1.659199205329837370e-05
1.669595658872100077e-05
1.674720787636651509e-05
1.677785509750571760e-05
1.683034602749039631e-05
1.690354047825618226e-05
1.692210819810034591e-05
1.700583597866651387e-05
1.709575235574631134e-05
1.711734674297699823e-05
1.715001641365155579e-05
1.719080077831161059e-05
1.722933627754695007e-05
1.732651424048304767e-05
1.738432026285373103e-05
1.745005055184479836e-05
1.747111611128510621e-05
1.750726193595290503e-05
1.753765610556045051e-05
1.763657669588381504e-05
1.764822929208194517e-05
1.772306660954096191e-05
1.773275624492926032e-05
1.779048813323664852e-05
1.783773441922355819e-05
1.787605818617047087e-05
1.789161996850932552e-05
1.798891987346241332e-05
1.801831928876228181e-05
1.804650535370485272e-05
1.817373694620913512e-05
1.820751131236540335e-05
1.825431757763280603e-05
1.828898839030036568e-05
1.831264716510235430e-05
1.833719853415650917e-05
1.837264062580334421e-05
1.843061856661632912e-05
1.848836135717404853e-05
1.855045906622177022e-05
1.859879519354338132e-05
1.864055320138584452e-05
1.865228776790081732e-05
1.875253509046629973e-05
1.879181160707160190e-05
1.880685744354814571e-05
1.884872244518032193e-05
1.894127113298849774e-05
1.903018558823496456e-05
1.907796334536224258e-05
1.909896550869925560e-05
1.911354104160839767e-05
1.919741625463978186e-05
1.922859527103081792e-05
1.927258166617896548e-05
1.932619358293409729e-05
1.936737072878039006e-05
1.942091552823100309e-05
1.952254574958970572e-05
1.953359557882901264e-05
1.959177345722291360e-05
1.963658983233436173e-05
1.969937081813788641e-05
1.977863520935906993e-05
1.978852704225840178e-05
1.992887204484261368e-05
1.998248131556521639e-05
2.003460054724366679e-05
2.009277828201361089e-05
2.012752201349612510e-05
2.016736059206007201e-05
2.027447999979855429e-05
2.031803927570123610e-05
2.037788703654295759e-05
2.043086303054001342e-05
2.046694766593452899e-05
2.052007770233235800e-05
2.055664866103268791e-05
2.063496329058921500e-05
2.067756066435714346e-05
2.074910766717229420e-05
2.078519605881073881e-05
2.085333791854666194e-05
2.087440012213318048e-05
2.095898536360612401e-05
2.097204111664330520e-05
2.104174204961646976e-05
2.107066954791630953e-05
2.116162632864090470e-05
2.120297411789379523e-05
2.135053808793815650e-05
2.135811822596210243e-05
2.140537825462604561e-05
2.148226511673337151e-05
2.149951875374086276e-05
2.159103618639866560e-05
2.163214308102236744e-05
2.166103304376750197e-05
2.175515479423343869e-05
2.181297909564353695e-05
2.194441920559803196e-05
2.203940043912392077e-05
2.205076427519328696e-05
2.211216679189140916e-05
2.216662478708319886e-05
2.220482674626202607e-05
2.225749178868536082e-05
2.232810734846624051e-05
2.237398883053729240e-05
2.238164646120580276e-05
2.247626961595972883e-05
2.259962481258133757e-05
2.268071806152524485e-05
2.274229932354251117e-05
2.276599284477610929e-05
2.286458999531251009e-05
2.288163870517808161e-05
2.293897448804121142e-05
2.299202415452682443e-05
2.309522462102774607e-05
2.310847936438239982e-05
2.315496783025786372e-05
2.327536371323458232e-05
2.334720123659647349e-05
2.340201580463129608e-05
2.342164608302492470e-05
2.344775510640314002e-05
2.358511868635126621e-05
2.366913725182418065e-05
2.374843475206865899e-05
2.385890252728194838e-05
2.389163903684082740e-05
2.392384417015566125e-05
2.402041964359109667e-05
2.407739306332949073e-05
2.415505081933944738e-05
2.425013702858415138e-05
2.428073277534126479e-05
2.431823681847233341e-05
2.439444814670898575e-05
2.440354332760614900e-05
2.448337349623684700e-05
2.456814372933552754e-05
2.465677236451370102e-05
2.471066294177020763e-05
2.475348486267629289e-05
2.480508357047888301e-05
2.483954554636168030e-05
2.497318791374481610e-05
2.505273772944300822e-05
2.507811250717611109e-05
2.513692944976186658e-05
2.520315578561416450e-05
2.521470364519535264e-05
2.532473568473462514e-05
2.535235448052818665e-05
2.547639865366406348e-05
2.553135085627851255e-05
2.564993444111783133e-05
2.566690137583363740e-05
2.572744397747093350e-05
2.581987880917329151e-05
2.589309311801839684e-05
2.593481028995732999e-05
2.599299038862695543e-05
2.606808216666077233e-05
2.611210268052895241e-05
2.615659492166983122e-05
2.623368014821528661e-05
2.640492751980342409e-05
2.643260728090980076e-05
2.647605048054047522e-05
2.655989203774388068e-05
2.659955143784454538e-05
2.677207611730957905e-05
2.681832527707084886e-05
2.685703969678620635e-05
2.693573264250351102e-05
2.701673098469439908e-05
2.707478502533720101e-05
2.713995466136292391e-05
2.720666556230255014e-05
2.729129188503141731e-05
2.733705555441357727e-05
2.742584167801999406e-05
2.746170273595853581e-05
2.752590063304420181e-05
2.761677133614273840e-05
2.778576830281215425e-05
2.782375367954102927e-05
2.791357709297253548e-05
2.797908333136257681e-05
2.806922899670106234e-05
2.813073325382982304e-05
2.822089523356483825e-05
2.825753789165280955e-05
2.844874406038485810e-05
2.845762416786621504e-05
2.855450009708161648e-05
2.864793037361402830e-05
2.867041345453338159e-05
2.877715877060545374e-05
2.882676755516390597e-05
2.887922703039708184e-05
2.892341471798979172e-05
2.895680232442212549e-05
2.911554835425514244e-05
2.918095002291404763e-05
2.932617460347759783e-05
2.940230529255123278e-05
2.951435442332863291e-05
2.956153080907238665e-05
2.958617243094443909e-05
2.966468130671721549e-05
2.979076255830599086e-05
2.983015142981046755e-05
2.996633610517580987e-05
3.002672690835648546e-05
3.010377101114782299e-05
3.026484324138750651e-05
3.029994695519548374e-05
3.034117362909768839e-05
3.055937758175881775e-05
3.061534718940247591e-05
3.075618230482075687e-05
3.077027244316889420e-05
3.090901969355011337e-05
3.095013948108407215e-05
3.106844262439214339e-05
3.112750086882283904e-05
3.120677539201020128e-05
3.129714411683524151e-05
3.138693335221468304e-05
3.145235447595134157e-05
3.147043631366663543e-05
3.162169397267317153e-05
3.174890498628849889e-05
3.176171628898936765e-05
3.185319839691250682e-05
3.203654974498851439e-05
3.208643835197908184e-05
3.212492220402027391e-05
3.224012799183312495e-05
3.228058124469030716e-05
3.247293891693876886e-05
3.253575640273907466e-05
3.266978407548223629e-05
3.276827117295733462e-05
3.286027909865017705e-05
3.288720286935678988e-05
3.295819377992766986e-05
3.313489263932130357e-05
3.320900258793735819e-05
3.332060403907854100e-05
3.342526929336938203e-05
3.347302061329605969e-05
3.368208987765834895e-05
3.379620761973340336e-05
3.392420980041317626e-05
3.399119561491384807e-05
3.408039947647292989e-05
3.423744506328381182e-05
3.426079698997206585e-05
3.432417831848048396e-05
3.448126042836130076e-05
3.455443953012384629e-05
3.465217250400858830e-05
3.476279516629762441e-05
3.485667747712167699e-05
3.489455575119853491e-05
3.504413997677298934e-05
3.511434479753756352e-05
3.515242900199013279e-05
3.528249354243290692e-05
3.537043156575882572e-05
3.547168429742253188e-05
3.562946480361591861e-05
3.577029215117104430e-05
3.585131553133842251e-05
3.589175775932245164e-05
3.615630023342275589e-05
3.624541383842745760e-05
3.630854626333698565e-05
3.643433159433531358e-05
3.659302929094557791e-05
3.667821721788583963e-05
3.685658520877673616e-05
3.691604443174350539e-05
3.704674712608378235e-05
3.715928743750051958e-05
3.729510855165457092e-05
3.735818173904514937e-05
3.754237760534242141e-05
3.760661327414689811e-05
3.770680117377712932e-05
3.774490892634187569e-05
3.790602128378304419e-05
3.809711738541820360e-05
3.825717798404164522e-05
3.832155316393483853e-05
3.841533724450869034e-05
3.845723783658833601e-05
3.849925768337729973e-05
3.875216480612293600e-05
3.881907679155254339e-05
3.903475075500008426e-05
3.917904778861336341e-05
3.929654781684015376e-05
3.931852471815852287e-05
3.941820625810832476e-05
3.953279067999761095e-05
3.981826556981141218e-05
3.996751692527716535e-05
4.003850696216485302e-05
4.029427707695717352e-05
4.037212338774519706e-05
4.052080991323904615e-05
4.064173458704994723e-05
4.071171687420273077e-05
4.081251817669959587e-05
4.093219416202045991e-05
4.105809620211594733e-05
4.123776229286468695e-05
4.136363561368150340e-05
4.167360939668942048e-05
4.173590449547868412e-05
4.175296611408594460e-05
4.205937998793540258e-05
4.220720103594933944e-05
4.222504918302942420e-05
4.235955552857784308e-05
4.268198605351973340e-05
4.282245860956193146e-05
4.303077613737135183e-05
4.323461772419555930e-05
4.332032524220551473e-05
4.338573448271100525e-05
4.366295475014056996e-05
4.382443508999963840e-05
4.392613121265249109e-05
4.411154855604594962e-05
4.433112475424747976e-05
4.450029715516184319e-05
4.467027724879239629e-05
4.481541418778554035e-05
4.493742629840257754e-05
4.500124625396455149e-05
4.509698585107699189e-05
4.532063267096215527e-05
4.550458861328668907e-05
4.563155046304595141e-05
4.570080159812504205e-05
4.597116806936091618e-05
4.620539244192321235e-05
4.648287689243529842e-05
4.661328384353874313e-05
4.689217175704123831e-05
4.708088378357587342e-05
4.731784297775507893e-05
4.764632508832345923e-05
4.777268945860909684e-05
4.790046886327437611e-05
4.819208224908331931e-05
4.824475893389504544e-05
4.848595859320673244e-05
4.875219559171697984e-05
4.882785260304776568e-05
4.901166144423108143e-05
4.927877357565689888e-05
4.941971772592810365e-05
4.952514385248698783e-05
4.984930498508857884e-05
5.004397160516502489e-05
5.043056895794631152e-05
5.054195075582832379e-05
5.073550229652167205e-05
5.094893180474877200e-05
5.124003412802264371e-05
5.131419188931551684e-05
5.159348882801528943e-05
5.174383463081806743e-05
5.229256232133755168e-05
5.246641300076249081e-05
5.287126802449815347e-05
5.309879642762987869e-05
5.318863283741662472e-05
5.334721690177014774e-05
5.356246757192685505e-05
5.363277322528815024e-05
5.397786078146168151e-05
5.423290807543227753e-05
5.454792052794661141e-05
5.482279858144657389e-05
5.514167149359806364e-05
5.566303104195053015e-05
5.589983213191055224e-05
5.658635984718212537e-05
5.672749576999039627e-05
5.725679172687500731e-05
5.734450087031307141e-05
5.751842768094128758e-05
5.797597481178986205e-05
5.835620651696627647e-05
5.904640878379017370e-05
5.935043700062372256e-05
6.058053452543483899e-05
6.074208289065960263e-05
6.217842744622011574e-05
6.239979410257149748e-05
7.290526588178958798e-05
