-6.188814865130098637e-05
-6.095917788342651182e-05
-6.059944525728534732e-05
-5.987081012269577525e-05
-5.966584729571006672e-05
-5.909865809744546439e-05
-5.836844585239103186e-05
-5.783908187214335545e-05
-5.754272110449178476e-05
-5.696972554343924188e-05
-5.686593829214653335e-05
-5.579467786421360117e-05
-5.562715641348952249e-05
-5.508614616442495846e-05
-5.494655555770408057e-05
-5.461640182039233514e-05
-5.427733956397997732e-05
-5.392127981507760352e-05
-5.376210056952934610e-05
-5.338780229650030818e-05
-5.321823817799202266e-05
-5.297675088800401962e-05
-5.286189054726441155e-05
-5.261422639801683775e-05
-5.227799684724101814e-05
-5.205102492630442215e-05
-5.161302199706951894e-05
-5.151355876245908527e-05
-5.132625146611585726e-05
-5.111238328771205617e-05
-5.089217891219513789e-05
-5.066333995530118641e-05
-5.035646288197611324e-05
-5.012244934112078848e-05
-4.989199210929371234e-05
-4.944679592075621686e-05
-4.934255036468113896e-05
-4.915036183408236529e-05
-4.901643958116257355e-05
-4.893361520902899796e-05
-4.849980775964177155e-05
-4.832856740121196140e-05
-4.823584840855845574e-05
-4.800127756448297075e-05
-4.765675860367609139e-05
-4.742331173732191332e-05
-4.733919586373273918e-05
-4.712917966807616827e-05
-4.697631337507655170e-05
-4.684803601154407772e-05
-4.658669492547135856e-05
-4.647472876416227337e-05
-4.631027170350392256e-05
-4.611044939309607703e-05
-4.602259379654355923e-05
-4.571435105413873751e-05
-4.543056619306381854e-05
-4.539135204512881344e-05
-4.537523235639826701e-05
-4.499282041014700245e-05
-4.472652833132135142e-05
-4.439207079450157933e-05
-4.433958653704141270e-05
-4.409825671072509576e-05
-4.399852613030609181e-05
-4.368116351757483044e-05
-4.362963053648015043e-05
-4.345075110880098235e-05
-4.337795957836896172e-05
-4.328950590528269135e-05
-4.307359713772557740e-05
-4.289606919344385240e-05
-4.283243004337173470e-05
-4.268225319568494066e-05
-4.253244657911383622e-05
-4.244030518882158874e-05
-4.227169404629649741e-05
-4.220371029313934414e-05
-4.188114335908653862e-05
-4.177124363955797489e-05
-4.149804161387516869e-05
-4.142933085217028540e-05
-4.115391009532386120e-05
-4.105778593069344697e-05
-4.101894294297910287e-05
-4.086319182609956548e-05
-4.073522708845501685e-05
-4.066227163211805511e-05
-4.038208504681792992e-05
-4.028562722428972320e-05
-4.015981873075887503e-05
-4.003304954948322413e-05
-3.997655655627644592e-05
-3.988378050312285043e-05
-3.957226323836699692e-05
-3.947837578627672706e-05
-3.946659899024414876e-05
-3.931175614609298835e-05
-3.929706058726227156e-05
-3.914387921766566037e-05
-3.888290555970159778e-05
-3.882653988915570433e-05
-3.866876444065150937e-05
-3.850129289772542454e-05
-3.837978030864669680e-05
-3.830574814562772459e-05
-3.809490343002170867e-05
-3.790549106127824645e-05
-3.781507059689907075e-05
-3.766877757557539260e-05
-3.764069247809035757e-05
-3.758799573710853461e-05
-3.748234427464195497e-05
-3.717842373328409918e-05
-3.712405824339484723e-05
-3.703538997736280781e-05
-3.690020057272978696e-05
-3.684975407183727249e-05
-3.673652121767551461e-05
-3.662098702274546889e-05
-3.653323498880255669e-05
-3.634467624001111447e-05
-3.624487054443647176e-05
-3.610093744843669770e-05
-3.602355674470183788e-05
-3.592350928033647773e-05
-3.584011206193256436e-05
-3.564323397544179507e-05
-3.555555385483208136e-05
-3.546864602756088039e-05
-3.526693815051968261e-05
-3.518868987923400992e-05
-3.509882938504041818e-05
-3.504961954605340563e-05
-3.483609716468830613e-05
-3.478051377681081141e-05
-3.468054039802485834e-05
-3.461215942128793155e-05
-3.454779912532508269e-05
-3.445155245692001341e-05
-3.428934311675128921e-05
-3.424716623802197057e-05
-3.414604521974291601e-05
-3.400019507233798232e-05
-3.391559317980138305e-05
-3.385541543380211210e-05
-3.379411793021981793e-05
-3.364585370746764765e-05
-3.362369674467840445e-05
-3.346643887456052794e-05
-3.344715787056664935e-05
-3.332052234142493459e-05
-3.321716179961184601e-05
-3.310610944232716041e-05
-3.306676925292378237e-05
-3.294979089484130301e-05
-3.282524891554874105e-05
-3.272801805745395169e-05
-3.263285411169449229e-05
-3.253228231712647676e-05
-3.247336702446367647e-05
-3.238738645845347510e-05
-3.223302604048993569e-05
-3.216942975744093412e-05
-3.208665692417355091e-05
-3.203277946657398934e-05
-3.192298505448174677e-05
-3.184039821181359429e-05
-3.173392829800557888e-05
-3.165924498679975027e-05
-3.162618854561959270e-05
-3.148458989053234795e-05
-3.145421280472763663e-05
-3.134894276228112318e-05
-3.125758273263568721e-05
-3.110488168890460385e-05
-3.103735534456815003e-05
-3.099101407640964299e-05
-3.093943636786654019e-05
-3.085283027099242227e-05
-3.068281150981361379e-05
-3.060691933328371932e-05
-3.038181594122560164e-05
-3.037352091960259448e-05
-3.026993407498238480e-05
-3.021527526012500071e-05
-3.013252653019154656e-05
-3.010236901923643351e-05
-2.999783729309351226e-05
-2.985741401234903370e-05
-2.980041339460867475e-05
-2.977801979857966805e-05
-2.964268785093111932e-05
-2.951392538252714035e-05
-2.947795957220576460e-05
-2.935972239016706157e-05
-2.924709517854082289e-05
-2.920273398988823633e-05
-2.918455001691882408e-05
-2.909656528385715898e-05
-2.897832471709289474e-05
-2.885662108301454643e-05
-2.876724784127263179e-05
-2.872929095263924195e-05
-2.865801840704092213e-05
-2.852012361580462933e-05
-2.848143700405410226e-05
-2.836719995072777673e-05
-2.826620628821225421e-05
-2.820350875428269093e-05
-2.817340776757000766e-05
-2.813488396396193311e-05
-2.800797545329006301e-05
-2.788645155940251756e-05
-2.779177529636077737e-05
-2.776812318843732141e-05
-2.766480233419892824e-05
-2.755725292608624078e-05
-2.748655658358194141e-05
-2.739719001522289155e-05
-2.737754650476936189e-05
-2.730909142997365433e-05
-2.725086637047019564e-05
-2.715526420846240337e-05
-2.713829956418423259e-05
-2.708299878895742335e-05
-2.704328233980007038e-05
-2.695913856885633769e-05
-2.673232124497959300e-05
-2.671293150825537199e-05
-2.669975921969153647e-05
-2.667105376695217314e-05
-2.658720693331729834e-05
-2.649501396329903265e-05
-2.636361255053271881e-05
-2.633178747030972660e-05
-2.622764604252735444e-05
-2.618012940486998480e-05
-2.605874679417915612e-05
-2.602232464933081446e-05
-2.592626158347827582e-05
-2.590387614898240464e-05
-2.581762207408467129e-05
-2.574001311097386550e-05
-2.570618755082103537e-05
-2.561232973459976714e-05
-2.556196231323590735e-05
-2.547626616261330966e-05
-2.545319619187093785e-05
-2.539962996924274489e-05
-2.530039742576863362e-05
-2.527360472149714759e-05
-2.525699850450055861e-05
-2.517062150222299530e-05
-2.504455528714210672e-05
-2.498458735556969193e-05
-2.489002875932747348e-05
-2.484459429062330226e-05
-2.475229343273173573e-05
-2.472421945650664664e-05
-2.460550715070869895e-05
-2.452250219646597164e-05
-2.447038483862929784e-05
-2.439567528244449744e-05
-2.434316313255983268e-05
-2.429116834445797375e-05
-2.423593099545742765e-05
-2.412858169403550633e-05
-2.411098285879352960e-05
-2.397757794386590221e-05
-2.391399962067060442e-05
-2.385120838960993260e-05
-2.384952762354826752e-05
-2.375988652218632285e-05
-2.374199426761190542e-05
-2.371667298645941492e-05
-2.359934795458085754e-05
-2.347333493415704593e-05
-2.339284374668259417e-05
-2.335910814504210675e-05
-2.329889779074761124e-05
-2.324808451376498284e-05
-2.316586730013429110e-05
-2.314882432335550524e-05
-2.304886305658427519e-05
-2.293756199027430142e-05
-2.291125605164457963e-05
-2.288112987496361425e-05
-2.286943279707978480e-05
-2.276063590412992643e-05
-2.267940294007740625e-05
-2.264052830125498695e-05
-2.260886919310942567e-05
-2.254101954295079427e-05
-2.251811867382028608e-05
-2.245036680070511181e-05
-2.237444366970416849e-05
-2.231652106334911943e-05
-2.221954003715116563e-05
-2.219354831730367659e-05
-2.210789077436029002e-05
-2.207826844327514425e-05
-2.204697001500716268e-05
-2.203027674018903713e-05
-2.189617141526641967e-05
-2.185254225905143997e-05
-2.179788288368786527e-05
-2.174220701200782276e-05
-2.166206609809702099e-05
-2.160889341644574066e-05
-2.154650256727172052e-05
-2.153730771197322915e-05
-2.144668752041638238e-05
-2.141780312309685710e-05
-2.134130001431945294e-05
-2.130127072276513669e-05
-2.128450760389645461e-05
-2.116250091370451929e-05
-2.111810118130069016e-05
-2.105306191792090427e-05
-2.097240755552655351e-05
-2.093870661390695556e-05
-2.091160364282244454e-05
-2.090912703412100106e-05
-2.082626020585167420e-05
-2.074426049742880018e-05
-2.066784754130310747e-05
-2.066237559579012952e-05
-2.064092193671827460e-05
-2.059494698255930043e-05
-2.045441797643062157e-05
-2.035776513459792064e-05
-2.030429090409274987e-05
-2.022925228183811584e-05
-2.013937133823702675e-05
-2.011575521519090728e-05
-2.009414252201044678e-05
-2.005709072071698459e-05
-2.000604436832181278e-05
-1.994468996443769267e-05
-1.983555326923604106e-05
-1.981738544705911742e-05
-1.977463531053071943e-05
-1.963667850558850560e-05
-1.956740160212325826e-05
-1.953263451611358991e-05
-1.948707395611421744e-05
-1.945026290795046092e-05
-1.943140920980025878e-05
-1.938633033564536015e-05
-1.929044346232228365e-05
-1.924270390954193518e-05
-1.922195916638044680e-05
-1.919562982557793370e-05
-1.915375460901557131e-05
-1.911111395101554832e-05
-1.903833719992358212e-05
-1.899074974911145775e-05
-1.891038736628868698e-05
-1.884430025238351429e-05
-1.883341008516923636e-05
-1.877606472052024809e-05
-1.873970418488476853e-05
-1.867090136784857774e-05
-1.860797278305795021e-05
-1.857372123564398876e-05
-1.849474536305662124e-05
-1.847060656179828726e-05
-1.838775784678241463e-05
-1.835923880113638157e-05
-1.833229538394303025e-05
-1.825827403382763282e-05
-1.818116752871701809e-05
-1.817281255924307412e-05
-1.812797391654256753e-05
-1.811820480126039102e-05
-1.807522500937062154e-05
-1.797771092530541168e-05
-1.793012484880697507e-05
-1.783176466418574314e-05
-1.779897649222744193e-05
-1.773602055002473622e-05
-1.770286830694429135e-05
-1.766674328920404726e-05
-1.763195969416202769e-05
-1.754731265524525031e-05
-1.751549825143521819e-05
-1.750654272893846931e-05
-1.739585314724591245e-05
-1.737613428311946925e-05
-1.728887530037313109e-05
-1.725232655409841882e-05
-1.724871079351331658e-05
-1.721165892107607992e-05
-1.719872254419865698e-05
-1.715051082957510885e-05
-1.711159304414634565e-05
-1.706535907136238567e-05
-1.697125212742368262e-05
-1.696004536523480300e-05
-1.692884511485502088e-05
-1.686977530317194400e-05
-1.682014086557780989e-05
-1.672124317473929142e-05
-1.670037481204035172e-05
-1.664148431702474650e-05
-1.659031766114540317e-05
-1.657591735992746206e-05
-1.653271644256860501e-05
-1.648260424279639848e-05
-1.642530165035534890e-05
-1.638215014651464688e-05
-1.636197559486884869e-05
-1.627790896670244035e-05
-1.622812050025063444e-05
-1.620188181095244675e-05
-1.613461057254314917e-05
-1.604456860878212664e-05
-1.603313670871419746e-05
-1.593746305780918202e-05
-1.589845118397974010e-05
-1.588164307470247649e-05
-1.587432520514376314e-05
-1.578084734920032190e-05
-1.576657478271839422e-05
-1.573717600480418796e-05
-1.571529155558987298e-05
-1.559593994341018988e-05
-1.558286931494215198e-05
-1.553844086670940700e-05
-1.551195135646401993e-05
-1.548157385254629533e-05
-1.541182810361982437e-05
-1.535966992114082868e-05
-1.534198320668422823e-05
-1.528725927536343803e-05
-1.525405746500368582e-05
-1.518627091056854155e-05
-1.516962699991495291e-05
-1.511584606650402378e-05
-1.506058302190166275e-05
-1.501866904273796985e-05
-1.497403232420410366e-05
-1.496495915383331888e-05
-1.488618830903374551e-05
-1.486193981631930640e-05
-1.482698864443135955e-05
-1.474337532614590462e-05
-1.469755700576290087e-05
-1.468641641784298694e-05
-1.464582886402090405e-05
-1.459588134823954767e-05
-1.453766361091641816e-05
-1.452585472233295679e-05
-1.447542287594961076e-05
-1.440375753314081421e-05
-1.435887663722221033e-05
-1.434601280139232079e-05
-1.422998689730173974e-05
-1.421364695349790897e-05
-1.418037471444992037e-05
-1.410606899208868741e-05
-1.407773786656771774e-05
-1.406212068087569660e-05
-1.402190221609460590e-05
-1.399349252949197648e-05
-1.394173108977874883e-05
-1.389210292254561856e-05
-1.385758706534760631e-05
-1.378234326122679336e-05
-1.375823431087921257e-05
-1.374396009123128426e-05
-1.372444414601598361e-05
-1.364825156111925143e-05
-1.361602121461013629e-05
-1.358622428187846118e-05
-1.354825840886421867e-05
-1.349858424000339515e-05
-1.344410497144026241e-05
-1.340590170569148762e-05
-1.339698224924693223e-05
-1.334371407886925768e-05
-1.330789572088625293e-05
-1.327512694511534638e-05
-1.321052632020919231e-05
-1.318450103634978870e-05
-1.309502995984636202e-05
-1.305805512877928411e-05
-1.303765890786205829e-05
-1.298385117859244537e-05
-1.295197686392006526e-05
-1.286845750067036486e-05
-1.282105371282124054e-05
-1.277731931854757083e-05
-1.273428450627513717e-05
-1.272269857401172323e-05
-1.269887035248885713e-05
-1.266826892359256174e-05
-1.259486230212314519e-05
-1.255206792284230053e-05
-1.253761566568858993e-05
-1.246483995492014158e-05
-1.243110230890531536e-05
-1.241886688213739017e-05
-1.237267902859515148e-05
-1.233651890174905519e-05
-1.231383829399802890e-05
-1.228216035177951486e-05
-1.223204736106844207e-05
-1.218955947726890713e-05
-1.215610959716280348e-05
-1.208599158828357178e-05
-1.205533051306300618e-05
-1.199026906072406938e-05
-1.198378459127828764e-05
-1.194613629535351334e-05
-1.193158267187072167e-05
-1.190603906244522979e-05
-1.186544800847141832e-05
-1.179209580400462370e-05
-1.176608704485137389e-05
-1.174749093410988231e-05
-1.173634269341091129e-05
-1.171681917585718208e-05
-1.166748005071336177e-05
-1.160119334286391323e-05
-1.156967123260281915e-05
-1.152741102583815819e-05
-1.149202374919982090e-05
-1.144026932599040765e-05
-1.140271778865147067e-05
-1.137434292814861570e-05
-1.132435324280683525e-05
-1.130311016639580163e-05
-1.124545177722333298e-05
-1.121782549253072726e-05
-1.121040141324528062e-05
-1.116881240409554807e-05
-1.111457801292342402e-05
-1.107913964364119405e-05
-1.104619503646755075e-05
-1.102562150905752194e-05
-1.099635358435205193e-05
-1.090899807800503062e-05
-1.088902881448101897e-05
-1.085063842588795044e-05
-1.081743115429175130e-05
-1.078947298705609660e-05
-1.076548518404153779e-05
-1.074398030124277444e-05
-1.066487657070278459e-05
-1.063308029268934334e-05
-1.058583116022186662e-05
-1.054699974529165230e-05
-1.053270203540751586e-05
-1.049184744632435393e-05
-1.046204530803857344e-05
-1.039871432856327644e-05
-1.036050068351557645e-05
-1.033766674706041792e-05
-1.031592834232178982e-05
-1.029888670308602755e-05
-1.028505838044627901e-05
-1.026004880873612080e-05
-1.021312672325875348e-05
-1.013528796257456397e-05
-1.009720080421810720e-05
-1.007093761799886358e-05
-1.004555984277094718e-05
-1.002538730212017414e-05
-9.993702747170435350e-06
-9.945267235237443808e-06
-9.909913496480832247e-06
-9.869120057538803906e-06
-9.847067562091396537e-06
-9.827523173177647823e-06
-9.782842564720622161e-06
-9.749040993125981865e-06
-9.686495977028382004e-06
-9.663982242447338313e-06
-9.653289512526804983e-06
-9.583371311497858249e-06
-9.566055676522682355e-06
-9.553193035054783239e-06
-9.520297134442859440e-06
-9.475285664083759091e-06
-9.424384534223512452e-06
-9.414828898648756569e-06
-9.381774196220192674e-06
-9.368918063336089308e-06
-9.323804087878541402e-06
-9.305438455788160912e-06
-9.301650902239984138e-06
-9.224310281440784357e-06
-9.205448811761517475e-06
-9.148425122510581948e-06
-9.114260365277326457e-06
-9.099624644486911082e-06
-9.062908256186581415e-06
-9.028318548943744173e-06
-8.973648578555303549e-06
-8.952899323932972544e-06
-8.937144449696057940e-06
-8.887877549614636586e-06
-8.871564974822739304e-06
-8.813823632691918734e-06
-8.790968696395127461e-06
-8.768207900835203744e-06
-8.739210691425647649e-06
-8.650147946710966902e-06
-8.613903767764340111e-06
-8.604891558575214629e-06
-8.589774462236280067e-06
-8.531100490448555003e-06
-8.503920459423958421e-06
-8.486511518232249277e-06
-8.461000682510557268e-06
-8.409521623161182638e-06
-8.381611067136100356e-06
-8.339577442912861669e-06
-8.327818053638167612e-06
-8.299017018802591012e-06
-8.288898540603985055e-06
-8.218648603860283705e-06
-8.183300972802713425e-06
-8.169251928082954143e-06
-8.141084167972545998e-06
-8.120957248621789705e-06
-8.059235003168753402e-06
-8.044527520345710252e-06
-8.007588172901267698e-06
-7.996113420240030036e-06
-7.922772523685583536e-06
-7.895693964795772395e-06
-7.846548618558503175e-06
-7.836181288210318627e-06
-7.829136417774326602e-06
-7.793255009794742373e-06
-7.749720225749783919e-06
-7.721439752573557860e-06
-7.699430827296442520e-06
-7.640934983127295851e-06
-7.619979929265535755e-06
-7.597817425419218966e-06
-7.594545631790521365e-06
-7.567588571534293475e-06
-7.513288382074706738e-06
-7.482907729876630339e-06
-7.449878722125266987e-06
-7.415814281509527410e-06
-7.384581420485674647e-06
-7.373571417966632287e-06
-7.325922135634381897e-06
-7.309716033228387724e-06
-7.276490844000055853e-06
-7.247656060769567904e-06
-7.229401070448675517e-06
-7.196605215429056723e-06
-7.176206582055117656e-06
-7.162639361735049042e-06
-7.145482894926293652e-06
-7.116230130104238811e-06
-7.083357375522754729e-06
-7.047633617054203706e-06
-7.013911836438356531e-06
-6.977624496421012471e-06
-6.957599760434760063e-06
-6.920407022738086840e-06
-6.892078850775942089e-06
-6.880663802402421773e-06
-6.833897350299482724e-06
-6.804889930813019023e-06
-6.754443861685731452e-06
-6.738864624492440787e-06
-6.685654466963786271e-06
-6.677902694375256639e-06
-6.657535260568906080e-06
-6.597632429695990828e-06
-6.586840737629057541e-06
-6.570809289130819973e-06
-6.527799163668723223e-06
-6.519851000691470430e-06
-6.468348087601697501e-06
-6.441772794385721951e-06
-6.387270590055257957e-06
-6.375375111882727773e-06
-6.360149462982756801e-06
-6.340291601777025266e-06
-6.316847413963761036e-06
-6.296530155353650650e-06
-6.269934982785437501e-06
-6.217218738671513695e-06
-6.180312953215751801e-06
-6.153490989433819638e-06
-6.116146784079910006e-06
-6.112269148706063171e-06
-6.086955070537404483e-06
-6.069781197646720006e-06
-6.059450779168683680e-06
-6.025235736516309320e-06
-5.975031455026428102e-06
-5.965141871443867097e-06
-5.946083729309359592e-06
-5.929730457862948700e-06
-5.874598244886640662e-06
-5.847431443147597123e-06
-5.832743697455478078e-06
-5.788289559959090377e-06
-5.780512991868983993e-06
-5.751152666356458696e-06
-5.698069072771592974e-06
-5.677841549329392405e-06
-5.674349461697527174e-06
-5.625796136299157588e-06
-5.607660120152040588e-06
-5.578792120045167247e-06
-5.565453853581773261e-06
-5.559796134698490752e-06
-5.533294845114432316e-06
-5.498693535041407548e-06
-5.458019995022349694e-06
-5.424798167438459775e-06
-5.412474520374630136e-06
-5.353710548110790874e-06
-5.339250334563823567e-06
-5.324134265397602007e-06
-5.297058517351972518e-06
-5.276700556109543939e-06
-5.271406422591852251e-06
-5.210379367190477726e-06
-5.193053673782088674e-06
-5.150081540232233979e-06
-5.144806435662919333e-06
-5.133143913327558207e-06
-5.092508823001727395e-06
-5.086883219791398722e-06
-5.065397704144934072e-06
-5.009976341767470230e-06
-4.986021206630528198e-06
-4.953218975062826313e-06
-4.923208876068568319e-06
-4.894853179958193334e-06
-4.878560899590436078e-06
-4.823170098196067369e-06
-4.808953443396128326e-06
-4.790021462298484263e-06
-4.770708649252842985e-06
-4.736428648806487843e-06
-4.714851415394713119e-06
-4.674366831752258582e-06
-4.665261537681781647e-06
-4.643096301321828992e-06
-4.615440091526710234e-06
-4.593874649382506544e-06
-4.558580502633691250e-06
-4.514550608649428126e-06
-4.496876360777385552e-06
-4.468546216054334211e-06
-4.438549719629261184e-06
-4.418443147551124361e-06
-4.364276381562485419e-06
-4.337981946703786291e-06
-4.328287518826837522e-06
-4.316183039665525916e-06
-4.302083489186217226e-06
-4.284417399872484720e-06
-4.270762114473300247e-06
-4.247677836820004623e-06
-4.201108790633256457e-06
-4.195885853149015289e-06
-4.163133623891244358e-06
-4.143818776371531902e-06
-4.099606198746736127e-06
-4.094305773207105907e-06
-4.049821851943661964e-06
-4.028191142584025916e-06
-3.986452967302828713e-06
-3.946169318914082691e-06
-3.943144076389828914e-06
-3.921711477915631704e-06
-3.904735855636887682e-06
-3.891547859915296178e-06
-3.850192317711833759e-06
-3.834558865992529344e-06
-3.821348142965563865e-06
-3.767829902666039793e-06
-3.735508254328793350e-06
-3.726949875472669399e-06
-3.703409824139801561e-06
-3.681840055120693494e-06
-3.637233962078845048e-06
-3.605415080067449969e-06
-3.584866765030743706e-06
-3.580818844929737080e-06
-3.554827847338239467e-06
-3.540135865709047227e-06
-3.502107736738861761e-06
-3.476906951581766396e-06
-3.465784338824906397e-06
-3.436344288875452347e-06
-3.433196373611002012e-06
-3.382186226077296628e-06
-3.373326774471042529e-06
-3.352512745073747399e-06
-3.327319849768700823e-06
-3.302266148653031213e-06
-3.276792737527840365e-06
-3.255343721193934629e-06
-3.244527623303329655e-06
-3.221496755589634215e-06
-3.201492016844048444e-06
-3.176024498731938843e-06
-3.159601833399440808e-06
-3.129357812304579405e-06
-3.105638422130429311e-06
-3.100044636401850741e-06
-3.055656285195806016e-06
-3.021038809927510420e-06
-2.989882092670578833e-06
-2.967850540679991846e-06
-2.938658210830481232e-06
-2.934813348635963747e-06
-2.912359255307997232e-06
-2.855917849182358887e-06
-2.825621469906414140e-06
-2.801297662978087539e-06
-2.781600581544919657e-06
-2.761269837538121613e-06
-2.732721721215702893e-06
-2.710946711164790994e-06
-2.700681686922274555e-06
-2.681465680366357091e-06
-2.669511509285147025e-06
-2.647172313121762342e-06
-2.630623206871493952e-06
-2.581377033124775981e-06
-2.563156116094304760e-06
-2.551563872069934510e-06
-2.533156838793269726e-06
-2.522798006970680254e-06
-2.469726663724710053e-06
-2.462069138875049587e-06
-2.445041374226784856e-06
-2.428857918259860997e-06
-2.421822538167398339e-06
-2.374364776458235720e-06
-2.355997957619969752e-06
-2.346782231564996963e-06
-2.330545839952208090e-06
-2.299194524144917156e-06
-2.286055916938555895e-06
-2.249816229194493526e-06
-2.231107802117060634e-06
-2.208498542080598270e-06
-2.175068262009393175e-06
-2.138936654046747483e-06
-2.133845392685630104e-06
-2.111639127933751318e-06
-2.100763607402985752e-06
-2.091790364989576961e-06
-2.080911797675024032e-06
-2.037990819212941601e-06
-2.017554199559768442e-06
-1.992809141999843007e-06
-1.973435345680866493e-06
-1.947276971076454439e-06
-1.942343714223067808e-06
-1.912102796424392577e-06
-1.892678318529166699e-06
-1.869162832015295184e-06
-1.837611071942661507e-06
-1.806444421797599540e-06
-1.786742721014129192e-06
-1.772731904532079301e-06
-1.749077870447226506e-06
-1.741296101712759908e-06
-1.715769270613085693e-06
-1.692623275430838591e-06
-1.672645334693343902e-06
-1.638622759296824426e-06
-1.620922095172777372e-06
-1.600353280577448506e-06
-1.589896790817339802e-06
-1.561387692655865049e-06
-1.556793210324750106e-06
-1.509492004924588676e-06
-1.489301587715099534e-06
-1.470164323045437801e-06
-1.459945193604737399e-06
-1.446445729786573645e-06
-1.418129487249282801e-06
-1.405094838421602197e-06
-1.391730578251528248e-06
-1.373659389618132074e-06
-1.364090425195145685e-06
-1.346900423783298294e-06
-1.330355666559670784e-06
-1.303125951399794548e-06
-1.258865257542520575e-06
-1.255520348326262692e-06
-1.219540556568913787e-06
-1.211416626365287320e-06
-1.177907196563744085e-06
-1.147833104578024666e-06
-1.120606546768709867e-06
-1.101760298350471485e-06
-1.088432688943121870e-06
-1.075785939865972034e-06
-1.048534352328034569e-06
-1.042290936796801887e-06
-1.027235315113480370e-06
-9.906612944691083268e-07
-9.758481176475573154e-07
-9.356494836554209866e-07
-9.209248492457223299e-07
-9.066573919068600019e-07
-8.805895584005678205e-07
-8.576052665976340429e-07
-8.531928802394185711e-07
-8.183065626602836189e-07
-8.054609348363107947e-07
-7.766999346588658342e-07
-7.572666377757512410e-07
-7.549734787772179575e-07
-7.443311599382598424e-07
-6.965783595236046239e-07
-6.871300866066343364e-07
-6.686730392038206686e-07
-6.571687155405189859e-07
-6.325919670250056471e-07
-6.049484712219675113e-07
-5.998317676655904391e-07
-5.731368671890111401e-07
-5.448819357776418617e-07
-5.294115287791240506e-07
-5.184831293406166074e-07
-4.900420088571483115e-07
-4.869515215963172974e-07
-4.689302991376175789e-07
-4.599738789038537115e-07
-4.357826681351893092e-07
-4.004818378323668795e-07
-3.937648067770530607e-07
-3.787632683043320369e-07
-3.725192360303790860e-07
-3.354447305304900086e-07
-3.177966867420346862e-07
-2.979515162496763926e-07
-2.772240798335002891e-07
-2.519378524849990036e-07
-2.373882249139967249e-07
-2.247085323297600117e-07
-2.053226053830571655e-07
-1.810704064293287970e-07
-1.674076769898431275e-07
-1.501402507844537826e-07
-1.380350580051813570e-07
-1.200659854701019455e-07
-1.012621954115823912e-07
-7.708537053235804730e-08
-6.171277914065278267e-08
-3.356516715340252404e-08
-2.900213521594574991e-08
-1.600670524246094869e-08
-3.300077827959455541e-09
1.801316965107453330e-08
4.769302682338976688e-08
5.566458417734908064e-08
7.610248237278857394e-08
8.885484244091971165e-08
1.073677334707131990e-07
1.378651723227153832e-07
1.547054574512826352e-07
1.673389984350077525e-07
1.902413539912378442e-07
2.258153469712619742e-07
2.373705301594486361e-07
2.514686490458406131e-07
2.695297490724863217e-07
2.927684659856659140e-07
3.269358444366147794e-07
3.355213495813276049e-07
3.498877945134370247e-07
3.668527261977532036e-07
3.851177633653989310e-07
4.052157943217858190e-07
4.206184411939992644e-07
4.409683851082740267e-07
4.641355337928978750e-07
4.828764317837056049e-07
5.063795412655200943e-07
5.246533761175833076e-07
5.333654720998733935e-07
5.677048102205077291e-07
5.989130729255715170e-07
6.078206101922521683e-07
6.216271271543683094e-07
6.434790945909039859e-07
6.623449309151865188e-07
6.733026416774324124e-07
7.040269385781082932e-07
7.151209027230391328e-07
7.342468939598283603e-07
7.467633969065733103e-07
7.604705923167219340e-07
7.768273033514653753e-07
7.888774677514114810e-07
7.953531537913993344e-07
8.160324777211296202e-07
8.355279448871121354e-07
8.579266613971765195e-07
8.777758615705016609e-07
9.063522277158405054e-07
9.302427784142995533e-07
9.416048047266663596e-07
9.949273549024616315e-07
1.004913980457684090e-06
1.018656967075199744e-06
1.049505253663308501e-06
1.061033684426285307e-06
1.080202115054797943e-06
1.092673877545312755e-06
1.116023753391633378e-06
1.134030725080514327e-06
1.143363518939894803e-06
1.159614449439300176e-06
1.209568261623806297e-06
1.216321658247560315e-06
1.232216336869905168e-06
1.249120533527483712e-06
1.269208537963502950e-06
1.286740689899632851e-06
1.315972761878282700e-06
1.342402474262126976e-06
1.363296331386174249e-06
1.377730293467678700e-06
1.408366325680670449e-06
1.424338703737334942e-06
1.446586791076570817e-06
1.459478867901154603e-06
1.467611000070359664e-06
1.485306896927247623e-06
1.513087554632848516e-06
1.528355635882368360e-06
1.558567592991237513e-06
1.581157259880941650e-06
1.599180444508922673e-06
1.639088212462718979e-06
1.656748538571949097e-06
1.683817493215521297e-06
1.692617613610843682e-06
1.710970867340368645e-06
1.738809364592733394e-06
1.759048755717880277e-06
1.775838121483282389e-06
1.795541136704460085e-06
1.819733320052361541e-06
1.841616910139378858e-06
1.849967092342255442e-06
1.853584799641971085e-06
1.865226503939870141e-06
1.912034953626867614e-06
1.927260557552258834e-06
1.947964245379334415e-06
1.965221925364996727e-06
2.002836539431226801e-06
2.011761439005634822e-06
2.027339042691635872e-06
2.041384017119706924e-06
2.065014513112147744e-06
2.110986488777263159e-06
2.137576033592778078e-06
2.173224088632694152e-06
2.185362282810574580e-06
2.227440019804627575e-06
2.236886705613047798e-06
2.249632576894663763e-06
2.270343031695804131e-06
2.291646416443855461e-06
2.306732009401698855e-06
2.326839028472325070e-06
2.359838574164388557e-06
2.366296860946548464e-06
2.394203141550739284e-06
2.414533091814270346e-06
2.431960332788351206e-06
2.440598024023193042e-06
2.460804550382040235e-06
2.497257544050834623e-06
2.528801524206514953e-06
2.543822469345840356e-06
2.562182535068498782e-06
2.582926617102613983e-06
2.621428073506591017e-06
2.644531439512362245e-06
2.662360411284576158e-06
2.677745304856148946e-06
2.710738828226819299e-06
2.722395456470002919e-06
2.753061260052764251e-06
2.770746279553854787e-06
2.798401753458801826e-06
2.815741937761202647e-06
2.824853787710658968e-06
2.858365337619425418e-06
2.866668794124350471e-06
2.889929572575624295e-06
2.908880037505215886e-06
2.923289121628207340e-06
2.948236866887155735e-06
2.980069279411711913e-06
3.012209586320111094e-06
3.038695468497208648e-06
3.061861212151811358e-06
3.073893072796101470e-06
3.087018364688857974e-06
3.111832328808842733e-06
3.144185027106684123e-06
3.175364789137339809e-06
3.193209714673662309e-06
3.209840113717884022e-06
3.244007799206015147e-06
3.257302700398359785e-06
3.285439795140345274e-06
3.302849690975430436e-06
3.336749695357304037e-06
3.359527047681567333e-06
3.383422513146639093e-06
3.385168352722169890e-06
3.410719694365762259e-06
3.451168472966341424e-06
3.474241785036826005e-06
3.496673667881285051e-06
3.515960527621101677e-06
3.543908413307108724e-06
3.561493603366475049e-06
3.590049704823914693e-06
3.595141212865876565e-06
3.639586353157041391e-06
3.655984179133332426e-06
3.688604116069301943e-06
3.715620680655982654e-06
3.731178919734325294e-06
3.759636242591274248e-06
3.785069048599890265e-06
3.802263599326812616e-06
3.835482667515250007e-06
3.867586791920797742e-06
3.890504729791689467e-06
3.912722521194397124e-06
3.945068585075193236e-06
3.955309704371237287e-06
3.984026236292117290e-06
4.007658284782043130e-06
4.039629925316662700e-06
4.044144517611376075e-06
4.082979692080818105e-06
4.093175212291603286e-06
4.141345413049450571e-06
4.175469212542507450e-06
4.203097442918487245e-06
4.218309284411102493e-06
4.243759995884093782e-06
4.252464650112666218e-06
4.272375477937510296e-06
4.299255018595872172e-06
4.326058440368282282e-06
4.370430336028370146e-06
4.381465994851536190e-06
4.407138145049146867e-06
4.438445037404282406e-06
4.461830821035877025e-06
4.499073417117028050e-06
4.504310468572193284e-06
4.538970561147917697e-06
4.557434140189511284e-06
4.580014915146791005e-06
4.616571066724666175e-06
4.657953535624055575e-06
4.672663520313908694e-06
4.690523043001144418e-06
4.733306400089804539e-06
4.761058978972620077e-06
4.781534242927740997e-06
4.811576879172607002e-06
4.817396121918738987e-06
4.869849419139900367e-06
4.890048153620464611e-06
4.899636999777614069e-06
4.923595107601626222e-06
4.935456787818197043e-06
4.964865015443162063e-06
5.030360060225164763e-06
5.055357175009469930e-06
5.066974344692291930e-06
5.102458012481062627e-06
5.115657697189666943e-06
5.182196315900458269e-06
5.195066621645884191e-06
5.197839976734314654e-06
5.229503655756562939e-06
5.255867943250646594e-06
5.279099707702505290e-06
5.297039829907951364e-06
5.329697003265319744e-06
5.361649849380178383e-06
5.366955321202774239e-06
5.371893783544992195e-06
5.400336964748421829e-06
5.444485276107811710e-06
5.463945624802296706e-06
5.505799426966290220e-06
5.532165393684046321e-06
5.543514224577000838e-06
5.570087589784355916e-06
5.607839636501496137e-06
5.661244976549002493e-06
5.676675675347417513e-06
5.702372429880177840e-06
5.748064175167463740e-06
5.769674343592377361e-06
5.773916996368268040e-06
5.806121020573781602e-06
5.852405605580941754e-06
5.863245136803422901e-06
5.878013064301811651e-06
5.909212473464865164e-06
5.933605429960559431e-06
5.941366698886567882e-06
5.998662439576206513e-06
6.008353084878296512e-06
6.035054611149514686e-06
6.062635370449082856e-06
6.083913778214356194e-06
6.136002665978641564e-06
6.182147577646398548e-06
6.194056960862590675e-06
6.214608905851959482e-06
6.257873873364859686e-06
6.275313463226703395e-06
6.317617417324055590e-06
6.348172162452131868e-06
6.370701823309888055e-06
6.387791406839706554e-06
6.421825238409295998e-06
6.460000858395505437e-06
6.474009688485953569e-06
6.483313526641626164e-06
6.525482924705834173e-06
6.548178617319723685e-06
6.573059363606807504e-06
6.608476819200792761e-06
6.634083373430484455e-06
6.653901689271275461e-06
6.681991573893453280e-06
6.702526908582432962e-06
6.747123847440214836e-06
6.765357398842791320e-06
6.776329658424497802e-06
6.836357124638605452e-06
6.863474042498655158e-06
6.892388344551828764e-06
6.964565914890298552e-06
6.980297647616729286e-06
6.997452836315303712e-06
7.036500644863847925e-06
7.055201792759395909e-06
7.093604826737366402e-06
7.109061768706151523e-06
7.132292523047155565e-06
7.146789186668719243e-06
7.197077267355891800e-06
7.225163834520072907e-06
7.237930089796066095e-06
7.283505871397922136e-06
7.307418432712926945e-06
7.342774463304427488e-06
7.362748969003853903e-06
7.429845065508804109e-06
7.439125745825238114e-06
7.459832029467803761e-06
7.500616454135175018e-06
7.530107212639883866e-06
7.553712841717573791e-06
7.570581372119241665e-06
7.640140774151285818e-06
7.674144971793455262e-06
7.686443370817670756e-06
7.706709127237216676e-06
7.743511663606786574e-06
7.760396956863383042e-06
7.775620175877047302e-06
7.802254431584942538e-06
7.847991119200217991e-06
7.884317268428713455e-06
7.937418016871079091e-06
7.938917250048241938e-06
7.976299664196885000e-06
7.997662001121826428e-06
8.042314006839815639e-06
8.076166436777239627e-06
8.090331562061621858e-06
8.106195662323408330e-06
8.143384446342641285e-06
8.157386385316654036e-06
8.229886511445456805e-06
8.241374268930689974e-06
8.268416227666300678e-06
8.305157347100268459e-06
8.356255188360403637e-06
8.396032727130141088e-06
8.438010780038238530e-06
8.446584840618809881e-06
8.494524554263659831e-06
8.501657890847538399e-06
8.566049385023701376e-06
8.609440617844941153e-06
8.618868502265413601e-06
8.651781812855046297e-06
8.684624855502860475e-06
8.700643172543918481e-06
8.722620132309861493e-06
8.778693332328084943e-06
8.802051374198396267e-06
8.825388390306169217e-06
8.892254391045655726e-06
8.912373185400774517e-06
8.943296241838415037e-06
8.969838636656111766e-06
8.977147935111520272e-06
9.008885246909099603e-06
9.022764253309134056e-06
9.098005323698499691e-06
9.103685159857671498e-06
9.126765560233203437e-06
9.204954551711220479e-06
9.210453478630463737e-06
9.250204563359337319e-06
9.288631142098952918e-06
9.337772050289608851e-06
9.372249696164125008e-06
9.392282658288387864e-06
9.463813570359470425e-06
9.474513560112841456e-06
9.508429154602325101e-06
9.539151682560462997e-06
9.571060926969048540e-06
9.582498439016139472e-06
9.634237752014904982e-06
9.677613803419850183e-06
9.683693262859149377e-06
9.718846596504381079e-06
9.738403839104998059e-06
9.775287402387672651e-06
9.802823163576195685e-06
9.850920373555116692e-06
9.875508252331229280e-06
9.882444855266458994e-06
9.931834003939270738e-06
9.982830006339900086e-06
1.004870413617553889e-05
1.005438962740867772e-05
1.009722064933774286e-05
1.014684738828570966e-05
1.016547221835319255e-05
1.021708996135257183e-05
1.023759497277278120e-05
1.025100967723908441e-05
1.029080230684172915e-05
1.032101850000431704e-05
1.035531311517777106e-05
1.035860361706191907e-05
1.038803658741203595e-05
1.043703628694702932e-05
1.048055277730615178e-05
1.049467152958503976e-05
1.057019247965939521e-05
1.058102450489586011e-05
1.063001323698161804e-05
1.065020866139261087e-05
1.073377297298015714e-05
1.074861015395950174e-05
1.077193117279223007e-05
1.079603530026675290e-05
1.082964999965768068e-05
1.085347149533367420e-05
1.089552567266267630e-05
1.093132719027487110e-05
1.096558387920198195e-05
1.100602930640463141e-05
1.110236964722574985e-05
1.110978768307318219e-05
1.113479820475575280e-05
1.115379392360500760e-05
1.116439906767487466e-05
1.122977442960043956e-05
1.125467313169738091e-05
1.132142407057156682e-05
1.136991949176649012e-05
1.143175168068157228e-05
1.146862470745266428e-05
1.147856533828154182e-05
1.150438818056780200e-05
1.156375782176702510e-05
1.158487035215719985e-05
1.160442065615596818e-05
1.167232924506784917e-05
1.171569416954149359e-05
1.175780025279260342e-05
1.179799710189444638e-05
1.182267516673348842e-05
1.188663959024050535e-05
1.192429318776165909e-05
1.193694233699356822e-05
1.196556447092191354e-05
1.203859666794396582e-05
1.208534503881852631e-05
1.209815134040296633e-05
1.215787887814284864e-05
1.217819280983923367e-05
1.220567484033425454e-05
1.227007217628909438e-05
1.227601694236974737e-05
1.233292870842553460e-05
1.235702954331725083e-05
1.240012557152482223e-05
1.243260158830645697e-05
1.246045337319294872e-05
1.250495610369547189e-05
1.254602955977866130e-05
1.257529237272604993e-05
1.259923787130007948e-05
1.266805504461885145e-05
1.271883944279221194e-05
1.273759774778500071e-05
1.276185889556095627e-05
1.279245600836683684e-05
1.283417377342569369e-05
1.287360382715404595e-05
1.289137976583023725e-05
1.291924848545579640e-05
1.296103332125046440e-05
1.299406208210034473e-05
1.304205546041200936e-05
1.311022982893933715e-05
1.317515601319423236e-05
1.318293831174347743e-05
1.320980230051843203e-05
1.323717918556591824e-05
1.327897735877673564e-05
1.330911125910934820e-05
1.336814964228577223e-05
1.339044801846392678e-05
1.344729170128447713e-05
1.350747066029382105e-05
1.352120839704790236e-05
1.358632789685222295e-05
1.364456367302203940e-05
1.367565573851223507e-05
1.376542928636221510e-05
1.378761247943541303e-05
1.383115158715777562e-05
1.384892786716998602e-05
1.387636847673881202e-05
1.392220371967795408e-05
1.394232432661364895e-05
1.399404026280103982e-05
1.403422573021292818e-05
1.407171732828881077e-05
1.409249375308465402e-05
1.420554716880834364e-05
1.423381504523778696e-05
1.426341503728343153e-05
1.431401811208516084e-05
1.437987177962462028e-05
1.440773010735081244e-05
1.442926778652716186e-05
1.445113767470056960e-05
1.454105531382170454e-05
1.457219589409829281e-05
1.463836328511189222e-05
1.464353597644556360e-05
1.468376657850409939e-05
1.470172933953907380e-05
1.477433510001144934e-05
1.484275452747122509e-05
1.485705919727854226e-05
1.489700359780698023e-05
1.492255268730795838e-05
1.498523481557486166e-05
1.500788226720482195e-05
1.503953092112000805e-05
1.509170223845729163e-05
1.510060760081546184e-05
1.515787783819238282e-05
1.518700706227561353e-05
1.524716169649781510e-05
1.530490874276421297e-05
1.532079626656797342e-05
1.536893101797471607e-05
1.539370356760318785e-05
1.543957101147953366e-05
1.551107046258746672e-05
1.555278733558852685e-05
1.559116813789089554e-05
1.567362670524134250e-05
1.569599359932415984e-05
1.573928160622994890e-05
1.576486701669933436e-05
1.583447037688062191e-05
1.585033081621448534e-05
1.592328454736280754e-05
1.595568095619724806e-05
1.600192217368168695e-05
1.610405303714793971e-05
1.615650724453324095e-05
1.616709164809220457e-05
1.623730359074801401e-05
1.624486133501597517e-05
1.628425822964565603e-05
1.630675173201120637e-05
1.637958258429754254e-05
1.640690892393136086e-05
1.648603850553054207e-05
1.652670076283565867e-05
1.653099236346782745e-05
1.660160021872880340e-05
1.666354525325623799e-05
1.667074609431207916e-05
1.674024597658859404e-05
1.681261361121930118e-05
1.685753675872392909e-05
1.689413369275834223e-05
1.695186954234137726e-05
1.698847814615310394e-05
1.705668253708433332e-05
1.708480061823629997e-05
1.714225704648782365e-05
1.716349258707219725e-05
1.719952397859021148e-05
1.724567201670974758e-05
1.732170603925640629e-05
1.736242782235968948e-05
1.742350507829016143e-05
1.744300961419461180e-05
1.750801543554551728e-05
1.755338008026097180e-05
1.760682206112328905e-05
1.770195619185261753e-05
1.774210195110457544e-05
1.783119053622457049e-05
1.789211145545132109e-05
1.791668349658500942e-05
1.796477462306020063e-05
1.801150664667701905e-05
1.805304018002017066e-05
1.809880058064354538e-05
1.818120337660941824e-05
1.824813987285976008e-05
1.826961226669453545e-05
1.834554247505908306e-05
1.838187402418174694e-05
1.842047523650233165e-05
1.843553981092483390e-05
1.852154144596262068e-05
1.858268299492438983e-05
1.860165193077304127e-05
1.862392907462018981e-05
1.872403330474998532e-05
1.873669489732202850e-05
1.883428506376401605e-05
1.890477536851806932e-05
1.900423857999036486e-05
1.901022695834834428e-05
1.905040349347725270e-05
1.911011017895835560e-05
1.913039286230747591e-05
1.920756781180125414e-05
1.929653010159445583e-05
1.933284525454798865e-05
1.937471926532763751e-05
1.944957326351374601e-05
1.950146138903841039e-05
1.951637812370823175e-05
1.959522170625184554e-05
1.964390770000505897e-05
1.974964928180087062e-05
1.977375082337582207e-05
1.982884138131738819e-05
1.988113140774672922e-05
1.993410352735116382e-05
1.998213392574786805e-05
2.007057323611475058e-05
2.010653485988176387e-05
2.012534215819979143e-05
2.018380626908801304e-05
2.024552699239940572e-05
2.031462810181418040e-05
2.036228608589771101e-05
2.044166140978366511e-05
2.048325991452935928e-05
2.052424379542852888e-05
2.055920757268692801e-05
2.062017522966641861e-05
2.067989101139994237e-05
2.069707526386321822e-05
2.079092784161115878e-05
2.083457040026542598e-05
2.090222604090436858e-05
2.097762502400344557e-05
2.105513773602149251e-05
2.108717476784773592e-05
2.114008596826767191e-05
2.118939388078585660e-05
2.123473180408738746e-05
2.133923069680147881e-05
2.134943892441229355e-05
2.138963561114375319e-05
2.143613993771653479e-05
2.149899869109201650e-05
2.154179654696330274e-05
2.165494689424742175e-05
2.172167319023087266e-05
2.176688802776934880e-05
2.178738656927070057e-05
2.187072182657845475e-05
2.194698412743175113e-05
2.202365449613243005e-05
2.205624884456425819e-05
2.215573789398578926e-05
2.219189059348123684e-05
2.224088705987394373e-05
2.230467376128414576e-05
2.232639765842656240e-05
2.241082752977937537e-05
2.253075224670800870e-05
2.258286895910309659e-05
2.265213219338344644e-05
2.271191181537041381e-05
2.272705876355445514e-05
2.280518669083062041e-05
2.284703928386492847e-05
2.292061420377904113e-05
2.300099964727195918e-05
2.311983359074330381e-05
2.315948773292312690e-05
2.318820302004155937e-05
2.323202469361966747e-05
2.330017223534538816e-05
2.332757049513161312e-05
2.336328224192323950e-05
2.350737906976183055e-05
2.352985650299112828e-05
2.358513707019634111e-05
2.364192652217467940e-05
2.368429919420290315e-05
2.376179881334264336e-05
2.379887903665688155e-05
2.384914790130456772e-05
2.402577258537869613e-05
2.407074271066337155e-05
2.411783725068618642e-05
2.422493015797325521e-05
2.431108356166173859e-05
2.435280179278338832e-05
2.438627340551670510e-05
2.447904672357456102e-05
2.451653139754131344e-05
2.456117359547330722e-05
2.463427918628864201e-05
2.470988868943814335e-05
2.475683005793960005e-05
2.479967452325728449e-05
2.491419215988730204e-05
2.497102025913591679e-05
2.503459807544718331e-05
2.512598779157850396e-05
2.514840882218784447e-05
2.521817788878868557e-05
2.529207926876971433e-05
2.534084350566558522e-05
2.542795658294762123e-05
2.543757855827921734e-05
2.548967969773818288e-05
2.553017070268112437e-05
2.556994634160938011e-05
2.571432475899597929e-05
2.588623357485097127e-05
2.590771008060123613e-05
2.599063474248325501e-05
2.602090192792411895e-05
2.614214965305111207e-05
2.626118253423150912e-05
2.627860196130988115e-05
2.629989175667160536e-05
2.638047030989983514e-05
2.651495168201961823e-05
2.660250497568261092e-05
2.673403522366558636e-05
2.678630591921382718e-05
2.680390084035399011e-05
2.687220278938048533e-05
2.690427526323232145e-05
2.703447089335070581e-05
2.708766103411944072e-05
2.719389972884280252e-05
2.727076293927628795e-05
2.729847745494430302e-05
2.736821133307222004e-05
2.751794454349123327e-05
2.757285204131631586e-05
2.759740125649419093e-05
2.767863666789414717e-05
2.772347261387268476e-05
2.783219676785745391e-05
2.788758008089960424e-05
2.794632119890864657e-05
2.799174120097953640e-05
2.819445906093531002e-05
2.825936374177943854e-05
2.831150112831976994e-05
2.842442874480619600e-05
2.844659722361907804e-05
2.857194703029060484e-05
2.858978700352367370e-05
2.869079448177806288e-05
2.877473354291994797e-05
2.885720428732271322e-05
2.892627644900141703e-05
2.899402086656155809e-05
2.907912325982116346e-05
2.911796239300311538e-05
2.924211896128446628e-05
2.928997025663970092e-05
2.941818190004876350e-05
2.949338762863445561e-05
2.955889838863090031e-05
2.963958542847338725e-05
2.967939588956309711e-05
2.975830314884165360e-05
2.986358310747789309e-05
2.997577260251024813e-05
3.003487920038685533e-05
3.024174883110003741e-05
3.030079326191467665e-05
3.035545636165770555e-05
3.041486432295211831e-05
3.046175472015014374e-05
3.047805191764429858e-05
3.061861965524245222e-05
3.068754047365479656e-05
3.078672216737870587e-05
3.084204178149577803e-05
3.085908867754209281e-05
3.095033696300748469e-05
3.110433627979486892e-05
3.123223077272807054e-05
3.129306376726600375e-05
3.135700621268246619e-05
3.143785551052896606e-05
3.151805629743159294e-05
3.164760756965413036e-05
3.171931011330197345e-05
3.178290123275114167e-05
3.187728947626553559e-05
3.200547308316495067e-05
3.213341004695892422e-05
3.213654969106177799e-05
3.226129070383483273e-05
3.237550409147213785e-05
3.244120034059464201e-05
3.251181391522201826e-05
3.255767323467502608e-05
3.268932989768318466e-05
3.274285819584459478e-05
3.285501483477052038e-05
3.298833355224543151e-05
3.303858514463296764e-05
3.314168710477784609e-05
3.329955676317328559e-05
3.333938836540471627e-05
3.345853024526112781e-05
3.352169561664960205e-05
3.358043275147988766e-05
3.369045518325537042e-05
3.388649087822084356e-05
3.400217330207652375e-05
3.404637773322313077e-05
3.419945117994469176e-05
3.433412660163219309e-05
3.444649301386575702e-05
3.452207068649964183e-05
3.461397737531553661e-05
3.464433080755404776e-05
3.468941963374497461e-05
3.492320254320970679e-05
3.509995602543977298e-05
3.515119015037522531e-05
3.523107546402493712e-05
3.537765204248421866e-05
3.554660907600332522e-05
3.570542681863700439e-05
3.583226390082163793e-05
3.594569392857720002e-05
3.600324815895525907e-05
3.607659431994394425e-05
3.623838170527472264e-05
3.629538901015522172e-05
3.635985044361425528e-05
3.654082954709741532e-05
3.669237135938626266e-05
3.685606624997900076e-05
3.698531891723249920e-05
3.708994198364446495e-05
3.716020885503418204e-05
3.718717914447963415e-05
3.741149170240419373e-05
3.760597610270857222e-05
3.771066946895309613e-05
3.789054928576661560e-05
3.799785236381706928e-05
3.800505639964282903e-05
3.816287937060871139e-05
3.826277836744530704e-05
3.833821324708046671e-05
3.837629515086445563e-05
3.862353566608807789e-05
3.871511244291564658e-05
3.891923950291847884e-05
3.902955284003958424e-05
3.922281020419422646e-05
3.935531066268936525e-05
3.947452913057209622e-05
3.965481734037791815e-05
3.969451908733889143e-05
3.981518040066072257e-05
3.992581571489980295e-05
4.009598588901750675e-05
4.022415417505966807e-05
4.049914857454890374e-05
4.055660135812410710e-05
4.072744319727579965e-05
4.080312178838025906e-05
4.092689694876190085e-05
4.111077504185106218e-05
4.134721546225865322e-05
4.138741167228225713e-05
4.142126820072368292e-05
4.155116362611938372e-05
4.172806723635740265e-05
4.178070685501068408e-05
4.203501792488308785e-05
4.224687258735759625e-05
4.231722556591904663e-05
4.247084795957941630e-05
4.274551823534827568e-05
4.295462632717329430e-05
4.300279188913946638e-05
4.318948710803720406e-05
4.321788721945463851e-05
4.324691522633230124e-05
4.348141119052461521e-05
4.366201193953795734e-05
4.393050805459691553e-05
4.408011493971893455e-05
4.415221229848485611e-05
4.446154105509290662e-05
4.449825250785015285e-05
4.483808957701142391e-05
4.499493368442153602e-05
4.521743829719010427e-05
4.528111484767955949e-05
4.548987314663596444e-05
4.567442682214020960e-05
4.592180123516523412e-05
4.605284598136509874e-05
4.616136170168697397e-05
4.648738220373704037e-05
4.665164138674524655e-05
4.681366617246361509e-05
4.709940033678429618e-05
4.723669663508777057e-05
4.736091110179954948e-05
4.772619595889866095e-05
4.793641045426775204e-05
4.796040093846018850e-05
4.803468151921503942e-05
4.837588929983430359e-05
4.856157668993204608e-05
4.869184963625710022e-05
4.916753328810160440e-05
4.926073578574928334e-05
4.945598931546329140e-05
4.968512118583766032e-05
4.984461111968704688e-05
5.006575196601501172e-05
5.027737584792567836e-05
5.040159642042705759e-05
5.060396535119185689e-05
5.073018668624919313e-05
5.114490721605048954e-05
5.135607402537796431e-05
5.160958958050449407e-05
5.172121208026938377e-05
5.215415256969188840e-05
5.229336514978740976e-05
5.252932130250842127e-05
5.283139162339786426e-05
5.342312432912041739e-05
5.347347413203024194e-05
5.382656429239275674e-05
5.405421779678006283e-05
5.437016708433954458e-05
5.479484062247133515e-05
5.525254249788590696e-05
5.540936685081787545e-05
5.555285233947220784e-05
5.606402633825401691e-05
5.643243520685128792e-05
5.651417724847658536e-05
5.726917515770435030e-05
5.737718159716554431e-05
5.770150679046578935e-05
5.808879887998759730e-05
5.862748749100163339e-05
5.882344200459782173e-05
5.926711508371011283e-05
6.024319820495847383e-05
6.051472222781859679e-05
6.113929559021278692e-05
6.178745666032078746e-05
8.621629912805712484e-05
