-1.482585617183836558e-04
-1.470640737443828334e-04
-1.449830889429952799e-04
-1.436667694344370119e-04
-1.429596360744084878e-04
-1.402588847072822986e-04
-1.393184608622918342e-04
-1.380435605465933472e-04
-1.371176032108953455e-04
-1.364924958241376816e-04
-1.363975884097618212e-04
-1.358322547147265886e-04
-1.346764980887045005e-04
-1.340786532376856365e-04
-1.334719132958474470e-04
-1.326614720455491971e-04
-1.321041592952969723e-04
-1.310955141942186616e-04
-1.307333823777055725e-04
-1.300480791867057891e-04
-1.295537569590179256e-04
-1.288170124610341137e-04
-1.285153195971938959e-04
-1.268189438963564794e-04
-1.266395948730279579e-04
-1.254727082008395866e-04
-1.253309376359295051e-04
-1.250217975431804041e-04
-1.242676792846847162e-04
-1.241313432831207418e-04
-1.232328733740349061e-04
-1.226418387487251981e-04
-1.221791473718426585e-04
-1.218910870085711809e-04
-1.216985213549041532e-04
-1.211057346324666484e-04
-1.203800308623866982e-04
-1.202396333663309112e-04
-1.198680951821214330e-04
-1.191910246224436827e-04
-1.186820947956079814e-04
-1.182912910200600295e-04
-1.179393654392030244e-04
-1.176252153196550632e-04
-1.167614200961251931e-04
-1.164956343428207725e-04
-1.161152270889826506e-04
-1.158748284929287845e-04
-1.150020082056184978e-04
-1.147661467901435088e-04
-1.144454256002959923e-04
-1.138080529485640364e-04
-1.132719214397998888e-04
-1.131221415108714671e-04
-1.128127914101066009e-04
-1.123887283661608913e-04
-1.119229218902103597e-04
-1.116822177266583771e-04
-1.113949548217986100e-04
-1.108708151190051984e-04
-1.105737120655423262e-04
-1.102725061188901016e-04
-1.098817866152687178e-04
-1.093554251321728050e-04
-1.092308371352237269e-04
-1.089658152206445684e-04
-1.087212939483550686e-04
-1.083137133086146806e-04
-1.079446460627868143e-04
-1.076895967747857756e-04
-1.074909783034205758e-04
-1.072257962825850261e-04
-1.066809328491715678e-04
-1.061031161783149038e-04
-1.060100977324937523e-04
-1.058879419153249094e-04
-1.055105885340581285e-04
-1.054304954635643126e-04
-1.051473088992441976e-04
-1.047805762160807462e-04
-1.044306826134398954e-04
-1.041951528382301914e-04
-1.037884738704174638e-04
-1.035119028177604707e-04
-1.031929700220683363e-04
-1.031125955004922722e-04
-1.026505977457994195e-04
-1.026256976539131291e-04
-1.025084215533671666e-04
-1.020994232617910533e-04
-1.017452858945602458e-04
-1.016756815993875856e-04
-1.011361115457414499e-04
-1.010338652649963914e-04
-1.004617051105767642e-04
-1.003692455480706332e-04
-1.001734572591880785e-04
-9.986074881310188025e-05
-9.945746645123647528e-05
-9.929388312708591806e-05
-9.901091392159312395e-05
-9.864045641832666709e-05
-9.853152333454110357e-05
-9.829420666227741061e-05
-9.818748297444968639e-05
-9.783416957009904991e-05
-9.768538166554663078e-05
-9.749209674783030884e-05
-9.714128705430676752e-05
-9.701897541718164863e-05
-9.682780184473164435e-05
-9.650370514037468698e-05
-9.643319447835363109e-05
-9.611790314673285740e-05
-9.598850926705017816e-05
-9.573591041674210742e-05
-9.544461854105908681e-05
-9.530309385885054750e-05
-9.503064655128152442e-05
-9.486081201849386429e-05
-9.457420488616703920e-05
-9.420062916971620368e-05
-9.410505467061723009e-05
-9.399508810534860253e-05
-9.387932454767284848e-05
-9.355356775425841920e-05
-9.329974207367594768e-05
-9.301881550302991506e-05
-9.293001942479940831e-05
-9.274464181034951411e-05
-9.252049649811409471e-05
-9.209550481384143642e-05
-9.190366758118235504e-05
-9.167453731656198838e-05
-9.152184642521047275e-05
-9.139954979452138907e-05
-9.130992242563950906e-05
-9.121386140422793175e-05
-9.073566071488127569e-05
-9.060512466240664949e-05
-9.057462236279520103e-05
-9.018514959661847700e-05
-9.013644612140487894e-05
-8.981779245832585907e-05
-8.949475596424548776e-05
-8.946666654013542307e-05
-8.939942622129303028e-05
-8.923365232367548160e-05
-8.896614805840212872e-05
-8.893435474117095346e-05
-8.860742355580178756e-05
-8.846800124928960610e-05
-8.825777427528438252e-05
-8.814744801627874711e-05
-8.814556291435423946e-05
-8.799522297121416497e-05
-8.780665973206084403e-05
-8.771899700162175302e-05
-8.741559467405322112e-05
-8.709808449123494344e-05
-8.702096651565211600e-05
-8.658466686974751632e-05
-8.642006997331828000e-05
-8.626375478739073486e-05
-8.616233681094095996e-05
-8.604352756012799137e-05
-8.588539094436803282e-05
-8.576118618313600061e-05
-8.571410863598064977e-05
-8.552479617900815567e-05
-8.539417375491628723e-05
-8.524551825513157347e-05
-8.518260393714755072e-05
-8.492760093727163260e-05
-8.467132736528168197e-05
-8.440779841265207974e-05
-8.431017014390230124e-05
-8.423174068439344430e-05
-8.386308181093357682e-05
-8.369516409158457625e-05
-8.364069262779914166e-05
-8.349919595808230198e-05
-8.341312744204695568e-05
-8.311153457781309819e-05
-8.300713386082108215e-05
-8.298346541915024258e-05
-8.282872365570343571e-05
-8.258631886540772273e-05
-8.250179057236698571e-05
-8.232942636635016173e-05
-8.208820958783537237e-05
-8.205085628223182225e-05
-8.163271120539990471e-05
-8.154928720304108170e-05
-8.141852854731451618e-05
-8.131433773058400582e-05
-8.119596413840357899e-05
-8.099384874203839038e-05
-8.093404122704275674e-05
-8.087263538371309906e-05
-8.057429111767592318e-05
-8.030583957477386377e-05
-8.022770437353324432e-05
-8.017193625953261866e-05
-7.993508128805476456e-05
-7.984952150359603154e-05
-7.977711823898733215e-05
-7.953871470919302901e-05
-7.950301007323463292e-05
-7.935656246381120771e-05
-7.908364718357272568e-05
-7.903162171360351453e-05
-7.886759686560543140e-05
-7.874884476301209104e-05
-7.866187711713441453e-05
-7.842168470660086589e-05
-7.829825731199025211e-05
-7.809826414573062150e-05
-7.793826619685057129e-05
-7.787432937212123178e-05
-7.775569608682319524e-05
-7.758604893696583371e-05
-7.754481654885750255e-05
-7.749188057741920356e-05
-7.734697572841470561e-05
-7.699709614493610999e-05
-7.696351978481410952e-05
-7.690337415026341633e-05
-7.667586651067043375e-05
-7.648033710756004661e-05
-7.642523796865808552e-05
-7.627386949117914954e-05
-7.619258112003911146e-05
-7.592120870092785743e-05
-7.571219335016770040e-05
-7.566130754394086817e-05
-7.554141376661064212e-05
-7.553364939876782975e-05
-7.529875830653371880e-05
-7.521335507498105475e-05
-7.502321699697835913e-05
-7.494351371157720071e-05
-7.486628498972457970e-05
-7.474520544524366583e-05
-7.466875096316235249e-05
-7.444587695424413599e-05
-7.437843826238555518e-05
-7.404325994468858620e-05
-7.403364999096132383e-05
-7.393165054610206213e-05
-7.381823342038424849e-05
-7.373539173678471859e-05
-7.364280670153640601e-05
-7.343225127706669720e-05
-7.334576249239007891e-05
-7.323270629943696595e-05
-7.310578143830921488e-05
-7.300664687361020427e-05
-7.288957431665129682e-05
-7.271906495675924315e-05
-7.260197393983786811e-05
-7.250483493648278129e-05
-7.226610576273121680e-05
-7.222172308734264563e-05
-7.208855946813922039e-05
-7.203610246795766163e-05
-7.193982711324734870e-05
-7.172805796998103073e-05
-7.163257906362869329e-05
-7.144716359288509708e-05
-7.141435796050751264e-05
-7.133400446418939928e-05
-7.116797635158457361e-05
-7.111742216433230440e-05
-7.093957144587185668e-05
-7.077065354023241771e-05
-7.066474317542541467e-05
-7.050521177311924010e-05
-7.043929960362068829e-05
-7.037709039989917584e-05
-7.029293978534230359e-05
-7.012040462993794003e-05
-6.995971831662333102e-05
-6.986827428949884489e-05
-6.978634058694303322e-05
-6.964198184490154439e-05
-6.944201877512424050e-05
-6.942061146922866744e-05
-6.931632017954505250e-05
-6.917935331694808232e-05
-6.909120114155671826e-05
-6.900300357879938303e-05
-6.890855176523790848e-05
-6.863572401345277021e-05
-6.854798387393381425e-05
-6.839272398133528234e-05
-6.834487320636323628e-05
-6.826185994762404470e-05
-6.808871493965853007e-05
-6.795842561288543222e-05
-6.787385807643606941e-05
-6.778724061378935703e-05
-6.762685392688131954e-05
-6.748592322404802760e-05
-6.748085642054094102e-05
-6.742440069299702196e-05
-6.734812977771321334e-05
-6.721743392053386684e-05
-6.712923480325798701e-05
-6.699431798879050743e-05
-6.684041243680317889e-05
-6.678735020837989688e-05
-6.668549361666309058e-05
-6.650575276413264497e-05
-6.648730877433341527e-05
-6.635284627678220354e-05
-6.619274726856869855e-05
-6.608076573639026145e-05
-6.605665794984057139e-05
-6.595127621887155269e-05
-6.585811415587011915e-05
-6.581873290663884692e-05
-6.557569693455581007e-05
-6.550436535530264044e-05
-6.541757702370216282e-05
-6.531595902969473618e-05
-6.519749783354543047e-05
-6.514913789372737041e-05
-6.509606876713250638e-05
-6.495863448195387103e-05
-6.476493129845392789e-05
-6.467450304764280511e-05
-6.459800414528840858e-05
-6.441673701891844424e-05
-6.435313847294071344e-05
-6.419493650589020014e-05
-6.413217371922143718e-05
-6.403138255886881730e-05
-6.387643915390816727e-05
-6.384417309979039540e-05
-6.371124248214535225e-05
-6.362377711442784519e-05
-6.348056534162499042e-05
-6.335338904454232412e-05
-6.327558747931959259e-05
-6.314457300002654057e-05
-6.310458552027967897e-05
-6.304887652801275289e-05
-6.300203285693695631e-05
-6.285454896508361469e-05
-6.277059017145213778e-05
-6.259093567509439314e-05
-6.250596014431430037e-05
-6.237506366744171899e-05
-6.235607395169292470e-05
-6.222584596233724473e-05
-6.211384467421576458e-05
-6.201782701185745998e-05
-6.191842155219810936e-05
-6.181092588997003307e-05
-6.176735368241192351e-05
-6.166361853853054374e-05
-6.157154150361066611e-05
-6.154332282043215973e-05
-6.136671852425816683e-05
-6.131539824146819560e-05
-6.115560125506610016e-05
-6.109763830055999184e-05
-6.107445065681062072e-05
-6.084971162308580258e-05
-6.073326925486684561e-05
-6.061667833004387901e-05
-6.054318886026645519e-05
-6.044041479577622213e-05
-6.040882479682541052e-05
-6.031946566528322598e-05
-6.024983042755100923e-05
-6.019376097828251523e-05
-6.006394998416186230e-05
-5.991888045539322892e-05
-5.990462363933835298e-05
-5.985511836722218096e-05
-5.978565187059225235e-05
-5.960355228956124376e-05
-5.954255881502617414e-05
-5.943715926017613957e-05
-5.933547270063678513e-05
-5.923955844374026572e-05
-5.921810968318184297e-05
-5.904128146391864556e-05
-5.900081156558358670e-05
-5.896479769792024411e-05
-5.892187339587306744e-05
-5.878803839829962942e-05
-5.867996765196452938e-05
-5.862140055892990382e-05
-5.857336708809988366e-05
-5.847357525530782622e-05
-5.832584206656791077e-05
-5.829972450780272915e-05
-5.817493283592698177e-05
-5.807633065484623373e-05
-5.798940815520381816e-05
-5.790626914678168898e-05
-5.787109823144321149e-05
-5.767261836043253271e-05
-5.764584834484178433e-05
-5.751388058159576973e-05
-5.743600203958575524e-05
-5.731811360065382254e-05
-5.722987610265514843e-05
-5.715758600973951494e-05
-5.711140640620158856e-05
-5.699949278214981705e-05
-5.698546082293935499e-05
-5.681876308806492216e-05
-5.678470023122549878e-05
-5.661606164149943519e-05
-5.659332468066141040e-05
-5.646198328210465104e-05
-5.637459873443770645e-05
-5.632630958418175188e-05
-5.625743140050998737e-05
-5.614525932676049007e-05
-5.610503719055439352e-05
-5.598969677725873631e-05
-5.588159432388841162e-05
-5.577671730114528218e-05
-5.569327108781910022e-05
-5.563212101980601857e-05
-5.553582553259032875e-05
-5.544489737586530718e-05
-5.530396192293198269e-05
-5.526060268838894435e-05
-5.521574959719402134e-05
-5.514712198162157321e-05
-5.507943493336290392e-05
-5.499988614562274802e-05
-5.484748798802331339e-05
-5.483794454614225936e-05
-5.479822700176054828e-05
-5.468813142910554316e-05
-5.462622841217155707e-05
-5.457369195387222596e-05
-5.447906947502223653e-05
-5.443880755579554606e-05
-5.430954837048799323e-05
-5.411153281318856618e-05
-5.407361320151947095e-05
-5.402733633464959392e-05
-5.395503877236560879e-05
-5.384356968081787883e-05
-5.372388320687197739e-05
-5.365140509196539574e-05
-5.359017900448773966e-05
-5.354809341425449090e-05
-5.350846115565301500e-05
-5.337316809350582203e-05
-5.322482369095662551e-05
-5.312605859879178632e-05
-5.310712984637929986e-05
-5.305214820366284254e-05
-5.300034845414265683e-05
-5.293857979588314583e-05
-5.285738495273062718e-05
-5.280669038993998909e-05
-5.275236251150423959e-05
-5.266375082565921472e-05
-5.250046064201537878e-05
-5.245736635472268423e-05
-5.229423054470889765e-05
-5.227725038636120902e-05
-5.217118003584629012e-05
-5.210330994954529026e-05
-5.201795135076699064e-05
-5.196096364311622790e-05
-5.188286505946444559e-05
-5.186614852994788391e-05
-5.174227721402686008e-05
-5.168764216411963119e-05
-5.163236029575658440e-05
-5.153767337782320576e-05
-5.145001780934594103e-05
-5.140929786463940224e-05
-5.131860767867440121e-05
-5.122206068740398706e-05
-5.114161083615263194e-05
-5.106185776920257495e-05
-5.101412617013297219e-05
-5.093450330871647182e-05
-5.087533568589312121e-05
-5.079028459547783994e-05
-5.071306763328239112e-05
-5.065531791371742106e-05
-5.057186227006059756e-05
-5.050441174505886815e-05
-5.045200701749436430e-05
-5.033594498815053430e-05
-5.022524463179659177e-05
-5.016092366212465101e-05
-5.006454997624374629e-05
-4.997122949944790148e-05
-4.996257952273428529e-05
-4.990298326705147689e-05
-4.983169408211715021e-05
-4.976077473826737287e-05
-4.972760226484395344e-05
-4.964742049270200593e-05
-4.954371220507520530e-05
-4.947475677961767190e-05
-4.940713459475439202e-05
-4.932577696390843267e-05
-4.928656761944785893e-05
-4.913899932627535205e-05
-4.912959969351253725e-05
-4.899081877872720191e-05
-4.893899078871249216e-05
-4.880988657477003238e-05
-4.880237281346986531e-05
-4.872675424452242997e-05
-4.865041956404275942e-05
-4.859076190732792612e-05
-4.847914918548063419e-05
-4.837132081643241520e-05
-4.831492590346517116e-05
-4.824176980744211707e-05
-4.823318968043874521e-05
-4.817380065077180447e-05
-4.810638070715615846e-05
-4.807074496649990468e-05
-4.793510082707197332e-05
-4.784724097813102255e-05
-4.775392165146201938e-05
-4.770174157483559929e-05
-4.765628994245076457e-05
-4.754824649919184629e-05
-4.751226343084513946e-05
-4.741710020261584132e-05
-4.734964926242384340e-05
-4.730566871219148460e-05
-4.727234488385370501e-05
-4.724071680129535714e-05
-4.712103057620624483e-05
-4.705698933051674545e-05
-4.700822733255784279e-05
-4.692930500073163160e-05
-4.680250975899120008e-05
-4.675820826900516612e-05
-4.670030162412975601e-05
-4.658555360378233183e-05
-4.654982339970573611e-05
-4.647887774240107831e-05
-4.641817460916786522e-05
-4.640567660501146625e-05
-4.632086628290807531e-05
-4.619568685244818872e-05
-4.613305070998773645e-05
-4.610712995036769091e-05
-4.598472373145151023e-05
-4.593418732847662835e-05
-4.582742558787365853e-05
-4.576151801863195481e-05
-4.571123880985843401e-05
-4.568079356419160958e-05
-4.562370798389294021e-05
-4.550981484468740547e-05
-4.544322524547478369e-05
-4.538287138642811566e-05
-4.533209492145792014e-05
-4.527680981451488946e-05
-4.526069336431039463e-05
-4.516402834314050743e-05
-4.510539920326387948e-05
-4.502375255627304130e-05
-4.496811991125164389e-05
-4.493580228385391005e-05
-4.486398409321864464e-05
-4.483771683289481855e-05
-4.482092513647609465e-05
-4.479795392042368850e-05
-4.466810627809195838e-05
-4.454528792069478092e-05
-4.451855400430630716e-05
-4.446387869586784872e-05
-4.436108545134522966e-05
-4.433250267563766163e-05
-4.424942714435465229e-05
-4.421741416204818333e-05
-4.416104517504128567e-05
-4.407718680934052366e-05
-4.400388578355028045e-05
-4.395747967094173954e-05
-4.390914106583928308e-05
-4.384503082703838207e-05
-4.375411182035521615e-05
-4.371070582170090413e-05
-4.357609537284785455e-05
-4.348706283904191829e-05
-4.343483118832270988e-05
-4.342751454076581891e-05
-4.333125676575162087e-05
-4.329196364489380327e-05
-4.318591633636062525e-05
-4.311976660604289910e-05
-4.306131007194590236e-05
-4.303099525148047181e-05
-4.290939777485000361e-05
-4.282557573463154337e-05
-4.277432811506935609e-05
-4.270539709525684877e-05
-4.266088712788250806e-05
-4.263337170285846450e-05
-4.251586919728534992e-05
-4.248086607308754783e-05
-4.241279561377801158e-05
-4.232248069646356965e-05
-4.230684483914308599e-05
-4.225228484327095364e-05
-4.214668097749618676e-05
-4.209777624055110562e-05
-4.204336120875557751e-05
-4.196343060433847273e-05
-4.192709698807738674e-05
-4.186710412553277844e-05
-4.181207661760804266e-05
-4.177877123788074090e-05
-4.174330402795164838e-05
-4.166030774746813154e-05
-4.162844206062751921e-05
-4.156708611981495732e-05
-4.154075428573191577e-05
-4.146832266611929753e-05
-4.141555878018170076e-05
-4.128575037031724824e-05
-4.123597077075603879e-05
-4.112910735470105529e-05
-4.110900264725335661e-05
-4.106917887834606420e-05
-4.105146485035765974e-05
-4.099963566397513641e-05
-4.094001621723049805e-05
-4.089900966390466855e-05
-4.085755108965316476e-05
-4.077904178064532635e-05
-4.068688336116303619e-05
-4.065243434414268677e-05
-4.058450246913803029e-05
-4.052511424331755376e-05
-4.044678400057985501e-05
-4.043528873401182604e-05
-4.033226680366413570e-05
-4.027601149842443748e-05
-4.017573866711971999e-05
-4.012444083008125079e-05
-4.006232118052183866e-05
-4.005224633202730149e-05
-3.994637412492353933e-05
-3.990083805475243316e-05
-3.983441770263402215e-05
-3.971396419019932497e-05
-3.967663318914537346e-05
-3.964386813245814576e-05
-3.958931185159840808e-05
-3.955620581020180613e-05
-3.948671370318905131e-05
-3.948234340798700956e-05
-3.943736334015152654e-05
-3.933711388863035116e-05
-3.920304319678121862e-05
-3.917905480333985703e-05
-3.915057358454073389e-05
-3.906632979110444764e-05
-3.901732609892909898e-05
-3.894846822818721400e-05
-3.893975980479942096e-05
-3.887498127503255784e-05
-3.884339395976134585e-05
-3.875715812122823019e-05
-3.873052912744766443e-05
-3.869582307116188673e-05
-3.859853788905343968e-05
-3.856191499127682975e-05
-3.848808794711525621e-05
-3.841505770578260701e-05
-3.839014119968589881e-05
-3.835639409126502975e-05
-3.826636863835445029e-05
-3.815830438566329068e-05
-3.811900533930811629e-05
-3.806665745120001247e-05
-3.801802134076507993e-05
-3.800309781755473757e-05
-3.791945247524728676e-05
-3.782954872921418004e-05
-3.778918601857010878e-05
-3.770020029941319265e-05
-3.769004901942909336e-05
-3.759862435184289881e-05
-3.757902641066202188e-05
-3.752565158823318887e-05
-3.750104222970765150e-05
-3.746642433788512549e-05
-3.740080865984754755e-05
-3.738474761667571339e-05
-3.725724298533097901e-05
-3.722802938292515317e-05
-3.716139035554415210e-05
-3.711727023385031547e-05
-3.707099837406720432e-05
-3.698106475596222014e-05
-3.696800182084587864e-05
-3.691893017257901778e-05
-3.689304819051386305e-05
-3.684253884000211537e-05
-3.676695294304497635e-05
-3.669004907916832416e-05
-3.664785939662039904e-05
-3.657571469672712131e-05
-3.651793404367454797e-05
-3.646669712037980016e-05
-3.642123338435432524e-05
-3.635416244982499955e-05
-3.631454430199572604e-05
-3.624265786738815204e-05
-3.618099915456550355e-05
-3.611963761262424995e-05
-3.607695736223808788e-05
-3.603265023679264251e-05
-3.596270174105792761e-05
-3.594253408792742386e-05
-3.589656077425860904e-05
-3.586934281719939704e-05
-3.579771728186992297e-05
-3.576215503143571504e-05
-3.564873803087912176e-05
-3.560845658240343833e-05
-3.552196573673464857e-05
-3.549045312694616261e-05
-3.546334498364418634e-05
-3.541672577464945296e-05
-3.538928567163606874e-05
-3.532995476469114282e-05
-3.529758271433479019e-05
-3.523467020998054630e-05
-3.520711086325602473e-05
-3.515342844135860382e-05
-3.509949504568192811e-05
-3.501193741472603062e-05
-3.497292561452241026e-05
-3.492715061824627499e-05
-3.489649792039580456e-05
-3.483494272553408293e-05
-3.474997213727321662e-05
-3.467963786464566960e-05
-3.463096297729461752e-05
-3.460484866051287948e-05
-3.454370350973879743e-05
-3.450210322346065878e-05
-3.447009317507515895e-05
-3.436438936099137027e-05
-3.434775308038113780e-05
-3.425237019603110045e-05
-3.417805318412370089e-05
-3.413079502902870838e-05
-3.408326183311095729e-05
-3.405117028745669865e-05
-3.399983605385803882e-05
-3.393412355099572551e-05
-3.389500415084438842e-05
-3.388600657026840480e-05
-3.382317912124464256e-05
-3.376628770032443524e-05
-3.374539237378881113e-05
-3.372372458444480810e-05
-3.364096493238795605e-05
-3.358410476907794384e-05
-3.351699593153665131e-05
-3.344130749621281235e-05
-3.340340539012692247e-05
-3.337410708336688883e-05
-3.334377579438027719e-05
-3.332448833123944026e-05
-3.322846858688464775e-05
-3.317564884424973177e-05
-3.314564054174438305e-05
-3.314152832591058114e-05
-3.304936483466187241e-05
-3.304677457734698674e-05
-3.299111587198597307e-05
-3.293095640399317729e-05
-3.289718240699822475e-05
-3.285139429945626617e-05
-3.278763277770865901e-05
-3.275678934339203006e-05
-3.268046752048490332e-05
-3.260623991064422677e-05
-3.254935959886120275e-05
-3.250326233433299163e-05
-3.247792842838771211e-05
-3.241571078063245839e-05
-3.238415775079423245e-05
-3.226310973793652405e-05
-3.224097900756404592e-05
-3.223843981582570514e-05
-3.217607444874756649e-05
-3.213736678558486279e-05
-3.210536582369840611e-05
-3.208470989611556488e-05
-3.204231172607614764e-05
-3.199091363696734774e-05
-3.196938141844151359e-05
-3.188005830541252005e-05
-3.186147761108699706e-05
-3.178107054337120634e-05
-3.174875246444606655e-05
-3.170588425563862316e-05
-3.162438227645745164e-05
-3.156331255251121874e-05
-3.152319737641590060e-05
-3.147151766927434695e-05
-3.146296697023498088e-05
-3.141791742599110005e-05
-3.135193030705982719e-05
-3.129740530554571247e-05
-3.126858492262965896e-05
-3.119136880075526832e-05
-3.116834471506609304e-05
-3.109098355758124809e-05
-3.105817719368539700e-05
-3.104322131533395954e-05
-3.099237581392994749e-05
-3.097098388918394159e-05
-3.091761832390226786e-05
-3.086121451234508328e-05
-3.082517241616365266e-05
-3.075164266378170629e-05
-3.072706391760050018e-05
-3.066295910080928284e-05
-3.063796145959336230e-05
-3.057065007847449068e-05
-3.052314486137264540e-05
-3.049644878910726041e-05
-3.042098503776090285e-05
-3.039128682946448434e-05
-3.036037586795087973e-05
-3.032397437449520268e-05
-3.030365464400535693e-05
-3.024150954687941222e-05
-3.021145905194911834e-05
-3.015802048430621523e-05
-3.010924281893606602e-05
-3.007334116254819522e-05
-2.999351120977317121e-05
-2.995339575195354623e-05
-2.994933823145725041e-05
-2.990818664068626613e-05
-2.983631556845787365e-05
-2.976151007281037982e-05
-2.973334585845737038e-05
-2.969136817349122710e-05
-2.964554557086664948e-05
-2.959190514933328491e-05
-2.956996727428801099e-05
-2.955849593962222847e-05
-2.943318917627603132e-05
-2.938698238273506860e-05
-2.935091931885150152e-05
-2.932669369698524749e-05
-2.929007961835326411e-05
-2.922869435801209252e-05
-2.919383500041710679e-05
-2.917722125407825245e-05
-2.911220728783649796e-05
-2.904644379174225623e-05
-2.897732229202710540e-05
-2.894647862346069256e-05
-2.888814542921335486e-05
-2.886715867298705548e-05
-2.879104414190356823e-05
-2.876986694103478412e-05
-2.870708041873661615e-05
-2.866230060103001372e-05
-2.865703529535419111e-05
-2.863761572026294645e-05
-2.858677149010943090e-05
-2.853744592400316523e-05
-2.848210776032387723e-05
-2.846023015492290652e-05
-2.837164961255875243e-05
-2.831646227920903410e-05
-2.828723557720110317e-05
-2.827548038317892072e-05
-2.825201958622770320e-05
-2.820913852323995419e-05
-2.815373464533099137e-05
-2.813408486429150624e-05
-2.810347841851287994e-05
-2.802879673204961797e-05
-2.800332970930669043e-05
-2.793322139171522091e-05
-2.791411319319092886e-05
-2.787279525527729701e-05
-2.785665996377726048e-05
-2.779555840644073707e-05
-2.772683024747651400e-05
-2.767228277094778934e-05
-2.764356260551435705e-05
-2.755828114292884919e-05
-2.753208780132859913e-05
-2.750678264370540188e-05
-2.747015368170929186e-05
-2.740390173998557362e-05
-2.739493845011070085e-05
-2.733354373099330890e-05
-2.728451345545789122e-05
-2.722989120208651003e-05
-2.716425348471539168e-05
-2.715512549444755336e-05
-2.711942454875864551e-05
-2.706087709177611552e-05
-2.705219084046676573e-05
-2.701034589771240333e-05
-2.698893325731339192e-05
-2.688293127611697365e-05
-2.685448422218495289e-05
-2.680908100472620520e-05
-2.678751272731309373e-05
-2.677363391462590629e-05
-2.666770299522734918e-05
-2.661311570333385390e-05
-2.660403153258467400e-05
-2.656720257257796610e-05
-2.651090793410299065e-05
-2.648150289413319272e-05
-2.643889305507457631e-05
-2.642548051950815438e-05
-2.636033922435345313e-05
-2.627669448927166733e-05
-2.627277280365728144e-05
-2.620164102215854671e-05
-2.616603363410188504e-05
-2.613164508946489594e-05
-2.609503928488581331e-05
-2.607740642483363203e-05
-2.604847216407609571e-05
-2.600701859781031725e-05
-2.595733552471527291e-05
-2.591555996970176727e-05
-2.590685077827963612e-05
-2.588091221053008409e-05
-2.575355102116388002e-05
-2.573536032292808381e-05
-2.570073911345276469e-05
-2.564509224633499342e-05
-2.562323045263367602e-05
-2.559258004433203904e-05
-2.554371584052606228e-05
-2.545957281472620539e-05
-2.540240047676948170e-05
-2.538789267194331502e-05
-2.536353053924252359e-05
-2.532174485497879616e-05
-2.527998612580030697e-05
-2.522489184415865451e-05
-2.518996028920944040e-05
-2.513538956253533581e-05
-2.506917751470928506e-05
-2.503987954052916230e-05
-2.501654680666416262e-05
-2.494603300597338980e-05
-2.492579647545371859e-05
-2.489501878730252898e-05
-2.484887309215580707e-05
-2.481013146107111894e-05
-2.477853703981308748e-05
-2.473084274134445396e-05
-2.468459591905759239e-05
-2.467116905056167047e-05
-2.466032103478475219e-05
-2.462890726278678781e-05
-2.455846262357017689e-05
-2.454072954025752549e-05
-2.449450350999451132e-05
-2.448511479396415323e-05
-2.443875209806172858e-05
-2.438225616541336269e-05
-2.436936639125283059e-05
-2.432506987614440285e-05
-2.428313211159041307e-05
-2.420382353809104575e-05
-2.417117967110143513e-05
-2.414777137049035793e-05
-2.409820627825425902e-05
-2.408983283376489969e-05
-2.402931714830694145e-05
-2.394148678994142848e-05
-2.393206966506932745e-05
-2.391399558427421775e-05
-2.383715729971230349e-05
-2.382259666471564814e-05
-2.378232866894426761e-05
-2.375409475673603368e-05
-2.370498904546628995e-05
-2.367311674554478581e-05
-2.362763747190813179e-05
-2.357971885881589026e-05
-2.353871459397229338e-05
-2.346973556589537915e-05
-2.345536308038478318e-05
-2.340172245352199586e-05
-2.338713147631811542e-05
-2.331686952995054991e-05
-2.326284351040067955e-05
-2.322676598087372460e-05
-2.321547066765058262e-05
-2.319087240450785683e-05
-2.313108879476133114e-05
-2.311738428416458793e-05
-2.307185050366582278e-05
-2.300871179645655801e-05
-2.299187451115405117e-05
-2.296685105306991206e-05
-2.295654393069517459e-05
-2.292378491020687542e-05
-2.290093912178334742e-05
-2.283930322557487042e-05
-2.280448398310625432e-05
-2.276618324297913516e-05
-2.271080628135538592e-05
-2.268179105636276388e-05
-2.266392014654009784e-05
-2.261252283333346761e-05
-2.259793295640741840e-05
-2.257806076444446726e-05
-2.254326424974666126e-05
-2.249318543422337567e-05
-2.244870913843609555e-05
-2.239513016684036812e-05
-2.237974578274256547e-05
-2.234632839604425061e-05
-2.229519661407371157e-05
-2.224822651373511428e-05
-2.221835105539956298e-05
-2.217527200658352395e-05
-2.212298775193314223e-05
-2.206219631211039342e-05
-2.204416029474238537e-05
-2.199499896170599544e-05
-2.196893761552325421e-05
-2.196497687363225000e-05
-2.191695497052934254e-05
-2.189549195891550931e-05
-2.182772611643780307e-05
-2.180176964404516781e-05
-2.178087192879588649e-05
-2.172795751130584993e-05
-2.167297209901427628e-05
-2.166109269852339902e-05
-2.164594031460436569e-05
-2.161704217595652051e-05
-2.155791771064807504e-05
-2.151108474589225413e-05
-2.145562487650577445e-05
-2.145483528029154964e-05
-2.144241863443548286e-05
-2.141683509812481001e-05
-2.137509326025038403e-05
-2.132373277225557901e-05
-2.130855023297327250e-05
-2.122729053562935999e-05
-2.118038077747295836e-05
-2.114550325347584370e-05
-2.110627931523792846e-05
-2.108291580082501847e-05
-2.105026767327485183e-05
-2.098725847086741438e-05
-2.098091453972402985e-05
-2.095711490821313883e-05
-2.089550568375651864e-05
-2.087727989373952986e-05
-2.083824933198175707e-05
-2.079984603829998331e-05
-2.073104073291302969e-05
-2.070804538431974146e-05
-2.068867442526354635e-05
-2.063901118302147874e-05
-2.062047015591234302e-05
-2.059235068815272368e-05
-2.056818881789454414e-05
-2.050758322030860086e-05
-2.046052350428139509e-05
-2.044183317676548798e-05
-2.039889234897427787e-05
-2.035723927970270231e-05
-2.033130182814281390e-05
-2.029876442455417815e-05
-2.025290812591458068e-05
-2.022315445348746115e-05
-2.019226766358148717e-05
-2.013539382071380862e-05
-2.011502226705298455e-05
-2.007692006765331996e-05
-2.005802069022501890e-05
-1.999549179694701218e-05
-1.996637384814440553e-05
-1.991433110653028163e-05
-1.988252124256905578e-05
-1.985714784592080849e-05
-1.983541102255794423e-05
-1.980216523334455214e-05
-1.977671095399559080e-05
-1.974963659539213015e-05
-1.970727329446329915e-05
-1.966888764149726023e-05
-1.964670310072957923e-05
-1.959807447590314748e-05
-1.952709286608403917e-05
-1.949324473111484384e-05
-1.945825398381164238e-05
-1.944191771580210985e-05
-1.939683065862250863e-05
-1.935426279911082979e-05
-1.933035592717547848e-05
-1.929242765924800849e-05
-1.923045771284993219e-05
-1.921434874385270753e-05
-1.916183588642091017e-05
-1.915086787930362822e-05
-1.914403326074619617e-05
-1.910515628308224052e-05
-1.905107117721025853e-05
-1.903051931324173073e-05
-1.899405796568694950e-05
-1.895867706464760336e-05
-1.892949210894119373e-05
-1.889702679164857987e-05
-1.888050195999742780e-05
-1.885824547279330132e-05
-1.883622286948773091e-05
-1.878231600385476749e-05
-1.875576984641865128e-05
-1.874021360867648961e-05
-1.872397178644863073e-05
-1.864690474632373535e-05
-1.863770824571258386e-05
-1.861168685993568671e-05
-1.858625715898430062e-05
-1.851754897443185735e-05
-1.844224931048603740e-05
-1.842142984819132462e-05
-1.841406181196830443e-05
-1.834291685283371071e-05
-1.833726598621999545e-05
-1.830459122618422393e-05
-1.826013885893242405e-05
-1.820940081537859300e-05
-1.816388769100776580e-05
-1.813848541097413646e-05
-1.810988238207626247e-05
-1.809351428619528939e-05
-1.803406652319406505e-05
-1.799909892900646794e-05
-1.797844366655962652e-05
-1.795483015132623243e-05
-1.792354853284090538e-05
-1.789416810920859622e-05
-1.787916996875867149e-05
-1.784776668105447203e-05
-1.782585585591153486e-05
-1.776916231409358141e-05
-1.772926365862139683e-05
-1.769776244036975731e-05
-1.768129372596298119e-05
-1.761273682790950483e-05
-1.757844656694611447e-05
-1.757461609084222346e-05
-1.752027270489260149e-05
-1.751044279642752878e-05
-1.746800499798491181e-05
-1.742487272919659665e-05
-1.737251069925184837e-05
-1.736730129510018523e-05
-1.734896479867052804e-05
-1.729069095398088872e-05
-1.727498934688651727e-05
-1.723981405968874023e-05
-1.721774226976532417e-05
-1.720435358687438953e-05
-1.716668375022250203e-05
-1.714050482815742508e-05
-1.710239912748933586e-05
-1.708953322593772069e-05
-1.706116601994081124e-05
-1.705590112058108607e-05
-1.702124618584062928e-05
-1.697528053226617166e-05
-1.695875045100255475e-05
-1.692793043098735477e-05
-1.690885661505412950e-05
-1.688924230281149265e-05
-1.685800002961265490e-05
-1.678510979259345963e-05
-1.678009810139159886e-05
-1.674309100657253967e-05
-1.671322475340549990e-05
-1.665654985154007688e-05
-1.664732700734391748e-05
-1.660786239785318804e-05
-1.659067897207102264e-05
-1.655256530098896903e-05
-1.654112201200404937e-05
-1.648029048619265765e-05
-1.646250397036625888e-05
-1.641830948867536023e-05
-1.637195209035418743e-05
-1.635684166412813340e-05
-1.630717067354045036e-05
-1.626210311019387332e-05
-1.624831760391055570e-05
-1.623722568089046978e-05
-1.620885095496946108e-05
-1.615234693933144785e-05
-1.612979750523328037e-05
-1.608880781508074012e-05
-1.604907628581646146e-05
-1.603681168726825117e-05
-1.598034750632748864e-05
-1.597908115144379778e-05
-1.596567525511639673e-05
-1.593054699962099131e-05
-1.590317229980730545e-05
-1.586707751821484489e-05
-1.585121520366694373e-05
-1.582672094264041235e-05
-1.581047882748916325e-05
-1.577309607489763699e-05
-1.574564664049950068e-05
-1.573431511235027442e-05
-1.567922872400172389e-05
-1.564744903181057239e-05
-1.563330676162616250e-05
-1.558830618945765593e-05
-1.557713040334073062e-05
-1.552047065573593934e-05
-1.548345371309423261e-05
-1.546169189360879206e-05
-1.543042872818688313e-05
-1.542084319238921651e-05
-1.536538183370569189e-05
-1.534213310519166000e-05
-1.529382850592878048e-05
-1.523864964472236936e-05
-1.520779437310478827e-05
-1.518171195923875373e-05
-1.517876881414183313e-05
-1.515888833034185874e-05
-1.507396602773067488e-05
-1.504859413247405607e-05
-1.503584436385225002e-05
-1.497731622020543399e-05
-1.495551228749902395e-05
-1.491306150208846401e-05
-1.488813427188366133e-05
-1.486932622632610190e-05
-1.485275631137136374e-05
-1.482919702516819019e-05
-1.478283759168930677e-05
-1.476568793696940062e-05
-1.469966647256688398e-05
-1.468704768464819526e-05
-1.467596613650885647e-05
-1.463595837220153911e-05
-1.461747576638580380e-05
-1.459265836363198982e-05
-1.456649688217593014e-05
-1.450676723610086205e-05
-1.448800237139068066e-05
-1.447170778571071786e-05
-1.445333826923616462e-05
-1.441509659269773977e-05
-1.440354909780661247e-05
-1.438736939062262578e-05
-1.431901687370839498e-05
-1.428496056965711295e-05
-1.425574618768742789e-05
-1.424976238078937355e-05
-1.424493611006338993e-05
-1.420342659389908529e-05
-1.418299736122252280e-05
-1.414868559628770279e-05
-1.409940544618056764e-05
-1.407485122584399730e-05
-1.402485750437107854e-05
-1.398507903236522907e-05
-1.396651960083224796e-05
-1.394975122572434047e-05
-1.394505788626136263e-05
-1.390445511016029805e-05
-1.387050980202240592e-05
-1.385795423606588957e-05
-1.381855967307987422e-05
-1.378916922925072781e-05
-1.378501363926453535e-05
-1.377462738795614745e-05
-1.373770017528173426e-05
-1.366842203033717920e-05
-1.363676746622105185e-05
-1.359202032550745107e-05
-1.358974993855240628e-05
-1.356342819240702327e-05
-1.353395482223349157e-05
-1.351600634064458655e-05
-1.347500407616417416e-05
-1.345489848396331472e-05
-1.342821563741978138e-05
-1.338198920974405839e-05
-1.334483326431074259e-05
-1.333511564107903740e-05
-1.331925620216845944e-05
-1.329025153857937033e-05
-1.325554943719993456e-05
-1.321363536670947455e-05
-1.318571561940721091e-05
-1.318009160176736923e-05
-1.314031552287405793e-05
-1.311151723360654833e-05
-1.306702266579409926e-05
-1.304046543244061710e-05
-1.302807413185779716e-05
-1.299882873180843799e-05
-1.298554962066550491e-05
-1.291779584613987455e-05
-1.289096657713608781e-05
-1.287072584829036631e-05
-1.284071456513371849e-05
-1.283091745417645501e-05
-1.279756696941351218e-05
-1.278636606313344529e-05
-1.274346997319838218e-05
-1.272585625425022827e-05
-1.271311251213100545e-05
-1.267350382624347198e-05
-1.264180350568346849e-05
-1.262591147388800574e-05
-1.259405523880988789e-05
-1.257519120834782284e-05
-1.254808640638435243e-05
-1.252000908416410068e-05
-1.246834024693206087e-05
-1.243835483073394308e-05
-1.243291894880565340e-05
-1.240486895554638512e-05
-1.237909933056471823e-05
-1.237209948675134081e-05
-1.234151579460130258e-05
-1.229406499258743409e-05
-1.225695227578359729e-05
-1.224702719892156803e-05
-1.220798047313684034e-05
-1.217446363167573066e-05
-1.213056943145489409e-05
-1.211038972914374703e-05
-1.210896221792671003e-05
-1.208861589175999091e-05
-1.206967459203243626e-05
-1.200054080739329183e-05
-1.199112482267515630e-05
-1.195458285078353608e-05
-1.194220859985740587e-05
-1.192278482953356165e-05
-1.190848679719153602e-05
-1.186538936963585219e-05
-1.185382932778871567e-05
-1.182970771944218270e-05
-1.178996308735047028e-05
-1.174910503020337485e-05
-1.173446018073642402e-05
-1.171973061834927033e-05
-1.167671854235481540e-05
-1.165604656922469129e-05
-1.162993161316722170e-05
-1.158707682509827582e-05
-1.156271377606401140e-05
-1.153842592380092518e-05
-1.151705547021625837e-05
-1.148918567902730694e-05
-1.142724461518056307e-05
-1.140754318310718111e-05
-1.139879364049978145e-05
-1.138225527742954961e-05
-1.133596786735651445e-05
-1.132931573967326553e-05
-1.131006478756434310e-05
-1.130840395822757337e-05
-1.127699982920741116e-05
-1.123735077126565369e-05
-1.121884006284399116e-05
-1.118116615890694448e-05
-1.117067575039144776e-05
-1.113387484247379660e-05
-1.112710307853111347e-05
-1.109414735528248565e-05
-1.104998002880577233e-05
-1.101338266913195503e-05
-1.098768755481973585e-05
-1.097476078491746584e-05
-1.092209166136592430e-05
-1.088685912787213262e-05
-1.086760337859145781e-05
-1.083785872113492187e-05
-1.080549879115797978e-05
-1.079807149574200895e-05
-1.077873789849607233e-05
-1.075572975703238339e-05
-1.071944902064347205e-05
-1.071618029439336790e-05
-1.069822245506508871e-05
-1.067235037521730605e-05
-1.061088764981816935e-05
-1.060681088195456612e-05
-1.058589465926474009e-05
-1.055794296311413626e-05
-1.052292977869069173e-05
-1.049340879427739960e-05
-1.048941080219185710e-05
-1.045157599567921483e-05
-1.042994360863065127e-05
-1.038678581784558529e-05
-1.036168357860579180e-05
-1.034102007375079565e-05
-1.030139734143742872e-05
-1.028318924500098840e-05
-1.022952796803530166e-05
-1.021699541995490363e-05
-1.020428294132162320e-05
-1.017938173304423462e-05
-1.012313279473686261e-05
-1.011479158556536102e-05
-1.007559901227200764e-05
-1.004049453361701630e-05
-1.002997831722614309e-05
-1.000915748722972071e-05
-9.969424267641095353e-06
-9.964393095720091391e-06
-9.926553856044011273e-06
-9.889257447831358420e-06
-9.860454483633197817e-06
-9.853958279493043451e-06
-9.842632731584909965e-06
-9.788744268850085701e-06
-9.783598847203504290e-06
-9.746383188943560799e-06
-9.724133069517019797e-06
-9.718438481857923387e-06
-9.677267841846367387e-06
-9.652767476014806461e-06
-9.642622995291266991e-06
-9.607687755004264900e-06
-9.596484397442260026e-06
-9.570122093293361031e-06
-9.553533439989124370e-06
-9.523078745365993420e-06
-9.499882656768638423e-06
-9.474723290378168545e-06
-9.435716991680618548e-06
-9.426015109940450207e-06
-9.413869065867885733e-06
-9.369567990525607843e-06
-9.363926922464065077e-06
-9.345655817363647625e-06
-9.323373234786300326e-06
-9.298840816655770002e-06
-9.282708371369114146e-06
-9.263316761384594487e-06
-9.224648231527881833e-06
-9.202639526761667495e-06
-9.167540726482492446e-06
-9.135205384229060002e-06
-9.108180500197513138e-06
-9.088285974092725572e-06
-9.057705844554760980e-06
-9.034341937211567684e-06
-9.020280464071038244e-06
-8.992659057370407851e-06
-8.963249073389321364e-06
-8.933248642432220930e-06
-8.916593016164984622e-06
-8.885815822456133721e-06
-8.877185653622659688e-06
-8.850432563756593189e-06
-8.813412739731686456e-06
-8.795145905613006902e-06
-8.778360549425474421e-06
-8.739348757614966314e-06
-8.729644242884207958e-06
-8.706986081845058130e-06
-8.670945921055747783e-06
-8.642221353961193384e-06
-8.620988964345411049e-06
-8.565832492524248941e-06
-8.556241046862782203e-06
-8.538503789568176731e-06
-8.527915882563392032e-06
-8.503106496929035702e-06
-8.477487613620503728e-06
-8.458006168778993002e-06
-8.441089351356298028e-06
-8.396758244977949888e-06
-8.364334295721721310e-06
-8.358775417979187445e-06
-8.354547304946720974e-06
-8.322017135563131339e-06
-8.301327877465679070e-06
-8.275658669565556401e-06
-8.243283687055033565e-06
-8.214843668603733013e-06
-8.209029386447397897e-06
-8.169211971161774799e-06
-8.152717883126886871e-06
-8.131849687917236882e-06
-8.097738738518261460e-06
-8.079521742479718580e-06
-8.054370550783663469e-06
-8.034159699021452497e-06
-8.025465864572348966e-06
-8.008704409967806590e-06
-7.970650904195746321e-06
-7.939422574264700018e-06
-7.924406481883501102e-06
-7.908237310708884384e-06
-7.885740419297896327e-06
-7.858146292084249273e-06
-7.825260385170865220e-06
-7.816065420938805511e-06
-7.770753804233100845e-06
-7.759889156038620540e-06
-7.722598887243018264e-06
-7.675272427340889311e-06
-7.670301852750276806e-06
-7.634245841547416490e-06
-7.630735587090323440e-06
-7.594848807540317470e-06
-7.583593020218119663e-06
-7.571011459393751076e-06
-7.521746376344496777e-06
-7.515566378794911934e-06
-7.499143431066179122e-06
-7.475242988949388938e-06
-7.458571353087701574e-06
-7.430266708161478121e-06
-7.425019908449403350e-06
-7.410830899978370289e-06
-7.381751399021388198e-06
-7.344840047251218612e-06
-7.337949831811030343e-06
-7.311126740674274001e-06
-7.299913020620689214e-06
-7.256037864070556776e-06
-7.225773394828773637e-06
-7.206172158888135797e-06
-7.195759716273460117e-06
-7.152496299019258080e-06
-7.143979085210374992e-06
-7.103738328830301901e-06
-7.100682912681071560e-06
-7.064578410473502763e-06
-7.042067798858890733e-06
-7.019796382672801563e-06
-7.000382770453641092e-06
-6.991312121234062849e-06
-6.956346846913262980e-06
-6.939811220206428356e-06
-6.913158259025991666e-06
-6.889766292420365294e-06
-6.873952669291741759e-06
-6.855508421489212983e-06
-6.833606342001425156e-06
-6.815885679398542208e-06
-6.814928806738019233e-06
-6.776311397445522786e-06
-6.737322825863443322e-06
-6.729449907162798234e-06
-6.697314761433541844e-06
-6.694376660477875080e-06
-6.673662142766075490e-06
-6.666025922539497319e-06
-6.620861549316429237e-06
-6.599308534517328238e-06
-6.568426111787617857e-06
-6.559237516883881374e-06
-6.525345613944580005e-06
-6.496167720477792184e-06
-6.481718889739128932e-06
-6.458631991134197111e-06
-6.438868523648361099e-06
-6.406622516619511995e-06
-6.382033980094726307e-06
-6.371793690055905347e-06
-6.344362362744493077e-06
-6.306644321894155133e-06
-6.283914102025493789e-06
-6.259995922313165467e-06
-6.214976543143100217e-06
-6.201905170801658856e-06
-6.172567753263255522e-06
-6.163784747851856809e-06
-6.151702111465378155e-06
-6.136107620656504435e-06
-6.122549963692731827e-06
-6.104797022818263449e-06
-6.068901394253917828e-06
-6.048565105841754174e-06
-6.034117871528309368e-06
-6.018544506145552804e-06
-6.003582119677706442e-06
-5.959238585479364896e-06
-5.927754127918606762e-06
-5.909248299935808010e-06
-5.892726724322170134e-06
-5.886887474538925987e-06
-5.871444541641947550e-06
-5.862182687925061570e-06
-5.839382804891078907e-06
-5.817301919395875305e-06
-5.752180706504904331e-06
-5.734926656269472582e-06
-5.719331304282995058e-06
-5.693273296806179586e-06
-5.688953495761678757e-06
-5.671512312357116307e-06
-5.631054737874317354e-06
-5.601045927761051989e-06
-5.573584540431233495e-06
-5.556316182096687223e-06
-5.550335806208963566e-06
-5.536940352528225979e-06
-5.525304705748557617e-06
-5.480943946717769231e-06
-5.467321552369110259e-06
-5.437168722865788849e-06
-5.414895047192576283e-06
-5.407459372514838385e-06
-5.382991794708412245e-06
-5.361897952284191888e-06
-5.328036733140615739e-06
-5.320228282236752700e-06
-5.299716722911147987e-06
-5.285025783457364168e-06
-5.249903245985079133e-06
-5.240359994724393780e-06
-5.213570508322617592e-06
-5.193502289419180998e-06
-5.175098456337391986e-06
-5.149727063008073525e-06
-5.123674230711770758e-06
-5.099098526582826397e-06
-5.079222114002469070e-06
-5.061246312198021265e-06
-5.033108651263253048e-06
-5.030392656224908193e-06
-4.995222535380383176e-06
-4.982613177755064860e-06
-4.966766111149917234e-06
-4.959580497098504639e-06
-4.940552682303866142e-06
-4.906964395839342208e-06
-4.872036221063721547e-06
-4.846350953415449489e-06
-4.839269202921849109e-06
-4.812728512495783398e-06
-4.798015135868519639e-06
-4.780753332166830492e-06
-4.758650377166150333e-06
-4.740875509149523966e-06
-4.726024981028657698e-06
-4.708639064099969735e-06
-4.696467358331494197e-06
-4.650313261075394303e-06
-4.625652858823585715e-06
-4.611525089809320156e-06
-4.581358710695585384e-06
-4.578635593777216605e-06
-4.539844108493364133e-06
-4.525422740842909399e-06
-4.505374422936814902e-06
-4.491010171943608696e-06
-4.461670773906058180e-06
-4.438757462455913606e-06
-4.431917507417214502e-06
-4.420899422030937153e-06
-4.409370792046643151e-06
-4.381986198804600671e-06
-4.354789131037921524e-06
-4.329853438194364112e-06
-4.301808702429580020e-06
-4.285658689854766217e-06
-4.273767185128480002e-06
-4.260716049203672262e-06
-4.244207446381614672e-06
-4.222554596963885448e-06
-4.196988076580359188e-06
-4.178577738924244692e-06
-4.164640842157463887e-06
-4.139937707773278869e-06
-4.124093686796897282e-06
-4.099627779239373808e-06
-4.074042576429316689e-06
-4.047486445819040689e-06
-4.020538257393560365e-06
-4.001955821964354327e-06
-3.993074369296800796e-06
-3.961415495530709210e-06
-3.937979245915914748e-06
-3.922083306133060730e-06
-3.910597259140116820e-06
-3.904504261209127936e-06
-3.887395551564452482e-06
-3.863182190309173488e-06
-3.845103145116138077e-06
-3.829770794362090375e-06
-3.802838499935745076e-06
-3.791295598334589384e-06
-3.771934019112817690e-06
-3.739727859607866319e-06
-3.729642913355056269e-06
-3.712119290281841202e-06
-3.690113422710462251e-06
-3.684042722837892165e-06
-3.677518810114846434e-06
-3.642921816295152266e-06
-3.628037398008273565e-06
-3.607450196757450686e-06
-3.553282218783400455e-06
-3.542227413993254512e-06
-3.524531199925393743e-06
-3.509362752039759095e-06
-3.488430538356682983e-06
-3.472855231248005896e-06
-3.469323802014386134e-06
-3.455743383386350934e-06
-3.417899636695448225e-06
-3.410021011437193567e-06
-3.399657163623107051e-06
-3.385321625475540814e-06
-3.361650457335301485e-06
-3.351882124310444772e-06
-3.320507707907008299e-06
-3.301886812152848060e-06
-3.279941584775426267e-06
-3.271078177002792499e-06
-3.254388397828506082e-06
-3.230184787598194134e-06
-3.202272576552576205e-06
-3.179276379313524764e-06
-3.146904214697890915e-06
-3.142647416470430919e-06
-3.130913835429870766e-06
-3.104823860308485645e-06
-3.077246174040148457e-06
-3.067318379499647070e-06
-3.058501697522061279e-06
-3.019472940644912829e-06
-3.003509543971018364e-06
-2.995926307458107828e-06
-2.987552417983716186e-06
-2.952296804242723154e-06
-2.922055298324102537e-06
-2.907955982377582443e-06
-2.884529044369655748e-06
-2.874306382347211317e-06
-2.864391743506855475e-06
-2.846996269583363801e-06
-2.817228501189132555e-06
-2.802622038408548309e-06
-2.770459505443923560e-06
-2.764910979742969978e-06
-2.740912104115930600e-06
-2.716689300854686642e-06
-2.714037595147270952e-06
-2.694514855774053847e-06
-2.660776841551839592e-06
-2.644263460823334070e-06
-2.630297628559313973e-06
-2.603513017786771036e-06
-2.593697627524112448e-06
-2.582468779080763513e-06
-2.564751603003717077e-06
-2.556611245916553849e-06
-2.535709050784837152e-06
-2.506176177332796401e-06
-2.497140819713307765e-06
-2.478829236984836371e-06
-2.467664181202722601e-06
-2.456918678861576426e-06
-2.437031883282977462e-06
-2.411636470709536915e-06
-2.390342159047591763e-06
-2.364092964224347099e-06
-2.351962005125263275e-06
-2.336880890862272709e-06
-2.326450372920651601e-06
-2.312598968902135575e-06
-2.290866422212827950e-06
-2.258994794696913569e-06
-2.251010678703723981e-06
-2.219762908379342891e-06
-2.206045062702764514e-06
-2.185200458304039115e-06
-2.159182755994945047e-06
-2.129381964988147052e-06
-2.110983353132255149e-06
-2.084573448102434393e-06
-2.081448157956046278e-06
-2.064284894722175974e-06
-2.045212727333138932e-06
-2.031324771590006837e-06
-2.003103087548455327e-06
-1.989030600895439156e-06
-1.966899880001785709e-06
-1.953863421256104457e-06
-1.931675821525383545e-06
-1.914739514709608246e-06
-1.905675033627655209e-06
-1.885063566021674870e-06
-1.870984249907335867e-06
-1.856074826268699239e-06
-1.835891368778784005e-06
-1.794423968157368813e-06
-1.788694759772030366e-06
-1.779059263355796160e-06
-1.747890316255573820e-06
-1.732077592785333515e-06
-1.716793383884550206e-06
-1.705037701900468284e-06
-1.689620883476905740e-06
-1.676923469337290949e-06
-1.664968311400923855e-06
-1.640581887349966121e-06
-1.635457615147512203e-06
-1.609591720730670573e-06
-1.586840298722629281e-06
-1.583311252956637631e-06
-1.543564770420890279e-06
-1.537346789981326299e-06
-1.521253202527126617e-06
-1.499164333013162131e-06
-1.484709028413597803e-06
-1.465190654556909283e-06
-1.460152685258753326e-06
-1.447551812717581349e-06
-1.441468739287217737e-06
-1.383315026227131922e-06
-1.367769916831789939e-06
-1.359239989134947966e-06
-1.339822542049339351e-06
-1.321843310909227373e-06
-1.299310422923341406e-06
-1.298099769197067952e-06
-1.274889432251127753e-06
-1.251516450618317282e-06
-1.244311690771067796e-06
-1.215623550129225400e-06
-1.207491424278398659e-06
-1.189559501722417204e-06
-1.151931673325979518e-06
-1.135859032757675250e-06
-1.130902074353359224e-06
-1.120978135558353247e-06
-1.101128194055660362e-06
-1.092817532766553391e-06
-1.057059737954506992e-06
-1.040814221672378856e-06
-1.035132224037451614e-06
-1.013037228746837870e-06
-9.962709427422474966e-07
-9.886596921932040409e-07
-9.694185106572325600e-07
-9.604772420126586786e-07
-9.367616386017772486e-07
-9.267446299433766539e-07
-9.068918000429747008e-07
-8.907646140197399692e-07
-8.461361782008841182e-07
-8.375599953947655007e-07
-8.244755636854895567e-07
-8.212518699572104159e-07
-7.937564992593762992e-07
-7.819677760656404867e-07
-7.756838995015666193e-07
-7.536934944923341847e-07
-7.342904994139378575e-07
-7.313963343928124167e-07
-7.087936952823234856e-07
-6.966054146966515411e-07
-6.725540997162174603e-07
-6.526948057030310097e-07
-6.293932594156340542e-07
-6.165701496700469806e-07
-5.980364479252125027e-07
-5.922198182350839559e-07
-5.827117713678994169e-07
-5.613597136529539919e-07
-5.369634488698546346e-07
-5.339368483480449147e-07
-5.148723152268932175e-07
-5.016748877025457075e-07
-4.766503359044445434e-07
-4.616459020882467696e-07
-4.300127305834295448e-07
-4.219029351379072260e-07
-4.041720629493551767e-07
-3.891355350760859573e-07
-3.718128494520991277e-07
-3.445198425159006365e-07
-3.206924101483760871e-07
-3.195420108879336802e-07
-3.139749103521150589e-07
-3.028542697212606939e-07
-2.906404310374527155e-07
-2.744361738197358303e-07
-2.545010358172510619e-07
-2.387806376966230893e-07
-2.305709096486511288e-07
-1.974506739450225268e-07
-1.809098562636474789e-07
-1.680117740474606159e-07
-1.376980055464916136e-07
-1.156037065030520332e-07
-1.051161820591096630e-07
-9.549650748600226266e-08
-8.060386122579236543e-08
-7.349200933366664655e-08
-5.384626934846086525e-08
-3.147811224659077436e-08
-1.948648011670466673e-08
-7.743405298210899731e-09
1.507010627155385538e-08
1.896068745984619948e-08
3.589816236108960966e-08
3.927750050384603646e-08
6.314266635437882983e-08
7.347085384468745285e-08
1.053776990488336984e-07
1.129258527425578065e-07
1.459273499921383227e-07
1.712109245966870385e-07
1.879859890273534862e-07
2.010633947045968448e-07
2.124643914615387815e-07
2.534477316117318642e-07
2.657320476270545189e-07
2.807353407643740142e-07
2.974683982679876604e-07
3.067277959794509740e-07
3.211897590037081039e-07
3.516102888653731651e-07
3.586251944188738455e-07
3.832565953534740373e-07
4.054148940225857566e-07
4.185478325576634865e-07
4.209350109314145417e-07
4.339567925422236538e-07
4.402574977231663157e-07
4.642432002289248361e-07
4.812971722662605324e-07
4.939866110882570016e-07
5.206894117223807928e-07
5.345274928994045880e-07
5.620448096602035220e-07
5.782323051604255062e-07
5.992710529189025777e-07
6.197379300655147407e-07
6.288499609031453695e-07
6.504306774607196982e-07
6.601422102941516233e-07
6.697107112862334146e-07
6.883924090113260372e-07
6.926616462501623386e-07
7.283588919553182141e-07
7.342598287065655262e-07
7.584827136575363188e-07
7.686627095761664043e-07
7.732065929009856095e-07
7.949363759412526860e-07
8.167378052451632823e-07
8.352401321736131230e-07
8.502488874648940524e-07
8.629479234613269832e-07
8.764794905083939663e-07
8.841946984927017811e-07
9.085014237726466620e-07
9.283244285297683518e-07
9.492550051286022634e-07
9.638728618659828907e-07
9.703413040360045757e-07
9.911348216233818649e-07
9.998425925016167932e-07
1.027520586569115971e-06
1.042398514155982890e-06
1.058177047898318832e-06
1.066919690125371214e-06
1.088996280767555981e-06
1.094956679643071201e-06
1.110141324598339149e-06
1.148602306536707818e-06
1.165535039127611281e-06
1.177335369338766396e-06
1.193275371185293955e-06
1.204608012814211823e-06
1.232487619373576191e-06
1.239062008575598020e-06
1.248831038280030945e-06
1.283834033758084106e-06
1.287580826256894371e-06
1.315515020455385881e-06
1.328540555721966744e-06
1.368433778718819925e-06
1.369430679873928549e-06
1.382898447209187604e-06
1.403119223323511867e-06
1.417804463121199820e-06
1.430479545535922536e-06
1.450958366935070289e-06
1.468817542065760591e-06
1.492160440514717090e-06
1.503729797368331308e-06
1.526518304787521712e-06
1.544469615660037711e-06
1.550544387032245054e-06
1.564043495347073120e-06
1.580832551761078576e-06
1.600339642648590036e-06
1.614462980589052893e-06
1.631225497095517788e-06
1.652594351059404761e-06
1.674740345320481435e-06
1.699584491620361387e-06
1.707947480969315555e-06
1.722501518553741251e-06
1.746636513984801935e-06
1.763699383181123737e-06
1.774382447264033371e-06
1.786819238875768219e-06
1.805323752778057652e-06
1.817513989355981258e-06
1.841945239665409801e-06
1.866537124974091522e-06
1.896710546860436096e-06
1.907244435094325237e-06
1.941197157370647961e-06
1.947064210601150656e-06
1.974150816164120655e-06
1.983786636153939534e-06
1.994973880805134114e-06
2.009777206643230379e-06
2.021537767332804256e-06
2.045241816205893790e-06
2.056326877998202168e-06
2.089633820935081749e-06
2.108580647521310467e-06
2.116559315300468102e-06
2.142884297329472052e-06
2.157554827520749537e-06
2.178078818786110082e-06
2.197029618165477168e-06
2.221715003872563100e-06
2.229796083337026046e-06
2.264272963789399066e-06
2.273656328653565870e-06
2.298478672794600151e-06
2.303602808417081435e-06
2.309927979395800351e-06
2.342339697358268158e-06
2.358351819969995846e-06
2.372707110188834899e-06
2.390821772957119953e-06
2.399767795833238642e-06
2.439694310570065053e-06
2.445705059111884130e-06
2.471959207926756267e-06
2.487381718139841395e-06
2.491326276027925193e-06
2.526378501369328292e-06
2.546416054479531491e-06
2.560185596620172447e-06
2.564639156462597439e-06
2.599319532780955862e-06
2.626084494858739807e-06
2.632545473886164481e-06
2.653507790113125670e-06
2.664402669931635977e-06
2.696781063591487107e-06
2.703378374788480030e-06
2.721417141884732827e-06
2.743546865285521819e-06
2.747854594477221983e-06
2.761833198591340709e-06
2.788033132576112150e-06
2.811953708285537911e-06
2.846156742900198615e-06
2.858063139945628021e-06
2.883298168216118037e-06
2.903163331951034270e-06
2.910853572948131924e-06
2.919597695114184880e-06
2.935889493986726495e-06
2.974159486577342355e-06
2.986607258924918249e-06
2.996170598019308189e-06
3.012942313220957072e-06
3.048930841292628395e-06
3.072770271439517650e-06
3.085197396193547871e-06
3.096824113143697714e-06
3.105088791949823176e-06
3.115843477125962634e-06
3.147060991578550568e-06
3.170243082554748506e-06
3.190126262863075260e-06
3.201691764348020815e-06
3.241926135555450195e-06
3.252840309034211249e-06
3.292278926214581622e-06
3.305403637779002334e-06
3.321246266680382152e-06
3.340391086591543972e-06
3.343558088109404956e-06
3.357494797599886217e-06
3.377065016776734265e-06
3.405570228786770842e-06
3.418052881661595419e-06
3.442678593730686453e-06
3.456716909815089333e-06
3.489059222998667376e-06
3.496966485898115824e-06
3.525118328490581498e-06
3.539841563297927822e-06
3.562733282202980462e-06
3.565907821105948492e-06
3.596651249651651126e-06
3.620935346349627277e-06
3.630318391536491722e-06
3.669954850976400635e-06
3.685359853211600963e-06
3.720590721473242086e-06
3.725120619682560817e-06
3.737198544203030614e-06
3.754975520869550232e-06
3.771663588561417968e-06
3.784855570077946032e-06
3.811506861029391683e-06
3.835512948480802071e-06
3.852198606310829292e-06
3.857557070805887097e-06
3.869272215762058667e-06
3.925208205917686647e-06
3.946708914230746796e-06
3.966901866796113428e-06
3.979900305265364779e-06
3.987477714302692929e-06
4.007894733756952311e-06
4.028112815928297318e-06
4.039689996931199405e-06
4.076041435707775734e-06
4.099834252226612929e-06
4.123819127253105985e-06
4.132532159375044283e-06
4.168042687245236471e-06
4.187686879431343158e-06
4.201962969062195503e-06
4.223946683795379561e-06
4.249878615895397464e-06
4.289712547981676958e-06
4.311734920749761573e-06
4.315185198087873402e-06
4.349403392072812480e-06
4.366450194060557769e-06
4.377928421528578752e-06
4.411837198408289672e-06
4.422216069191076594e-06
4.424725213481927067e-06
4.448166088604482360e-06
4.465173374089341876e-06
4.478354306571799146e-06
4.502482792335828160e-06
4.530817630572857376e-06
4.539739919033515813e-06
4.571543950695182552e-06
4.593614170004013980e-06
4.600929980196373769e-06
4.619289409781877465e-06
4.645054989418631521e-06
4.656549979025822164e-06
4.667828418251083410e-06
4.686189362711260632e-06
4.709391852713503127e-06
4.726790346298928648e-06
4.756274772213927553e-06
4.787274018192828191e-06
4.797261296618488212e-06
4.823788289531926167e-06
4.843081068885130574e-06
4.863670766005339438e-06
4.878110820609071542e-06
4.908498842452762326e-06
4.933277529628955809e-06
4.968344565247984269e-06
4.971403447633023156e-06
5.008752451811362489e-06
5.018388466339157472e-06
5.043764292411163722e-06
5.062492998190511720e-06
5.090109042568695547e-06
5.103705542542967529e-06
5.118600330741287377e-06
5.146151064058352420e-06
5.163176611090570622e-06
5.186258787369393087e-06
5.206540903242020051e-06
5.230449686143642349e-06
5.237383294930837324e-06
5.267051674310571164e-06
5.286958836737630723e-06
5.303793727802812482e-06
5.312252663786527548e-06
5.341652193086416569e-06
5.349274353219896745e-06
5.398664327124916564e-06
5.401367245740064701e-06
5.415278634552353418e-06
5.431452189744035118e-06
5.448600856647745948e-06
5.477493709472073924e-06
5.482498458660635449e-06
5.507446525059098429e-06
5.512473138301256501e-06
5.545639755832569229e-06
5.588054274894886768e-06
5.603089409100940699e-06
5.611362321682987418e-06
5.664841916390414813e-06
5.682042356746353652e-06
5.688373013672752397e-06
5.706589504395919891e-06
5.725906212248642050e-06
5.731942247784349715e-06
5.771622198143196202e-06
5.793641431433882403e-06
5.800016834216866085e-06
5.832653681074519503e-06
5.845514610922608229e-06
5.874579427882902740e-06
5.897443459504760334e-06
5.917470511303822204e-06
5.936143996034561213e-06
5.958235767660627908e-06
5.984437541575555875e-06
5.992820619050322201e-06
6.025552019158510436e-06
6.036536800489192246e-06
6.067445925606248764e-06
6.088286337317671765e-06
6.092168231815477945e-06
6.130284967691171034e-06
6.148988819565427642e-06
6.170043042847500797e-06
6.173052155187857938e-06
6.228193406512437087e-06
6.240345844265366168e-06
6.266896005018079807e-06
6.289065798330798001e-06
6.311019436230122759e-06
6.358312031159560558e-06
6.365022057482038734e-06
6.380818532587564580e-06
6.408742127416107661e-06
6.414878688934305258e-06
6.441410224735438572e-06
6.456428127064286194e-06
6.471404086227646237e-06
6.498371283459707250e-06
6.541761093908536846e-06
6.581608233507614478e-06
6.582331147148174093e-06
6.603231544430650838e-06
6.633776821229242271e-06
6.665531274737251244e-06
6.674290855117073674e-06
6.698676639477055293e-06
6.729012112807545296e-06
6.732700206989755500e-06
6.749662431549322599e-06
6.782133875556870797e-06
6.787319711628724858e-06
6.806919176584219903e-06
6.864264301873923347e-06
6.891979831000989797e-06
6.893736544267784554e-06
6.922010856082171047e-06
6.930302075437885079e-06
6.955847805506219974e-06
6.996865093775580834e-06
7.010903185846718789e-06
7.038201698032104909e-06
7.062017296203694862e-06
7.091615713849478897e-06
7.118983130235512796e-06
7.142371749591336057e-06
7.156316048679492555e-06
7.182779943921639456e-06
7.194200063270923061e-06
7.200606040479413902e-06
7.237255047920603928e-06
7.269733894938542534e-06
7.322748793640477681e-06
7.325565720015509977e-06
7.333904693645629023e-06
7.359801947591649763e-06
7.369806649334254470e-06
7.419155675701636656e-06
7.420708961966187352e-06
7.449425010891969819e-06
7.466672271419559893e-06
7.489253998234101075e-06
7.500438683838893001e-06
7.544850528963351398e-06
7.565026529343449395e-06
7.579795958603786042e-06
7.616986034300051292e-06
7.631462572664058456e-06
7.638226253942929179e-06
7.678529473356431382e-06
7.709349312620777082e-06
7.725124569897541974e-06
7.741224304733950408e-06
7.761205372603152594e-06
7.806381855508694376e-06
7.829569416393211735e-06
7.844503047191723116e-06
7.852067520965928934e-06
7.865202144322866766e-06
7.904879191172683672e-06
7.915378127303106099e-06
7.956846053800699264e-06
7.976080318688108105e-06
8.005467594019228308e-06
8.016133286058591006e-06
8.036278254178339114e-06
8.083321850694697913e-06
8.096715027628489451e-06
8.127853289563259967e-06
8.149726304360859540e-06
8.154492862353302700e-06
8.188549659310403978e-06
8.210303885740277563e-06
8.244737702278947210e-06
8.268962937291593279e-06
8.274722321000927208e-06
8.292988753643989214e-06
8.309731385890988092e-06
8.327655377987197555e-06
8.362478254835787819e-06
8.385215166183246208e-06
8.392985516971427699e-06
8.427455326493218959e-06
8.440807986476066076e-06
8.448425519405982262e-06
8.495963710964073758e-06
8.528868213127726198e-06
8.532447986588945438e-06
8.565707801507598708e-06
8.580021116920900952e-06
8.593803212745760838e-06
8.626485378316684884e-06
8.665307373192419020e-06
8.677664454109065617e-06
8.697677934560355033e-06
8.712619137102947206e-06
8.750665304064382397e-06
8.794075412753067734e-06
8.824996822492129435e-06
8.837995149722279394e-06
8.850689252091384053e-06
8.862763494671176210e-06
8.884431714305051787e-06
8.909241023905458337e-06
8.936913892706371197e-06
8.960141642020793868e-06
8.979211455031415695e-06
9.002969518947462885e-06
9.040691108832954454e-06
9.053016901303351065e-06
9.088562490096084654e-06
9.115504461253402818e-06
9.133554430294205215e-06
9.151546054818362523e-06
9.198073885177744888e-06
9.201778282982181635e-06
9.237515461126530775e-06
9.256645741105361830e-06
9.273369194469313715e-06
9.306530109299351205e-06
9.315962474921139300e-06
9.370612775904211885e-06
9.382103730222075212e-06
9.395762391635446181e-06
9.436467983571497148e-06
9.452685270455037398e-06
9.495557942138121733e-06
9.519210787043588012e-06
9.542883843762537687e-06
9.551932151177891560e-06
9.566627494346923536e-06
9.602704580881142617e-06
9.605926788871860315e-06
9.620606545617943755e-06
9.655927142342513598e-06
9.690135930299619569e-06
9.712172002302255902e-06
9.729063731718103934e-06
9.750337554826285846e-06
9.777571423051264536e-06
9.798186865183710172e-06
9.842597072375100888e-06
9.868403547591531903e-06
9.901814936905440714e-06
9.919756300446835886e-06
9.951520807076421978e-06
9.981015841093730968e-06
9.999632356872818322e-06
1.002036359786311196e-05
1.004913961689482740e-05
1.005423656007973108e-05
1.007828171232687793e-05
1.009880185545698808e-05
1.011087606167357450e-05
1.016187534498360895e-05
1.018610025117413974e-05
1.022260598225909559e-05
1.023569326871051478e-05
1.026104829844345834e-05
1.035351564424994212e-05
1.037338531973248643e-05
1.039895553775166704e-05
1.041057835065501093e-05
1.043802262297134769e-05
1.047107458123996233e-05
1.049890481929328366e-05
1.052084803195483693e-05
1.055578811781688260e-05
1.058152222468178315e-05
1.061036851275335979e-05
1.061605053411467155e-05
1.062759316324817598e-05
1.064833669925927891e-05
1.068850645870628715e-05
1.070783171408844194e-05
1.072130627755836323e-05
1.075976825477684539e-05
1.077964012630266876e-05
1.081951271185817098e-05
1.082740378240496078e-05
1.087249322667127898e-05
1.090656655782161140e-05
1.093373550671061392e-05
1.096165898597089139e-05
1.097351207908362792e-05
1.098734584514203641e-05
1.102287795571932381e-05
1.106189954404010612e-05
1.106863085798555567e-05
1.109998582418064657e-05
1.111545926180325071e-05
1.113171349553105833e-05
1.118234927870680992e-05
1.118972170625744164e-05
1.121793201551180989e-05
1.124212521084553887e-05
1.126083246953490954e-05
1.128304498379763698e-05
1.133362991889082847e-05
1.135990979088803486e-05
1.138350957480382891e-05
1.139315714725433362e-05
1.141808504158482400e-05
1.143688241113580264e-05
1.146464857471132272e-05
1.151107130995132705e-05
1.154204839333419461e-05
1.156119981836147420e-05
1.159039842581459045e-05
1.160701000596026238e-05
1.162116204452150100e-05
1.166805428681216962e-05
1.168795339236865676e-05
1.171333061615338098e-05
1.173282395962207615e-05
1.174803225645879552e-05
1.177571765517863920e-05
1.180882789486266673e-05
1.184434497401578290e-05
1.185055717116089841e-05
1.190006838064322228e-05
1.191633040947286401e-05
1.194131736518566170e-05
1.194560052730898188e-05
1.197816386833778292e-05
1.204816539865656844e-05
1.205908522293811297e-05
1.207401246657780527e-05
1.209448598871395432e-05
1.212938231133043789e-05
1.214925547310215940e-05
1.218457556614932246e-05
1.220710754388965853e-05
1.223389676027888304e-05
1.226494278616430244e-05
1.230870108520754256e-05
1.233024151206227380e-05
1.235158405981629616e-05
1.240922725631875830e-05
1.243990424940608174e-05
1.244854925470803024e-05
1.246761106573067908e-05
1.249610136213300890e-05
1.251254383305353262e-05
1.252584490805195388e-05
1.254329876235231255e-05
1.256732738852738534e-05
1.257375509905733870e-05
1.263684784254273846e-05
1.265975372816943388e-05
1.269145858328275967e-05
1.271458329348230189e-05
1.271773584499212230e-05
1.277073629905465145e-05
1.279796942376083109e-05
1.282757817467775726e-05
1.286107873343513885e-05
1.287706379132880249e-05
1.293258728927238506e-05
1.295515435121039385e-05
1.298741491279007532e-05
1.299102169548451834e-05
1.306809823891717155e-05
1.309054817416383217e-05
1.310315271093580195e-05
1.315418164374553277e-05
1.318832497067895721e-05
1.319622090309404870e-05
1.324128877211696604e-05
1.325878018217653047e-05
1.328016323123631420e-05
1.330648259215646896e-05
1.335162191984414349e-05
1.335600838738418168e-05
1.339677817497556344e-05
1.342263005182357595e-05
1.346787724659386506e-05
1.347983903904584305e-05
1.350456283348643621e-05
1.352152901321559122e-05
1.355319424345710946e-05
1.356705720810673873e-05
1.359173594173299231e-05
1.363790013042972327e-05
1.365801429195176412e-05
1.371321304249253265e-05
1.372136588765159202e-05
1.372980039552311239e-05
1.376112561530221512e-05
1.379144776306714720e-05
1.383779657919532609e-05
1.385363887276705461e-05
1.388973316066524886e-05
1.392373076856743076e-05
1.393764401227309461e-05
1.399560682562054224e-05
1.403111875495222201e-05
1.406229166603078464e-05
1.410019958285705216e-05
1.410977056884506694e-05
1.416571490489022953e-05
1.418274287710519404e-05
1.418806269479259852e-05
1.423354555471339830e-05
1.425767774493613535e-05
1.426164618830840068e-05
1.429957573554265169e-05
1.431496044216932488e-05
1.435817393195324707e-05
1.438743203842659804e-05
1.440705517101991777e-05
1.446921868473757671e-05
1.450400871322147976e-05
1.451808934501421635e-05
1.456831850425711783e-05
1.458556419070232549e-05
1.462565162449265751e-05
1.467076160761410096e-05
1.467824104769969141e-05
1.470731258565740938e-05
1.472361736375143208e-05
1.476045150347066096e-05
1.476335691418652360e-05
1.482686485272084140e-05
1.486601288886710912e-05
1.490669078537532524e-05
1.495296733588343293e-05
1.496282915344928946e-05
1.500126806677490962e-05
1.502976177674596997e-05
1.506373877281097212e-05
1.507751736241656079e-05
1.513625434239566265e-05
1.514284227308238033e-05
1.516952600527170824e-05
1.519672596150640051e-05
1.521440127287666886e-05
1.522079481327823566e-05
1.526779945416533796e-05
1.529273817582327475e-05
1.529532693535826687e-05
1.536319827963394141e-05
1.538148379744066086e-05
1.540562470601913530e-05
1.545445280118683281e-05
1.547656614918422046e-05
1.553736330770995642e-05
1.557353914634641484e-05
1.560728071327574932e-05
1.562336293054842354e-05
1.565115712441846315e-05
1.569485226661843964e-05
1.572540666512789199e-05
1.573366242766713923e-05
1.573622234203493348e-05
1.580002806713572410e-05
1.581687180703343073e-05
1.584023583872404224e-05
1.585006085316312103e-05
1.588208927335235332e-05
1.594769807058126428e-05
1.595994430281137143e-05
1.597912156804939338e-05
1.602914115411300391e-05
1.605772437666146997e-05
1.607277068315510543e-05
1.610306335583633596e-05
1.617242341914524231e-05
1.620070877970667994e-05
1.621194638786310749e-05
1.626102113857671430e-05
1.628565534794605333e-05
1.632430761331140500e-05
1.633940543543804406e-05
1.639062432874070785e-05
1.640215418215465327e-05
1.642686267848499470e-05
1.648322170098892828e-05
1.650236115938489854e-05
1.653475927844206517e-05
1.655750028896322179e-05
1.659266419256984321e-05
1.662457435181297530e-05
1.665700971747618617e-05
1.668431073499531268e-05
1.670183763936295676e-05
1.672812510215495682e-05
1.676639579656703148e-05
1.679468274088596763e-05
1.682407797067613295e-05
1.683536274702176902e-05
1.684847168405996984e-05
1.689045827238302972e-05
1.696843931747327991e-05
1.701117423785798456e-05
1.701415917920651164e-05
1.705473042185244007e-05
1.708573682260047151e-05
1.710134994429097358e-05
1.713530056673118659e-05
1.718737391808803426e-05
1.720958789419706292e-05
1.724575163175167959e-05
1.728691491055427603e-05
1.730429382178668354e-05
1.733153284960730657e-05
1.737866567080923106e-05
1.739028885418389994e-05
1.741178236614238082e-05
1.742583292893169823e-05
1.744536481507457938e-05
1.753542221584169968e-05
1.755753688825085221e-05
1.759666539103548215e-05
1.763922916541575792e-05
1.765445439529051956e-05
1.771562547622497781e-05
1.772616199395751007e-05
1.773660365590886377e-05
1.778553231228494243e-05
1.780602250107652821e-05
1.785755579367417128e-05
1.787378291790831626e-05
1.790752064882674186e-05
1.792148126948678389e-05
1.796833967716979561e-05
1.798919456918867210e-05
1.803382772741672022e-05
1.807415798070853219e-05
1.807490280757231566e-05
1.811242681496431109e-05
1.818660834013901404e-05
1.820363343409170701e-05
1.821435868613640777e-05
1.826603326045295601e-05
1.830180204635478637e-05
1.831911556433534521e-05
1.837461731006810793e-05
1.838990454380459401e-05
1.847199308951174781e-05
1.851976937604423121e-05
1.854356641568554234e-05
1.860681190631151424e-05
1.862242451837916498e-05
1.863716562899581713e-05
1.865721577443013064e-05
1.869147436623863298e-05
1.871800465687668347e-05
1.876473503803255098e-05
1.876999661894622313e-05
1.882039873515723685e-05
1.884681849369725950e-05
1.886508065895404704e-05
1.890236268225377997e-05
1.894149434164510320e-05
1.896307559083997837e-05
1.902227430835912370e-05
1.902807080674038574e-05
1.907634689406847823e-05
1.912157400539549711e-05
1.912830202880689591e-05
1.917692988228660622e-05
1.920787723782303974e-05
1.922956477766521574e-05
1.927445742018404500e-05
1.929963371916644692e-05
1.933777986021640078e-05
1.937704681033519075e-05
1.944823158404378885e-05
1.947247482245551976e-05
1.951764442887274540e-05
1.956048335878503029e-05
1.959385563724991923e-05
1.962209780533670164e-05
1.964859404432864646e-05
1.967531476127049825e-05
1.968514807398557027e-05
1.973226666250751539e-05
1.976774184019495121e-05
1.981906383090803201e-05
1.982594069862067464e-05
1.988748771333982154e-05
1.990949413849790316e-05
1.995388336632139615e-05
1.998401328374282293e-05
2.004072870137004589e-05
2.005430072597952032e-05
2.006661820707785244e-05
2.010001232491111190e-05
2.017066873788772298e-05
2.018746811188692851e-05
2.021685401033029221e-05
2.024930279949081570e-05
2.031710397923124336e-05
2.033583318080361727e-05
2.037452229346824214e-05
2.040122311631914508e-05
2.043141030395686809e-05
2.046867580629503758e-05
2.050363348308357261e-05
2.055318704702998933e-05
2.058336310780324414e-05
2.059884443818156541e-05
2.064776626892090856e-05
2.069160554607105910e-05
2.071977474377793347e-05
2.077539062554739456e-05
2.082525455322746996e-05
2.084419382171866317e-05
2.088956193966684952e-05
2.092053517756417040e-05
2.092747442464992365e-05
2.096365724314860318e-05
2.101311341158781300e-05
2.102682563592598905e-05
2.105748473178002943e-05
2.107958409994733327e-05
2.116085024288463681e-05
2.119022493808129276e-05
2.121610186775807261e-05
2.124446662184268554e-05
2.127605566503880586e-05
2.129154815423765136e-05
2.135152642792823957e-05
2.142062161769011026e-05
2.146253649449465152e-05
2.151157499201626465e-05
2.152668355549381749e-05
2.153390529152277477e-05
2.159020015597173760e-05
2.163540557253779888e-05
2.166255207640945332e-05
2.171503471223802575e-05
2.173205383280261716e-05
2.177755430645479965e-05
2.179698933064895164e-05
2.185013109658542974e-05
2.187550084032176379e-05
2.189534764496303820e-05
2.195299219539940768e-05
2.199393101535713872e-05
2.202796308106208504e-05
2.209312594013992893e-05
2.213840791018957082e-05
2.214713977046429958e-05
2.219344594277505292e-05
2.219942941016652177e-05
2.223741600750891862e-05
2.230698145877113320e-05
2.234409969598376983e-05
2.239286146555515960e-05
2.241944235197213634e-05
2.243681594155213352e-05
2.251866833161970843e-05
2.252997283142034400e-05
2.255164196636838837e-05
2.259118676869958069e-05
2.260080566713467825e-05
2.264645431885905957e-05
2.268872188398803513e-05
2.275404108547812471e-05
2.276431949840144035e-05
2.277819712320506215e-05
2.285575582798197943e-05
2.289040498804168432e-05
2.290656832915780730e-05
2.298896600884619521e-05
2.300894691914645083e-05
2.303423046453554083e-05
2.307062485394355158e-05
2.308523478961222139e-05
2.313994971216955319e-05
2.314840132764502194e-05
2.319382021420971564e-05
2.325741344217600724e-05
2.330451604088521378e-05
2.335362490863998638e-05
2.337842119709541931e-05
2.339437429182748514e-05
2.344455063387644440e-05
2.346968182829691182e-05
2.352794184972259973e-05
2.355525423130231126e-05
2.360477414223250900e-05
2.365208097959836252e-05
2.369519698847163242e-05
2.370528024512437586e-05
2.376848569021080439e-05
2.379971776326882403e-05
2.384315747942903179e-05
2.386945994301530247e-05
2.391375863387972824e-05
2.393821436362715706e-05
2.398583164549622778e-05
2.402196565215592019e-05
2.405652681104153504e-05
2.408676321248879592e-05
2.415302200831011912e-05
2.416370608346019610e-05
2.417557014555092023e-05
2.425737940624554477e-05
2.426445790658208435e-05
2.429642955835744692e-05
2.434860168835784717e-05
2.441943192958589992e-05
2.444569640304607708e-05
2.448982561351433130e-05
2.453934361073909496e-05
2.456724596330982262e-05
2.462048775702204272e-05
2.467971576968589777e-05
2.470248173911454359e-05
2.472075426192281075e-05
2.476696286964658354e-05
2.477170225569155979e-05
2.485298621424758780e-05
2.492695471306374420e-05
2.494942969597906609e-05
2.499228676610262148e-05
2.501052748821739127e-05
2.503362167645131417e-05
2.507364904324640620e-05
2.512113039483296104e-05
2.514098089531866415e-05
2.518877649649169882e-05
2.527115493454476985e-05
2.529593909134745795e-05
2.533256269507036919e-05
2.536206881760339884e-05
2.539584137819580350e-05
2.547404014799200392e-05
2.553375758633868135e-05
2.554147706110719611e-05
2.558025832710346829e-05
2.560288853578648167e-05
2.566314995020975174e-05
2.566688758277627002e-05
2.569455504734472346e-05
2.574739484098539333e-05
2.578039414780455737e-05
2.582779678437610682e-05
2.587261223573159662e-05
2.589460984989377969e-05
2.592045509390213063e-05
2.594215305655035749e-05
2.601072455962296276e-05
2.608676320786578953e-05
2.612477289354755595e-05
2.614417008118881351e-05
2.620654068625178577e-05
2.626932045068763115e-05
2.631042728353830097e-05
2.634315838362019579e-05
2.637674258766843248e-05
2.638645603835773642e-05
2.642797407458387403e-05
2.648925803457409503e-05
2.653339415951639155e-05
2.657514753661789397e-05
2.663491228316985078e-05
2.665272215538906490e-05
2.668027982172131433e-05
2.670925576000904531e-05
2.674854671388542487e-05
2.680293250014198920e-05
2.685282739701610460e-05
2.686856339908453434e-05
2.691845574395443157e-05
2.694529052669497349e-05
2.699497144864198710e-05
2.703180341201161726e-05
2.711410265940974600e-05
2.717027596403329113e-05
2.723373589307915809e-05
2.725780595486361482e-05
2.733222497769150763e-05
2.734346328793031951e-05
2.739636119394119434e-05
2.742551763222473462e-05
2.745085119172568163e-05
2.750859144721286905e-05
2.755877251829497916e-05
2.763104392501581941e-05
2.769004441360653157e-05
2.771645118181142827e-05
2.776182186249660081e-05
2.777713805684691475e-05
2.782503090827957961e-05
2.784914082557383186e-05
2.790508385901556155e-05
2.794675852455617086e-05
2.800021746215707638e-05
2.806949110535574173e-05
2.811887903424134278e-05
2.816894783808408399e-05
2.818015309482971905e-05
2.818477854609936100e-05
2.826199113179443719e-05
2.829353062323406066e-05
2.830432111291747107e-05
2.832592657846945254e-05
2.835402827094349155e-05
2.837393277105276752e-05
2.841817749704321825e-05
2.852240323078869010e-05
2.854775501950758372e-05
2.861854492163955593e-05
2.862926877401259461e-05
2.868676904940199357e-05
2.870439369507130968e-05
2.877122311898774559e-05
2.882627163548940902e-05
2.883717667041786007e-05
2.890738916085427767e-05
2.893695554063288117e-05
2.894590607336790667e-05
2.900941142771973965e-05
2.905833452613531032e-05
2.914560203123624718e-05
2.915842159904947551e-05
2.919798075321221624e-05
2.924191316336197691e-05
2.932676226593746384e-05
2.934391288124064883e-05
2.937084243369388447e-05
2.944626104088448424e-05
2.947598122652202621e-05
2.952661889109287245e-05
2.954675662988134272e-05
2.965384948011079495e-05
2.967579911396081422e-05
2.972549346377369593e-05
2.976337293778128615e-05
2.979819604346571369e-05
2.988679833811146063e-05
2.990275221057113683e-05
2.992635643481221188e-05
3.000299386522194446e-05
3.001674562194925575e-05
3.003605146385246506e-05
3.008827250495211308e-05
3.017632682183618586e-05
3.021401128777406601e-05
3.025652275725086086e-05
3.029766461431180491e-05
3.034303183405095318e-05
3.035140064683324290e-05
3.047118640504450001e-05
3.051188139780161356e-05
3.053315860347334575e-05
3.055326964399105171e-05
3.062084744714914538e-05
3.068377090250984834e-05
3.071866583515011050e-05
3.079141389834173787e-05
3.082648033446669269e-05
3.087077249818034018e-05
3.089577364216211425e-05
3.094291193315910985e-05
3.099345834461237210e-05
3.103278239309164259e-05
3.106948350095185103e-05
3.113892999805970810e-05
3.115125664427684856e-05
3.122078601736883005e-05
3.124904862514466035e-05
3.132338766494887337e-05
3.133217264660333027e-05
3.141620400122652077e-05
3.143780481974625186e-05
3.150963221236442258e-05
3.152944567637068208e-05
3.156393911302730855e-05
3.168233213928639677e-05
3.171855997815826826e-05
3.179127562897357133e-05
3.184260650493665046e-05
3.188838695248345974e-05
3.190172070114029860e-05
3.192681198809031712e-05
3.202033098479353649e-05
3.204304538429211368e-05
3.213836868143362481e-05
3.217445566756394376e-05
3.222498859002489356e-05
3.226560278577045283e-05
3.233635874412219420e-05
3.235351013257374987e-05
3.237875043858470759e-05
3.239214566272458935e-05
3.248392451122335544e-05
3.251803273425764936e-05
3.256766095514403863e-05
3.266257134745901560e-05
3.270653728046474907e-05
3.271308948361159792e-05
3.272517763125671150e-05
3.276581671014821596e-05
3.278659835033735014e-05
3.288984082978367780e-05
3.300977800102176919e-05
3.304867655571710892e-05
3.308784659478813245e-05
3.314598970384902133e-05
3.317503288217097833e-05
3.321532775625433325e-05
3.323001019192325884e-05
3.329453623139218570e-05
3.335681411242725618e-05
3.345048233767263050e-05
3.349879690705725359e-05
3.352448668255830099e-05
3.357121058960237076e-05
3.362550714205989120e-05
3.372463910687620390e-05
3.377005681268691669e-05
3.382964562362108401e-05
3.390101284275110659e-05
3.396480542166077095e-05
3.398621747389252130e-05
3.399611105134183966e-05
3.406278049138814000e-05
3.408406818815589443e-05
3.412027973771816341e-05
3.422563111422085257e-05
3.426128687837361875e-05
3.430087644938291153e-05
3.437308867353687438e-05
3.441273771049151186e-05
3.447829287884721642e-05
3.451807441430000261e-05
3.455097489311999357e-05
3.459954608320886315e-05
3.462609278879654053e-05
3.472001012665263563e-05
3.475826566608066160e-05
3.480814933611086297e-05
3.482893123882967342e-05
3.491291971571926689e-05
3.492944541906489649e-05
3.499382003488345103e-05
3.503588524610847221e-05
3.505296227425087826e-05
3.512142631238712991e-05
3.515590309564978086e-05
3.520046261250369220e-05
3.523090681728706597e-05
3.529731730499652503e-05
3.541308545121952687e-05
3.544930570457384357e-05
3.550662148243185768e-05
3.553949011670204475e-05
3.565420995421882019e-05
3.567487422439485890e-05
3.573026450242337344e-05
3.581526672960315508e-05
3.583840727500348133e-05
3.587179441236210809e-05
3.590585248886205000e-05
3.596928929417544170e-05
3.602877840629032004e-05
3.608919159974681678e-05
3.613291306037131429e-05
3.616761945582607895e-05
3.627443300303225237e-05
3.631421685588329210e-05
3.633883302569385207e-05
3.642292392383820467e-05
3.645888583658069942e-05
3.653032474768211222e-05
3.659499504572013895e-05
3.663316813412055822e-05
3.667052675775179024e-05
3.671989158662730023e-05
3.674912425294587376e-05
3.682802131601640305e-05
3.690607380637687187e-05
3.695285430442067734e-05
3.698582169513483879e-05
3.703975546389153326e-05
3.705340245621569823e-05
3.717369744112640175e-05
3.723190089032526036e-05
3.724482451503707429e-05
3.728863936536766933e-05
3.733539132354294726e-05
3.739052430316714532e-05
3.747443366481868277e-05
3.750666065286898250e-05
3.753687648266098019e-05
3.758073453178728497e-05
3.764004216903617890e-05
3.767750474189525775e-05
3.776166737793638836e-05
3.777596278422666875e-05
3.781604521354010434e-05
3.783882813724009746e-05
3.799213579144633632e-05
3.804647736234004023e-05
3.805571618848612787e-05
3.813715597597400973e-05
3.815820992499945822e-05
3.826897659148578034e-05
3.833523695139865866e-05
3.836978750601975705e-05
3.841349471167197739e-05
3.846240891706693385e-05
3.849069238027198449e-05
3.865482440809623910e-05
3.873568103253698564e-05
3.878184397663003805e-05
3.880600883313563298e-05
3.884216604137732829e-05
3.893912641566493803e-05
3.896564595142081489e-05
3.896851532356103513e-05
3.905460358001017993e-05
3.916267558108019593e-05
3.923633848323314989e-05
3.926477030004611583e-05
3.931575160142070075e-05
3.933617998272955033e-05
3.938641861580622272e-05
3.944888337905409591e-05
3.954594025069930910e-05
3.956326430297291369e-05
3.965406322821050586e-05
3.968977539237723753e-05
3.974885326864579588e-05
3.980659068948263574e-05
3.983678892317971674e-05
3.989491379198350222e-05
3.994599006346276387e-05
3.997722468894660046e-05
4.004605108638038807e-05
4.015892745770018892e-05
4.018969205139643854e-05
4.028798873803756585e-05
4.033770820908560420e-05
4.042322550204593956e-05
4.047793255096092385e-05
4.055003467463319685e-05
4.057311672265721440e-05
4.059685533627307053e-05
4.066369295681791053e-05
4.075165181534657374e-05
4.078905746888735422e-05
4.085627836884353633e-05
4.091437548859713281e-05
4.096077883133162869e-05
4.104150041114261991e-05
4.107383527418824665e-05
4.114249078166484026e-05
4.119148064483787390e-05
4.130455804528241796e-05
4.138822823511114642e-05
4.140392356611015520e-05
4.148614364782288020e-05
4.156361822676237400e-05
4.159025601266665964e-05
4.161266991744050516e-05
4.167375016204207563e-05
4.174311669953800302e-05
4.182468510185701144e-05
4.186659030817427188e-05
4.189789482150307713e-05
4.196929685275642397e-05
4.201309351955458045e-05
4.210768975352769267e-05
4.220568918984787094e-05
4.226191109786388902e-05
4.229073539710625118e-05
4.232931080491635030e-05
4.239787394695207305e-05
4.246953286373793257e-05
4.253677842143739623e-05
4.257244017677160389e-05
4.261182887729628329e-05
4.274337681902611025e-05
4.276023618569442601e-05
4.286478802922911188e-05
4.287586786296722634e-05
4.295788263762191487e-05
4.297080993276201574e-05
4.311725619659897724e-05
4.314324760190475560e-05
4.319480276187298047e-05
4.327328794851797279e-05
4.332840713497413353e-05
4.339286933413636212e-05
4.342653638260203129e-05
4.347609666422674830e-05
4.350239425642520030e-05
4.356596968009580900e-05
4.363609780775999934e-05
4.369079601961027055e-05
4.377451074923260525e-05
4.380973069554982950e-05
4.392939157672636532e-05
4.399500431590489403e-05
4.410818256617546655e-05
4.416776388472121710e-05
4.421072942947301877e-05
4.431414407917009282e-05
4.435289030274897526e-05
4.442537112406690520e-05
4.452812090609999649e-05
4.457394825937819352e-05
4.462450990638752474e-05
4.469299930064329028e-05
4.470850043397902522e-05
4.479903931142403909e-05
4.497181000245540890e-05
4.501035457266656768e-05
4.507149300266757565e-05
4.511394171414331085e-05
4.514417862401885588e-05
4.523429967203078242e-05
4.534072485024625491e-05
4.539924870015483408e-05
4.542433542867010721e-05
4.549046373131153609e-05
4.557567210539019892e-05
4.565505878570058694e-05
4.570171604455703008e-05
4.576517209342283849e-05
4.586986642859256560e-05
4.599069773124815641e-05
4.601717422841864917e-05
4.608918771593867130e-05
4.609524316359880610e-05
4.611910334866691494e-05
4.619680583758279540e-05
4.624884575828068582e-05
4.634033259850335173e-05
4.641526432102475937e-05
4.644163553911464636e-05
4.650940573513075979e-05
4.654076315438102334e-05
4.667031484268622930e-05
4.674277752945363702e-05
4.676703270766040005e-05
4.679702031036128197e-05
4.687280382197773750e-05
4.692137441357674860e-05
4.700145214881707779e-05
4.708689158476929366e-05
4.716497658310814765e-05
4.726494656682699567e-05
4.730522590195784062e-05
4.733998025780682660e-05
4.749552784451084234e-05
4.756752918038043069e-05
4.760525978337884571e-05
4.767061371643616688e-05
4.775069981669846192e-05
4.784007745715263986e-05
4.786466952141550950e-05
4.801034323736712029e-05
4.802390128010581541e-05
4.804764872669661818e-05
4.816980200481563266e-05
4.824391790071177701e-05
4.828788090897089073e-05
4.838273991747436890e-05
4.849438816902291224e-05
4.853984809282645959e-05
4.854521734900524565e-05
4.862416471852475000e-05
4.875778021633225666e-05
4.882298033075935440e-05
4.891730040769317993e-05
4.894648173682693152e-05
4.905626564467867096e-05
4.910905347700275387e-05
4.919590098105304911e-05
4.925315434176996644e-05
4.928630212391488409e-05
4.933350483198999667e-05
4.942808280695430880e-05
4.948824176290041426e-05
4.960424742284850048e-05
4.963069256715059874e-05
4.970797811346699431e-05
4.975417641506200717e-05
4.981445556112827779e-05
4.990185415374536181e-05
4.996546598768987528e-05
4.998706339566668760e-05
5.010946134977728033e-05
5.020022758043415326e-05
5.029150840090038197e-05
5.034701054745805289e-05
5.043223800684629491e-05
5.051419763519027488e-05
5.055258007815528932e-05
5.065364249398670161e-05
5.066669980412910677e-05
5.077235936910539776e-05
5.093129930325422959e-05
5.098252309068560190e-05
5.105071761577632589e-05
5.117666634947876819e-05
5.119158715643493449e-05
5.124917316761672413e-05
5.129723441808363860e-05
5.141772614901458818e-05
5.150389419364985509e-05
5.153322956026245097e-05
5.167912695242608801e-05
5.173942335389602787e-05
5.179045454961034409e-05
5.193527634834643134e-05
5.211540146354818096e-05
5.218404963013483438e-05
5.220754428849915571e-05
5.237218943321374356e-05
5.242725263219794187e-05
5.246858512986484857e-05
5.251030358594704802e-05
5.262765657418230726e-05
5.270995673872832778e-05
5.276593080516914799e-05
5.287301299582700310e-05
5.296625517590373023e-05
5.303151286328921192e-05
5.309738364680275199e-05
5.323648212974366358e-05
5.327248622574803997e-05
5.328369309143535026e-05
5.337918875053285456e-05
5.342924382819021580e-05
5.354381432052743046e-05
5.356972504510366907e-05
5.359892228703349876e-05
5.370495324532561691e-05
5.378443278739501808e-05
5.381167795216274869e-05
5.399490508286047022e-05
5.403172625772350039e-05
5.412652987706823775e-05
5.418582022726049850e-05
5.424569701294262262e-05
5.433706773435145119e-05
5.441997902706758152e-05
5.452729605082255070e-05
5.455167697712853689e-05
5.466287846761059774e-05
5.473005509830896465e-05
5.487033096042324639e-05
5.496716586036931373e-05
5.501766419797582657e-05
5.514982291750881110e-05
5.523022097679513529e-05
5.528403481910098644e-05
5.543401975657614073e-05
5.551961211815523704e-05
5.565030285205641193e-05
5.569610508887669104e-05
5.576075323335970599e-05
5.584013707216133423e-05
5.598216259301176792e-05
5.605777089298793559e-05
5.607176230389550277e-05
5.611579653109639154e-05
5.619973455707974886e-05
5.632864199193575466e-05
5.647036300247381671e-05
5.651994878586812083e-05
5.661264831151313626e-05
5.665646121981510788e-05
5.674901403501657912e-05
5.684856695369379251e-05
5.691715314726330767e-05
5.696377075606213347e-05
5.706498342914031514e-05
5.726262711948968098e-05
5.734401479764201240e-05
5.743372278835321402e-05
5.744665945406558549e-05
5.748972145365952708e-05
5.761370862534008686e-05
5.773277558062908004e-05
5.784690695361546195e-05
5.786650599365947262e-05
5.794167348160965305e-05
5.801257067773987931e-05
5.810056073502316152e-05
5.822562217341487864e-05
5.824801960395313354e-05
5.831503781019480785e-05
5.837246815712241930e-05
5.849279654853025518e-05
5.867962096786822918e-05
5.875173959824878133e-05
5.877826909297327162e-05
5.892801570541620433e-05
5.898398855685207378e-05
5.905805430001008163e-05
5.912715407209038408e-05
5.938275900591531681e-05
5.945110011680468202e-05
5.952955311746353214e-05
5.953695878193192731e-05
5.960504841193306838e-05
5.965794501731113753e-05
5.974471773119820059e-05
5.979660451335008461e-05
5.987214028779877821e-05
6.003109129668334301e-05
6.015526941933864799e-05
6.027053542494329125e-05
6.041960555900438801e-05
6.054217854355861071e-05
6.057343697698351918e-05
6.068231167807890055e-05
6.072034834340936263e-05
6.077915057722498688e-05
6.093463338691725869e-05
6.100130052117996355e-05
6.105471644879085309e-05
6.118928218692791781e-05
6.120835621037307498e-05
6.136027376579723141e-05
6.141193801915833140e-05
6.152495285324331828e-05
6.160705290299090203e-05
6.173713896897883001e-05
6.176679048580997918e-05
6.185395643466102232e-05
6.197453386340054902e-05
6.208651201377117220e-05
6.222257847036588899e-05
6.223633670607620657e-05
6.241537857536142591e-05
6.253070365818839743e-05
6.264603548694179112e-05
6.270253261779849526e-05
6.278010773672301780e-05
6.288761355010770210e-05
6.299213599266161284e-05
6.316429183431857247e-05
6.320579977144548324e-05
6.330256855646601132e-05
6.340438835299616908e-05
6.345303236714416569e-05
6.358220095098160560e-05
6.368877289033699428e-05
6.372968381731800914e-05
6.388729874111056433e-05
6.397540788841508399e-05
6.402528539529459353e-05
6.411997451044800531e-05
6.427290615849433407e-05
6.437340369124987737e-05
6.456609017725253809e-05
6.468547046038162487e-05
6.483895288033807516e-05
6.489672683753763610e-05
6.496039358386721343e-05
6.504085839749268168e-05
6.513482039418854049e-05
6.523924953142544664e-05
6.536165186620927238e-05
6.542068494861302602e-05
6.547199581927595432e-05
6.562600667414387459e-05
6.582618122133840788e-05
6.599022853520961985e-05
6.604250228916160048e-05
6.611490999850214102e-05
6.620352033694470420e-05
6.632655881507489015e-05
6.635971588651232145e-05
6.647913854153396970e-05
6.655200308591854711e-05
6.664376432786696738e-05
6.674569147650838863e-05
6.689929872982201830e-05
6.705394713833549012e-05
6.721986504513282332e-05
6.726966225751650848e-05
6.730898627041866046e-05
6.738236532912915769e-05
6.755947688893770365e-05
6.763696583549105336e-05
6.772034307959562546e-05
6.791065533451173255e-05
6.803355209082496513e-05
6.807960371275666243e-05
6.820777184585508535e-05
6.825284715154082151e-05
6.835194507845242370e-05
6.849990877483505699e-05
6.857914175649762153e-05
6.863963141450126891e-05
6.877366752763471719e-05
6.884555122027074473e-05
6.894502826597040000e-05
6.916191458232406962e-05
6.936672101147184008e-05
6.960112648736883727e-05
6.963853267463846093e-05
6.970381768784940325e-05
6.980982180045278379e-05
6.995776896072607544e-05
7.005028913808558015e-05
7.014698181870104951e-05
7.030546760407602321e-05
7.049973560149097856e-05
7.059292547302258958e-05
7.069883527551506120e-05
7.081125102576946303e-05
7.093955146507757519e-05
7.099115639828121934e-05
7.104300683131771499e-05
7.115305680327282077e-05
7.125390618776268994e-05
7.140905724738649861e-05
7.157131325674734746e-05
7.177898782529118645e-05
7.187495849598128466e-05
7.195379299438225691e-05
7.197416258233543807e-05
7.206109906517537452e-05
7.227861497626289489e-05
7.240127978676435421e-05
7.241943030727108338e-05
7.252821295326740013e-05
7.262577068180871146e-05
7.277266808352102765e-05
7.289475467958447395e-05
7.307220965966561310e-05
7.322209840343139734e-05
7.335122288684954377e-05
7.343307871152479236e-05
7.360094816016308150e-05
7.372909961151594702e-05
7.386437577551394605e-05
7.395711263055421267e-05
7.420651493218200498e-05
7.429392956016683835e-05
7.447268636363614796e-05
7.460463715227700330e-05
7.467560090981372866e-05
7.474503200857141537e-05
7.494834361551351272e-05
7.511949913538804740e-05
7.519320285395339866e-05
7.526824916612725005e-05
7.532151587755250128e-05
7.549412523717770351e-05
7.557905018921964489e-05
7.571680015641232462e-05
7.577285789879259286e-05
7.590944555466614080e-05
7.604006168831634451e-05
7.621394464443507284e-05
7.640429833684365534e-05
7.643304487883103020e-05
7.648962724491009755e-05
7.670751922592284591e-05
7.696285518903456366e-05
7.707110223234874739e-05
7.721053105025207301e-05
7.739038241711947174e-05
7.744277013732039309e-05
7.750304513978381734e-05
7.774765205771102085e-05
7.789083006509607283e-05
7.801147300533807234e-05
7.819238807440435750e-05
7.827251108897933715e-05
7.847319035239914563e-05
7.862398868967455977e-05
7.875968858189683335e-05
7.883191244694030180e-05
7.891009446551094974e-05
7.921012745166243279e-05
7.937334698582280610e-05
7.959704108248931583e-05
7.972420180006862362e-05
7.981927686338755187e-05
7.990700559269241210e-05
8.018867983528237366e-05
8.021890340599929716e-05
8.050230944470068088e-05
8.055034495695856628e-05
8.067987838301613499e-05
8.086760678888293041e-05
8.097706299384822305e-05
8.108483653452325008e-05
8.115671443135872480e-05
8.128959866906294580e-05
8.146085748134311512e-05
8.156903192007638212e-05
8.186846551089308041e-05
8.196837923464146409e-05
8.206415052311082710e-05
8.228031433867994120e-05
8.240914450451634768e-05
8.255874458918187428e-05
8.277962583713680835e-05
8.295637856912317599e-05
8.308281564906371344e-05
8.313343126046376030e-05
8.316892232767717852e-05
8.332851250049522055e-05
8.339066212928788059e-05
8.369528161335937225e-05
8.373826304286944504e-05
8.392178576384694505e-05
8.410349607359006094e-05
8.419926126644223532e-05
8.444736531678771155e-05
8.462135539010338828e-05
8.471664461927869822e-05
8.501993676923064755e-05
8.513994334742700128e-05
8.535923688918182106e-05
8.551672732623313486e-05
8.574511342730853402e-05
8.581130621180136698e-05
8.606929682187939093e-05
8.614488472125869060e-05
8.637012766036121969e-05
8.654903224121643856e-05
8.668531933860288460e-05
8.673844717465507468e-05
8.701365093368498014e-05
8.718775323635624002e-05
8.740422088088352175e-05
8.755951804596554737e-05
8.767022122227117987e-05
8.770622255970887931e-05
8.805857093592018030e-05
8.814422770879423209e-05
8.829150801681445965e-05
8.847492034094029236e-05
8.867189767336305700e-05
8.878660535308337503e-05
8.908981423124856015e-05
8.921849649754995393e-05
8.942629320464747194e-05
8.960063431898837648e-05
8.976690892096249579e-05
9.000509948225019949e-05
9.012417544797319993e-05
9.022071282096426944e-05
9.055275893009599644e-05
9.085411886268111251e-05
9.107821237127650029e-05
9.114873158672490464e-05
9.141197090565959023e-05
9.160713627040086644e-05
9.165640608036749765e-05
9.201075391033247306e-05
9.212226418753650850e-05
9.220443132089185822e-05
9.250748771089592070e-05
9.263955784286554741e-05
9.279195314664955181e-05
9.306174180911724794e-05
9.327224964696451581e-05
9.349427618688897475e-05
9.371926396596902550e-05
9.404426470109450843e-05
9.414993349012005142e-05
9.427342081176551660e-05
9.435835651161326087e-05
9.450919830980973493e-05
9.513669126955184580e-05
9.528850282114122324e-05
9.550838636083363361e-05
9.569310335055305745e-05
9.583272526957639734e-05
9.608422982557153459e-05
9.626474989603126973e-05
9.639050202587648073e-05
9.674955032448417599e-05
9.682549101460996164e-05
9.697692677588508087e-05
9.715988139612894326e-05
9.753050626255735779e-05
9.788246186471546821e-05
9.796321327669306976e-05
9.812141436805942789e-05
9.858863620286920722e-05
9.873358720130140896e-05
9.909929294121251435e-05
9.925826807571686179e-05
9.952792272403697329e-05
9.985916663169050879e-05
1.000844373155913180e-04
1.002681364645816015e-04
1.004277477540658662e-04
1.006435676358329555e-04
1.010517615389978831e-04
1.014088424479424360e-04
1.016871961073179429e-04
1.019678203512411829e-04
1.022120662168990056e-04
1.025598688537816513e-04
1.025817544676240899e-04
1.030276999490376287e-04
1.032403811882937197e-04
1.034171539578058303e-04
1.039302083928974913e-04
1.040548881701101343e-04
1.041797742503989486e-04
1.044228142459392120e-04
1.049841940996782346e-04
1.052747682003159088e-04
1.056259411061452765e-04
1.058101038293883837e-04
1.062385399704569194e-04
1.065846462011133520e-04
1.067137575818117971e-04
1.073242363242953289e-04
1.076076145004343712e-04
1.078771733485384154e-04
1.080232923535753820e-04
1.085747497248122423e-04
1.092396073834956061e-04
1.093232836262137390e-04
1.095829863106318093e-04
1.097294642734396861e-04
1.103558934234251355e-04
1.105303762694957319e-04
1.110195120639041120e-04
1.112404290629006318e-04
1.114517569982033802e-04
1.118425394074438323e-04
1.125957341555288387e-04
1.128624344149125892e-04
1.130753458116666530e-04
1.134463296677028698e-04
1.137075735125821658e-04
1.140967604864933586e-04
1.142122052916182964e-04
1.144605867547919417e-04
1.152077395999810547e-04
1.154128157120093038e-04
1.158846686826948855e-04
1.166428418747849445e-04
1.167530857876090299e-04
1.174256149850485441e-04
1.181567432451485712e-04
1.185614743931808038e-04
1.191272894492598076e-04
1.195674609357028301e-04
1.199808404119969790e-04
1.203806322022749422e-04
1.206923511023328381e-04
1.213029369725521971e-04
1.213305316818310138e-04
1.217266959511718069e-04
1.225735201164378815e-04
1.230102217010142936e-04
1.234622145552495890e-04
1.239894651615402489e-04
1.243370761949743740e-04
1.246781005493538921e-04
1.255434987962929661e-04
1.262315472611299724e-04
1.264637016600562275e-04
1.268169617735612914e-04
1.277420876283524615e-04
1.282074905412054755e-04
1.287504902085025735e-04
1.295070485485184551e-04
1.296612858138590345e-04
1.308976115547946968e-04
1.312934925175592796e-04
1.321309120109950689e-04
1.323736934412043074e-04
1.335544485047838244e-04
1.339948739458735874e-04
1.359312902169176331e-04
1.364666276541729568e-04
1.370014554510848987e-04
1.376590022500431062e-04
1.386749564444786646e-04
1.400255933405521213e-04
1.401707419047242410e-04
1.408292585053388555e-04
1.411687329367894677e-04
1.429735394138817136e-04
1.440293699560085900e-04
1.456859722093101531e-04
1.480312716998572126e-04
1.506713213229001261e-04
1.509791722756031313e-04
2.711150041500948139e-04
