-1.491021841203236118e-04
-1.460735945727522343e-04
-1.453317811880934691e-04
-1.434633345573712053e-04
-1.428564546740524117e-04
-1.405149182703261009e-04
-1.403485286365646633e-04
-1.393598914334339919e-04
-1.384768013410135720e-04
-1.366052826681672043e-04
-1.360938745700097821e-04
-1.359230481105574550e-04
-1.355192712870382859e-04
-1.338976929030431112e-04
-1.328941701672546822e-04
-1.322426925013359231e-04
-1.315259822585932684e-04
-1.307724112703454442e-04
-1.303490987786080771e-04
-1.298355727161440876e-04
-1.296441994790233272e-04
-1.286619511231412044e-04
-1.278246744049520373e-04
-1.273464329227329511e-04
-1.267442356635018743e-04
-1.258712263459226379e-04
-1.257373956954475512e-04
-1.256720253631448379e-04
-1.245008728461408413e-04
-1.238871204797989498e-04
-1.230683831463738078e-04
-1.228203329635888495e-04
-1.223168166044258972e-04
-1.222547425146214013e-04
-1.212579836598503587e-04
-1.208647822024395795e-04
-1.207390548710918254e-04
-1.200743760866092996e-04
-1.193900733607189147e-04
-1.191083507237823447e-04
-1.188509952439651508e-04
-1.182938309090781828e-04
-1.176854383544306441e-04
-1.173851913137890585e-04
-1.170777959881894416e-04
-1.167538452061067888e-04
-1.163540246308735442e-04
-1.157208206136092743e-04
-1.153567871839142827e-04
-1.151606771614628507e-04
-1.143524710744497853e-04
-1.139780658411823991e-04
-1.135668359550316817e-04
-1.134337811003970325e-04
-1.128603392223256175e-04
-1.125666623983031389e-04
-1.121637855781379715e-04
-1.120901812590486158e-04
-1.115733042739003978e-04
-1.114493256410235014e-04
-1.110117128304008243e-04
-1.105678740469079709e-04
-1.104471471572875438e-04
-1.101200974350780411e-04
-1.100932266075954044e-04
-1.093378749548167423e-04
-1.091052322531107794e-04
-1.085878926004338693e-04
-1.079650280642821406e-04
-1.077036828024665943e-04
-1.074535036408668070e-04
-1.073780436952384820e-04
-1.067859302282122777e-04
-1.064181541052348359e-04
-1.061262448556838311e-04
-1.058528344847206522e-04
-1.054888318425738984e-04
-1.052700146234623126e-04
-1.050951612715618423e-04
-1.045832113575592600e-04
-1.045007942361427612e-04
-1.040780605032462410e-04
-1.038435871675722828e-04
-1.035256510941082300e-04
-1.035008003002225443e-04
-1.029300571464973922e-04
-1.026375577715649378e-04
-1.025257116718394863e-04
-1.019619447843919511e-04
-1.015284581585751866e-04
-1.013029063809740593e-04
-1.012085040588613658e-04
-1.009725776876474555e-04
-1.007917539063616600e-04
-1.003541189629255108e-04
-1.002351056588186948e-04
-9.982906712687115536e-05
-9.955051676443466371e-05
-9.924703838206803876e-05
-9.911313250585650474e-05
-9.900356965900528419e-05
-9.870963219713792150e-05
-9.859037687366698844e-05
-9.822953656756110478e-05
-9.807499609187191861e-05
-9.769742850616017118e-05
-9.752561630709356084e-05
-9.726846286993910500e-05
-9.701399605745149931e-05
-9.682383185423736667e-05
-9.664099651465899506e-05
-9.638190093716777595e-05
-9.630886552124404479e-05
-9.618798797293396524e-05
-9.585701559336942397e-05
-9.559134220346809051e-05
-9.529479596465920046e-05
-9.528187840326452548e-05
-9.510926711126126468e-05
-9.483039703036053166e-05
-9.455265379717095518e-05
-9.439725382041691190e-05
-9.417309969441074789e-05
-9.392496558108095670e-05
-9.369494089035918308e-05
-9.359955784176431407e-05
-9.342174998343115173e-05
-9.323506978297494189e-05
-9.310414256286060012e-05
-9.263032321834568255e-05
-9.241827452298014890e-05
-9.216863535123217220e-05
-9.175267572452682776e-05
-9.168122836999331780e-05
-9.159652488650068657e-05
-9.131544536902899863e-05
-9.110131883635710383e-05
-9.096442737519940349e-05
-9.071285236594359559e-05
-9.056557147237590194e-05
-9.043537234605388919e-05
-9.014024868559453835e-05
-9.007373321106283107e-05
-8.993943352544357867e-05
-8.977896917516559766e-05
-8.966792939442511535e-05
-8.943729516466547298e-05
-8.915310342091059385e-05
-8.904631244452632056e-05
-8.881289258504980661e-05
-8.868182943178531214e-05
-8.855423108765087935e-05
-8.819746790127449795e-05
-8.800160165661312101e-05
-8.786128544648526024e-05
-8.765187727331697008e-05
-8.749391667757302495e-05
-8.737933433759975178e-05
-8.733979921157816859e-05
-8.707857801791250038e-05
-8.691469789856335021e-05
-8.674026204735348837e-05
-8.650628652647108932e-05
-8.639195247853990762e-05
-8.633862236198419941e-05
-8.619870898109514943e-05
-8.599967010485440560e-05
-8.594254943725262389e-05
-8.585833343401235145e-05
-8.564284384729289521e-05
-8.535554389800431075e-05
-8.525179870588373986e-05
-8.515642324559838177e-05
-8.481954982317885011e-05
-8.479332195022330277e-05
-8.451949183538289489e-05
-8.439142027297382408e-05
-8.405382263815882205e-05
-8.403296719907630673e-05
-8.392433999281495311e-05
-8.383320883392439155e-05
-8.361854916695593998e-05
-8.338272272044036041e-05
-8.312152646523977644e-05
-8.306197706231059879e-05
-8.289890836604743823e-05
-8.278112983435224599e-05
-8.261843389130531831e-05
-8.259651621756582487e-05
-8.229157820366283442e-05
-8.216405035779133646e-05
-8.193035457631477135e-05
-8.192235387115303540e-05
-8.173742977712382201e-05
-8.152508276736928228e-05
-8.132414953359246772e-05
-8.121530007359866040e-05
-8.105091842343459881e-05
-8.088697252825498762e-05
-8.062479910242198889e-05
-8.051275110784686265e-05
-8.041932269979550497e-05
-8.028186049863232285e-05
-8.018607672590969109e-05
-8.010056362006473182e-05
-7.992084157929202045e-05
-7.977690639047763663e-05
-7.964841099478438247e-05
-7.955415103400457545e-05
-7.918700568247450972e-05
-7.910913918283197144e-05
-7.898151590877153586e-05
-7.883967268115307109e-05
-7.863320639902959916e-05
-7.853812314502289175e-05
-7.847017657690782554e-05
-7.840648422530681859e-05
-7.824830520326871825e-05
-7.793700626276229095e-05
-7.790861645841181044e-05
-7.777356756050807435e-05
-7.770000555597856076e-05
-7.757926150109920049e-05
-7.749123894967519866e-05
-7.739544025150731489e-05
-7.723269817785215631e-05
-7.697983368380067375e-05
-7.688234758156474024e-05
-7.682298334322516993e-05
-7.668590235662118865e-05
-7.656297993149269751e-05
-7.644478731740884752e-05
-7.616310106099524779e-05
-7.614861892785650642e-05
-7.603048674390241513e-05
-7.578324763113913475e-05
-7.565062755023529702e-05
-7.555108335938590417e-05
-7.548264599844693506e-05
-7.539893674408492796e-05
-7.536827729418582350e-05
-7.505411526366301104e-05
-7.500024590017047201e-05
-7.468030676362792393e-05
-7.450218416459366275e-05
-7.448087431502796105e-05
-7.438238524001241009e-05
-7.430245084013830108e-05
-7.414021191600119094e-05
-7.394360851448105267e-05
-7.391380543853450738e-05
-7.374102943889153470e-05
-7.356420066021969809e-05
-7.348958688106275029e-05
-7.341345872909908245e-05
-7.327674837461217998e-05
-7.317706627460724268e-05
-7.310990328503629476e-05
-7.292749551701517108e-05
-7.280113841363223669e-05
-7.252423605570705752e-05
-7.245708366461073573e-05
-7.240242683825833068e-05
-7.225488973092896372e-05
-7.212755925110490764e-05
-7.198861471181979260e-05
-7.194552307619812219e-05
-7.184402988098004023e-05
-7.170344161286559403e-05
-7.155392881120982602e-05
-7.150954917031781839e-05
-7.130095346169006522e-05
-7.117593773688945017e-05
-7.107524337739333183e-05
-7.092131819598038200e-05
-7.086789709819393227e-05
-7.062097101417367433e-05
-7.045549850871483315e-05
-7.036609471811470953e-05
-7.024418755668498634e-05
-7.020761393571438714e-05
-7.007349355767678891e-05
-7.005826281106978073e-05
-6.976376351991557545e-05
-6.959846874588843839e-05
-6.942436700876331002e-05
-6.940421615796744925e-05
-6.928121707439349752e-05
-6.919435302338637725e-05
-6.914708632519736390e-05
-6.905408429306557621e-05
-6.892724161874105946e-05
-6.882621338754004077e-05
-6.874747353180665928e-05
-6.859158465973400510e-05
-6.855556705444396538e-05
-6.843723805247350802e-05
-6.820447759827748127e-05
-6.809026017110419071e-05
-6.804078555885984295e-05
-6.795014755170018577e-05
-6.776919951798307550e-05
-6.774657481764276919e-05
-6.763629012078189149e-05
-6.749714801158810111e-05
-6.745147907439960524e-05
-6.736616673738623226e-05
-6.734957084047995580e-05
-6.715090820630525178e-05
-6.693634531708178418e-05
-6.686822198033717172e-05
-6.679852900126006675e-05
-6.664378108327214973e-05
-6.656295244178046387e-05
-6.647173864650816964e-05
-6.639236429946052251e-05
-6.621174497266010556e-05
-6.609881986266686823e-05
-6.608213388910063430e-05
-6.586692539050460413e-05
-6.573143906655203484e-05
-6.570374900647445540e-05
-6.554703796710733730e-05
-6.546972163356986870e-05
-6.535867303723955383e-05
-6.532248069565399929e-05
-6.525047069676709951e-05
-6.518821674668684202e-05
-6.510176560646658281e-05
-6.495003416215030167e-05
-6.468483859764363026e-05
-6.465112013172916443e-05
-6.456361567679733007e-05
-6.452812724485701510e-05
-6.441306635950196742e-05
-6.429251707324300127e-05
-6.420746968539569634e-05
-6.406132391503784019e-05
-6.398065390357490399e-05
-6.386502226017983690e-05
-6.372573540133175357e-05
-6.366610038386534705e-05
-6.348372129951687507e-05
-6.345786407573563077e-05
-6.339406498428238311e-05
-6.321872817433445938e-05
-6.311987804682254988e-05
-6.304348351134824108e-05
-6.291557826226015478e-05
-6.282209225287081820e-05
-6.275489476059218611e-05
-6.265781124719581015e-05
-6.248110097262293621e-05
-6.241098556659546465e-05
-6.227703736420557470e-05
-6.219301082791886244e-05
-6.205485941590803975e-05
-6.194652156347680769e-05
-6.183368507772164552e-05
-6.182438242955377340e-05
-6.170854638256137318e-05
-6.169013702538673821e-05
-6.161269002551767371e-05
-6.133681791384499368e-05
-6.129391390823967845e-05
-6.118081092097660213e-05
-6.115095483238714314e-05
-6.104652567286992300e-05
-6.097346386689492156e-05
-6.092028775131166267e-05
-6.087856805697503015e-05
-6.081278132881704114e-05
-6.055601177718943377e-05
-6.050427724651802255e-05
-6.044861183036871852e-05
-6.035513714108928403e-05
-6.028544784282690596e-05
-6.020645356476979370e-05
-6.002989169493931285e-05
-5.997028454254174022e-05
-5.994440962133473636e-05
-5.973090697849893613e-05
-5.969888571655625388e-05
-5.951888160290229535e-05
-5.947842738996679638e-05
-5.937765768983801969e-05
-5.932483023816389973e-05
-5.917702639463732968e-05
-5.913240523539346153e-05
-5.902345978817531398e-05
-5.894541767585952802e-05
-5.888127685465069659e-05
-5.879133574891358215e-05
-5.866931100726710996e-05
-5.858085422864574374e-05
-5.847768942306535143e-05
-5.843442497710811382e-05
-5.841830908492964971e-05
-5.826230251241943053e-05
-5.814905330310618661e-05
-5.812288902518515118e-05
-5.794269167598431881e-05
-5.781000634377704968e-05
-5.776579486870819379e-05
-5.762373750969537745e-05
-5.761728199729834320e-05
-5.748428744745661876e-05
-5.737855668030973053e-05
-5.733276406067519521e-05
-5.727114147856435212e-05
-5.707867635494837105e-05
-5.703251312186482776e-05
-5.697029958002901556e-05
-5.689422658203099794e-05
-5.683250405942838658e-05
-5.673776060957081942e-05
-5.672168449837048173e-05
-5.654322386888191877e-05
-5.640062412452326464e-05
-5.639407056952549970e-05
-5.627696032749108666e-05
-5.620005180053979342e-05
-5.615817472091675755e-05
-5.606601662584506396e-05
-5.602897589196291549e-05
-5.600199055485657857e-05
-5.589409481406739494e-05
-5.577993993145456393e-05
-5.575639731016369092e-05
-5.565301817436974836e-05
-5.564111319424274794e-05
-5.556890901561951842e-05
-5.553761994290874239e-05
-5.541263382444808997e-05
-5.526460679225782274e-05
-5.507359480329893970e-05
-5.504943692810520178e-05
-5.500986026849392040e-05
-5.498235125599817464e-05
-5.486214434948668661e-05
-5.473374100404052972e-05
-5.455938198841281514e-05
-5.445601630573102523e-05
-5.438672262487286030e-05
-5.435229782529274532e-05
-5.424166937570540207e-05
-5.420512396679356352e-05
-5.417335678562501528e-05
-5.408056846028352199e-05
-5.400143282902082067e-05
-5.392363171755694580e-05
-5.384100430278900245e-05
-5.376564104384762733e-05
-5.366492203564111554e-05
-5.360475184742350882e-05
-5.353256066710664936e-05
-5.346479959311064434e-05
-5.336479355372635112e-05
-5.333009871631036003e-05
-5.318196995134002867e-05
-5.307068686991957588e-05
-5.302300453759084721e-05
-5.300532726452189715e-05
-5.282990969132685664e-05
-5.279528232481676915e-05
-5.271601763973472645e-05
-5.263304469539469948e-05
-5.261353426607607447e-05
-5.254509737631083067e-05
-5.242663823461343655e-05
-5.228858314943639818e-05
-5.223568588949558739e-05
-5.215450671827182998e-05
-5.213624497509748251e-05
-5.207528389859385475e-05
-5.196091257332345116e-05
-5.188908491300641958e-05
-5.174591416715268254e-05
-5.172223855896367062e-05
-5.165381231021534371e-05
-5.154864036421340576e-05
-5.153696967751952992e-05
-5.142311688450243505e-05
-5.129673530172306514e-05
-5.121571936775384532e-05
-5.113251360997718480e-05
-5.109353150546743248e-05
-5.097946033926871928e-05
-5.088156229053238247e-05
-5.082310319612482028e-05
-5.073587641621910612e-05
-5.069748671037500502e-05
-5.062794975834688084e-05
-5.051808370753404782e-05
-5.048613229548282752e-05
-5.040280911062116384e-05
-5.038882515681376704e-05
-5.032767484331382023e-05
-5.024072945202943995e-05
-5.019289514332187592e-05
-5.008488406598039214e-05
-5.001398039994076625e-05
-4.999810876321100740e-05
-4.987528425535350769e-05
-4.982967314243985337e-05
-4.979726562209648647e-05
-4.968326150858977180e-05
-4.959655559465977440e-05
-4.951562752889888301e-05
-4.941584772721181290e-05
-4.938852807533275876e-05
-4.929982432148289582e-05
-4.916987657945675640e-05
-4.911367555835393614e-05
-4.908330891723343875e-05
-4.903604842084037882e-05
-4.897145268738227220e-05
-4.891536687614921313e-05
-4.885850535040132844e-05
-4.871088438836925925e-05
-4.867898185784900978e-05
-4.859743956238361199e-05
-4.851925243864270345e-05
-4.840776292312535617e-05
-4.835557629156717459e-05
-4.832638698094257498e-05
-4.822927653377511511e-05
-4.821509896407089778e-05
-4.804223422098980351e-05
-4.800278397947273603e-05
-4.797866381762121287e-05
-4.788622274998002995e-05
-4.784666529143404007e-05
-4.781664636937688360e-05
-4.765744092885855075e-05
-4.763142447700628409e-05
-4.759425365534286992e-05
-4.742719424656668557e-05
-4.739838900815324097e-05
-4.735338041323799811e-05
-4.728797033085090979e-05
-4.719588109180162860e-05
-4.716539162474576172e-05
-4.708478437476030490e-05
-4.701916263146195909e-05
-4.694322787743811844e-05
-4.684437700504435770e-05
-4.680264955170130225e-05
-4.673394208286221589e-05
-4.669707956021485167e-05
-4.663331267100035012e-05
-4.655657982337439206e-05
-4.637280241839848005e-05
-4.631750261643289326e-05
-4.624204776328975827e-05
-4.618463340043423818e-05
-4.615648007006212315e-05
-4.608451372158158546e-05
-4.605313981639580750e-05
-4.602875305481834631e-05
-4.592251393470288517e-05
-4.590158132549234824e-05
-4.579868148899466881e-05
-4.573094270032226791e-05
-4.569555969531350134e-05
-4.559088955230569272e-05
-4.551194453235982189e-05
-4.546605944026996823e-05
-4.536390092075263817e-05
-4.529764772450135764e-05
-4.527631100032381283e-05
-4.515934630591578696e-05
-4.509331379832250797e-05
-4.506658519400805028e-05
-4.501335813421888601e-05
-4.493904138257016575e-05
-4.491131344727270560e-05
-4.486877948998296161e-05
-4.481517424275729099e-05
-4.465527992427997534e-05
-4.459626081742409996e-05
-4.450890332857197280e-05
-4.444334123195671390e-05
-4.443671437519810180e-05
-4.432509178252996081e-05
-4.429585234990103591e-05
-4.421277877196198017e-05
-4.418561396170603099e-05
-4.416527573817291026e-05
-4.408720693663085581e-05
-4.398017449947801399e-05
-4.395887247300610181e-05
-4.383685897936793915e-05
-4.381151777098509469e-05
-4.379566416642415900e-05
-4.370397884088979691e-05
-4.365151971301227629e-05
-4.354182558884878596e-05
-4.351530679026112945e-05
-4.346608827248539081e-05
-4.341080275203211032e-05
-4.331680248979812026e-05
-4.326193614264949467e-05
-4.324500744917639754e-05
-4.308848192885952893e-05
-4.301604440818242934e-05
-4.296976935515375059e-05
-4.289677103535631362e-05
-4.285623027222665868e-05
-4.283687927804538762e-05
-4.278224506234868735e-05
-4.269228889997121729e-05
-4.267211179957767331e-05
-4.249089440972723155e-05
-4.247882064177058441e-05
-4.243456873843415620e-05
-4.233958102879713307e-05
-4.230171132314392859e-05
-4.223866509571262603e-05
-4.222436083402625394e-05
-4.219327420136589159e-05
-4.205233068372630210e-05
-4.201026756060716676e-05
-4.199518367739377698e-05
-4.187343267414962516e-05
-4.184637273089521269e-05
-4.176091996798983545e-05
-4.173509454871706054e-05
-4.162898007361106218e-05
-4.153460099064994529e-05
-4.152188823894085242e-05
-4.143539351931789278e-05
-4.139230278406825733e-05
-4.137274373195433489e-05
-4.122027669089949628e-05
-4.117055947847482033e-05
-4.111614105667755939e-05
-4.103356663630838196e-05
-4.096442472224418014e-05
-4.090128739562156311e-05
-4.086890579776355267e-05
-4.080031528641819144e-05
-4.070883317396685480e-05
-4.070289274097461463e-05
-4.064120641923021199e-05
-4.052574599002335096e-05
-4.044685335289036375e-05
-4.043240537397629111e-05
-4.039682443961259146e-05
-4.032695990970848254e-05
-4.029046344524130546e-05
-4.022602440849624479e-05
-4.016584631370468972e-05
-4.011090404036469110e-05
-4.007737601485238853e-05
-3.998128612901231791e-05
-3.990839317999289511e-05
-3.988672314285101732e-05
-3.983371284923964152e-05
-3.981911971080404707e-05
-3.962939093741118965e-05
-3.962231358471007982e-05
-3.954075249381806828e-05
-3.951412602638191125e-05
-3.947321473638070171e-05
-3.942358501835289877e-05
-3.933568362891460803e-05
-3.928465547445792654e-05
-3.923387555224819756e-05
-3.916714832589285452e-05
-3.911193367348498771e-05
-3.903727307211277261e-05
-3.901244047271694020e-05
-3.894271112395684026e-05
-3.887693628753132981e-05
-3.884031907832977848e-05
-3.878681102323949695e-05
-3.874770308358211777e-05
-3.869547570482864544e-05
-3.859132197660106498e-05
-3.850772986525508908e-05
-3.847850573825566291e-05
-3.843510212381218773e-05
-3.838275887054594452e-05
-3.835824060725546791e-05
-3.827357223192840439e-05
-3.823286201627066320e-05
-3.812785876196278875e-05
-3.809901254242787337e-05
-3.804967960007826056e-05
-3.800885374404222410e-05
-3.789258343656294657e-05
-3.786609059808923816e-05
-3.784155015922549423e-05
-3.779029476967029071e-05
-3.773730841294751896e-05
-3.770668872461508688e-05
-3.764049234278076726e-05
-3.762518304102286987e-05
-3.753554981297899801e-05
-3.749160016106976455e-05
-3.743653267179363538e-05
-3.736197171010177014e-05
-3.735433320117813739e-05
-3.730173334635839856e-05
-3.728366075879272829e-05
-3.717385033441416735e-05
-3.710260997218520679e-05
-3.703841104659622203e-05
-3.693876564339233917e-05
-3.691941899053565661e-05
-3.686262309036746976e-05
-3.682131951764518977e-05
-3.676581459988511610e-05
-3.673053038031933712e-05
-3.667971180867439339e-05
-3.663084651739237032e-05
-3.658981153524431049e-05
-3.652969191700584331e-05
-3.651283109805785869e-05
-3.646555866928562819e-05
-3.642309814835174392e-05
-3.639800744342903098e-05
-3.627747045627935986e-05
-3.624188330369338659e-05
-3.621123188360027571e-05
-3.616356139662449263e-05
-3.610527857666910514e-05
-3.604437924428140097e-05
-3.601314455678046827e-05
-3.595661660557797693e-05
-3.582406840408657516e-05
-3.577625896466303854e-05
-3.576423552104983193e-05
-3.574260482605699953e-05
-3.568946743425457539e-05
-3.562881148269465094e-05
-3.557423711152534200e-05
-3.550268375093557701e-05
-3.541924024825066325e-05
-3.537511952267801579e-05
-3.533758310640376936e-05
-3.529806808348503013e-05
-3.527283722755206739e-05
-3.521025775236418084e-05
-3.514001959293624051e-05
-3.508922602222173373e-05
-3.507737074737825577e-05
-3.497525731966585622e-05
-3.491221254252241439e-05
-3.487158150973583673e-05
-3.481194360612662841e-05
-3.478328527921924939e-05
-3.476034016129934842e-05
-3.471960718075865163e-05
-3.460359366842626815e-05
-3.457375714912592368e-05
-3.452525606290966477e-05
-3.446904179111739231e-05
-3.442224631705873315e-05
-3.434825171356519706e-05
-3.432411486633505667e-05
-3.426797275297812549e-05
-3.419338130602813676e-05
-3.413376055421839971e-05
-3.412812359795471559e-05
-3.405746181310799405e-05
-3.404981211647976284e-05
-3.398798267092534254e-05
-3.396159250878463262e-05
-3.383452457860131653e-05
-3.377217844463296584e-05
-3.375848143110611257e-05
-3.368323960456487669e-05
-3.364229962406854453e-05
-3.361366799908742587e-05
-3.355725000865148063e-05
-3.351270743722281620e-05
-3.344432194805045406e-05
-3.342839570719070076e-05
-3.341321202487604987e-05
-3.334558484820555012e-05
-3.330371782206536108e-05
-3.322942329331527198e-05
-3.312396584204325327e-05
-3.307438950978504414e-05
-3.305544262771334580e-05
-3.301213859738661420e-05
-3.296914591437322421e-05
-3.295543331398650418e-05
-3.291609132056951583e-05
-3.288087656881389645e-05
-3.282768951957856898e-05
-3.271819558930975696e-05
-3.269685284457630504e-05
-3.268233896363244778e-05
-3.265797087105573268e-05
-3.254003980398738696e-05
-3.249039929990367735e-05
-3.244281681842002275e-05
-3.240996561718258200e-05
-3.230992758057522782e-05
-3.229656841049962794e-05
-3.225075799268854515e-05
-3.218439726068681193e-05
-3.214186802445193416e-05
-3.207118881119165545e-05
-3.202490982444174193e-05
-3.194553667690893392e-05
-3.191125080534394778e-05
-3.188650151540666313e-05
-3.182868822386130379e-05
-3.179232661935342682e-05
-3.173735741813286888e-05
-3.169311889509515430e-05
-3.167831086998043719e-05
-3.159849727789186313e-05
-3.155835373035491504e-05
-3.153134118229138999e-05
-3.143651152110191947e-05
-3.137206081734376613e-05
-3.133527342367784099e-05
-3.129323500301286527e-05
-3.128103861448669720e-05
-3.121722742749209094e-05
-3.116345675790385152e-05
-3.111546215789972805e-05
-3.107853879871026780e-05
-3.104727322679809573e-05
-3.101374032919972118e-05
-3.096128658162863043e-05
-3.087651254940018030e-05
-3.085902166981201937e-05
-3.083516027889684282e-05
-3.078215789846290454e-05
-3.074507435690497628e-05
-3.071988328805357477e-05
-3.067972668870508948e-05
-3.064534267178924137e-05
-3.055746044731271637e-05
-3.050830686848000819e-05
-3.047368980397204452e-05
-3.046499274847284266e-05
-3.037430197709176051e-05
-3.034751204957246759e-05
-3.032054567206415188e-05
-3.029554875265217187e-05
-3.022050571699255294e-05
-3.019668988833067725e-05
-3.012931939133762249e-05
-3.010681657892324653e-05
-3.006250736462196929e-05
-2.997429082315803068e-05
-2.991575492894404863e-05
-2.984810575670445259e-05
-2.980852723367617468e-05
-2.975897133117674814e-05
-2.973660612420476324e-05
-2.969995295353594162e-05
-2.967680820248633507e-05
-2.966118419505715548e-05
-2.960486185560822587e-05
-2.952064985728168400e-05
-2.950661664411193067e-05
-2.945892577534249960e-05
-2.938298349767160596e-05
-2.936320568626532207e-05
-2.930166743807158361e-05
-2.921574068858978466e-05
-2.919692754154338835e-05
-2.914998022961578762e-05
-2.911386061047148150e-05
-2.911105459711630375e-05
-2.903849744644886917e-05
-2.899509501872515671e-05
-2.893358103922983793e-05
-2.891508988423021983e-05
-2.888039287443128192e-05
-2.882845894485710621e-05
-2.880198719074452589e-05
-2.876610807660781203e-05
-2.871243584964687956e-05
-2.863102543159341308e-05
-2.858170247646204330e-05
-2.852968929024564686e-05
-2.851782966751730005e-05
-2.846976474738333393e-05
-2.845353321203429315e-05
-2.839271682274741880e-05
-2.834482799573680186e-05
-2.830383779698572385e-05
-2.821954671265416420e-05
-2.819561972518707163e-05
-2.815736189225929141e-05
-2.812817916182927194e-05
-2.812166850800915319e-05
-2.811523715655920636e-05
-2.805784718774503522e-05
-2.798517939939320590e-05
-2.789976682853821029e-05
-2.788580732982463031e-05
-2.784676512544986888e-05
-2.781782945992227415e-05
-2.778187833027253103e-05
-2.771531954813364885e-05
-2.767845812732913120e-05
-2.765172946286601350e-05
-2.763322501987796595e-05
-2.758898571389739138e-05
-2.750971851978247057e-05
-2.748325537243473737e-05
-2.744090444004125066e-05
-2.739668421978787302e-05
-2.737521484213687663e-05
-2.726796549036184869e-05
-2.722521521440616262e-05
-2.719844483951093286e-05
-2.718197605192910579e-05
-2.711111499560339049e-05
-2.707856344176708666e-05
-2.706646224323580921e-05
-2.700166243258277757e-05
-2.696442316779473839e-05
-2.686107570674408875e-05
-2.682874685087386759e-05
-2.680747391445363571e-05
-2.677623913288616040e-05
-2.673358918044392772e-05
-2.669125913353393191e-05
-2.666369151864625493e-05
-2.663406162241580805e-05
-2.654982066027744171e-05
-2.653036212268738815e-05
-2.645623056494814112e-05
-2.642300210282132582e-05
-2.638965570539961202e-05
-2.638203456375657333e-05
-2.629548471717462981e-05
-2.628559232532480533e-05
-2.623162769092507516e-05
-2.619450351291073800e-05
-2.613227856179027594e-05
-2.606267038564510365e-05
-2.603868450375003798e-05
-2.601824607107677774e-05
-2.597707944529238110e-05
-2.594088283525142541e-05
-2.590036973487562616e-05
-2.589191283641615978e-05
-2.580902954586546911e-05
-2.577136937521734764e-05
-2.575235473519713245e-05
-2.562542658790533623e-05
-2.560313225065307131e-05
-2.558376221470213367e-05
-2.554734727778310699e-05
-2.551122153120844048e-05
-2.548861019207106598e-05
-2.541839038743710160e-05
-2.541512045898599323e-05
-2.536489397474175393e-05
-2.534621526274569920e-05
-2.529197150467265027e-05
-2.521775835558179475e-05
-2.517813248142263043e-05
-2.513301743654659280e-05
-2.508782931933246796e-05
-2.507137535840070077e-05
-2.501378472307056025e-05
-2.496594276593243518e-05
-2.491255263516180230e-05
-2.489735729273240348e-05
-2.488094091061526572e-05
-2.480984807784205562e-05
-2.480277681941098612e-05
-2.475854399501271801e-05
-2.473424083479305405e-05
-2.470076443783940495e-05
-2.466464280967474126e-05
-2.462114333820975069e-05
-2.460569152208682523e-05
-2.454634219481971306e-05
-2.450927897050006693e-05
-2.447419445366252918e-05
-2.442151856219009460e-05
-2.439604911274420075e-05
-2.435612055047663629e-05
-2.433494236261024221e-05
-2.425866515099823546e-05
-2.423931939846628615e-05
-2.420158996488901200e-05
-2.415854409263830231e-05
-2.414788735883071968e-05
-2.407574795378722600e-05
-2.405458983728062829e-05
-2.403711358207847606e-05
-2.398828353334863265e-05
-2.396191836898748181e-05
-2.389134891089498690e-05
-2.386212862428495232e-05
-2.380212166931214442e-05
-2.378574891992532258e-05
-2.370807814459416268e-05
-2.368320345467798437e-05
-2.363853741301864066e-05
-2.360609390192998440e-05
-2.358328599506159806e-05
-2.351907976650177335e-05
-2.346113660616230649e-05
-2.345229486321278019e-05
-2.343129450974274446e-05
-2.337481163166101579e-05
-2.334522492724737429e-05
-2.330020595875012638e-05
-2.328694942645341431e-05
-2.324436988860947048e-05
-2.319961333693094921e-05
-2.313919558185424655e-05
-2.311077215786358946e-05
-2.308762545938152646e-05
-2.304702814360293825e-05
-2.303893075912332383e-05
-2.297221321244726316e-05
-2.290025405139479043e-05
-2.288721901870257420e-05
-2.285752886302529441e-05
-2.279134581474842833e-05
-2.276118216840066223e-05
-2.273499460704493387e-05
-2.270014013332987310e-05
-2.262883879471581821e-05
-2.260392437011462199e-05
-2.259433174533422405e-05
-2.254883153388895085e-05
-2.250157756816369229e-05
-2.246849394273612790e-05
-2.241943731228103945e-05
-2.238276308906922849e-05
-2.234941588827379989e-05
-2.232272942415269184e-05
-2.227667686199084169e-05
-2.222458969810605647e-05
-2.220404205162070628e-05
-2.218626935634501250e-05
-2.216200203811661922e-05
-2.212250117449036916e-05
-2.209328309091755283e-05
-2.204311308402063493e-05
-2.201375458164245451e-05
-2.194566918355640782e-05
-2.192864396666046380e-05
-2.186559903822965988e-05
-2.183372637251325391e-05
-2.181123972063028034e-05
-2.177066493559982316e-05
-2.171271438191873094e-05
-2.164797457636972075e-05
-2.163704173575390420e-05
-2.160362623801700570e-05
-2.157481678120510001e-05
-2.155305599522589361e-05
-2.148561404132738942e-05
-2.145320093867961146e-05
-2.143666688528085679e-05
-2.138255523896146000e-05
-2.135349604120011336e-05
-2.129757089162360301e-05
-2.128886290810826619e-05
-2.124689758836175333e-05
-2.121238870433580121e-05
-2.119403331483642153e-05
-2.115069840409401338e-05
-2.110777622492203930e-05
-2.103822352014159193e-05
-2.099040384223631794e-05
-2.096509084085081245e-05
-2.094002859285390048e-05
-2.089342175868124751e-05
-2.084609982768804369e-05
-2.083341783803547119e-05
-2.079256283745317148e-05
-2.077115867862290262e-05
-2.072606393953783905e-05
-2.070142251297141470e-05
-2.068593731411802732e-05
-2.062593639961800176e-05
-2.062042461434879091e-05
-2.058807646668159920e-05
-2.055182117216640855e-05
-2.053294360178418187e-05
-2.046150255853955899e-05
-2.043662607703662122e-05
-2.038781041863590253e-05
-2.035037899039573403e-05
-2.029609218960246562e-05
-2.027528345538667678e-05
-2.025676995511206175e-05
-2.022825626911785491e-05
-2.018784191742851607e-05
-2.016808073352180402e-05
-2.012558868467022592e-05
-2.004584073338988402e-05
-2.003443652649938408e-05
-2.002336177410568265e-05
-2.000274152953467443e-05
-1.998712846388089737e-05
-1.993978532495965423e-05
-1.990887865914782405e-05
-1.985800787895064060e-05
-1.980910340551033329e-05
-1.974501285939778955e-05
-1.972254557092411250e-05
-1.970202255167539333e-05
-1.967569437220810567e-05
-1.966334962159335903e-05
-1.962602357102603595e-05
-1.960331634365891846e-05
-1.957647171802024303e-05
-1.954429121474980194e-05
-1.951498470940905153e-05
-1.946482244694657104e-05
-1.945042218719043192e-05
-1.942176503035532154e-05
-1.938949226323194051e-05
-1.936894891332826258e-05
-1.931122694060004213e-05
-1.924982977198610518e-05
-1.921048882319990563e-05
-1.917030345956743925e-05
-1.914582430407321478e-05
-1.909331138222895280e-05
-1.907024929975794644e-05
-1.896964333814565230e-05
-1.896334895868379542e-05
-1.891422008047354827e-05
-1.886642302314781369e-05
-1.885362162103294172e-05
-1.879523105901563217e-05
-1.876639461438810855e-05
-1.876004041248542740e-05
-1.873436221430862332e-05
-1.869197631025027004e-05
-1.867210594666484261e-05
-1.863468679838473617e-05
-1.861209138856156819e-05
-1.857912593504217576e-05
-1.855329518544431843e-05
-1.851056162625396058e-05
-1.849129170105232012e-05
-1.844504263959066719e-05
-1.841814258650237778e-05
-1.839585015181211363e-05
-1.836549587156373825e-05
-1.832993819302252471e-05
-1.830980011574188070e-05
-1.827993780857887674e-05
-1.822239850005813978e-05
-1.819390223049549419e-05
-1.817338991513557639e-05
-1.814102299332112577e-05
-1.811642343493366915e-05
-1.809429511106016504e-05
-1.801412965906730031e-05
-1.796893779771185307e-05
-1.794284976640611490e-05
-1.790905560304429154e-05
-1.789557491868592145e-05
-1.786537539315090323e-05
-1.782203828798905779e-05
-1.780534649100530052e-05
-1.778238736536524823e-05
-1.775524221458659222e-05
-1.772444830308681375e-05
-1.767423527137377770e-05
-1.766435015073622116e-05
-1.761816639527819474e-05
-1.756847401498358099e-05
-1.753204562809550037e-05
-1.746714123497448461e-05
-1.744041243006813396e-05
-1.740171934668161531e-05
-1.738845481510555019e-05
-1.736808602953607850e-05
-1.733468271305443849e-05
-1.731724991549381417e-05
-1.729332904887208184e-05
-1.725595864515949742e-05
-1.722492043716156428e-05
-1.717589114960244893e-05
-1.714910325969926119e-05
-1.711089965667095551e-05
-1.709244428123354227e-05
-1.705808225913709177e-05
-1.703102059061185384e-05
-1.700654708291952376e-05
-1.698722729280349722e-05
-1.690474968235010299e-05
-1.688656531217354157e-05
-1.684249438693941953e-05
-1.681840638608326659e-05
-1.678295228290145269e-05
-1.675378367253304256e-05
-1.671601564250815996e-05
-1.669597497448431730e-05
-1.667058888140683829e-05
-1.664353431121782853e-05
-1.661556105683430201e-05
-1.655758327200338641e-05
-1.653491065122726197e-05
-1.648969507397882628e-05
-1.647365504047137796e-05
-1.643974261731973231e-05
-1.642766823873021995e-05
-1.639973842005866371e-05
-1.636941375607464802e-05
-1.630772790618673684e-05
-1.626395072607749148e-05
-1.624786101205213777e-05
-1.623362125996320778e-05
-1.619682135294243854e-05
-1.618010472388020337e-05
-1.612090451422650694e-05
-1.609597010364682167e-05
-1.608268414791856358e-05
-1.604897014191943478e-05
-1.600323746848017145e-05
-1.597607834365554857e-05
-1.595760373066401294e-05
-1.593035908526936039e-05
-1.590206495894853027e-05
-1.584251202730861566e-05
-1.582366145401699396e-05
-1.579244852141855362e-05
-1.578750041155604065e-05
-1.576815562042182793e-05
-1.574377655074560054e-05
-1.573124122470154221e-05
-1.571649331781216442e-05
-1.566643213171977665e-05
-1.561789266422173594e-05
-1.558956130874750111e-05
-1.555355408853909406e-05
-1.551744903409036451e-05
-1.549391506803964117e-05
-1.548035158327389855e-05
-1.544953890853584252e-05
-1.542516607110881873e-05
-1.537533250844242200e-05
-1.536284608623440218e-05
-1.532717333148018838e-05
-1.529558694005633636e-05
-1.527419385810782282e-05
-1.523422971539108113e-05
-1.519843223968344525e-05
-1.515026969446825929e-05
-1.513328266687116410e-05
-1.510619558931579451e-05
-1.507132292891345830e-05
-1.504846695280180094e-05
-1.503216021412750020e-05
-1.499297977470110523e-05
-1.492630161719963462e-05
-1.490667093671640815e-05
-1.488415278301112840e-05
-1.488170010078435940e-05
-1.482408438938349257e-05
-1.478583937392087850e-05
-1.477030462355395383e-05
-1.473042741321636424e-05
-1.472465781858618990e-05
-1.466560868247817527e-05
-1.463448567881174572e-05
-1.462324264989569419e-05
-1.460256930675927186e-05
-1.457247692461216041e-05
-1.452879328771932455e-05
-1.452244141110176809e-05
-1.446621535021229237e-05
-1.445712099648955155e-05
-1.443790922614778913e-05
-1.440364860414321565e-05
-1.436658879350202808e-05
-1.433476218052306824e-05
-1.430647736593782652e-05
-1.427613719427440609e-05
-1.424853617779639761e-05
-1.422403749125962178e-05
-1.417586544521984147e-05
-1.414383252767135910e-05
-1.411143303799836596e-05
-1.407617029296469708e-05
-1.403537821348720315e-05
-1.401963094581486890e-05
-1.400049068656126301e-05
-1.395129860090984610e-05
-1.392721887727852393e-05
-1.389173495315573248e-05
-1.388179456878202275e-05
-1.385218625950077386e-05
-1.380881026527340710e-05
-1.379057040375723225e-05
-1.377511937982828614e-05
-1.375826574899076671e-05
-1.372669539920247576e-05
-1.370751676813366550e-05
-1.367498886310022463e-05
-1.366064807831220813e-05
-1.362472136339992561e-05
-1.359378229636386622e-05
-1.351494884203500185e-05
-1.350521753647550224e-05
-1.349145041894408413e-05
-1.346388476713279642e-05
-1.346127620938527100e-05
-1.341247204955848911e-05
-1.334028744688697265e-05
-1.330144447573437916e-05
-1.326818452118178549e-05
-1.325603769595169473e-05
-1.322701370155405377e-05
-1.318573678410766577e-05
-1.317568115729254914e-05
-1.315508504936135434e-05
-1.313749752010342305e-05
-1.310341951855780979e-05
-1.308249490264732887e-05
-1.306234087787210704e-05
-1.303121208057754904e-05
-1.299234898639179734e-05
-1.297455064277318241e-05
-1.296538563118156115e-05
-1.292779099746177989e-05
-1.289816407083645004e-05
-1.288284794936127639e-05
-1.286430551946192690e-05
-1.285677528442755852e-05
-1.281009890764415408e-05
-1.275146091754702088e-05
-1.271264157387946497e-05
-1.269380610004234828e-05
-1.263650156705462888e-05
-1.263250161991712303e-05
-1.262393471497170422e-05
-1.260722759908230792e-05
-1.256610445889502301e-05
-1.255240393195167312e-05
-1.252370307494148726e-05
-1.247503064038137761e-05
-1.244908024825714171e-05
-1.241763850516385147e-05
-1.240703407638428732e-05
-1.237409252040484427e-05
-1.233833426960090529e-05
-1.232691842892651854e-05
-1.229196967009867139e-05
-1.227179869577703669e-05
-1.225797854762558761e-05
-1.221081602845865750e-05
-1.219452232902540494e-05
-1.215793923899774671e-05
-1.212853422042444656e-05
-1.209207234122552608e-05
-1.209062272692734393e-05
-1.207440476065869885e-05
-1.204441115937513879e-05
-1.195986753861308777e-05
-1.194494725772001653e-05
-1.192790268774111050e-05
-1.191659155410610023e-05
-1.185008489042091723e-05
-1.184083685331776436e-05
-1.181034018389999453e-05
-1.179193405972619661e-05
-1.177537550791412064e-05
-1.174798406611282692e-05
-1.172382529647216979e-05
-1.169643272844749563e-05
-1.168210223222239864e-05
-1.164620374129286111e-05
-1.159713220419187989e-05
-1.158847859152989454e-05
-1.157386222681994508e-05
-1.156133673209384829e-05
-1.148413434726205003e-05
-1.145638633243556392e-05
-1.143558448277495857e-05
-1.140720606959981931e-05
-1.139025353908220809e-05
-1.137350607764007691e-05
-1.135942172469252361e-05
-1.130251485250251572e-05
-1.129490681305880198e-05
-1.124867700616159716e-05
-1.123950930161542141e-05
-1.120849277931789875e-05
-1.118187250615221229e-05
-1.115906802645132824e-05
-1.114307795755970207e-05
-1.107979138103633704e-05
-1.107286801906462568e-05
-1.106139059956525979e-05
-1.103766928540111888e-05
-1.100766575912223243e-05
-1.099036876990425632e-05
-1.097422981380766660e-05
-1.095624321157282590e-05
-1.092326781107685840e-05
-1.089301983222476070e-05
-1.087112447524110193e-05
-1.082452343236936455e-05
-1.080758599630781696e-05
-1.078646696712130370e-05
-1.075807877702928696e-05
-1.072530188879494773e-05
-1.069566329208290862e-05
-1.065791910028669725e-05
-1.064351564780399980e-05
-1.062359499308291454e-05
-1.059312759466545640e-05
-1.054925107466889866e-05
-1.051752781536461919e-05
-1.049111551962682840e-05
-1.047523941724249816e-05
-1.047228037601942464e-05
-1.044361997028623749e-05
-1.038415537432890770e-05
-1.037214631334120853e-05
-1.035720296950779942e-05
-1.035154246815777875e-05
-1.028937585486403288e-05
-1.026264545813541531e-05
-1.023874083837587937e-05
-1.020872617015083205e-05
-1.019215147152032074e-05
-1.013979052352397323e-05
-1.013660044569445975e-05
-1.011522258449489670e-05
-1.009946620213004628e-05
-1.009518115166330668e-05
-1.007798885481643422e-05
-1.003797280799932228e-05
-9.999683002515112197e-06
-9.974721390266046549e-06
-9.951646522322864105e-06
-9.917209569568370946e-06
-9.902188952838067508e-06
-9.869721716316373717e-06
-9.857199665207541910e-06
-9.844749493443762911e-06
-9.797211770532993902e-06
-9.772946321935583314e-06
-9.764871841441632937e-06
-9.721512984010883204e-06
-9.714539042174031257e-06
-9.692798805891707562e-06
-9.640791218909810156e-06
-9.607262241451264471e-06
-9.603703148762903134e-06
-9.575348209994105294e-06
-9.556068035954233501e-06
-9.511737094200394454e-06
-9.498689001878635342e-06
-9.472112577839743915e-06
-9.453104839929441254e-06
-9.442298146499690197e-06
-9.381579376813244627e-06
-9.347365932754830178e-06
-9.330219895332943989e-06
-9.307364517164036359e-06
-9.299443188394424095e-06
-9.268752597266167380e-06
-9.257531658616245426e-06
-9.226443812760425081e-06
-9.206477645431629332e-06
-9.186322039785692136e-06
-9.163896800536729925e-06
-9.141459623097246393e-06
-9.106097929029562666e-06
-9.098340592108901821e-06
-9.078241181489457939e-06
-9.047067703850470636e-06
-9.028053434754853179e-06
-8.967058262796555378e-06
-8.957902736228100045e-06
-8.930912604497982416e-06
-8.904596302458977271e-06
-8.889721219236295708e-06
-8.876221107039374586e-06
-8.850781448845572311e-06
-8.801282062403667378e-06
-8.794662672949673816e-06
-8.774250860227614739e-06
-8.759036402407371211e-06
-8.737356738556234639e-06
-8.731087701456719633e-06
-8.718423895408605517e-06
-8.679600065777763867e-06
-8.648066624792413189e-06
-8.638905043127380383e-06
-8.599560322359425370e-06
-8.568385262272303407e-06
-8.556918027398666683e-06
-8.540623041406425104e-06
-8.537280929577726598e-06
-8.479745778941087629e-06
-8.468512688033665083e-06
-8.440101402962541655e-06
-8.415365811238293767e-06
-8.413944002089926292e-06
-8.371125799727400851e-06
-8.365649455099129469e-06
-8.311945239889428092e-06
-8.283099848394028531e-06
-8.265442243967617106e-06
-8.246550587649566235e-06
-8.226440023583690133e-06
-8.199288614118160239e-06
-8.162059320204919280e-06
-8.135548652441870998e-06
-8.125317471002028121e-06
-8.106409706356950125e-06
-8.086281988227256686e-06
-8.047912038128882310e-06
-8.031947307294988434e-06
-7.994864247112983929e-06
-7.980561259344464214e-06
-7.967144036849974263e-06
-7.940879688466590295e-06
-7.917528964664935726e-06
-7.880874290954021597e-06
-7.858995995769766212e-06
-7.832256415173916546e-06
-7.806894921435055874e-06
-7.792432506181411688e-06
-7.775108463341960112e-06
-7.745663878452214646e-06
-7.706833626795049115e-06
-7.685468620972066479e-06
-7.663861540183804712e-06
-7.654969797280040104e-06
-7.618742454519370589e-06
-7.602036543068591369e-06
-7.564725875182001673e-06
-7.558687842467252904e-06
-7.528683141965711745e-06
-7.500433751321618771e-06
-7.457247644442582311e-06
-7.442635231231268911e-06
-7.409119642295592290e-06
-7.401665587579697070e-06
-7.393373258144716845e-06
-7.358442464985816349e-06
-7.337726599658995543e-06
-7.303962309846993391e-06
-7.285835657783749256e-06
-7.248428782418608273e-06
-7.229025599580550404e-06
-7.205136713663938661e-06
-7.193530298295672345e-06
-7.172259336054366608e-06
-7.168475671652877330e-06
-7.113544569857070236e-06
-7.108668926878452313e-06
-7.101640350209795611e-06
-7.092579970267783164e-06
-7.075850440396513159e-06
-7.035643832938146374e-06
-7.010418766438826099e-06
-6.989084249091014181e-06
-6.972538870560975014e-06
-6.948047856048826546e-06
-6.921564862212842177e-06
-6.918883127311203545e-06
-6.885155090903364969e-06
-6.824199133947490161e-06
-6.806732870680842118e-06
-6.798585193246150718e-06
-6.770174061128493020e-06
-6.764949733345589556e-06
-6.742025993770841219e-06
-6.706524898248971335e-06
-6.690901680735906379e-06
-6.669942962888838331e-06
-6.648683823861011373e-06
-6.635602594353150409e-06
-6.593996289052115691e-06
-6.580318407789235531e-06
-6.558279173588314467e-06
-6.538269982699907873e-06
-6.518152303655261300e-06
-6.512998205208638080e-06
-6.481077841118058672e-06
-6.475594046752621905e-06
-6.420585283698853074e-06
-6.398514870053261184e-06
-6.375220669953110145e-06
-6.347683399433658676e-06
-6.324467883299395478e-06
-6.319680504101506135e-06
-6.287477328801235006e-06
-6.274705050419180234e-06
-6.239456219108354827e-06
-6.214532748771567564e-06
-6.199067756284809747e-06
-6.159345523218146254e-06
-6.148426740968969573e-06
-6.129233325202753625e-06
-6.117786242177742205e-06
-6.090042863159028193e-06
-6.082984815907012735e-06
-6.040036722729808451e-06
-6.019605373203791725e-06
-6.018450908432784140e-06
-5.994949895140089324e-06
-5.958904043770806948e-06
-5.955027708973532109e-06
-5.920710016219063718e-06
-5.910838869597834671e-06
-5.890760662855394243e-06
-5.873359746689705733e-06
-5.853779550677215871e-06
-5.831430130300813171e-06
-5.809881076370479103e-06
-5.794354859202768463e-06
-5.771991049440815426e-06
-5.742350576398218707e-06
-5.728276510628150725e-06
-5.700916059598121981e-06
-5.680303343125267292e-06
-5.663597490852428837e-06
-5.648242900306935686e-06
-5.639941996231668882e-06
-5.612924098894885266e-06
-5.607439031139178216e-06
-5.573391015256313853e-06
-5.540151959347637383e-06
-5.512105681248821738e-06
-5.511694436662316060e-06
-5.482751022389446948e-06
-5.469136048049506720e-06
-5.435727730554933537e-06
-5.415980068112429665e-06
-5.392291221239112579e-06
-5.350012276821824908e-06
-5.322728609149994924e-06
-5.301095348697281348e-06
-5.273964723073491826e-06
-5.241845027902910344e-06
-5.238822980171472992e-06
-5.202566195579180212e-06
-5.188067836338520251e-06
-5.173980868981460872e-06
-5.141985674238280935e-06
-5.130119640669695912e-06
-5.117259009586084089e-06
-5.094845935892411244e-06
-5.071797324659927089e-06
-5.061152922448436221e-06
-5.034110946205492213e-06
-4.988329827656583566e-06
-4.980722899267900185e-06
-4.946573392830366130e-06
-4.927014457941625179e-06
-4.905165117812259331e-06
-4.897260115561723399e-06
-4.862742828299795427e-06
-4.845637725989258439e-06
-4.836156266801544660e-06
-4.818450998299416854e-06
-4.802835878105292034e-06
-4.780835974907163268e-06
-4.752367686612760900e-06
-4.747733994618538768e-06
-4.709450478755159209e-06
-4.698181234110357040e-06
-4.685128051078642400e-06
-4.665765036029423472e-06
-4.644140969125120314e-06
-4.635011580751741487e-06
-4.590553617651846407e-06
-4.571007427809718489e-06
-4.539360922961126188e-06
-4.528460908927215625e-06
-4.522976850132036582e-06
-4.504841754841025896e-06
-4.494652708031642934e-06
-4.475299833461149176e-06
-4.463618049619610172e-06
-4.431529203821944677e-06
-4.417017596295395227e-06
-4.390015780325890385e-06
-4.376433108099576736e-06
-4.348659163459706551e-06
-4.323630845443090101e-06
-4.319439013965515550e-06
-4.306227517950773447e-06
-4.284139983633469760e-06
-4.269668816798252667e-06
-4.235692148329427050e-06
-4.209965364457958172e-06
-4.180356702642009986e-06
-4.165827964730567823e-06
-4.152695883909873114e-06
-4.119890400353738796e-06
-4.115996643241416099e-06
-4.100127713587947569e-06
-4.066497213651831557e-06
-4.038500992333695151e-06
-4.031561234413391313e-06
-4.015647720542839305e-06
-3.995177341934240238e-06
-3.987917753906517417e-06
-3.979085603089637390e-06
-3.967930621934839518e-06
-3.929989208150016616e-06
-3.924977829394310405e-06
-3.894192414320283202e-06
-3.888401345707815478e-06
-3.836831516865684427e-06
-3.828103751142333281e-06
-3.812280913876869277e-06
-3.800200909526349520e-06
-3.761448636565275833e-06
-3.743288121773843600e-06
-3.728907468799375886e-06
-3.718830609651599835e-06
-3.697608248661491894e-06
-3.678782896281173474e-06
-3.659191146581798040e-06
-3.634396154287130733e-06
-3.605962209779405728e-06
-3.594718592476477386e-06
-3.568084071642868052e-06
-3.565734629412669532e-06
-3.533458013905986628e-06
-3.533124772590225019e-06
-3.508618001295053057e-06
-3.483575511102388692e-06
-3.470206619813528785e-06
-3.431081794156411290e-06
-3.412891779058436278e-06
-3.403494257684039591e-06
-3.371344847716280248e-06
-3.347843091941503891e-06
-3.336063482507518433e-06
-3.320885164261782110e-06
-3.296497530612970478e-06
-3.258492762652749441e-06
-3.244955389636121443e-06
-3.231445755173353923e-06
-3.222209617317491969e-06
-3.202346714758330463e-06
-3.186824267767030862e-06
-3.152428416420425905e-06
-3.145617003125165166e-06
-3.131134680118389361e-06
-3.108000893843598964e-06
-3.095810615310274667e-06
-3.071091751431390021e-06
-3.059114712866823946e-06
-3.044744166613243552e-06
-3.009850390461208177e-06
-2.993227530594471131e-06
-2.980888329270923521e-06
-2.964447698792573348e-06
-2.948954744462754642e-06
-2.924059202772492893e-06
-2.911633439769959793e-06
-2.878244098285459751e-06
-2.862470725090340846e-06
-2.851959903999838850e-06
-2.833033967504476195e-06
-2.813676073647312506e-06
-2.807521690879852852e-06
-2.772345016453262940e-06
-2.755602803625060375e-06
-2.737303965760874361e-06
-2.709778947258254259e-06
-2.704572177168523650e-06
-2.667806168419615921e-06
-2.656593321238653992e-06
-2.641108050818797300e-06
-2.625517816468041117e-06
-2.605549320707823562e-06
-2.588298677554335658e-06
-2.573743041267070954e-06
-2.556014890091004564e-06
-2.514798835282913824e-06
-2.507454877347935545e-06
-2.472042114591563037e-06
-2.469555332343018486e-06
-2.447097913810776749e-06
-2.441408483246945254e-06
-2.428309411952640643e-06
-2.396927434113189932e-06
-2.387916442208723922e-06
-2.341632895524834483e-06
-2.331185251287085496e-06
-2.322031165045375805e-06
-2.310930390715197027e-06
-2.287686523532792253e-06
-2.270148550164400430e-06
-2.253365941041766672e-06
-2.228660900090711705e-06
-2.194998526527610154e-06
-2.180425736789580490e-06
-2.176208192471088474e-06
-2.163693534561038813e-06
-2.141345216193226272e-06
-2.124978336174603308e-06
-2.105515596723089828e-06
-2.084801511838794714e-06
-2.071616327036432827e-06
-2.063401306886593926e-06
-2.034271133917842305e-06
-2.020133972859790038e-06
-2.003429077315257696e-06
-1.996202347282613163e-06
-1.966054052123439687e-06
-1.958483954907804591e-06
-1.937797721638714504e-06
-1.898027914229908366e-06
-1.878635436615374419e-06
-1.866284595259903747e-06
-1.852887089550351126e-06
-1.841836098683802036e-06
-1.823387066788852870e-06
-1.816621979330693630e-06
-1.789901561780514661e-06
-1.781887162349382726e-06
-1.769965705145529787e-06
-1.747361096933832546e-06
-1.721742734585266496e-06
-1.700730166744216729e-06
-1.690786296728785902e-06
-1.678950609875676870e-06
-1.651146498314217103e-06
-1.635671678192175716e-06
-1.612761540787602864e-06
-1.599604640277903463e-06
-1.586070971284015219e-06
-1.555251853708094879e-06
-1.534072067418256881e-06
-1.525618893192783938e-06
-1.484731278290251839e-06
-1.475694203893941791e-06
-1.465345988328160397e-06
-1.460156261892442022e-06
-1.432408858800180365e-06
-1.409633197690730864e-06
-1.397775044457359551e-06
-1.389856450781647952e-06
-1.364409671404513763e-06
-1.351064906246633798e-06
-1.320270924117522294e-06
-1.303633720534539863e-06
-1.292898225762087993e-06
-1.272103590092913547e-06
-1.243433016358943704e-06
-1.237819295664811424e-06
-1.211491535346763497e-06
-1.202097114217780228e-06
-1.197108873488384843e-06
-1.184654092080068520e-06
-1.175685601914607110e-06
-1.134180447609282858e-06
-1.125659628468242735e-06
-1.120387757665921903e-06
-1.111323234820332834e-06
-1.090457122773352808e-06
-1.073429499225981753e-06
-1.070198140760775735e-06
-1.024394024833517493e-06
-1.014222949413076676e-06
-9.992607623271110751e-07
-9.757928156821968669e-07
-9.691637432411869701e-07
-9.527187070300228631e-07
-9.214266283695783785e-07
-9.036622092589514710e-07
-8.863794117399764077e-07
-8.765685717800117016e-07
-8.647262964631847722e-07
-8.287791925150970615e-07
-8.179701768539638620e-07
-8.008287430519999859e-07
-7.904114448926310523e-07
-7.719288966548589292e-07
-7.608862611607330998e-07
-7.457735769717064450e-07
-7.191178775442805796e-07
-7.023499959837722496e-07
-6.745393553696716413e-07
-6.529128384762897093e-07
-6.504303526937495651e-07
-6.321982474766896586e-07
-6.018976465344803776e-07
-5.938357553246920106e-07
-5.778305409306807662e-07
-5.604081752617045643e-07
-5.492393487247064382e-07
-5.445190585365140890e-07
-5.422730253444155203e-07
-4.968182084221984199e-07
-4.943073798041682681e-07
-4.787872222122992749e-07
-4.528909209943128421e-07
-4.344064550653473098e-07
-4.294877868925674587e-07
-3.955155774028561558e-07
-3.849141118748980090e-07
-3.674938288965439088e-07
-3.477745042933594087e-07
-3.416507345149883105e-07
-3.365574520605673151e-07
-3.030823513160050067e-07
-2.935552506671594302e-07
-2.780686325526589435e-07
-2.684494047255838879e-07
-2.556453748574985065e-07
-2.376488825654252847e-07
-2.138715418729062041e-07
-1.989109607582103335e-07
-1.698385497279804232e-07
-1.633889511471454675e-07
-1.419991089928472020e-07
-1.260432136065083243e-07
-1.076320899596736906e-07
-9.902827397551007362e-08
-7.628898812362339843e-08
-4.596932109799244689e-08
-3.863174170989604820e-08
-1.703334031744056258e-08
1.427017627030740985e-09
1.315856184800174740e-08
2.523604739174102544e-08
4.294647471786621151e-08
5.890763725626508067e-08
6.669898426764340811e-08
8.281775325475697584e-08
9.484037894932835094e-08
1.024647417026894521e-07
1.060327349228267079e-07
1.280830177034419417e-07
1.442847811777209566e-07
1.725302510594014753e-07
1.764832069588445643e-07
1.994602518801501335e-07
2.245039956078788507e-07
2.397483536719604160e-07
2.472182425285489710e-07
2.783113113944352911e-07
2.820502835650350148e-07
3.007062141683655610e-07
3.132670094191004159e-07
3.383550205830323200e-07
3.578367299618272724e-07
3.733385888433337887e-07
3.882984054454261329e-07
4.026134633740783290e-07
4.234110910154388609e-07
4.314457661923503917e-07
4.371534134920377462e-07
4.564052765642404214e-07
4.752480482067014869e-07
4.908778827972429266e-07
5.024069560433176680e-07
5.321317810059360496e-07
5.481340936862873721e-07
5.562894817099600773e-07
5.793703277442566702e-07
6.017219649914216194e-07
6.137272966621468990e-07
6.421484913745087305e-07
6.493070628472572707e-07
6.529292666085228640e-07
6.891878790166935120e-07
6.958399424541265674e-07
7.020141958019164203e-07
7.511923960045609032e-07
7.526146577581254239e-07
7.592820239224956285e-07
7.916964865330157448e-07
8.117414804628812810e-07
8.190690901924226147e-07
8.313110375549521646e-07
8.624490296025784662e-07
8.764090092493580848e-07
9.131052442522188380e-07
9.152501437800470762e-07
9.400023611947514974e-07
9.525334937841861055e-07
9.550661789296433238e-07
9.682078824382604639e-07
9.781861970359159126e-07
9.863481676762148925e-07
1.006318546335869680e-06
1.034403237148269293e-06
1.043073251053236308e-06
1.069730192399694882e-06
1.114646554575353044e-06
1.120865937339856018e-06
1.138492651590446663e-06
1.146701518108307739e-06
1.163434407085507269e-06
1.182660506528580971e-06
1.197836467450559304e-06
1.207278812694625118e-06
1.248620422818119016e-06
1.253071723905713630e-06
1.269866900700319329e-06
1.288634533079613948e-06
1.295517028094956485e-06
1.318820835114066815e-06
1.327796116400670418e-06
1.343600955243590063e-06
1.368557860043058430e-06
1.388639954897860871e-06
1.403504986371958924e-06
1.425730793659811521e-06
1.445477875737934539e-06
1.470583376359266054e-06
1.489640215031021287e-06
1.505329671724018106e-06
1.527107734486050858e-06
1.555826628293630138e-06
1.566137540260456639e-06
1.583758362405461678e-06
1.586973968882980625e-06
1.605462171291978416e-06
1.611272309436746029e-06
1.650502166238714569e-06
1.665734266693569838e-06
1.670210651153378719e-06
1.699127479322889816e-06
1.704711192322847990e-06
1.719307548439612701e-06
1.730393673290690069e-06
1.775322567864454707e-06
1.789591793301455391e-06
1.795184298896836564e-06
1.811869490210222606e-06
1.819237874140677397e-06
1.856444796386493086e-06
1.863338739849703682e-06
1.867784457712236741e-06
1.874484423960431115e-06
1.877060446975145705e-06
1.907773382997501973e-06
1.917422838482281182e-06
1.959508683694998463e-06
1.976153368008830383e-06
1.979682400489420693e-06
2.011218413743735684e-06
2.037468659480528460e-06
2.069313292634938196e-06
2.085101892017864597e-06
2.093265097386506909e-06
2.106172649934177437e-06
2.109181627396052294e-06
2.139357003952037287e-06
2.158963165749355752e-06
2.177041574383724464e-06
2.196815445185721603e-06
2.211904515145593443e-06
2.221423812708891621e-06
2.244584089095605729e-06
2.264985266329914291e-06
2.282093752374778966e-06
2.311118268059531569e-06
2.334406797903030750e-06
2.352793405920866113e-06
2.361436207624573832e-06
2.375825155597118061e-06
2.400468112139078662e-06
2.414316886206474831e-06
2.423158151646147083e-06
2.452211371099131505e-06
2.479738781309031627e-06
2.489326918033926694e-06
2.511952606925607609e-06
2.537920337096912278e-06
2.548752025651850288e-06
2.565336559980540566e-06
2.584390995521490054e-06
2.613514783030502921e-06
2.623220278908975417e-06
2.633057195106713535e-06
2.667157425284388022e-06
2.672682235550486589e-06
2.691018257501951085e-06
2.706557226319154080e-06
2.734485675926089554e-06
2.742239966224912347e-06
2.751047027778620660e-06
2.758785690265775783e-06
2.788430385128113583e-06
2.825600762604950621e-06
2.834142698521138912e-06
2.849504974374534712e-06
2.868237483117728304e-06
2.880566636463849739e-06
2.903344977330741595e-06
2.913239149903887429e-06
2.926212993618222720e-06
2.939194579025398373e-06
2.957115568515340525e-06
2.993713205913038589e-06
3.025040953243765551e-06
3.029841057737481889e-06
3.047201730742499286e-06
3.078704586695169012e-06
3.094751610515805384e-06
3.112285044997615712e-06
3.123997740686710286e-06
3.139832545310561446e-06
3.163755754086670004e-06
3.192366280147458480e-06
3.206290132654761446e-06
3.216755719702061401e-06
3.227724525034509767e-06
3.234909633494690368e-06
3.254111317033983571e-06
3.260868404975373404e-06
3.298995451017995006e-06
3.336195072463748256e-06
3.346398279687543054e-06
3.355441697413645201e-06
3.381181807596101650e-06
3.401346328779464991e-06
3.447391140347299881e-06
3.453441830951264752e-06
3.487189755487135469e-06
3.508396109341965323e-06
3.516917678100584861e-06
3.531335032389796509e-06
3.555270028570989344e-06
3.571061184262676997e-06
3.588746967161798811e-06
3.608043900153377357e-06
3.620377674113909629e-06
3.631765722632002266e-06
3.656210585710944398e-06
3.666916152289616797e-06
3.693595142894450745e-06
3.710302580000900726e-06
3.722213884226056666e-06
3.741512789360579176e-06
3.761935876466359451e-06
3.772491748830914772e-06
3.799888617874164187e-06
3.825297023973204787e-06
3.860053633897958628e-06
3.866999854509503967e-06
3.896533463128657350e-06
3.911842423329919137e-06
3.953039185655690158e-06
3.981253554305476688e-06
3.992914672552082726e-06
4.006856313140160176e-06
4.011524850596792080e-06
4.062432724313209037e-06
4.074733774284558222e-06
4.093873780504544556e-06
4.114288485600970075e-06
4.130914742288877224e-06
4.140958013345135310e-06
4.166194396359089054e-06
4.170700351843285508e-06
4.197624271295325559e-06
4.203188682981042105e-06
4.235815540397119753e-06
4.270002629334192503e-06
4.284763524186311957e-06
4.300424219637556004e-06
4.327305145569931604e-06
4.336938990927952670e-06
4.365278366071494695e-06
4.372924971757799023e-06
4.397545324503357289e-06
4.420151871599910293e-06
4.436479419213142913e-06
4.452139133237484831e-06
4.461825311401077951e-06
4.513749903863789748e-06
4.536947111644415076e-06
4.554998533694399393e-06
4.556514871325988005e-06
4.605564541665875063e-06
4.622169131115926961e-06
4.630897663152323300e-06
4.651440182829591180e-06
4.669092139932348937e-06
4.700073366280169124e-06
4.725623146566181402e-06
4.727899214918593664e-06
4.762940215036624478e-06
4.790642425158001692e-06
4.807257186588335563e-06
4.816145488874795492e-06
4.840587980831388984e-06
4.852816211848445779e-06
4.876134708882404097e-06
4.886771295964065910e-06
4.920932432700985502e-06
4.934317283911615437e-06
4.966317552842682935e-06
4.969670508260132494e-06
4.988728227403524158e-06
5.009791600873828732e-06
5.043524413513862293e-06
5.058225181208486030e-06
5.061837551293380792e-06
5.091585167397365779e-06
5.100707429897119577e-06
5.119167611193462725e-06
5.134028979809249855e-06
5.163827128740903691e-06
5.182196025896864315e-06
5.213836761747357289e-06
5.242124878060453587e-06
5.255868444769811739e-06
5.287525783358727581e-06
5.294456728137095279e-06
5.319061499572035042e-06
5.356837405432394391e-06
5.365701184145767797e-06
5.387260615568611558e-06
5.410219114156605358e-06
5.418800238859096304e-06
5.433505530914121443e-06
5.453243709561963791e-06
5.478104047947493677e-06
5.495011888709931177e-06
5.546532891654624491e-06
5.558765866695301915e-06
5.564291522007745885e-06
5.596381040722218563e-06
5.599947694727419144e-06
5.630422963859336832e-06
5.651165434187073969e-06
5.655243434272937188e-06
5.681143167146204778e-06
5.718781286823430665e-06
5.735904894895384733e-06
5.761421882452042831e-06
5.770870212961127472e-06
5.782231882108679959e-06
5.810760699029437964e-06
5.852128490505742258e-06
5.867258348273119659e-06
5.880047018686485174e-06
5.889327102577540883e-06
5.918989304425340719e-06
5.946653683798891805e-06
5.958537533638043121e-06
5.976452649132169272e-06
6.005512513348714469e-06
6.025935800272911088e-06
6.039557482874427140e-06
6.064058365609675413e-06
6.071655675313310786e-06
6.124264590449673324e-06
6.136776101729611174e-06
6.149470199121277491e-06
6.193909788531028287e-06
6.198066424003864341e-06
6.232616336427388490e-06
6.273324982227861949e-06
6.281429632618259123e-06
6.320812896522441334e-06
6.338498125811537437e-06
6.374729494313524777e-06
6.390713891513453752e-06
6.408021194906284497e-06
6.444717542188710257e-06
6.463397114393860302e-06
6.476995285083965250e-06
6.492389204217283533e-06
6.509025119357054055e-06
6.530612434110214014e-06
6.550286340119231525e-06
6.578670178180021854e-06
6.597707606615569562e-06
6.607767111602995440e-06
6.642265763417015836e-06
6.650313529216050935e-06
6.672387919318825493e-06
6.713486602328730595e-06
6.743859124279876081e-06
6.763885148365271591e-06
6.783226941729667976e-06
6.810120233381331952e-06
6.814115914428896438e-06
6.824449411727492909e-06
6.854470057555092337e-06
6.863156554440000947e-06
6.876772993510561530e-06
6.912189428749830676e-06
6.924120947330842791e-06
6.958743291481308249e-06
6.975674446182072090e-06
6.987832026418143911e-06
7.018269944554718092e-06
7.025299415577676038e-06
7.049362315689863861e-06
7.085807304084352002e-06
7.122386219288022406e-06
7.141020564381394753e-06
7.160053433938882044e-06
7.178705100523591568e-06
7.216090165083209170e-06
7.231199483614251601e-06
7.260080802276340881e-06
7.285682743267471140e-06
7.313408983672053956e-06
7.343064352974667592e-06
7.368308394024141278e-06
7.390403123050813509e-06
7.411111925024381025e-06
7.432677670461767317e-06
7.444398575904743686e-06
7.452380531648068084e-06
7.502942408481663039e-06
7.506938717253942824e-06
7.536817994145999934e-06
7.550899472626601710e-06
7.577050978242771181e-06
7.607445126220370662e-06
7.642553807768150608e-06
7.653892528932374587e-06
7.667185167362406567e-06
7.693999590416177717e-06
7.708061245085745853e-06
7.745018736238515748e-06
7.768071003440187096e-06
7.787183301008025686e-06
7.802889839608341985e-06
7.841136346549076939e-06
7.858579420137888405e-06
7.882525761421663250e-06
7.921468763882054973e-06
7.936197070635294290e-06
7.957607915219947210e-06
7.970859228702563119e-06
8.003096124036316960e-06
8.039094014707401603e-06
8.063025876286792631e-06
8.072674461348877008e-06
8.105905970544067924e-06
8.121944679691518631e-06
8.140186740647689859e-06
8.148064891041520476e-06
8.156485569190383595e-06
8.173520029328936235e-06
8.196056330086515899e-06
8.259203050935156031e-06
8.283138334216067815e-06
8.299941426410187634e-06
8.309413868154507624e-06
8.346716352959923044e-06
8.358988743250551779e-06
8.386193845016595783e-06
8.401665357873873698e-06
8.464891138146414605e-06
8.474157228671002948e-06
8.494255477217120266e-06
8.514153875812128643e-06
8.554663789395950058e-06
8.565286539285934132e-06
8.620798851803037073e-06
8.630887486223288421e-06
8.648104167440912648e-06
8.672201832028926633e-06
8.704834812178125668e-06
8.712729659240365656e-06
8.734675857003441045e-06
8.778649745780144910e-06
8.789385147204215921e-06
8.824568213104118947e-06
8.837163608677021557e-06
8.852659808675152029e-06
8.893875927004315750e-06
8.918824758458621200e-06
8.940827924654576986e-06
8.953725483473912961e-06
8.978989859331987450e-06
9.007452984564589247e-06
9.024264331439558044e-06
9.047124154324075982e-06
9.076805430785545628e-06
9.106289091321172747e-06
9.127557725926950858e-06
9.130645696108801425e-06
9.182457473584096095e-06
9.194227058115133481e-06
9.226870098988731680e-06
9.254530405257336385e-06
9.275074277926242499e-06
9.288119132570517777e-06
9.300167158254840871e-06
9.325647628745547914e-06
9.342747852541610524e-06
9.384981342303012707e-06
9.415118282393786364e-06
9.431015727961672906e-06
9.461817979659509044e-06
9.495578517440049794e-06
9.508993708841550501e-06
9.555116285959257928e-06
9.576569303492290529e-06
9.607719332923709513e-06
9.616969098517009348e-06
9.625380979585263264e-06
9.654503267478371756e-06
9.695943356629374210e-06
9.722743156676152046e-06
9.755492657330179336e-06
9.782473982098809570e-06
9.791675990502274584e-06
9.824387976579768554e-06
9.853379936249799788e-06
9.869037629818387878e-06
9.881111199306850183e-06
9.921724224474921220e-06
9.948418752167220987e-06
9.963638287404829512e-06
9.982131651403744439e-06
1.002218992307421398e-05
1.003624131717698541e-05
1.005257829291200687e-05
1.009832883387349874e-05
1.011994809893087912e-05
1.015189569725654776e-05
1.016932612461460169e-05
1.020108623129855981e-05
1.020328851320537367e-05
1.022756862930730159e-05
1.027708573063039913e-05
1.029661644531369194e-05
1.033959323084226106e-05
1.036554276761744629e-05
1.037102118507101564e-05
1.038488403431828426e-05
1.042502687016503800e-05
1.045614438170648698e-05
1.047510348267710926e-05
1.049625358905911854e-05
1.053294816503129162e-05
1.054966299870872412e-05
1.059042690137764830e-05
1.060483226487874907e-05
1.061993872640655531e-05
1.067821421884944128e-05
1.069810573736948770e-05
1.070747853992940918e-05
1.073833593310923080e-05
1.079224447828794670e-05
1.079651027529985643e-05
1.081279981433742448e-05
1.082932005669589742e-05
1.090619153911027330e-05
1.093062188218406828e-05
1.093838133670762087e-05
1.095152060143279463e-05
1.097827355847575511e-05
1.100814981538152108e-05
1.101744682916923052e-05
1.103067633081172312e-05
1.108722234831559228e-05
1.110275112324438898e-05
1.112312191692953115e-05
1.113412656219304161e-05
1.117661758703936778e-05
1.121260858186917663e-05
1.121695225904189262e-05
1.125086773918449829e-05
1.128891152515050824e-05
1.129430550151239899e-05
1.130063670777750861e-05
1.132882383598715001e-05
1.137012107127616629e-05
1.141421212035150072e-05
1.141841626162526302e-05
1.147866549290263099e-05
1.149792301399481225e-05
1.153186226044777250e-05
1.155380558435288341e-05
1.157678812660253792e-05
1.159003372991025025e-05
1.160987393911083598e-05
1.161195220852855980e-05
1.165344799669423597e-05
1.165867803682461222e-05
1.168803104772094385e-05
1.174958331387116581e-05
1.180178660314936412e-05
1.182098949798039268e-05
1.182905349438197716e-05
1.184715619020779788e-05
1.187274383951273122e-05
1.193104338487792977e-05
1.195976518167917986e-05
1.199879027186439815e-05
1.201353337096700497e-05
1.203270454146434628e-05
1.204661610143128870e-05
1.206387438595069492e-05
1.209637552586454533e-05
1.213436516902207833e-05
1.217080630951794151e-05
1.220042604958524138e-05
1.223185449313684212e-05
1.224672182617233666e-05
1.227445236543860029e-05
1.231165911567705909e-05
1.232297268600956705e-05
1.236211035777219247e-05
1.237232415024564447e-05
1.241538908250430198e-05
1.243193173751635951e-05
1.247114838205621787e-05
1.248406057421987955e-05
1.251588656713968163e-05
1.253454725449281447e-05
1.255294091202683304e-05
1.259350883146518219e-05
1.259849986433716156e-05
1.263268641975099228e-05
1.269965691468172761e-05
1.273243230586861623e-05
1.277048921680230517e-05
1.278505327189058336e-05
1.279535800635741725e-05
1.282030396628205528e-05
1.287015029208091000e-05
1.288288468036455393e-05
1.289334139912392495e-05
1.291318282627271628e-05
1.294958560626193240e-05
1.296880867861410033e-05
1.300812811047752639e-05
1.302745369890640378e-05
1.304978769673045350e-05
1.307238626745494969e-05
1.312548385753495651e-05
1.313686367377557153e-05
1.315592793473603734e-05
1.319356903228083598e-05
1.320551913457012452e-05
1.326610006525566043e-05
1.330160066284987804e-05
1.331333339846374662e-05
1.335041921036290293e-05
1.338246790739108775e-05
1.339186864669207127e-05
1.341999640782485046e-05
1.347803304486566044e-05
1.349188707785901759e-05
1.350308911286172880e-05
1.351934490432952180e-05
1.355301991687236126e-05
1.359434926316244238e-05
1.365146036531317072e-05
1.366110075750167522e-05
1.368543431986685686e-05
1.369303320373471328e-05
1.372965151838836261e-05
1.378490091889666324e-05
1.380009365553584636e-05
1.383970714400424734e-05
1.386405230330856504e-05
1.388246996178830672e-05
1.391331571211241872e-05
1.396240976903032516e-05
1.397700387292872148e-05
1.399637969819445694e-05
1.402995394220204481e-05
1.407743534229056341e-05
1.409024621894517267e-05
1.411781391835180798e-05
1.415125430345493915e-05
1.416343974007580558e-05
1.421206508086465823e-05
1.424473056769259236e-05
1.427034221453686008e-05
1.427765383473520484e-05
1.431684302827691677e-05
1.432822526489232681e-05
1.436692643749684974e-05
1.439947006173002601e-05
1.444546679247009295e-05
1.446564768935733326e-05
1.448187141995768676e-05
1.451363680410287590e-05
1.456026803056152062e-05
1.459376918993538767e-05
1.460622583150191976e-05
1.462696908103458421e-05
1.467834393438551948e-05
1.470291120555863619e-05
1.472791463139268900e-05
1.473589381603415516e-05
1.475010261508167715e-05
1.480666095099791414e-05
1.482591446290510463e-05
1.486657315168565603e-05
1.489176249541080874e-05
1.493141066425960334e-05
1.497015979038066876e-05
1.497715961542521062e-05
1.500789389673909872e-05
1.505913169601799706e-05
1.509201183033234991e-05
1.511543508666874326e-05
1.515609598349316712e-05
1.516016701786645141e-05
1.517163441073837538e-05
1.522325870356694225e-05
1.525999219447030219e-05
1.528420581754710234e-05
1.531099512305947677e-05
1.534187033905970703e-05
1.536489288197735994e-05
1.537062045877145151e-05
1.543985812221648944e-05
1.548322760745746230e-05
1.550442006483029059e-05
1.550937702006956954e-05
1.555943334870409350e-05
1.557332262509431527e-05
1.560440639238518606e-05
1.565387119149771694e-05
1.568010360666517727e-05
1.570066509698830946e-05
1.571640506167770474e-05
1.576205815945168687e-05
1.582466442545425731e-05
1.584165224221736185e-05
1.589483152680265526e-05
1.592488410326094991e-05
1.593171752120355197e-05
1.599306358501367256e-05
1.602627628166198930e-05
1.604334033739071119e-05
1.607269750812712454e-05
1.611190774341868636e-05
1.613992265110762437e-05
1.618896010810368536e-05
1.622696359948473706e-05
1.623684560184148981e-05
1.626104225118303354e-05
1.629792089155263302e-05
1.632119924510602843e-05
1.636872279802599077e-05
1.637804576434130613e-05
1.641549905765245007e-05
1.646352115607286102e-05
1.649199451261642592e-05
1.650487254782916202e-05
1.652745282648619048e-05
1.655528222874086926e-05
1.656975055380279055e-05
1.661071685718983840e-05
1.667792526082240352e-05
1.668773780044035911e-05
1.671284455536891275e-05
1.675021487268340471e-05
1.677713670718847597e-05
1.680440583205735554e-05
1.681750867586301280e-05
1.685062302108227786e-05
1.691201907321803144e-05
1.694884756262276127e-05
1.697469730048639197e-05
1.700633698641504640e-05
1.701044796454682980e-05
1.704549258236317733e-05
1.708443022330356084e-05
1.712084205419530115e-05
1.713812624544482749e-05
1.716922291724431638e-05
1.721807349507001875e-05
1.722433398373018106e-05
1.725345822660859650e-05
1.727372650314772296e-05
1.733942220990209850e-05
1.734648572586237658e-05
1.737525197149753260e-05
1.739566035506458078e-05
1.749250002095077615e-05
1.752892275221825874e-05
1.756266185239761728e-05
1.759660529253792642e-05
1.761193236082538401e-05
1.762942296611903504e-05
1.765567010063107063e-05
1.768639221317031736e-05
1.772162769526423369e-05
1.773465196989657797e-05
1.777714912497395185e-05
1.781586866562528577e-05
1.783539214099451941e-05
1.787911269227383001e-05
1.791752866640966874e-05
1.793067519340396719e-05
1.797772956202489867e-05
1.799181259713869075e-05
1.804590170169255152e-05
1.810646098146516085e-05
1.813712064394485253e-05
1.814685106973637838e-05
1.818918775802268620e-05
1.819645011431281632e-05
1.825879920177278835e-05
1.830587319693968999e-05
1.832857980371549789e-05
1.836088189997050782e-05
1.837775335170594216e-05
1.841382332325841429e-05
1.847493916260829788e-05
1.849570440509082437e-05
1.853466242361439062e-05
1.854413924151842861e-05
1.859812237901670756e-05
1.862806955171174292e-05
1.866372431374420328e-05
1.868057505207309900e-05
1.872558492335640474e-05
1.875431028600418984e-05
1.878450864867077505e-05
1.880212409744088108e-05
1.887175963828669080e-05
1.890683431655610375e-05
1.891714533478944913e-05
1.893892714593537738e-05
1.895160363305910755e-05
1.898751788362429004e-05
1.904899796367495268e-05
1.906220019559380077e-05
1.912442728463463742e-05
1.915894674984567741e-05
1.921496593985134863e-05
1.924890971917934721e-05
1.926378771026883026e-05
1.927643034712635262e-05
1.934909944622413070e-05
1.938405654448438210e-05
1.941148372613768524e-05
1.943802948706293708e-05
1.950880141383947596e-05
1.952721642946737010e-05
1.954283664684724773e-05
1.959557684596594348e-05
1.964370526258940226e-05
1.965062735138908221e-05
1.968591066070544629e-05
1.976044519876139495e-05
1.980193625271146944e-05
1.982708485366720561e-05
1.985096763388911352e-05
1.986287996022658656e-05
1.990765696078272508e-05
1.993420835875197691e-05
1.994210894896673722e-05
2.000048316284600708e-05
2.002249569513765248e-05
2.006266304418133915e-05
2.008961371731823070e-05
2.013738951434198147e-05
2.016553594566437171e-05
2.019276646830179693e-05
2.021355944223728775e-05
2.028705554926697941e-05
2.033125158282432523e-05
2.034603375842661445e-05
2.037898204072119361e-05
2.042998506767144238e-05
2.048993959613840875e-05
2.053234978260281416e-05
2.056066740410354327e-05
2.058915844446108554e-05
2.064646649927001477e-05
2.067669095151994743e-05
2.070549368224265118e-05
2.075311349917618575e-05
2.078412705032704562e-05
2.082869522395377210e-05
2.083076901702105835e-05
2.085321559521811905e-05
2.088023124891864816e-05
2.093891767892773606e-05
2.095371962581940459e-05
2.099115838496340818e-05
2.103446092299816593e-05
2.106257612079326619e-05
2.107776286143173087e-05
2.112236836126759411e-05
2.113533173314993894e-05
2.116571290887902653e-05
2.119171595377417251e-05
2.122451516172685769e-05
2.128508776980438455e-05
2.136627129014669058e-05
2.139268445607276660e-05
2.140766226938444058e-05
2.145382875305629626e-05
2.151326891220318310e-05
2.152399985122365277e-05
2.153762454714168537e-05
2.158249947994506595e-05
2.162478039043844993e-05
2.165762853464724786e-05
2.166539075369256626e-05
2.176913172486118344e-05
2.180329776405424234e-05
2.180495261774211858e-05
2.182747826999137972e-05
2.185927051923525278e-05
2.186915693390939673e-05
2.188506955172854753e-05
2.192658687707152684e-05
2.198434641578797365e-05
2.202566599448784013e-05
2.203984657264062652e-05
2.210735213807414937e-05
2.215270239632849918e-05
2.220891220375611962e-05
2.222409918038347929e-05
2.224588803202447640e-05
2.228885386837425485e-05
2.235093981820309984e-05
2.238262457900884992e-05
2.241762917536091560e-05
2.248096971799925042e-05
2.250416556572612742e-05
2.250889372127850714e-05
2.254806223714474382e-05
2.260570131098449298e-05
2.267579229779885638e-05
2.268882794952874421e-05
2.274153780223097952e-05
2.277337481646112268e-05
2.278982924195864350e-05
2.281058267468348636e-05
2.285194449405234362e-05
2.288443908768194096e-05
2.292457849272754643e-05
2.296719256102109928e-05
2.301355007830223887e-05
2.305556724542705754e-05
2.308809585273392256e-05
2.309836825575105600e-05
2.316863358140265334e-05
2.318917008136876939e-05
2.321838520207093119e-05
2.327194972127571786e-05
2.333655610088413712e-05
2.338269513795407950e-05
2.343175920844543610e-05
2.345534447925822711e-05
2.346248831921591793e-05
2.352504710635225184e-05
2.353771623985358147e-05
2.359993030172073493e-05
2.361451759638776205e-05
2.362640954524617982e-05
2.367850508457262538e-05
2.374694842471468566e-05
2.376753833452456942e-05
2.382218372570034007e-05
2.382311194940040842e-05
2.390157390020828770e-05
2.393141029866946518e-05
2.394006804799795596e-05
2.397681466679903940e-05
2.405093490527948305e-05
2.407771224296292826e-05
2.411371945441850002e-05
2.415888870834671532e-05
2.420566548742985485e-05
2.422546891913728031e-05
2.428508323443751598e-05
2.432390169908824016e-05
2.432904866763819439e-05
2.436946420683316295e-05
2.441033465586054388e-05
2.442200152784601000e-05
2.446011312038181871e-05
2.452062928383343546e-05
2.456061281928276498e-05
2.457886828260158078e-05
2.461242183408074197e-05
2.466138264331717460e-05
2.468327544066844655e-05
2.472908357349781622e-05
2.478746474398325528e-05
2.484261627738786277e-05
2.487878531305646418e-05
2.491967917023738021e-05
2.495448760636916305e-05
2.498673737424148087e-05
2.504421470763085484e-05
2.508502054761003192e-05
2.512950355269290333e-05
2.515448944037548644e-05
2.518618820008662089e-05
2.522863086376649281e-05
2.524369768082804615e-05
2.533412935523097923e-05
2.536464426663851933e-05
2.537396048654133420e-05
2.545615789492873123e-05
2.552586205843196315e-05
2.555822472366608590e-05
2.559685717517570159e-05
2.561867522683876141e-05
2.566107632077788066e-05
2.573448555468147841e-05
2.575571753642940233e-05
2.579677628203263471e-05
2.584789427188357010e-05
2.588660458352087682e-05
2.590315216981064277e-05
2.598317829085484970e-05
2.602690024721638764e-05
2.607003236487372670e-05
2.610934571764490778e-05
2.612985130854779514e-05
2.618252666957381539e-05
2.621654278657572368e-05
2.625331422906542367e-05
2.626595452382556072e-05
2.632908367960243675e-05
2.636940282410846212e-05
2.640491191824409674e-05
2.646056220561314977e-05
2.648458407404686476e-05
2.655956296929435202e-05
2.658631605789930335e-05
2.663630274778503284e-05
2.667274119471544781e-05
2.670940880231639474e-05
2.671545803324476624e-05
2.673826934109906298e-05
2.682191518240028069e-05
2.685929439922234464e-05
2.689290360580348942e-05
2.693862479302442455e-05
2.695544403333038037e-05
2.699677123912938088e-05
2.703823089113819013e-05
2.709522775944664535e-05
2.712706992143114603e-05
2.717820197016374443e-05
2.722042770915395916e-05
2.722456785354934104e-05
2.726918828553695823e-05
2.731316935632769913e-05
2.735591150966831347e-05
2.737699672242811371e-05
2.742889017298999645e-05
2.749074459085200443e-05
2.753721120386027932e-05
2.756334564245620198e-05
2.760235583081096063e-05
2.766564715506497328e-05
2.768919593390931731e-05
2.773022319529481366e-05
2.777234838595881897e-05
2.779535317232174107e-05
2.785444183680164744e-05
2.786697854521111254e-05
2.794712210046357157e-05
2.799632828459891460e-05
2.805164953632608839e-05
2.806997870311343053e-05
2.813686587527595900e-05
2.820448505497095059e-05
2.823013607401851394e-05
2.830432740893150807e-05
2.836913467259845713e-05
2.839856941418168401e-05
2.840445137956992572e-05
2.845530116654679736e-05
2.849875977882286476e-05
2.853485605981893698e-05
2.861879962777249059e-05
2.865115519984270039e-05
2.867044246093083102e-05
2.875492218278531047e-05
2.879503822230772237e-05
2.882329714014632836e-05
2.885669525127603790e-05
2.889706443581836989e-05
2.891453889263425990e-05
2.895342387963611535e-05
2.901897763147020935e-05
2.906787476421511621e-05
2.910034770096217829e-05
2.916219695609385595e-05
2.918884967132571830e-05
2.926363600518275469e-05
2.930314031466986689e-05
2.932141652375697564e-05
2.938077586438149315e-05
2.940064386306058463e-05
2.944768251689118690e-05
2.945908037189021107e-05
2.950457641795724704e-05
2.959712584084997941e-05
2.963281687760502164e-05
2.963918511627705910e-05
2.970687902748486153e-05
2.974437128318662115e-05
2.977986348239490411e-05
2.980534119179987685e-05
2.990309376591880817e-05
2.998503432965504654e-05
2.998925346874434242e-05
3.004618092227565209e-05
3.007244918303018366e-05
3.018081814685648871e-05
3.019835379567999275e-05
3.025625927836128262e-05
3.028481145059109766e-05
3.032571893755062775e-05
3.038031607743974825e-05
3.041640104770213266e-05
3.045784411562142577e-05
3.050188090980407083e-05
3.063152964717246628e-05
3.065136246479665687e-05
3.065937673775363624e-05
3.066283218636432604e-05
3.076019352169984187e-05
3.078769541926759678e-05
3.083236473171519973e-05
3.088067513293329882e-05
3.092116949643116346e-05
3.097716049405927082e-05
3.099589790855651888e-05
3.107036254101919063e-05
3.111527469847931177e-05
3.113293250380268353e-05
3.118472463979129214e-05
3.119992634675898188e-05
3.133001360804395859e-05
3.137170554406739888e-05
3.140876233912414766e-05
3.143008032133233091e-05
3.147433802542235403e-05
3.151999541153156331e-05
3.158452351117575595e-05
3.164967021797588639e-05
3.169129151052495972e-05
3.172928338961298526e-05
3.180604001231376128e-05
3.183423448162302926e-05
3.189971482280465451e-05
3.197456263820424487e-05
3.200108799571539035e-05
3.204387553307383419e-05
3.208112924814147271e-05
3.213288224822846283e-05
3.218451899441418556e-05
3.219112960852180176e-05
3.225256754998335112e-05
3.229016695615920875e-05
3.233892589969412202e-05
3.236721407775256507e-05
3.241636443734097802e-05
3.243915056931424493e-05
3.247979054444413482e-05
3.252326094224025491e-05
3.256574647631303818e-05
3.261334274222417001e-05
3.267893013253611790e-05
3.270236263113583967e-05
3.278912912566982657e-05
3.281625922742014101e-05
3.285137814507548850e-05
3.290033234679120769e-05
3.293818127271479738e-05
3.303926466560715895e-05
3.309729546792785309e-05
3.317565554803436070e-05
3.323550012123333599e-05
3.326673406559971767e-05
3.334608239565419206e-05
3.337973385026235035e-05
3.346526938995212372e-05
3.348259589728326145e-05
3.354081207735189776e-05
3.356825185601351692e-05
3.363156473071271784e-05
3.366908259015072763e-05
3.372057591234002972e-05
3.373725100128277955e-05
3.386301100949490827e-05
3.392122960744939597e-05
3.395367788180132237e-05
3.399929900490450592e-05
3.403896662912009200e-05
3.405467105277454202e-05
3.409617908949945597e-05
3.417884637329875446e-05
3.422642463740075005e-05
3.425575134750236562e-05
3.429391918211095107e-05
3.435304835813677112e-05
3.440812649860057546e-05
3.443744626459705583e-05
3.447111840721079658e-05
3.453805226199844694e-05
3.457692312904570719e-05
3.462859713517317105e-05
3.466833075479551485e-05
3.474563947061223211e-05
3.477189626055861093e-05
3.481855471717366186e-05
3.486265085157586686e-05
3.490401816504966115e-05
3.496019959741798408e-05
3.503363564654715217e-05
3.505192550460615368e-05
3.518146224248652325e-05
3.523917314628854545e-05
3.529734584115910726e-05
3.534432125775299711e-05
3.536713102435700199e-05
3.539912979647384601e-05
3.543772720074060321e-05
3.547003722862531106e-05
3.556471348140929591e-05
3.563787742809103109e-05
3.567941725608852175e-05
3.572014362940083651e-05
3.574403898082695048e-05
3.581300289397851809e-05
3.586842471679081262e-05
3.594900276028644272e-05
3.597474414765619962e-05
3.604331752695369174e-05
3.608053948587751380e-05
3.615420153678815978e-05
3.621603466753286913e-05
3.623299591719694501e-05
3.630112949673222936e-05
3.633146721565571230e-05
3.636932445643376288e-05
3.642540300147740855e-05
3.643368647460056128e-05
3.648746309537719533e-05
3.654443554578983109e-05
3.662676865454449199e-05
3.669138564205856823e-05
3.673632961138643851e-05
3.675449133431955791e-05
3.684392752345899756e-05
3.694733305801790939e-05
3.697225493902624719e-05
3.697691981648547680e-05
3.708994428971021048e-05
3.710854002851457300e-05
3.716693516819681017e-05
3.722861684649313830e-05
3.724616855302519060e-05
3.728260903246866928e-05
3.737546687259514987e-05
3.740947314299304709e-05
3.747033525939484302e-05
3.748805728806367435e-05
3.752039147892599733e-05
3.758439890920331570e-05
3.768072842769916621e-05
3.772356241566822058e-05
3.777992962568463720e-05
3.783572244013069401e-05
3.788735739060793736e-05
3.796016494544685705e-05
3.807248327802028795e-05
3.816037515174799862e-05
3.817440086844612137e-05
3.821571900600582208e-05
3.824220640199040618e-05
3.827081636712488587e-05
3.832449630580589514e-05
3.838408218618209197e-05
3.847689625418280345e-05
3.859921675259744568e-05
3.862055230759242830e-05
3.867320423971507958e-05
3.872726363624638240e-05
3.873702405360346119e-05
3.877650914519573333e-05
3.886135721614256339e-05
3.891753006646814927e-05
3.900317286862509401e-05
3.908959976359495359e-05
3.914025381000844602e-05
3.917933529124503018e-05
3.924593050847340915e-05
3.930978426651080281e-05
3.942205600945135238e-05
3.945435091321769223e-05
3.947226612245669007e-05
3.951687473153866651e-05
3.956879947654851895e-05
3.962834722151678475e-05
3.974435542603183154e-05
3.979445792500328104e-05
3.988234502080945050e-05
3.988712591020633961e-05
3.994267113138166121e-05
3.995794132046118474e-05
4.001577862432678634e-05
4.006902484984738470e-05
4.014163058080929668e-05
4.030078215642512806e-05
4.032616524880143163e-05
4.035217886377284193e-05
4.037960290730425517e-05
4.041971594240531616e-05
4.052699579681316993e-05
4.055375372106044145e-05
4.065079245941883104e-05
4.071981065921002180e-05
4.076010409393762815e-05
4.082239350469010568e-05
4.084613782092134368e-05
4.091292664977337715e-05
4.100761609029064995e-05
4.110941492490450936e-05
4.115235591677078879e-05
4.115915118977717265e-05
4.123027751444966285e-05
4.127312506642625970e-05
4.132781860084825250e-05
4.137181190825927300e-05
4.141609146448098610e-05
4.145996345017949694e-05
4.153361506381187686e-05
4.161296412587660852e-05
4.168340700073720382e-05
4.173030015662884256e-05
4.182369056026049350e-05
4.186467250554715841e-05
4.193319757829289189e-05
4.197715682585905633e-05
4.204181169179014254e-05
4.208946149671711931e-05
4.216928457416198041e-05
4.222217274632201778e-05
4.226641871672548163e-05
4.234112087794146572e-05
4.236992345259718682e-05
4.246009743142002495e-05
4.248095117831667266e-05
4.254057387095793840e-05
4.256401732801534611e-05
4.264928507794790615e-05
4.280335499781557767e-05
4.281981486095525971e-05
4.296079360462736222e-05
4.300829208441178425e-05
4.304404682417199799e-05
4.308845967902039147e-05
4.319002095852266914e-05
4.321466887033225941e-05
4.325471358567369430e-05
4.334955768196969696e-05
4.337569895517434155e-05
4.343068386959524622e-05
4.349915576778273758e-05
4.356955449685723258e-05
4.362345084543397595e-05
4.368443955820671104e-05
4.379486486228027005e-05
4.381800728827650858e-05
4.388791592837791025e-05
4.392941181101597809e-05
4.400304616221633464e-05
4.407231191268155644e-05
4.416176655888390051e-05
4.421817480896234515e-05
4.425015599581779677e-05
4.430960491036868158e-05
4.434402335417853670e-05
4.446799791122819901e-05
4.452386616224074091e-05
4.460244296634480199e-05
4.461376895798084173e-05
4.469780272294736015e-05
4.474100560284660741e-05
4.484701121886699418e-05
4.492535700477970280e-05
4.493695027180574087e-05
4.505677609248702573e-05
4.509861266345801905e-05
4.518452779643537451e-05
4.526703511163579946e-05
4.533104437483311661e-05
4.542206680724549260e-05
4.546005640459291900e-05
4.547693126828959150e-05
4.555002718602998014e-05
4.563415874826131892e-05
4.571826775082140422e-05
4.580769294779148381e-05
4.584735491412705551e-05
4.593526166096792391e-05
4.600500145927602293e-05
4.605431260338024385e-05
4.606346899512007265e-05
4.611194016216318129e-05
4.620821505668829346e-05
4.628075990276163718e-05
4.641616723606258781e-05
4.646561156848114256e-05
4.655434389392510466e-05
4.661642330432389398e-05
4.667516419917066124e-05
4.671428723335532596e-05
4.679476445104438997e-05
4.687146969180202536e-05
4.698926858748726641e-05
4.708357153552031614e-05
4.713525478881941194e-05
4.714503836787992835e-05
4.718991528803346695e-05
4.733184972760550341e-05
4.740131062005862109e-05
4.743402142888628742e-05
4.751080735509868668e-05
4.761919228669062482e-05
4.768031130189583230e-05
4.775509334601197003e-05
4.784064656914465595e-05
4.787587984062016520e-05
4.800939106580067388e-05
4.811267715310777284e-05
4.813220847717330196e-05
4.817744418100423665e-05
4.827931694047441088e-05
4.831001415538972721e-05
4.837413276758352931e-05
4.846983634111683050e-05
4.850764624346716122e-05
4.861471102254957968e-05
4.872466701520798964e-05
4.874434716163024634e-05
4.884662485030977198e-05
4.888239389368300114e-05
4.893880136968772887e-05
4.906999221530504928e-05
4.907946748809423809e-05
4.914110756526370564e-05
4.921075599283012986e-05
4.927188543176227564e-05
4.934274878417227651e-05
4.941331325604737270e-05
4.947198020659356721e-05
4.952989050340088361e-05
4.960440005833051288e-05
4.968202878823544332e-05
4.979100287860476913e-05
4.987446153248542417e-05
4.998406348222392081e-05
5.006598531138666241e-05
5.009375744121770759e-05
5.018638653836529097e-05
5.025121694398217815e-05
5.035960283473958903e-05
5.044276797947372528e-05
5.046893297842179246e-05
5.047810417981310547e-05
5.065638060580487939e-05
5.071443592690886491e-05
5.082008816268109908e-05
5.089526447228503450e-05
5.092567685143851503e-05
5.101410465206833222e-05
5.105622454163651899e-05
5.114116591614252988e-05
5.123333296590605634e-05
5.128396978388227116e-05
5.136674458009138572e-05
5.144515045582719243e-05
5.148851225921965405e-05
5.154560679035530935e-05
5.161736391009443865e-05
5.178042887011897224e-05
5.185566366233331111e-05
5.190867195509443646e-05
5.204548260673720730e-05
5.207022099233870124e-05
5.221789701063524951e-05
5.223325132187662579e-05
5.237169596605754777e-05
5.238276539866815250e-05
5.255467755808059037e-05
5.258844252986338570e-05
5.260735943264675189e-05
5.272738128466163148e-05
5.283449522286096518e-05
5.291902094404373987e-05
5.297105012564520311e-05
5.302655391109666765e-05
5.309159166245594393e-05
5.322352534560466667e-05
5.334888605873264297e-05
5.335657312138246020e-05
5.342528083832436117e-05
5.343990113919293690e-05
5.355458063195157230e-05
5.361057792909831887e-05
5.375230011868944514e-05
5.380010726145630860e-05
5.381471051543604078e-05
5.390883709107912431e-05
5.396147300000122085e-05
5.403370173544493532e-05
5.420640297313453215e-05
5.427575930555769045e-05
5.434555945581932672e-05
5.439195563599542762e-05
5.449296058635524291e-05
5.460163198356070665e-05
5.468813709094620906e-05
5.472389049145712079e-05
5.487401215963706350e-05
5.501049970083141002e-05
5.506554759599391509e-05
5.512154999773434354e-05
5.522028038470971586e-05
5.526814864737937869e-05
5.541264444875268767e-05
5.544195452044217216e-05
5.551266491696228939e-05
5.559107046144385277e-05
5.573148309996726223e-05
5.577077805313329043e-05
5.583827563417244474e-05
5.588820538525789784e-05
5.598794712634737309e-05
5.605373301834436732e-05
5.606270831385146657e-05
5.623954045272086039e-05
5.637532713497542790e-05
5.647399696159804034e-05
5.649368584741964474e-05
5.650678714070739566e-05
5.655527651376892999e-05
5.670889048069674166e-05
5.676154574660364393e-05
5.690538444327730700e-05
5.694263165001019439e-05
5.700128978979858115e-05
5.716037875532789753e-05
5.731791968210835558e-05
5.738827599839824893e-05
5.744396687908835474e-05
5.753083791062561548e-05
5.768185307342936637e-05
5.779721061673062172e-05
5.786977821501403422e-05
5.796520770429818296e-05
5.798993238802142863e-05
5.807426388671649444e-05
5.830548420711766409e-05
5.834750046872351985e-05
5.843363094157294854e-05
5.844670562923724017e-05
5.855454277181011089e-05
5.862278599860050395e-05
5.876655330665128251e-05
5.877627772537032406e-05
5.895152892263222637e-05
5.898426099137807571e-05
5.905228447084021114e-05
5.909788524366677541e-05
5.916771027393946084e-05
5.931913954162993871e-05
5.951046121414989076e-05
5.959277144160653297e-05
5.960697364856566688e-05
5.972439467424080494e-05
5.988165077553576644e-05
6.000428818229464766e-05
6.002970926666965841e-05
6.005281559356100401e-05
6.018229147001040024e-05
6.025993440073146540e-05
6.043327356502461913e-05
6.050396701936464208e-05
6.062791456268980191e-05
6.067181908620176652e-05
6.068304207114391994e-05
6.084992063067134690e-05
6.095453169589230353e-05
6.102787884059775208e-05
6.109212620784889029e-05
6.122635913367399803e-05
6.127696324330869800e-05
6.131763170971902199e-05
6.146348383981060102e-05
6.159821887864764406e-05
6.166092006183001618e-05
6.170380727182028888e-05
6.181508004480268533e-05
6.192229970195314978e-05
6.195466844567748207e-05
6.207155555965940231e-05
6.215694764065745205e-05
6.226291578705225134e-05
6.236866215380822099e-05
6.249474533704113815e-05
6.263178799662009403e-05
6.270546467332011628e-05
6.280961995910823480e-05
6.284571662965515249e-05
6.299104656959124882e-05
6.313097580643749814e-05
6.321174716605491243e-05
6.330104426971633368e-05
6.341277363948269886e-05
6.349270594395389582e-05
6.352478197746361385e-05
6.365380516994664816e-05
6.370449930363028675e-05
6.388442784000288716e-05
6.394781622094467672e-05
6.409696579444737734e-05
6.410592085495017808e-05
6.429091579603789014e-05
6.434714883000135482e-05
6.446830296920238578e-05
6.458438559807685552e-05
6.467816997519512613e-05
6.474231664511150963e-05
6.485069529449670510e-05
6.496101728197400547e-05
6.504797052780664213e-05
6.510335561406361735e-05
6.525489316839197117e-05
6.541377396814577691e-05
6.554883792110175638e-05
6.560014274194685211e-05
6.572646378582333148e-05
6.583384167605402606e-05
6.601124387973632702e-05
6.616129098556872189e-05
6.623751367504006761e-05
6.633425014221459165e-05
6.649775644990370326e-05
6.653785350219313245e-05
6.656818412549577835e-05
6.680245210959484005e-05
6.685879102694040432e-05
6.692063044028843716e-05
6.703705135582508506e-05
6.712308830487816755e-05
6.725722546009744692e-05
6.736637766446887637e-05
6.738197216654961139e-05
6.749694955621779989e-05
6.763899070621670812e-05
6.768709837776167048e-05
6.788782036552472082e-05
6.794760233282393623e-05
6.800943017562502608e-05
6.822966431861539013e-05
6.831433517726639103e-05
6.842831525315734933e-05
6.858603040741594839e-05
6.861898394612084176e-05
6.874869522930443717e-05
6.899349303234148336e-05
6.910432601948416286e-05
6.917331008512955348e-05
6.924521064057726513e-05
6.946763305934668825e-05
6.953189178080062172e-05
6.962521431382028296e-05
6.972675677071484934e-05
6.977134763859181598e-05
6.998108543590516955e-05
7.011096702193320986e-05
7.020579241551075465e-05
7.037632970106198922e-05
7.038314267295231680e-05
7.055455099398079042e-05
7.066280146480377990e-05
7.088653320128237385e-05
7.091543894818774210e-05
7.106301222239478862e-05
7.113853285279584521e-05
7.121261433561549550e-05
7.140643028544339810e-05
7.149775205548334191e-05
7.168096183707331731e-05
7.174788008685136680e-05
7.180974092970386505e-05
7.191684206747284602e-05
7.205365749498937123e-05
7.210125847025261299e-05
7.225925425201944956e-05
7.237942746210104100e-05
7.252043998076696549e-05
7.270495228609714629e-05
7.280725290513511674e-05
7.290839427718156921e-05
7.310446164324280812e-05
7.327531126056417666e-05
7.340805686312243199e-05
7.346509187679568374e-05
7.348746355024550741e-05
7.377625995545251556e-05
7.387027349554306239e-05
7.401746728111750643e-05
7.413356313339895115e-05
7.421126546919638758e-05
7.431294765329543789e-05
7.446861791718227151e-05
7.467595422227968241e-05
7.480327050812571430e-05
7.487862693861720164e-05
7.497350136377051589e-05
7.511168012648057222e-05
7.521072438067535003e-05
7.536041116894505248e-05
7.549445372177459430e-05
7.563751721297226063e-05
7.573983730859728159e-05
7.578236148458645952e-05
7.602538238587395981e-05
7.620601508930893427e-05
7.625198092594203487e-05
7.638930418736892755e-05
7.644648187325467023e-05
7.663588431346116310e-05
7.675710391772767795e-05
7.699973257200828979e-05
7.713708564256876467e-05
7.731282138726435144e-05
7.746418492049947477e-05
7.757184643166772312e-05
7.760659583438912681e-05
7.790866505019793640e-05
7.800949613095208121e-05
7.809349058370141500e-05
7.813501968648315298e-05
7.833886444352391825e-05
7.842397535095629564e-05
7.870020553953962757e-05
7.875109050708391570e-05
7.881521475538435725e-05
7.904316903086139226e-05
7.911783901936365090e-05
7.930154627450751372e-05
7.940607212607662783e-05
7.951249360414884050e-05
7.964711810017700887e-05
7.967368942357975624e-05
7.979736988336904582e-05
8.002494988764577238e-05
8.026970907058454251e-05
8.035905104049287124e-05
8.045563776345997784e-05
8.051663662628457990e-05
8.071567266711325637e-05
8.089213263760422566e-05
8.109165046502777425e-05
8.125928844731634124e-05
8.147165691221699881e-05
8.151684014170672960e-05
8.155720620032664843e-05
8.178741760199451029e-05
8.194121500302277102e-05
8.210481889935307084e-05
8.222573863434656403e-05
8.232120582609900317e-05
8.240425270626145361e-05
8.255940354307713508e-05
8.270234610892047674e-05
8.279622491926704711e-05
8.296573141283526177e-05
8.326662882808983117e-05
8.337219359359517555e-05
8.356953344157202817e-05
8.361858172876155456e-05
8.394123382729999899e-05
8.401922030693652192e-05
8.428010140654922707e-05
8.448495958990405084e-05
8.465794613533054937e-05
8.474174884011394856e-05
8.476721725774580729e-05
8.488522492311666938e-05
8.514058563652073821e-05
8.538250710486923521e-05
8.554586814216049004e-05
8.565975493884601651e-05
8.582968352674054629e-05
8.594979252766981974e-05
8.613614363166888558e-05
8.661460102677161319e-05
8.664600733715873652e-05
8.675991696082439658e-05
8.693241363666697873e-05
8.707862492689851398e-05
8.732039262120072588e-05
8.742897018544939743e-05
8.782119855617231594e-05
8.784443954132832328e-05
8.793326254020894669e-05
8.803569417994852944e-05
8.807684106052928840e-05
8.854680831937392104e-05
8.866745214358218771e-05
8.889004384661086937e-05
8.892040571840144336e-05
8.903725715285929041e-05
8.925500170030730600e-05
8.938552179914094960e-05
8.957348200979864275e-05
8.972728909934635363e-05
8.999479474943473934e-05
9.012064985542671150e-05
9.043295285751373487e-05
9.053252859355994807e-05
9.079879396381948813e-05
9.116346151687942207e-05
9.125530706807480406e-05
9.132300278178797639e-05
9.165517284796899963e-05
9.191205382635149457e-05
9.205645355098801368e-05
9.230790459046458237e-05
9.250955544608728228e-05
9.263024972446305845e-05
9.277562189737661882e-05
9.290737363830155594e-05
9.319526788350689919e-05
9.353929661837280811e-05
9.363699869624067865e-05
9.392744414598031271e-05
9.397682247502817045e-05
9.438291717256465396e-05
9.454063600815541541e-05
9.457469975109825816e-05
9.474756102989732279e-05
9.502356433064403833e-05
9.524034863826250888e-05
9.542096593064111404e-05
9.574744589392980110e-05
9.590141367702593198e-05
9.602650309482126025e-05
9.629648396494388629e-05
9.667366864958744106e-05
9.712228004336441629e-05
9.716158119554179403e-05
9.750156398576229424e-05
9.768986212021421318e-05
9.802866636435397254e-05
9.812782112527345226e-05
9.831590890900778683e-05
9.863746204334408014e-05
9.884400600314664678e-05
9.916645647101619712e-05
9.920155117957371734e-05
9.928684882137193924e-05
9.955062065700294525e-05
1.000520337746728475e-04
1.001596191165243923e-04
1.004728396404417788e-04
1.006247100025992931e-04
1.008425921851483111e-04
1.010802633537784425e-04
1.014552563617781704e-04
1.017657295852930443e-04
1.019264387796917792e-04
1.020422329517541016e-04
1.023919488964024279e-04
1.026496284409847567e-04
1.028927905368422766e-04
1.031789229232935962e-04
1.033939254338311746e-04
1.036827069018674740e-04
1.039474820578502204e-04
1.043432885965632327e-04
1.046131250269599183e-04
1.049082640979178706e-04
1.049540817988463948e-04
1.052774691398297285e-04
1.055250990271566904e-04
1.059476862457615719e-04
1.064035365208215896e-04
1.065637056277680652e-04
1.068815301436117445e-04
1.071603779771263611e-04
1.073217456651887590e-04
1.076911663460845538e-04
1.081915553386885223e-04
1.085659590552738650e-04
1.088447661363345256e-04
1.090951169631776668e-04
1.093591717034104495e-04
1.097445663279937085e-04
1.099699823265991094e-04
1.102620382309007813e-04
1.105866735790086790e-04
1.108948749209769888e-04
1.113588260708485526e-04
1.115952347886210857e-04
1.121958208369740130e-04
1.128901842567103651e-04
1.130450235819923966e-04
1.131788084270236812e-04
1.138312404701862998e-04
1.140045560974063384e-04
1.144902073482027317e-04
1.147995437673863124e-04
1.154792257711875357e-04
1.159222293535247576e-04
1.168866195951434264e-04
1.170081008160699039e-04
1.173285307265083669e-04
1.178611956029186706e-04
1.180170438062531316e-04
1.188237584694099697e-04
1.189249535889167620e-04
1.196294432408747245e-04
1.200509325292138327e-04
1.205749071659276649e-04
1.207967528218133109e-04
1.215132512159066385e-04
1.219831005257717761e-04
1.225362561944184296e-04
1.227488277864619871e-04
1.231937440148838389e-04
1.240763187961502136e-04
1.249472356376228664e-04
1.250294091950612428e-04
1.257141597479128378e-04
1.261399696772421135e-04
1.267692017115520486e-04
1.274286685910598627e-04
1.274695710373239621e-04
1.284141552017544505e-04
1.293380280847523250e-04
1.296362846820970185e-04
1.307984647674795514e-04
1.315491148125461725e-04
1.322788760722352333e-04
1.330903900645530194e-04
1.335950968660664620e-04
1.340804474345006002e-04
1.347312472564652426e-04
1.354981528123982428e-04
1.356990679021061956e-04
1.365618892535787549e-04
1.373454433186291552e-04
1.383378557294740840e-04
1.400572736764185678e-04
1.410790113185089647e-04
1.420760172907438283e-04
1.429596257885967889e-04
1.434073987786178383e-04
1.453384197932829633e-04
1.457559135038263105e-04
1.468718738125632110e-04
1.491868194905037674e-04
1.518035362397711981e-04
2.929921974006706822e-04
