-6.282710212934663281e-05
-6.117269046419120983e-05
-6.067064750149780641e-05
-5.991305110330436863e-05
-5.947449718554506041e-05
-5.916993511558575668e-05
-5.846541629149949200e-05
-5.820539488806159050e-05
-5.779828569653784983e-05
-5.718424907930941720e-05
-5.690456308309951855e-05
-5.672670418218791458e-05
-5.648728039281000703e-05
-5.611048027917486591e-05
-5.573429405763728821e-05
-5.536581602556672879e-05
-5.534383865111075122e-05
-5.487820081563497327e-05
-5.476080442075998127e-05
-5.400685589095290302e-05
-5.395568361328918690e-05
-5.382758970605133612e-05
-5.318757027415825625e-05
-5.303255188650963983e-05
-5.259220302627806817e-05
-5.242682392406909674e-05
-5.210847161247238521e-05
-5.197555333359349996e-05
-5.190839418471399557e-05
-5.164019637223067822e-05
-5.133656065738988991e-05
-5.099497153060728570e-05
-5.072579328001381420e-05
-5.065052425081224732e-05
-5.042149367779974798e-05
-5.025013058653254909e-05
-4.994804604638853457e-05
-4.982681325982641902e-05
-4.945884787270988717e-05
-4.927672965513293848e-05
-4.912280880572239680e-05
-4.889700606533306000e-05
-4.877601102425658955e-05
-4.856245024858997836e-05
-4.834703658996070586e-05
-4.805418405168261755e-05
-4.790640207254302351e-05
-4.771755256921499105e-05
-4.758751582509660220e-05
-4.723617449770631650e-05
-4.699868266312078161e-05
-4.682362949807079177e-05
-4.663646261006346849e-05
-4.655059083902414279e-05
-4.630803888784415517e-05
-4.612071585723922818e-05
-4.570173877672594696e-05
-4.566074715594355300e-05
-4.554100213834001828e-05
-4.551134249436247943e-05
-4.522402179646569368e-05
-4.510798449306774348e-05
-4.502503038709040325e-05
-4.487828477874169835e-05
-4.471069882815337557e-05
-4.438618090996512757e-05
-4.421785676798408051e-05
-4.410666407081472308e-05
-4.398350826031059750e-05
-4.385385754622680694e-05
-4.370042190795034727e-05
-4.349714894228318992e-05
-4.338065534323828887e-05
-4.314985054981463741e-05
-4.294777777866805692e-05
-4.289658423844230369e-05
-4.281789065595807063e-05
-4.247886647526285256e-05
-4.200870500776769548e-05
-4.197513199124259907e-05
-4.183991087707742242e-05
-4.171920042166242553e-05
-4.169169778194567970e-05
-4.153040437388018938e-05
-4.138061540939620659e-05
-4.115556603339450074e-05
-4.108709864760720816e-05
-4.101161181706603517e-05
-4.085373357555550813e-05
-4.065822276706830378e-05
-4.044271703740547443e-05
-4.033247315237017510e-05
-4.018099312060398104e-05
-4.005403220974240063e-05
-4.000086697709602062e-05
-3.988031090175354470e-05
-3.982913671467328822e-05
-3.955551010760748406e-05
-3.938677456315655258e-05
-3.923539779507616878e-05
-3.907286103633116406e-05
-3.899171323317134183e-05
-3.898080177023151511e-05
-3.875793109491970656e-05
-3.871347839886221876e-05
-3.858984279992881076e-05
-3.837551800715755174e-05
-3.830176307609038444e-05
-3.814853503415843809e-05
-3.801846342479665289e-05
-3.787823831533444535e-05
-3.782990165684324351e-05
-3.768468114221010630e-05
-3.761273807305306517e-05
-3.756334399207661700e-05
-3.745117913817717659e-05
-3.740506144984638305e-05
-3.736732138370064770e-05
-3.708899002168440542e-05
-3.691216248837171773e-05
-3.676473195898510420e-05
-3.671319659324461898e-05
-3.669914555731549081e-05
-3.643534313124475760e-05
-3.634913583732387248e-05
-3.633057188052011166e-05
-3.620613140985115249e-05
-3.611170902209833724e-05
-3.600031520101327413e-05
-3.588707983537756373e-05
-3.576351912107907994e-05
-3.562990064312689136e-05
-3.545828348423479630e-05
-3.537301532497016282e-05
-3.520134383520441898e-05
-3.502300479642008341e-05
-3.496720985646097708e-05
-3.493389739369411002e-05
-3.485244189298932025e-05
-3.477896653967132198e-05
-3.468507542939371942e-05
-3.466585228906130786e-05
-3.460904265092657324e-05
-3.443868719976984465e-05
-3.429617296984196605e-05
-3.424111440911048774e-05
-3.416844897442494847e-05
-3.408328628984588012e-05
-3.398582529397863147e-05
-3.388674257032296049e-05
-3.366270888403279717e-05
-3.353935030708831474e-05
-3.343844897609501136e-05
-3.333698034322996929e-05
-3.328236790104289328e-05
-3.320311130001092897e-05
-3.302134365423521032e-05
-3.294843991426871959e-05
-3.288741407835896836e-05
-3.281684114161303908e-05
-3.268090103770457069e-05
-3.254642861737508879e-05
-3.250800809622755372e-05
-3.241370869860524928e-05
-3.240379926586582084e-05
-3.232008281718686031e-05
-3.228441032694706668e-05
-3.226483342332002983e-05
-3.210678945127943423e-05
-3.192834028500547868e-05
-3.188245195771964618e-05
-3.183229976900948385e-05
-3.163676922343736791e-05
-3.160436888457423789e-05
-3.151359627543641706e-05
-3.135524505590599464e-05
-3.132452949974120642e-05
-3.128588790379414550e-05
-3.118890721950896909e-05
-3.105943892691961970e-05
-3.097678559807133975e-05
-3.089151867366987013e-05
-3.083761921045652637e-05
-3.073200060817298651e-05
-3.068982229238860986e-05
-3.059370001355903051e-05
-3.042374158219393078e-05
-3.037970993543591703e-05
-3.031653517452771263e-05
-3.021358390445630081e-05
-3.015876253912969064e-05
-3.010666427625928324e-05
-3.002098227379494018e-05
-2.992325528097093085e-05
-2.983704014352822032e-05
-2.975043404725368314e-05
-2.969699159964948637e-05
-2.963021947269879285e-05
-2.946194712246316818e-05
-2.944185283825826070e-05
-2.931166474448088357e-05
-2.920374942157863535e-05
-2.914514813656069936e-05
-2.909719057438836859e-05
-2.903116520162351308e-05
-2.892327808062862362e-05
-2.886928619181265387e-05
-2.876487317450957245e-05
-2.870605223698943556e-05
-2.867239894833330504e-05
-2.853690368885567283e-05
-2.841306740443692822e-05
-2.837778391163306500e-05
-2.827487749192435508e-05
-2.816766736469442079e-05
-2.810476095248839291e-05
-2.806972310055645098e-05
-2.803741723759710572e-05
-2.796677891568366434e-05
-2.786441413006666127e-05
-2.774157711600199822e-05
-2.768175723092213924e-05
-2.761655227356699452e-05
-2.757722594395328538e-05
-2.753963804440116251e-05
-2.744713544742793175e-05
-2.734611623272304026e-05
-2.727666425957220054e-05
-2.727128506151351120e-05
-2.712713235209967069e-05
-2.708035066608320185e-05
-2.701240762618123398e-05
-2.684702418938958197e-05
-2.679996813361172929e-05
-2.671401668430477126e-05
-2.664444839587630103e-05
-2.662947915275595015e-05
-2.653160893644079555e-05
-2.647179480346503153e-05
-2.637935729279816411e-05
-2.634194538863836305e-05
-2.624309255487628208e-05
-2.616974737514883887e-05
-2.605496106880930463e-05
-2.595064461963050883e-05
-2.593463260563674797e-05
-2.589676847020163804e-05
-2.576017893873293159e-05
-2.565486604667111656e-05
-2.561712048294734144e-05
-2.558049394110411228e-05
-2.551323030833978323e-05
-2.542089424591144491e-05
-2.535281395891138436e-05
-2.531537988501234349e-05
-2.526125742524782311e-05
-2.513230773439792021e-05
-2.508492489539626525e-05
-2.501278241398298860e-05
-2.495758254648040291e-05
-2.492357389685009484e-05
-2.486491240453654819e-05
-2.479217251311637059e-05
-2.469690166881401681e-05
-2.466120488879879128e-05
-2.455908969299845060e-05
-2.452528573703028893e-05
-2.446216336205927287e-05
-2.439813286271505781e-05
-2.437130776078624744e-05
-2.427826086913240772e-05
-2.422972544600897395e-05
-2.413767086357042419e-05
-2.405709407496262661e-05
-2.401720665115948940e-05
-2.396597613947208758e-05
-2.389661402323843277e-05
-2.387893723795730188e-05
-2.383166687571377883e-05
-2.369301710826798662e-05
-2.367248327797780313e-05
-2.360314762897514984e-05
-2.354339021216802957e-05
-2.336365980908886882e-05
-2.328589666708473377e-05
-2.324866095184557370e-05
-2.322365485180356905e-05
-2.320187672833266034e-05
-2.307190736267841107e-05
-2.300105868384076156e-05
-2.295796835247336247e-05
-2.290144056003317021e-05
-2.282457758168928731e-05
-2.280794936692307821e-05
-2.272380543144050195e-05
-2.269815454024956010e-05
-2.263306243697219973e-05
-2.260171782904684022e-05
-2.257261124191427477e-05
-2.250223155154587725e-05
-2.235630038052865512e-05
-2.231111933723553179e-05
-2.225221786272961973e-05
-2.216119510367735469e-05
-2.210158071183692476e-05
-2.206864125851515303e-05
-2.198151659864326966e-05
-2.191668502094241058e-05
-2.187523099684299810e-05
-2.185730015810013102e-05
-2.178269856297751955e-05
-2.172843035709919274e-05
-2.170466023839820531e-05
-2.164790400983205096e-05
-2.157791634452242759e-05
-2.154433084203375044e-05
-2.148691247683988991e-05
-2.143614241352790657e-05
-2.132920622221974637e-05
-2.124547184787272872e-05
-2.118652432480351162e-05
-2.114252341125433257e-05
-2.103854006977068459e-05
-2.100352427757841807e-05
-2.093961155584295099e-05
-2.089687938299776389e-05
-2.086343548999621355e-05
-2.081174917956396802e-05
-2.077501629231820270e-05
-2.072127338894062983e-05
-2.069108970415718042e-05
-2.065849331920227537e-05
-2.058313624820246767e-05
-2.052275731703870126e-05
-2.044908649073579415e-05
-2.040676746958856641e-05
-2.038418399011848652e-05
-2.028162862903858861e-05
-2.023057310123631589e-05
-2.014094947454752829e-05
-2.007646688705061935e-05
-2.003779165843316571e-05
-2.000689466431337165e-05
-1.996431082556384887e-05
-1.983610128557514979e-05
-1.981773426203775818e-05
-1.976424445862798825e-05
-1.970322386265481749e-05
-1.963575381650061540e-05
-1.960869240987817483e-05
-1.954670244811019980e-05
-1.949129054895297651e-05
-1.945441290702227776e-05
-1.938830892629442518e-05
-1.933674554534646635e-05
-1.922390746188777749e-05
-1.918002407670902994e-05
-1.915141307829754355e-05
-1.907942548591953286e-05
-1.905458290063804353e-05
-1.902836010567062586e-05
-1.898250485217774157e-05
-1.896735473257804534e-05
-1.891362180908165512e-05
-1.886345921033810586e-05
-1.878014054042710120e-05
-1.876514797358529000e-05
-1.869370490138609048e-05
-1.868099966061416198e-05
-1.858622811794100475e-05
-1.855153812402672556e-05
-1.844535346768621221e-05
-1.843157541145871547e-05
-1.838878240788251542e-05
-1.826869347965889577e-05
-1.822699162769933449e-05
-1.820906586869106383e-05
-1.820132458766526905e-05
-1.815919585022084744e-05
-1.815089132865430079e-05
-1.799945960747332784e-05
-1.799701103474692193e-05
-1.795992128250450690e-05
-1.793519374552657699e-05
-1.789592531878656643e-05
-1.781354921573044406e-05
-1.780076595436382421e-05
-1.773532527414083557e-05
-1.769072602862420892e-05
-1.765117643476570375e-05
-1.761781925474201937e-05
-1.754411531451410892e-05
-1.751348772083312089e-05
-1.748926487441919645e-05
-1.734005237221649805e-05
-1.733185465498901607e-05
-1.726030991122084584e-05
-1.722390177668146262e-05
-1.716828365851152428e-05
-1.711638089416743689e-05
-1.710157781684406227e-05
-1.700233495285228326e-05
-1.699311676944436549e-05
-1.692928016169554300e-05
-1.685085715887776723e-05
-1.680096906133616880e-05
-1.673034737929094540e-05
-1.670249399701435625e-05
-1.669019019292897310e-05
-1.663648893754154784e-05
-1.657437641896725559e-05
-1.650373556094980715e-05
-1.645709962483249772e-05
-1.641650039246692693e-05
-1.635729498360632416e-05
-1.633655071632150824e-05
-1.627533345111049307e-05
-1.625305917936307868e-05
-1.614563147272430875e-05
-1.611421742025901749e-05
-1.605556291527733331e-05
-1.604894510565273822e-05
-1.601763956405724472e-05
-1.595172684574894310e-05
-1.592749779998660082e-05
-1.586619292636022086e-05
-1.583698030564205031e-05
-1.577659134818407659e-05
-1.574804991536719783e-05
-1.570578899995721251e-05
-1.562585019042262425e-05
-1.558723775006575724e-05
-1.556405550993012694e-05
-1.549016277548164041e-05
-1.543485870263564458e-05
-1.540039262662439384e-05
-1.536132583920018271e-05
-1.530266628946765371e-05
-1.528798807093195914e-05
-1.525542280855976365e-05
-1.520696312741619220e-05
-1.518405674965506197e-05
-1.510209771267026815e-05
-1.509416093047694539e-05
-1.504399726104307289e-05
-1.497519563836501853e-05
-1.496989308332460084e-05
-1.488839164246372810e-05
-1.486642392147310129e-05
-1.485039651087731224e-05
-1.480207326133299958e-05
-1.466752140372080089e-05
-1.464331520419688406e-05
-1.463264292961281782e-05
-1.460769674043997978e-05
-1.457136623248372469e-05
-1.451392961223704505e-05
-1.448766209045280150e-05
-1.442926984222399505e-05
-1.441159424797169354e-05
-1.436776320205341139e-05
-1.435541750894662221e-05
-1.432869895394201714e-05
-1.426159138653049319e-05
-1.424561466120910889e-05
-1.416465062578983369e-05
-1.414217835573824706e-05
-1.410801580749527766e-05
-1.401169287136728885e-05
-1.398119345141052736e-05
-1.395573276213743713e-05
-1.393182028194944214e-05
-1.386273009420940387e-05
-1.381694537936880765e-05
-1.380418624676166747e-05
-1.375889318093973300e-05
-1.374263899071046553e-05
-1.370380255512265549e-05
-1.365417118834040449e-05
-1.363204511804940708e-05
-1.357128098109547451e-05
-1.351111600828552608e-05
-1.349426132815336466e-05
-1.341282286489163227e-05
-1.339514574145487077e-05
-1.331217755115609863e-05
-1.328814774275195229e-05
-1.326181045116797227e-05
-1.322827388312448194e-05
-1.315860594809110144e-05
-1.314330983128361098e-05
-1.308931940523371520e-05
-1.304752125335528197e-05
-1.303526351003956357e-05
-1.297168648920942492e-05
-1.292376609403865337e-05
-1.290612869887312040e-05
-1.287785916054250349e-05
-1.282821582558799711e-05
-1.279126126901261469e-05
-1.274007747475497108e-05
-1.269225229256690196e-05
-1.261353710098799440e-05
-1.258526524457267150e-05
-1.256714766870982382e-05
-1.248192575152688732e-05
-1.246615671904538020e-05
-1.245342886897870693e-05
-1.242285294951936460e-05
-1.235507957222471074e-05
-1.231750877711556683e-05
-1.228008648148091645e-05
-1.222372772651373856e-05
-1.221578084878266436e-05
-1.217199683862833270e-05
-1.214307131988898700e-05
-1.206674483646041707e-05
-1.202744964979581481e-05
-1.198453938972529720e-05
-1.198215720508045702e-05
-1.196889222035378790e-05
-1.192199929382326545e-05
-1.188934289538482834e-05
-1.184765435128191309e-05
-1.179077413476455928e-05
-1.173957970471747108e-05
-1.171660213200188156e-05
-1.169506024158784186e-05
-1.165189284566164070e-05
-1.164119049166472176e-05
-1.159776794536827068e-05
-1.156365317653219367e-05
-1.154602210870819092e-05
-1.148912128266974021e-05
-1.143208755230467346e-05
-1.139487662040855814e-05
-1.137696276764041601e-05
-1.131993087100540798e-05
-1.126634236440511973e-05
-1.122169165050284667e-05
-1.116604297797950197e-05
-1.112617973116044894e-05
-1.109735917278985183e-05
-1.105849557911842731e-05
-1.105350205549630336e-05
-1.102000547557776626e-05
-1.096270485106856139e-05
-1.093639917280937638e-05
-1.090847713765039362e-05
-1.088832484123341540e-05
-1.084657987055995620e-05
-1.079160268036810413e-05
-1.075294002235796599e-05
-1.074661934061166537e-05
-1.069264713177324271e-05
-1.066892408048769080e-05
-1.064449527276630404e-05
-1.060792088562880503e-05
-1.057555005269228732e-05
-1.052384128827002288e-05
-1.049832077567078615e-05
-1.047258520892692174e-05
-1.039224491212909002e-05
-1.037350467656391504e-05
-1.033462343267957326e-05
-1.031171486618313384e-05
-1.028912383039121035e-05
-1.024989340543096910e-05
-1.023275581808475255e-05
-1.022806666547451638e-05
-1.017119214634914805e-05
-1.011804173227285189e-05
-1.011485934935753107e-05
-1.007058931830314143e-05
-1.001762840592993041e-05
-1.001431463964481595e-05
-9.959626007059258751e-06
-9.892262993660905972e-06
-9.883438916276609862e-06
-9.874537451546350309e-06
-9.863543008646994084e-06
-9.810440413180001359e-06
-9.794189808169247825e-06
-9.739071920255999886e-06
-9.693173003279977645e-06
-9.653010148339129671e-06
-9.607979934355750037e-06
-9.570493146710577225e-06
-9.552956836229763163e-06
-9.534576457595015858e-06
-9.477801228897679510e-06
-9.457891259706825552e-06
-9.406015372554325137e-06
-9.391025285346057521e-06
-9.340841804849015027e-06
-9.317798227925499105e-06
-9.317227126110773125e-06
-9.259553698245335260e-06
-9.210524449779068946e-06
-9.170257707279463381e-06
-9.160880246932742892e-06
-9.113758368048715042e-06
-9.047120149284728738e-06
-9.021046642323841982e-06
-9.018023961653981311e-06
-8.975576685639237242e-06
-8.943683282912682811e-06
-8.918191913231366419e-06
-8.882114523387879581e-06
-8.843130332661826231e-06
-8.831612711659065658e-06
-8.792809044020403434e-06
-8.763821268020355389e-06
-8.751321001919642114e-06
-8.717337767467783102e-06
-8.653722895643768315e-06
-8.629825019407823668e-06
-8.614052875415958906e-06
-8.549277468672206658e-06
-8.541298112461613261e-06
-8.504010421027759624e-06
-8.478954219072566687e-06
-8.418705824958878906e-06
-8.407797617491929133e-06
-8.371595116264288777e-06
-8.331772884927727977e-06
-8.311107308508897999e-06
-8.272216637668958111e-06
-8.244787778069341246e-06
-8.222130827287207414e-06
-8.190000131297494159e-06
-8.164075296214587819e-06
-8.148374771183068227e-06
-8.121271079535591087e-06
-8.072109902601749040e-06
-8.051662845863029303e-06
-8.025593145601117142e-06
-7.990185875817631448e-06
-7.956748562349297925e-06
-7.926482180373655445e-06
-7.911742167065206459e-06
-7.886172526970349568e-06
-7.861061459042360179e-06
-7.818770732047901118e-06
-7.785392860687758533e-06
-7.722366143429614755e-06
-7.714568577039072412e-06
-7.681326631780636770e-06
-7.651624476799235718e-06
-7.625174567151778169e-06
-7.588129013741120298e-06
-7.549057190634571031e-06
-7.508133414355446823e-06
-7.480300510096966351e-06
-7.440247157351060639e-06
-7.410418988785318207e-06
-7.375145097792951929e-06
-7.362610988958707545e-06
-7.301394298275198836e-06
-7.297774220122784951e-06
-7.286044344003889703e-06
-7.261953489447289556e-06
-7.221054300478983598e-06
-7.208886455579472410e-06
-7.177889247148018143e-06
-7.136399625627282737e-06
-7.121305570431758518e-06
-7.091404233270601604e-06
-7.065785760919032635e-06
-7.012536669036933303e-06
-7.004570555629161511e-06
-6.951465366368163083e-06
-6.926296497272272356e-06
-6.896186775098125512e-06
-6.882376175660625591e-06
-6.869985382371864398e-06
-6.835092682731110059e-06
-6.805749727468202101e-06
-6.757227668890832454e-06
-6.740899321632469856e-06
-6.715644548141878808e-06
-6.681465065282327210e-06
-6.659746169908847752e-06
-6.629832273571317902e-06
-6.584394280422837591e-06
-6.563127158522078440e-06
-6.545122415776197189e-06
-6.503550080229713692e-06
-6.493640763746541514e-06
-6.464902410240722304e-06
-6.452515798421889722e-06
-6.399965411428274810e-06
-6.386852486618460694e-06
-6.360430750175817854e-06
-6.300619214880824376e-06
-6.281728585826025012e-06
-6.219745068158068565e-06
-6.192594121401269119e-06
-6.187008195301370500e-06
-6.170517324034101753e-06
-6.122773814301782743e-06
-6.114213296541667194e-06
-6.090301666297748872e-06
-6.049152801391907563e-06
-6.041317186152490870e-06
-6.024212723030064112e-06
-5.998187019455770686e-06
-5.975151030137977018e-06
-5.951613382056515263e-06
-5.925563536150953486e-06
-5.896045506953243754e-06
-5.822755698992795870e-06
-5.814856003373989369e-06
-5.795190521317608382e-06
-5.777755654038829096e-06
-5.753923796030231038e-06
-5.728996627089038683e-06
-5.700928029561568285e-06
-5.649228988727348639e-06
-5.618997721311551848e-06
-5.599635189153399564e-06
-5.577741291111529616e-06
-5.547546895958404440e-06
-5.539946314017157681e-06
-5.502436178907531199e-06
-5.465284931154481525e-06
-5.446434565991581644e-06
-5.419974492357828217e-06
-5.386325758823070434e-06
-5.373032978222452068e-06
-5.366031118735259717e-06
-5.327295543500711076e-06
-5.294578593121538056e-06
-5.289751687072900236e-06
-5.250689631840602856e-06
-5.204582060138236455e-06
-5.197098216730578686e-06
-5.140111934942828577e-06
-5.117575452832240605e-06
-5.114518148592170143e-06
-5.078534699788803178e-06
-5.054037598025278461e-06
-5.047810036882771557e-06
-5.004770273877789540e-06
-4.966688165436827147e-06
-4.954160431470909735e-06
-4.911844831089451573e-06
-4.866584670872047311e-06
-4.846923352039291453e-06
-4.826164267910235719e-06
-4.819959552613452851e-06
-4.805053884746250384e-06
-4.766680560489570887e-06
-4.763207678384903300e-06
-4.728101688549272783e-06
-4.696380913169613425e-06
-4.684768205497529565e-06
-4.646328113415160182e-06
-4.601156125116756789e-06
-4.570960196674974270e-06
-4.530094968337454118e-06
-4.511637053797225480e-06
-4.493273866199318388e-06
-4.457178731925641312e-06
-4.436201922669057736e-06
-4.412044449851331691e-06
-4.394382581748811045e-06
-4.361553881218197149e-06
-4.330194475615108582e-06
-4.322203058855071892e-06
-4.290938968634336810e-06
-4.267828070537964602e-06
-4.237083323240837107e-06
-4.203593942691235764e-06
-4.170600512259412828e-06
-4.157169263389935616e-06
-4.119906856205013764e-06
-4.089208282761482549e-06
-4.076953973179953739e-06
-4.047816184045148411e-06
-4.031319373587876148e-06
-4.010315222080557822e-06
-4.004178893628818745e-06
-3.960837645798247579e-06
-3.955313302449379175e-06
-3.916351083117519896e-06
-3.896693924772643001e-06
-3.879741758334669874e-06
-3.857858355161800834e-06
-3.833774081691617580e-06
-3.818173716737668371e-06
-3.794752997707229453e-06
-3.759299233457926575e-06
-3.743195530523678641e-06
-3.718102995390771013e-06
-3.700727271370966046e-06
-3.666633430523402522e-06
-3.661998492382203584e-06
-3.642939317127988047e-06
-3.617139675931833745e-06
-3.596532050694513022e-06
-3.556699089594101871e-06
-3.540529178386591756e-06
-3.505159332428519673e-06
-3.475129635272903867e-06
-3.457464928983581621e-06
-3.447564810561560682e-06
-3.405020651718077752e-06
-3.401690946167739582e-06
-3.386790332545160140e-06
-3.350049735207803654e-06
-3.319555408102972921e-06
-3.291525852304397306e-06
-3.269725544678545097e-06
-3.210832015713812045e-06
-3.201891343966525832e-06
-3.170680647873054413e-06
-3.140678554444861471e-06
-3.124692438406277884e-06
-3.110701182769940219e-06
-3.079337789224852590e-06
-3.071979471723904582e-06
-3.039498381165021741e-06
-3.027757486602660753e-06
-3.010313755626881703e-06
-2.987551543555453369e-06
-2.978864572825593057e-06
-2.942993795031195449e-06
-2.939549866969163053e-06
-2.920360948219749388e-06
-2.891296285875326104e-06
-2.838634612787010078e-06
-2.823505487836329253e-06
-2.810885811070202875e-06
-2.798485071061650580e-06
-2.753178026861564089e-06
-2.735531024907764991e-06
-2.726884586404977341e-06
-2.695014269827214935e-06
-2.670850441153539362e-06
-2.660674229853821284e-06
-2.641302050739768552e-06
-2.604562277106440567e-06
-2.597924926198105059e-06
-2.554130531120712501e-06
-2.536140641438548867e-06
-2.514013662282131633e-06
-2.496489491542441001e-06
-2.481927058289156308e-06
-2.444536385713992248e-06
-2.430760698772981549e-06
-2.407005396242088032e-06
-2.381640549019492574e-06
-2.369367220595843442e-06
-2.356642800223289588e-06
-2.314971127253488845e-06
-2.301500174441061813e-06
-2.286727537763851243e-06
-2.248170871647103344e-06
-2.233355799549391012e-06
-2.219052523486962102e-06
-2.203812526794997480e-06
-2.185602367369952750e-06
-2.172687244534640278e-06
-2.149157927147026768e-06
-2.132281399660588580e-06
-2.100088105849919174e-06
-2.090068708914827028e-06
-2.069105589927106006e-06
-2.051441037217651106e-06
-2.033829169566355608e-06
-2.014165205759491681e-06
-1.996422435602728553e-06
-1.961238656340618206e-06
-1.935810091829582408e-06
-1.917662626808653491e-06
-1.911170085618961515e-06
-1.878209324628329058e-06
-1.870622231050284108e-06
-1.829243305147529275e-06
-1.813854477502344160e-06
-1.787128041389936041e-06
-1.768216742018079946e-06
-1.759651847577782760e-06
-1.724053251721571986e-06
-1.705357613576900259e-06
-1.688887121013774466e-06
-1.640382608542252506e-06
-1.618163109209855517e-06
-1.615800195527941047e-06
-1.603093223542534379e-06
-1.579812776749208551e-06
-1.565373220321992085e-06
-1.551085746006697729e-06
-1.528335712356870011e-06
-1.503577897982423609e-06
-1.477138377273279291e-06
-1.465942211844349477e-06
-1.428775017161538172e-06
-1.407931685243952218e-06
-1.368279758638049951e-06
-1.345821239045262434e-06
-1.324189313195386622e-06
-1.300357948671124321e-06
-1.275636375701769588e-06
-1.251708237920054109e-06
-1.247844687521164064e-06
-1.228240555990211579e-06
-1.211810151691685267e-06
-1.192534370905338429e-06
-1.166805235168106212e-06
-1.153643668892238742e-06
-1.144270519275601325e-06
-1.104350679552344349e-06
-1.089583312221075325e-06
-1.066003667491100495e-06
-1.056519556925471551e-06
-1.050965427933973284e-06
-1.036620872313799516e-06
-1.005130469327305186e-06
-1.001895824862349616e-06
-9.528536441158878675e-07
-9.369034865479424617e-07
-9.190734569055932849e-07
-9.098162875423391632e-07
-8.918550119348684123e-07
-8.744029979221366196e-07
-8.554760317154591738e-07
-8.423802765259673305e-07
-8.170914964237161022e-07
-7.917329959642540698e-07
-7.537380196288347574e-07
-7.467917780323197298e-07
-7.191379804512543119e-07
-7.062655871981773507e-07
-6.947115255629715328e-07
-6.872966490258293043e-07
-6.732136489812759459e-07
-6.224510365217782425e-07
-6.172995856259239750e-07
-5.912623169084743339e-07
-5.675342555486186112e-07
-5.504153710368437278e-07
-5.347369342978646198e-07
-5.273759460109844420e-07
-5.080198175381533206e-07
-4.611641604552385299e-07
-4.474860226650448097e-07
-4.291843489910133335e-07
-3.962485699842712520e-07
-3.958607081130051270e-07
-3.902115268331701693e-07
-3.742005973482808871e-07
-3.365449458973741925e-07
-3.248348462238153080e-07
-3.044333619373578901e-07
-2.917665695744534232e-07
-2.774592248729556380e-07
-2.515084002098357629e-07
-2.352579294709817733e-07
-2.268964607897920191e-07
-1.922112174832962402e-07
-1.816282670293377861e-07
-1.690538721126057629e-07
-1.582779947194028311e-07
-1.271320291407255004e-07
-1.147452100519093622e-07
-9.288564013437566897e-08
-8.504734073313892153e-08
-6.211319922587099914e-08
-4.125799041786481971e-08
-3.894918911878359679e-08
-1.578627930983151926e-08
8.618454427427003665e-09
2.776100640963631164e-08
3.674237532487658465e-08
6.052858063935269500e-08
8.414676693267054964e-08
9.507880220078755574e-08
1.272509186170502401e-07
1.363954136248310464e-07
1.623295787603425955e-07
1.813715181276463461e-07
1.926592524572919578e-07
2.099735558350472972e-07
2.283828736634113221e-07
2.465824965746477217e-07
2.727024409021953958e-07
2.963324877067534147e-07
3.121891915647418221e-07
3.367483104017364558e-07
3.500908443050259061e-07
3.679761879586761537e-07
3.780000708686074711e-07
3.891905891695391224e-07
4.142345818339758999e-07
4.166280766737910997e-07
4.339523529623601359e-07
4.822063100921005754e-07
5.029129525762023774e-07
5.149581324524994002e-07
5.407116930922171415e-07
5.549572061232315052e-07
5.799991406957028972e-07
5.854302123776878056e-07
6.116903872020684655e-07
6.237046014040688295e-07
6.640796582128205533e-07
6.819169272778670184e-07
7.000637257804765885e-07
7.156801145522590794e-07
7.482345561360623768e-07
7.569429758398619059e-07
7.923244934232130603e-07
8.163525788406781444e-07
8.238704750250151137e-07
8.479004129109353111e-07
8.758136953708970552e-07
8.772969571042745471e-07
8.804766190516457936e-07
9.167451204803251002e-07
9.269877184609411404e-07
9.598279004940911446e-07
9.662630255847661221e-07
1.007374226078338031e-06
1.023816411234624073e-06
1.034127344760988439e-06
1.057602262324914421e-06
1.079496246615021662e-06
1.087710544945957189e-06
1.095341837377884433e-06
1.102900661031505839e-06
1.129070018548056996e-06
1.168548817503344103e-06
1.182814804859476547e-06
1.204739024729958574e-06
1.212371625291372678e-06
1.222706345955099526e-06
1.244002602816679930e-06
1.258846221199768885e-06
1.269119031266444329e-06
1.299977263176547973e-06
1.315070146321552801e-06
1.364047153914735269e-06
1.379717149844939032e-06
1.416295993780439713e-06
1.450116587388472204e-06
1.469924995764190197e-06
1.480626765471043554e-06
1.501324541691595527e-06
1.511047421467607275e-06
1.542842120176947702e-06
1.566543850526377812e-06
1.578934223295399971e-06
1.591318236244792302e-06
1.607740404049828307e-06
1.625764097040980149e-06
1.647030677887192969e-06
1.658598736121557020e-06
1.663389505191399349e-06
1.719222795188411242e-06
1.741657611020735640e-06
1.748191240596503297e-06
1.793789121431483995e-06
1.797894473193186974e-06
1.811436483849418007e-06
1.831571045277125319e-06
1.856207665120252285e-06
1.888349713746805666e-06
1.906689771050271351e-06
1.937260466234297380e-06
1.965578396865827610e-06
1.986280209617836882e-06
2.005940519533204968e-06
2.012637633788893921e-06
2.026278531648128146e-06
2.047494563336688140e-06
2.085557382913870810e-06
2.108995744231339381e-06
2.128352811395109797e-06
2.149147172071995163e-06
2.175313485496722835e-06
2.212489268659606181e-06
2.225508116468922439e-06
2.233086465386782119e-06
2.240685450742121505e-06
2.263226850644342601e-06
2.289441488957293545e-06
2.291733342379990463e-06
2.346289370122864318e-06
2.350672040146024252e-06
2.387865623526117533e-06
2.424632561345494045e-06
2.443764702032492895e-06
2.460315384445342695e-06
2.480059347857153933e-06
2.520109393254329160e-06
2.548083167850941830e-06
2.570228206703483320e-06
2.590307238071006135e-06
2.620475259880223805e-06
2.650033793291300257e-06
2.652489032707556730e-06
2.695563913041323281e-06
2.705720121728489230e-06
2.712218506258238803e-06
2.750385707119066037e-06
2.779108421978230461e-06
2.782960738063407573e-06
2.800474455416597799e-06
2.835291252837701835e-06
2.847517673041674338e-06
2.865274896687392971e-06
2.899538530565772425e-06
2.936230804860645912e-06
2.944088745398028876e-06
2.970929238779938809e-06
2.985121282254816657e-06
3.020141031484239390e-06
3.052894417321082659e-06
3.069244686100892084e-06
3.090759339075459738e-06
3.100632562819895462e-06
3.139493656763314789e-06
3.166508018764222937e-06
3.191203858702550150e-06
3.215159442993746028e-06
3.258307070753486440e-06
3.264346532020942517e-06
3.278291523193688352e-06
3.295517563503003222e-06
3.334029739942616549e-06
3.341152341654262330e-06
3.381089125570589721e-06
3.392763236100040507e-06
3.422644004962304411e-06
3.471600953776352177e-06
3.479497460189903086e-06
3.487181135244091294e-06
3.510304210089772686e-06
3.553792613676274450e-06
3.562217592881053851e-06
3.577864925890589720e-06
3.622163556190902339e-06
3.635272728315221951e-06
3.653210280814255357e-06
3.679492921303638584e-06
3.695580937085661732e-06
3.735633937966357484e-06
3.745565200102566532e-06
3.770178299953270015e-06
3.780524604517929677e-06
3.821146030774530354e-06
3.841192098200458487e-06
3.858905306761221729e-06
3.882969317486879096e-06
3.919114614094454504e-06
3.945757267507289384e-06
3.971904609418858773e-06
3.990748128825230170e-06
4.027456472295456580e-06
4.052789799921545934e-06
4.085067481167443331e-06
4.103513838687617305e-06
4.123892022912574332e-06
4.139039142982387537e-06
4.181074675144454073e-06
4.195915178619319712e-06
4.225534004499767788e-06
4.260005489101216820e-06
4.276971132162342949e-06
4.294450703487859353e-06
4.314457908003977810e-06
4.352317945412252638e-06
4.374431511824136434e-06
4.377472774612041165e-06
4.428945017691959208e-06
4.474319295718506593e-06
4.480963496130719730e-06
4.502669261330896264e-06
4.516899787606690818e-06
4.544228129080643800e-06
4.558950185575326721e-06
4.576913337311719727e-06
4.595394462440107841e-06
4.624659759135139223e-06
4.646630624636785637e-06
4.671169059492792704e-06
4.711310864417484457e-06
4.736512312016951745e-06
4.748567634309587005e-06
4.783646333926075173e-06
4.818044820670608508e-06
4.852290025551701179e-06
4.868556353686774128e-06
4.897441874353702292e-06
4.932069752423618262e-06
4.941360912184751766e-06
4.967727914176681046e-06
4.983001355131822385e-06
5.004817515475138086e-06
5.013317018594425313e-06
5.029872751010629259e-06
5.064768471905573791e-06
5.085878333355889309e-06
5.120677711181974110e-06
5.174845773336043287e-06
5.191100365859144350e-06
5.209218772329400890e-06
5.218500153592249793e-06
5.245320816126274517e-06
5.283015764238589780e-06
5.311643329597332764e-06
5.319672715086097819e-06
5.339975355831039458e-06
5.383579685125465384e-06
5.429817931526114204e-06
5.449494675234521758e-06
5.493038102817917999e-06
5.532043181854358487e-06
5.554840220659529869e-06
5.566817407145388062e-06
5.620206948894400087e-06
5.632467520256293311e-06
5.663676136827892883e-06
5.701188478889839098e-06
5.718184227561268815e-06
5.751711163162860158e-06
5.766975243006235106e-06
5.776506324700419327e-06
5.835176790625936522e-06
5.868860029752975442e-06
5.886397310256852436e-06
5.927427441663420034e-06
5.948305619587987006e-06
5.984697451913374923e-06
5.995983477197869385e-06
6.045493886163780623e-06
6.061873429076947439e-06
6.095285178559529768e-06
6.105429214870287720e-06
6.127793477522635384e-06
6.176264353043846898e-06
6.186897510577212798e-06
6.235357380841791113e-06
6.269795361047198470e-06
6.280452402158675712e-06
6.305695489537073607e-06
6.340208106994796421e-06
6.344759802033311570e-06
6.355135732798170963e-06
6.405834450973391592e-06
6.420357344510954659e-06
6.483727340304739515e-06
6.532133280890824677e-06
6.547242815445910922e-06
6.566309604782000119e-06
6.581859333618978861e-06
6.619889881682170649e-06
6.633360111627009919e-06
6.684781937156524859e-06
6.704586855720714505e-06
6.718613136476652267e-06
6.734870199328327430e-06
6.776356549150592154e-06
6.828443066344649947e-06
6.843269198996334841e-06
6.872969633357420322e-06
6.907049556077010419e-06
6.934453081984263937e-06
6.987382676065473586e-06
7.003839396777798956e-06
7.021744446054097152e-06
7.071038069946785970e-06
7.121163102714148603e-06
7.137721758538080026e-06
7.152726797960097281e-06
7.173189209934866367e-06
7.207474413455227123e-06
7.215910271427843446e-06
7.265163837656662633e-06
7.284784731675343495e-06
7.315855943246957193e-06
7.340223719945585870e-06
7.353136859874062549e-06
7.389264679810458078e-06
7.395963569742402657e-06
7.468174223749057609e-06
7.490976657039240777e-06
7.496545095830808804e-06
7.530770996036771601e-06
7.547790081255388785e-06
7.607723974790482442e-06
7.622116200657721661e-06
7.665037530786464022e-06
7.690824221337686414e-06
7.715867315497975136e-06
7.741975061131670222e-06
7.811478985516812900e-06
7.835244441533390752e-06
7.852939146536473545e-06
7.879736206283170278e-06
7.880739272497460694e-06
7.929334045667871272e-06
7.935022945429054330e-06
7.962071191530045020e-06
7.987995645698323381e-06
8.037159180272984791e-06
8.055102545207624279e-06
8.085083347031238302e-06
8.128957246630119386e-06
8.162601995396580117e-06
8.210150650849696121e-06
8.220697010125752919e-06
8.237225976358620075e-06
8.296082333957956401e-06
8.319788892981909702e-06
8.349528297934018895e-06
8.376196013519625271e-06
8.420809028778195477e-06
8.445598186758264807e-06
8.488312740029183413e-06
8.498753601930522005e-06
8.506020100924537337e-06
8.544973578821746479e-06
8.610415324463250653e-06
8.635183397108715564e-06
8.658642295082951838e-06
8.718639773536809685e-06
8.750430723096770829e-06
8.760207005492680419e-06
8.806970115557183178e-06
8.829293247359002280e-06
8.851504141583773800e-06
8.872134555414552565e-06
8.953235659513330728e-06
8.981445370163414823e-06
9.017058870408858266e-06
9.050300379483752568e-06
9.071816922293434539e-06
9.087285942655161611e-06
9.124489630572141450e-06
9.166172447702510608e-06
9.184416574218676679e-06
9.212953221236414689e-06
9.223936692823392694e-06
9.285804979541845762e-06
9.322047592620369172e-06
9.339738934654845100e-06
9.361391404334743618e-06
9.394274430178695777e-06
9.471399390763037110e-06
9.497628680029619242e-06
9.504804382789510143e-06
9.563183623838702134e-06
9.571863500496631452e-06
9.607669115591790815e-06
9.625961790568959150e-06
9.660463073345123858e-06
9.704188050971325548e-06
9.805124198645192034e-06
9.810384387334439448e-06
9.837287987282757778e-06
9.874484166447919937e-06
9.910114118667998095e-06
9.946532964569967743e-06
9.950762481221937285e-06
9.999508550064190306e-06
1.000284527423563428e-05
1.005847241577973440e-05
1.012506077818495692e-05
1.014134522597821955e-05
1.020892689684122478e-05
1.024030621166802164e-05
1.025105575150808434e-05
1.027291119570517483e-05
1.028885946209376950e-05
1.032557649914663354e-05
1.036107350230374560e-05
1.041384798574133852e-05
1.045142856724549257e-05
1.049587034206818271e-05
1.051584333978440837e-05
1.057584407093415581e-05
1.061152181705173742e-05
1.064503993993897062e-05
1.069116357391187683e-05
1.073601285674366639e-05
1.075434150899801732e-05
1.077463588583474481e-05
1.080022328936001234e-05
1.082576709015598156e-05
1.088985477986871962e-05
1.091501570276468705e-05
1.095535256728522792e-05
1.097311000116019869e-05
1.103382198526504143e-05
1.108703097486436729e-05
1.110426715615203776e-05
1.111474500433916031e-05
1.112944101313270309e-05
1.117977068511629800e-05
1.123569700532331914e-05
1.126951871016194905e-05
1.129572740380000282e-05
1.133531609222272144e-05
1.135949382598596010e-05
1.139297497592699580e-05
1.143577860662559774e-05
1.145612183392273334e-05
1.150020551961068347e-05
1.151568955900238064e-05
1.158699606545501657e-05
1.161701828446873930e-05
1.162899555025840108e-05
1.166522985347719667e-05
1.167966561707196589e-05
1.173872618458946299e-05
1.179635935457886653e-05
1.181615891512779841e-05
1.185690886378996622e-05
1.191830573614759416e-05
1.193941847628583051e-05
1.198389151890863224e-05
1.198654265911897359e-05
1.203598442788511638e-05
1.208443194338248812e-05
1.209016341664954907e-05
1.212043837986309483e-05
1.219376927652750414e-05
1.220478745317667893e-05
1.226661315169261753e-05
1.229349499408970880e-05
1.231387965154332499e-05
1.235228367016755216e-05
1.240890094738749560e-05
1.244461878196704955e-05
1.249073400020684734e-05
1.250104047669348039e-05
1.258363145967806933e-05
1.263334409189334594e-05
1.269789829475178575e-05
1.270195353860454554e-05
1.274314718936880999e-05
1.275407444775653484e-05
1.278259378322254120e-05
1.286134475663544850e-05
1.287081446959958789e-05
1.297179078702227843e-05
1.298327422747916364e-05
1.302045490899884286e-05
1.306921186762353411e-05
1.311552085286099955e-05
1.315594873930403950e-05
1.317847047947215339e-05
1.321292904073961778e-05
1.323949006534460763e-05
1.328057929295311303e-05
1.330379760707014100e-05
1.335708849985199093e-05
1.339666650090576793e-05
1.347451486999829012e-05
1.350796453697205097e-05
1.352853552879209806e-05
1.357246122205790424e-05
1.360303134526976022e-05
1.364817767474960483e-05
1.372059608903412280e-05
1.374556971687656136e-05
1.379394758701005525e-05
1.382817225522576631e-05
1.383900845090691979e-05
1.388955637410961062e-05
1.395268208575433236e-05
1.396880122340715590e-05
1.402736257690179228e-05
1.406598858060540596e-05
1.409076828940983806e-05
1.415903865140503846e-05
1.423155850089966001e-05
1.428590331305974837e-05
1.434430401851412782e-05
1.435551634781426647e-05
1.440664902072845913e-05
1.441842977391917580e-05
1.446225218201534821e-05
1.450025243074005472e-05
1.452190559576901179e-05
1.459218294995909171e-05
1.469699223332114762e-05
1.471440775857755415e-05
1.471987061490486137e-05
1.475196795063431963e-05
1.478545853786705764e-05
1.485635327092947368e-05
1.486711582972234637e-05
1.495496385414126172e-05
1.501206180885136993e-05
1.503247632729308850e-05
1.508464893369880632e-05
1.511171332419150667e-05
1.519196172794300618e-05
1.521875613368612622e-05
1.522789477693798823e-05
1.531657184487076931e-05
1.533685158625292742e-05
1.535789951933008409e-05
1.541331602738469451e-05
1.544776928757443467e-05
1.551479421947667836e-05
1.559493754329950566e-05
1.562981743786239674e-05
1.566941395081115120e-05
1.570478683704758501e-05
1.576491561019039534e-05
1.579493229851659038e-05
1.582489777503664431e-05
1.585025165040088825e-05
1.590043738310917580e-05
1.596726252294137187e-05
1.600171144511451245e-05
1.607704591298562456e-05
1.611170064738196925e-05
1.613703453789659545e-05
1.615233113377631383e-05
1.624788853914676872e-05
1.630808764392119401e-05
1.633040127781022665e-05
1.635312230434938477e-05
1.639435677514343117e-05
1.642509968142218715e-05
1.651501180688245767e-05
1.652962853594293821e-05
1.658220266470339708e-05
1.659199206840132352e-05
1.669595659196444239e-05
1.674720789318413742e-05
1.677785510315879855e-05
1.683034606357452842e-05
1.690354045289363397e-05
1.692210820403186014e-05
1.700583598822037466e-05
1.709575234047446316e-05
1.711734672975815462e-05
1.715001642724425264e-05
1.719080075049648178e-05
1.722933629617865947e-05
1.732651425174764397e-05
1.738432027045988022e-05
1.745005053878535958e-05
1.747111609952337272e-05
1.750726196290960661e-05
1.753765610202954285e-05
1.763657668961274901e-05
1.764822931022488268e-05
1.772306662106099963e-05
1.773275623275824051e-05
1.779048813906706090e-05
1.783773441973962826e-05
1.787605817420150230e-05
1.789161998672270568e-05
1.798891988188419425e-05
1.801831930357738611e-05
1.804650535172383917e-05
1.817373693970955655e-05
1.820751132927361755e-05
1.825431757110301887e-05
1.828898840297502450e-05
1.831264716405331416e-05
1.833719852918268766e-05
1.837264063432376721e-05
1.843061857924366251e-05
1.848836138203575641e-05
1.855045905859328646e-05
1.859879520661860880e-05
1.864055319151139531e-05
1.865228779252574222e-05
1.875253508443221998e-05
1.879181163396603977e-05
1.880685743982445673e-05
1.884872242897393552e-05
1.894127114066779670e-05
1.903018557077445439e-05
1.907796334289324657e-05
1.909896554039340567e-05
1.911354106096972092e-05
1.919741625225398820e-05
1.922859526412889193e-05
1.927258168647083574e-05
1.932619356467091837e-05
1.936737073349648316e-05
1.942091552786182209e-05
1.952254573590097227e-05
1.953359559288172969e-05
1.959177344621385698e-05
1.963658981082164933e-05
1.969937082976960034e-05
1.977863520411199220e-05
1.978852704964795787e-05
1.992887207197471206e-05
1.998248131493526443e-05
2.003460055862980893e-05
2.009277828887989035e-05
2.012752203246293090e-05
2.016736059481764537e-05
2.027448002611526487e-05
2.031803932973295958e-05
2.037788704444125522e-05
2.043086303294522785e-05
2.046694767192903537e-05
2.052007769918583728e-05
2.055664865897901587e-05
2.063496328499781838e-05
2.067756066439372512e-05
2.074910766142100825e-05
2.078519604369744164e-05
2.085333789504478753e-05
2.087440013597269595e-05
2.095898538281032943e-05
2.097204110572074081e-05
2.104174205390749462e-05
2.107066954925924300e-05
2.116162630589238139e-05
2.120297412446730962e-05
2.135053809093100173e-05
2.135811821954202976e-05
2.140537827563655557e-05
2.148226510540634550e-05
2.149951877277621047e-05
2.159103623264110798e-05
2.163214309517863936e-05
2.166103303616980278e-05
2.175515477864891676e-05
2.181297908877419801e-05
2.194441919567557630e-05
2.203940040811728024e-05
2.205076429194632471e-05
2.211216678388013427e-05
2.216662476793675093e-05
2.220482675711159994e-05
2.225749176660372688e-05
2.232810735398812622e-05
2.237398885616818074e-05
2.238164646611077066e-05
2.247626963713978768e-05
2.259962480711440058e-05
2.268071806540396796e-05
2.274229932588946328e-05
2.276599286632042957e-05
2.286458997452198136e-05
2.288163868492831566e-05
2.293897447562638842e-05
2.299202416147033297e-05
2.309522457430055690e-05
2.310847940029092166e-05
2.315496786148558324e-05
2.327536373315360223e-05
2.334720124257761369e-05
2.340201582134810793e-05
2.342164607975525555e-05
2.344775510278614670e-05
2.358511870428359406e-05
2.366913722944207364e-05
2.374843476841554445e-05
2.385890256837491495e-05
2.389163903523457510e-05
2.392384420769666631e-05
2.402041963108128062e-05
2.407739306411826814e-05
2.415505080155352748e-05
2.425013703251724723e-05
2.428073279338955823e-05
2.431823681399218303e-05
2.439444815153413943e-05
2.440354333977615915e-05
2.448337350220566118e-05
2.456814376485619300e-05
2.465677239102032656e-05
2.471066295428034216e-05
2.475348483366131142e-05
2.480508355585522170e-05
2.483954559946295842e-05
2.497318791095690880e-05
2.505273774345702603e-05
2.507811250278110785e-05
2.513692944998446006e-05
2.520315580301975305e-05
2.521470365628974275e-05
2.532473567331714956e-05
2.535235445060638864e-05
2.547639867206217813e-05
2.553135088240795431e-05
2.564993441994646643e-05
2.566690139865933896e-05
2.572744391310129148e-05
2.581987878875000240e-05
2.589309309792676178e-05
2.593481030695744387e-05
2.599299036858372661e-05
2.606808215440291470e-05
2.611210270737320189e-05
2.615659491138674960e-05
2.623368010230124568e-05
2.640492755540649569e-05
2.643260728801677989e-05
2.647605047149882202e-05
2.655989202668032934e-05
2.659955145545920199e-05
2.677207615583156007e-05
2.681832526915342522e-05
2.685703974034350347e-05
2.693573263420174450e-05
2.701673101195657122e-05
2.707478503418575102e-05
2.713995471179513007e-05
2.720666559753909025e-05
2.729129189493115215e-05
2.733705556149690046e-05
2.742584174308921753e-05
2.746170276170810363e-05
2.752590063787808670e-05
2.761677136204219039e-05
2.778576831194722841e-05
2.782375368773711997e-05
2.791357710637006238e-05
2.797908327805361637e-05
2.806922897973363376e-05
2.813073324333946907e-05
2.822089524388649376e-05
2.825753788006246133e-05
2.844874408862438429e-05
2.845762416957677774e-05
2.855450006344677501e-05
2.864793036338705414e-05
2.867041347274574870e-05
2.877715877471505771e-05
2.882676753556848653e-05
2.887922704334818172e-05
2.892341469655306156e-05
2.895680235706472885e-05
2.911554833125069321e-05
2.918095003387905515e-05
2.932617459661278881e-05
2.940230528628831860e-05
2.951435442870987050e-05
2.956153078256748228e-05
2.958617241403813580e-05
2.966468129804632895e-05
2.979076253572553583e-05
2.983015139851177684e-05
2.996633612436957645e-05
3.002672687081427762e-05
3.010377101103557418e-05
3.026484322008898503e-05
3.029994694211079998e-05
3.034117361100199838e-05
3.055937757333467529e-05
3.061534721848385460e-05
3.075618228661797818e-05
3.077027247304270271e-05
3.090901966994756062e-05
3.095013948823544257e-05
3.106844266559573585e-05
3.112750087950908801e-05
3.120677537239267428e-05
3.129714410622337558e-05
3.138693334893777006e-05
3.145235446897960989e-05
3.147043631836295879e-05
3.162169397880499212e-05
3.174890500554724307e-05
3.176171627151604018e-05
3.185319836967329604e-05
3.203654975721113206e-05
3.208643840585229497e-05
3.212492218875025532e-05
3.224012795885812554e-05
3.228058122672229890e-05
3.247293891382306997e-05
3.253575643072876341e-05
3.266978403521050882e-05
3.276827115278052192e-05
3.286027911735950178e-05
3.288720283224787666e-05
3.295819377038979427e-05
3.313489265181003188e-05
3.320900257870412986e-05
3.332060400430755391e-05
3.342526927940956755e-05
3.347302055190618132e-05
3.368208987662887866e-05
3.379620761757334737e-05
3.392420981843623489e-05
3.399119561441311607e-05
3.408039948290365146e-05
3.423744508614161254e-05
3.426079701656400115e-05
3.432417830415524591e-05
3.448126044010060821e-05
3.455443952084621311e-05
3.465217252612709189e-05
3.476279518076130830e-05
3.485667750771155360e-05
3.489455571342842778e-05
3.504414001641722803e-05
3.511434484216842069e-05
3.515242904150423333e-05
3.528249353310178868e-05
3.537043158451707507e-05
3.547168431130145810e-05
3.562946479002951014e-05
3.577029218816926047e-05
3.585131546727542335e-05
3.589175774000393404e-05
3.615630023959915074e-05
3.624541380082540857e-05
3.630854627623027046e-05
3.643433161843350935e-05
3.659302926314334095e-05
3.667821721676619082e-05
3.685658517108635854e-05
3.691604443173444552e-05
3.704674715338115380e-05
3.715928746631786794e-05
3.729510855331388136e-05
3.735818176668571824e-05
3.754237763142464617e-05
3.760661327789013321e-05
3.770680118894969169e-05
3.774490891701446407e-05
3.790602124176369801e-05
3.809711737239978831e-05
3.825717798753010637e-05
3.832155316081351534e-05
3.841533723860623951e-05
3.845723783580117135e-05
3.849925768990475247e-05
3.875216479251787925e-05
3.881907682723478886e-05
3.903475076766044178e-05
3.917904774222133501e-05
3.929654776626454154e-05
3.931852473178349506e-05
3.941820627215211070e-05
3.953279066029764393e-05
3.981826557161833674e-05
3.996751696021314768e-05
4.003850693239962736e-05
4.029427711535223512e-05
4.037212342283380117e-05
4.052080988219450259e-05
4.064173459168968878e-05
4.071171687002468316e-05
4.081251815394193477e-05
4.093219416955014235e-05
4.105809613646516120e-05
4.123776225918035504e-05
4.136363556277060166e-05
4.167360940724068629e-05
4.173590450623960752e-05
4.175296606404770364e-05
4.205937999496329592e-05
4.220720105979032858e-05
4.222504914915249056e-05
4.235955550364357836e-05
4.268198609331512342e-05
4.282245860256383334e-05
4.303077611967171749e-05
4.323461774205547938e-05
4.332032524957236356e-05
4.338573448332239363e-05
4.366295468933841726e-05
4.382443509076769400e-05
4.392613116527579027e-05
4.411154856938585118e-05
4.433112477003693961e-05
4.450029720607435091e-05
4.467027730020379963e-05
4.481541417615999282e-05
4.493742629135760800e-05
4.500124625194294812e-05
4.509698584416942465e-05
4.532063270867267194e-05
4.550458858721959571e-05
4.563155047016597484e-05
4.570080159444118057e-05
4.597116806021918096e-05
4.620539243915762945e-05
4.648287686841956977e-05
4.661328385258629506e-05
4.689217175047488982e-05
4.708088380678814049e-05
4.731784304858742987e-05
4.764632505853996476e-05
4.777268949093283634e-05
4.790046889402047270e-05
4.819208225230902406e-05
4.824475895226145735e-05
4.848595864487386520e-05
4.875219560946833063e-05
4.882785260625967396e-05
4.901166147616946159e-05
4.927877357720781621e-05
4.941971779135726530e-05
4.952514383668558143e-05
4.984930497861146697e-05
5.004397159821036940e-05
5.043056898034797484e-05
5.054195074392668418e-05
5.073550231326765572e-05
5.094893181399212407e-05
5.124003411525588530e-05
5.131419192236253438e-05
5.159348882555667804e-05
5.174383464397839123e-05
5.229256223416062937e-05
5.246641295766924916e-05
5.287126804593415179e-05
5.309879632744673837e-05
5.318863283821776881e-05
5.334721689837387088e-05
5.356246750855967652e-05
5.363277324554011169e-05
5.397786072790357819e-05
5.423290808188686510e-05
5.454792051040283112e-05
5.482279858436144465e-05
5.514167149550007951e-05
5.566303104805857960e-05
5.589983215088945029e-05
5.658635981188209506e-05
5.672749578274310749e-05
5.725679167272909701e-05
5.734450090480827135e-05
5.751842775013040816e-05
5.797597484987713899e-05
5.835620650489875392e-05
5.904640877811865793e-05
5.935043695155225112e-05
6.058053449804348076e-05
6.074208290449990415e-05
6.217842740432577130e-05
6.239979407702132461e-05
7.290526590512023638e-05
