-1.460632031607024680e-04
-1.450625963702181569e-04
-1.432639668998526915e-04
-1.422902361345489749e-04
-1.411982233164611473e-04
-1.403276552162685163e-04
-1.393807907518779417e-04
-1.382562203127638673e-04
-1.380144978804424371e-04
-1.364856105942403354e-04
-1.360163596550494828e-04
-1.357690887807306722e-04
-1.350642154709870337e-04
-1.334379576989295222e-04
-1.332516073290046618e-04
-1.326549195154966298e-04
-1.321900583345961256e-04
-1.310925509465418043e-04
-1.304502927622914327e-04
-1.295001199336641049e-04
-1.294303619204700872e-04
-1.289467177644032330e-04
-1.286953591519447704e-04
-1.277257866896456108e-04
-1.272019907433665149e-04
-1.268627331226297077e-04
-1.262172395171042038e-04
-1.255587397169497551e-04
-1.242776283682608290e-04
-1.239879268275284792e-04
-1.234923860668061038e-04
-1.229342290310577899e-04
-1.220837760626935359e-04
-1.218517258104715893e-04
-1.212994606042449089e-04
-1.210534741372165706e-04
-1.206501290389970222e-04
-1.199766113131904213e-04
-1.198961170505845217e-04
-1.195462246101561954e-04
-1.188561233937948853e-04
-1.187574534016871817e-04
-1.180226597194793657e-04
-1.178531641352381409e-04
-1.174579786766206577e-04
-1.173590977822638794e-04
-1.168513721233691163e-04
-1.162758552650298256e-04
-1.157880900909881872e-04
-1.156910431918265674e-04
-1.147012632590921908e-04
-1.142855677975972232e-04
-1.138274289993501697e-04
-1.133861649039421063e-04
-1.128746982273077896e-04
-1.125968532964297347e-04
-1.123108254415049705e-04
-1.118711264800666952e-04
-1.116172884652806731e-04
-1.109427177891941129e-04
-1.107882690100558189e-04
-1.104020977746065309e-04
-1.101103300141357167e-04
-1.095028912410664986e-04
-1.093674298693486657e-04
-1.085475706523831923e-04
-1.084165095556010829e-04
-1.079253805862753388e-04
-1.076040864538378310e-04
-1.072727785258161464e-04
-1.072066387969829648e-04
-1.070046555777635509e-04
-1.067112506578668876e-04
-1.062046360055100727e-04
-1.061038713659304573e-04
-1.059028874696122063e-04
-1.054421307269800065e-04
-1.051833412610389307e-04
-1.050448662688290415e-04
-1.046243800482329488e-04
-1.040498992952463902e-04
-1.037674562599271084e-04
-1.035862315872148936e-04
-1.035194907985451253e-04
-1.030697015263220715e-04
-1.027575420181384396e-04
-1.025863098754888043e-04
-1.020453156811675972e-04
-1.019753941553225421e-04
-1.017661130775474759e-04
-1.014728114975297301e-04
-1.011565736846712114e-04
-1.010721888522436143e-04
-1.008941463714692121e-04
-1.007780330072753286e-04
-1.005006664061379717e-04
-1.002377950026777395e-04
-9.977543350710240701e-05
-9.960534413126092852e-05
-9.938249311582824557e-05
-9.930450952807245437e-05
-9.878502918902490554e-05
-9.872403878590463539e-05
-9.851568313750088735e-05
-9.832060041380353513e-05
-9.775359695291194477e-05
-9.730236018317808063e-05
-9.712221926731151123e-05
-9.709601626567987702e-05
-9.693623686569324621e-05
-9.669876739755057658e-05
-9.639783488598832476e-05
-9.630732547233708139e-05
-9.630289043397233825e-05
-9.590944735591008037e-05
-9.543512248609751472e-05
-9.526557235622086625e-05
-9.512353907154569321e-05
-9.478650425641794953e-05
-9.460878466206022069e-05
-9.444496693161018471e-05
-9.411288553559311908e-05
-9.388394736780685174e-05
-9.367989038343913345e-05
-9.347294059690372514e-05
-9.342981295808481862e-05
-9.331171415915012638e-05
-9.300606287325377357e-05
-9.289374937305214328e-05
-9.272524452451155080e-05
-9.255856392623088415e-05
-9.234119701934569169e-05
-9.208992263654580961e-05
-9.191594722911522995e-05
-9.178223886409415000e-05
-9.156624191511222063e-05
-9.128523197121914752e-05
-9.117343276396989906e-05
-9.101684504353239316e-05
-9.086221660496893138e-05
-9.070818219793555775e-05
-9.046505957797838315e-05
-9.040883389384280454e-05
-9.003546087110305481e-05
-8.992777800023171058e-05
-8.957914092260377704e-05
-8.938566984283062935e-05
-8.930336151867920510e-05
-8.917901390189187977e-05
-8.883564539424658956e-05
-8.859792680378654039e-05
-8.840529834138344950e-05
-8.826127057260879324e-05
-8.799552889626048753e-05
-8.787161400008071789e-05
-8.783928528631971134e-05
-8.744009640321175113e-05
-8.737723595962273158e-05
-8.730044566099016143e-05
-8.707491552872527365e-05
-8.679218810330179305e-05
-8.659390569981232396e-05
-8.642263997285707755e-05
-8.633864922207925305e-05
-8.620546962520755625e-05
-8.603808929790647693e-05
-8.598272322285582076e-05
-8.571818092036370045e-05
-8.554580823635532006e-05
-8.542539460696921456e-05
-8.527256280918748480e-05
-8.514637982035392109e-05
-8.501775336944433228e-05
-8.490260225343376353e-05
-8.469116712134026447e-05
-8.443694302613568496e-05
-8.429488783584084617e-05
-8.424003730098014167e-05
-8.407492726878077014e-05
-8.373449008490091970e-05
-8.327056259169662508e-05
-8.320371505844032531e-05
-8.312047109791397849e-05
-8.299135732236671489e-05
-8.279956084459966193e-05
-8.263804918512094590e-05
-8.255699745226486772e-05
-8.250791863102796423e-05
-8.247745971995896271e-05
-8.211002931019694079e-05
-8.198292903710549463e-05
-8.185238344171479627e-05
-8.175632915075181487e-05
-8.155000329103248916e-05
-8.141944679489968983e-05
-8.129645323498318370e-05
-8.112912215472661641e-05
-8.086907091461234532e-05
-8.079113178491733563e-05
-8.066995735610630605e-05
-8.053593187105707234e-05
-8.042141228794646686e-05
-8.034946578495495760e-05
-8.029162337339422570e-05
-8.008375135856360860e-05
-8.003073823632717617e-05
-7.970997916082139898e-05
-7.963683633190259765e-05
-7.943381432320730494e-05
-7.916378753041293992e-05
-7.904613661450898669e-05
-7.888974746902605614e-05
-7.880117667531597178e-05
-7.867992738753934467e-05
-7.859454080098105054e-05
-7.835958691908974469e-05
-7.825867128595659914e-05
-7.820740863546828245e-05
-7.800343660738775435e-05
-7.794882448376653074e-05
-7.786118013754467042e-05
-7.783360107398688702e-05
-7.769575406475298868e-05
-7.734730603981256817e-05
-7.724454762231897293e-05
-7.713577029404184869e-05
-7.698899661476620645e-05
-7.695488626531593265e-05
-7.676599708322781926e-05
-7.657896311142842964e-05
-7.634995123087222487e-05
-7.622525938622091296e-05
-7.606197967026861670e-05
-7.594986368478749434e-05
-7.583126268054148902e-05
-7.578199571876941128e-05
-7.561825514703440722e-05
-7.554978511359345934e-05
-7.550284243459773109e-05
-7.541930777689072882e-05
-7.530517926002671541e-05
-7.505269154867701901e-05
-7.488909753447228681e-05
-7.480522301889621023e-05
-7.474479523202905932e-05
-7.467971266253650860e-05
-7.454714263557138008e-05
-7.446561635587984024e-05
-7.418583794901956131e-05
-7.406351821652100399e-05
-7.394402889441982474e-05
-7.369740736509035946e-05
-7.348916989719054150e-05
-7.335381909131703055e-05
-7.331081866201796522e-05
-7.308018840103160379e-05
-7.297621800485787314e-05
-7.293711833088810750e-05
-7.283822679528201359e-05
-7.279846188256159278e-05
-7.262754476420730349e-05
-7.246004516347481490e-05
-7.233015168019696058e-05
-7.210747714369126289e-05
-7.197111436018923888e-05
-7.192967621112883491e-05
-7.182000653293162584e-05
-7.164714363717433916e-05
-7.160931787675472906e-05
-7.140609249456821158e-05
-7.129078971642589639e-05
-7.120907949522277099e-05
-7.111714831935002379e-05
-7.088491590544817190e-05
-7.087405549679148787e-05
-7.075259893104699979e-05
-7.066938653757278007e-05
-7.044996363550513408e-05
-7.021443578226245084e-05
-7.020453541775617274e-05
-7.010109710433737329e-05
-7.001683472764619093e-05
-6.994227183409551865e-05
-6.982386545659804164e-05
-6.975605862592593285e-05
-6.957609037740755632e-05
-6.953148056101950809e-05
-6.938813162853328914e-05
-6.920711185592887376e-05
-6.911190692907689178e-05
-6.892497087261866115e-05
-6.887754207555521761e-05
-6.873423389682964857e-05
-6.862666021923531038e-05
-6.851015443820794256e-05
-6.840372220550875034e-05
-6.823965470012754823e-05
-6.815777913375606616e-05
-6.800354611841201392e-05
-6.789931008065144445e-05
-6.772748076613208871e-05
-6.766091538988129909e-05
-6.762877260054661924e-05
-6.745646423406808365e-05
-6.738084185823532647e-05
-6.737332534467968428e-05
-6.717837780376394034e-05
-6.706417827480584052e-05
-6.696668538058495024e-05
-6.692131128603433492e-05
-6.678947216672321435e-05
-6.674261366880029737e-05
-6.668895495815168153e-05
-6.657142811519055250e-05
-6.636190501251615120e-05
-6.621431163297388845e-05
-6.608264880963893068e-05
-6.604522057263484576e-05
-6.599799268927718633e-05
-6.588551139813133130e-05
-6.578190441413947205e-05
-6.569646209988177241e-05
-6.565351821408727255e-05
-6.545036460354411174e-05
-6.535252438851479591e-05
-6.519817515763663999e-05
-6.514179640907268758e-05
-6.509793720562186950e-05
-6.498439223202664311e-05
-6.492633953511474029e-05
-6.481344156430872210e-05
-6.475521638765560932e-05
-6.469014043213054319e-05
-6.446179185941926801e-05
-6.437841622867259425e-05
-6.415005249005796876e-05
-6.410661007153056474e-05
-6.405210359206872303e-05
-6.393066495267768403e-05
-6.390103472621431904e-05
-6.374445489562209795e-05
-6.365473795558113438e-05
-6.351521937132812757e-05
-6.343749124132766818e-05
-6.337073737896796921e-05
-6.323755783484032286e-05
-6.312766913394548456e-05
-6.300080330815701333e-05
-6.288661803830091000e-05
-6.282232646773709683e-05
-6.277587329600501731e-05
-6.272063461986708305e-05
-6.255055538711822851e-05
-6.251357319344954860e-05
-6.232409561390138051e-05
-6.224041638754868153e-05
-6.212244735278805898e-05
-6.208047360706933572e-05
-6.195184036752188488e-05
-6.187544867054938923e-05
-6.181421806245881133e-05
-6.172386259552654734e-05
-6.165731532224670293e-05
-6.156155627107720422e-05
-6.142987867627205305e-05
-6.127534538879579596e-05
-6.119115009465547219e-05
-6.110199724536889438e-05
-6.098288588778284937e-05
-6.084232676557234842e-05
-6.079383851615125395e-05
-6.067808499240938874e-05
-6.061516054036473566e-05
-6.057507323497574356e-05
-6.052927599163375157e-05
-6.037443866969075662e-05
-6.020887096389624331e-05
-6.002847784538797545e-05
-5.999833408181646838e-05
-5.988538142340064929e-05
-5.985913082703363161e-05
-5.980178975230313092e-05
-5.970973873547326594e-05
-5.968657422865155098e-05
-5.961084291328122038e-05
-5.951514926686986919e-05
-5.944310628764229551e-05
-5.938432523421164537e-05
-5.934054236970852305e-05
-5.922754555374173615e-05
-5.913212590596558061e-05
-5.901477688114806371e-05
-5.885978277652629664e-05
-5.879584182667115194e-05
-5.866252435921704572e-05
-5.860502274373393761e-05
-5.851569700795212619e-05
-5.847302663303389342e-05
-5.835638369637046103e-05
-5.828770902847248288e-05
-5.817956180189269236e-05
-5.807531477598654879e-05
-5.807020401945297498e-05
-5.785502442260439518e-05
-5.782162046780135869e-05
-5.766350655622962714e-05
-5.757150680748324324e-05
-5.756067415042204156e-05
-5.737237977559682682e-05
-5.729378365075524422e-05
-5.720665603432338977e-05
-5.713314805106824135e-05
-5.708864900142926468e-05
-5.704402727246800722e-05
-5.682762951843345139e-05
-5.678684084151247363e-05
-5.673704115446431964e-05
-5.664972913441135554e-05
-5.659363076663032521e-05
-5.650077133931378912e-05
-5.639367636091687246e-05
-5.630552330364919000e-05
-5.620426389543502416e-05
-5.611514116946926951e-05
-5.607875928123575213e-05
-5.596523960229616445e-05
-5.592988529944634715e-05
-5.573570375827274813e-05
-5.559792166687680076e-05
-5.551671426651462904e-05
-5.547280324605833804e-05
-5.543797614770867616e-05
-5.538505174940829229e-05
-5.536391383811207334e-05
-5.521626313199794244e-05
-5.511488163100955852e-05
-5.502063087865804222e-05
-5.499920038623747640e-05
-5.496531334634113607e-05
-5.482045290349127451e-05
-5.478447017589102135e-05
-5.467896065010343168e-05
-5.454660650575755224e-05
-5.453271822636678002e-05
-5.442529007343636211e-05
-5.432769731920772388e-05
-5.426946685006061541e-05
-5.421230213891761968e-05
-5.401009931371409214e-05
-5.399285754914892729e-05
-5.397038601012616626e-05
-5.382169065887080475e-05
-5.374309019271821328e-05
-5.374005299224677076e-05
-5.365943668792554159e-05
-5.351663720545515607e-05
-5.347170447346533156e-05
-5.340042356339924260e-05
-5.329417493501091639e-05
-5.319161311074403824e-05
-5.310196240331709278e-05
-5.297275334834246238e-05
-5.289263931711925135e-05
-5.285483630422951418e-05
-5.278802408721322521e-05
-5.269654917786372562e-05
-5.263980677002324615e-05
-5.256274522184047727e-05
-5.242509880381552559e-05
-5.241077360956834048e-05
-5.225098968428564433e-05
-5.218753993326117371e-05
-5.216275906428704536e-05
-5.212167126792879309e-05
-5.204656205037357124e-05
-5.197453936325562430e-05
-5.195096546451144059e-05
-5.178564774742621242e-05
-5.175832675465537130e-05
-5.172172390898026757e-05
-5.162651744452666268e-05
-5.158645148394939869e-05
-5.146123926482513002e-05
-5.135938099384995426e-05
-5.127434797712670465e-05
-5.123639315519738519e-05
-5.116836606722910993e-05
-5.109833694695649922e-05
-5.100541667776301643e-05
-5.095290224136176402e-05
-5.087897046819167112e-05
-5.073164557655990818e-05
-5.065909303318689831e-05
-5.063431192213017088e-05
-5.054676840718875592e-05
-5.043784482144354710e-05
-5.039524991047999314e-05
-5.029955198216523073e-05
-5.021641473749369867e-05
-5.020754006612369419e-05
-5.013945112322097544e-05
-5.004969420238888672e-05
-4.993430929688926140e-05
-4.986771374712839863e-05
-4.982112662779147340e-05
-4.972609255651176240e-05
-4.970574740782903318e-05
-4.966309012367440130e-05
-4.949301939111144669e-05
-4.945394821438543715e-05
-4.936188813116616184e-05
-4.930374239356513974e-05
-4.926775338554713850e-05
-4.912335175970740516e-05
-4.909123777554051004e-05
-4.902762934543092261e-05
-4.900481117810628076e-05
-4.893722581118151003e-05
-4.880786188723165779e-05
-4.871228234727518905e-05
-4.864147644928099945e-05
-4.855116366598349257e-05
-4.850700123567629679e-05
-4.842698130445600166e-05
-4.839580492063637595e-05
-4.831409128468774054e-05
-4.828829799982032499e-05
-4.819231602321350693e-05
-4.812440459593759964e-05
-4.803394796623121447e-05
-4.796770539544156509e-05
-4.788101626812424919e-05
-4.779691977998757393e-05
-4.777113466890307083e-05
-4.769502638725569893e-05
-4.760983283703395402e-05
-4.756506523921258779e-05
-4.754586483649026336e-05
-4.745299648503484036e-05
-4.740400372908460920e-05
-4.727642700908857618e-05
-4.724953944979714350e-05
-4.719419837228453022e-05
-4.706150376560215906e-05
-4.698597858212530414e-05
-4.692922938474971081e-05
-4.690861865209533738e-05
-4.686633919326506359e-05
-4.679698411896842248e-05
-4.671991524315928035e-05
-4.655958991779289092e-05
-4.649173642698787814e-05
-4.646797529846990890e-05
-4.640326214612607128e-05
-4.634511313654335779e-05
-4.624526148750784347e-05
-4.617762170698080698e-05
-4.610901969308112494e-05
-4.608888737300158647e-05
-4.606016847896199237e-05
-4.588522675038609851e-05
-4.586798427916118667e-05
-4.576243321397869412e-05
-4.571847051438121887e-05
-4.568724325585952513e-05
-4.560090240277819113e-05
-4.553397179152295689e-05
-4.544238859891420605e-05
-4.537751347329399044e-05
-4.536888237959424018e-05
-4.521349775842879661e-05
-4.515107808759634785e-05
-4.513668820267245814e-05
-4.502464737844595665e-05
-4.500171664471937536e-05
-4.495497162349101818e-05
-4.487260500535653637e-05
-4.475035760179670225e-05
-4.470005156671588584e-05
-4.464089454718704310e-05
-4.458477378947107495e-05
-4.450353211196596417e-05
-4.446853242772310055e-05
-4.439112988724467962e-05
-4.434826969126469154e-05
-4.431924089404030466e-05
-4.430378023381177589e-05
-4.419649537938460265e-05
-4.415717043423424842e-05
-4.407164360849859388e-05
-4.399407960937918059e-05
-4.398648928094493792e-05
-4.389539313566909851e-05
-4.386073504284725052e-05
-4.377310818518618775e-05
-4.376307983776293436e-05
-4.369141721577315908e-05
-4.360259511335728896e-05
-4.353634320472996689e-05
-4.346425789438908781e-05
-4.339766963704850053e-05
-4.333543005976785151e-05
-4.330655510827450719e-05
-4.321021829691704992e-05
-4.316521406328255957e-05
-4.306189661578368024e-05
-4.302129453378738112e-05
-4.296134788008034431e-05
-4.292637829147137856e-05
-4.281290732825169837e-05
-4.280908791271273672e-05
-4.267907217695063700e-05
-4.264742206418227613e-05
-4.253267617691771973e-05
-4.246752671726311957e-05
-4.238936953571643610e-05
-4.234248420449686676e-05
-4.221671150587632154e-05
-4.218005382411894861e-05
-4.212810398486918449e-05
-4.210454050526754604e-05
-4.201230576990622461e-05
-4.194907668980733762e-05
-4.193332473335006634e-05
-4.181048939538074843e-05
-4.179780902673113277e-05
-4.173403422355826320e-05
-4.163918767770054144e-05
-4.157242211794085618e-05
-4.153258252731836250e-05
-4.144054564852933323e-05
-4.139113119872637976e-05
-4.133184113763128860e-05
-4.128322651233853300e-05
-4.122997169303516509e-05
-4.121000617503464556e-05
-4.110594121312484086e-05
-4.106768655819475447e-05
-4.099412162797010008e-05
-4.094985530586580221e-05
-4.088569642335375821e-05
-4.085082549478163841e-05
-4.081217377309423661e-05
-4.072479111751646562e-05
-4.068564676179170671e-05
-4.064443787589285857e-05
-4.061365225393173196e-05
-4.056377727411070703e-05
-4.052688841418923858e-05
-4.043899813848604282e-05
-4.039588127692143551e-05
-4.029756095738647566e-05
-4.025768156956977570e-05
-4.019333594180808981e-05
-4.014810693479951202e-05
-4.007842485311821965e-05
-4.002365524327671691e-05
-3.996287103764496024e-05
-3.989682376816544205e-05
-3.980531545375321634e-05
-3.977088358442356432e-05
-3.971663483058567300e-05
-3.968981109394235484e-05
-3.960846941571410132e-05
-3.955646610630961457e-05
-3.945265204946182954e-05
-3.937532029143732203e-05
-3.933378716396589066e-05
-3.927219287452927450e-05
-3.924467642485677946e-05
-3.919327517364340886e-05
-3.912958332517026220e-05
-3.907818447068537107e-05
-3.900138349474040027e-05
-3.897698367927941699e-05
-3.890702090678781493e-05
-3.888935960570652690e-05
-3.880031038554852249e-05
-3.870611009408574246e-05
-3.866754028205226590e-05
-3.863348070660031303e-05
-3.854916582703733633e-05
-3.848611595428825540e-05
-3.841698670613757829e-05
-3.836246869934213774e-05
-3.832298225123801180e-05
-3.824338329442475675e-05
-3.822256002156768095e-05
-3.813295465030393092e-05
-3.810280335697559007e-05
-3.806149334379451419e-05
-3.800377868675594665e-05
-3.796935348290448871e-05
-3.790475848939115611e-05
-3.783361824193671866e-05
-3.779777896150360116e-05
-3.775342491215866349e-05
-3.768492120127668496e-05
-3.767931819566573513e-05
-3.756812986752919607e-05
-3.752578155127391142e-05
-3.744792334553636464e-05
-3.742293316562201309e-05
-3.736631391420883712e-05
-3.732662740178187575e-05
-3.728181128070817170e-05
-3.722059763381436380e-05
-3.712032650918987395e-05
-3.709904406582086907e-05
-3.705451278479480456e-05
-3.699951632574808956e-05
-3.691818012388038488e-05
-3.690054462865650713e-05
-3.689061827106803067e-05
-3.680661431529709050e-05
-3.676367107480832603e-05
-3.666026049620488644e-05
-3.664659639472044831e-05
-3.659161501103046097e-05
-3.654595572069161585e-05
-3.647502958638696206e-05
-3.645043885960499292e-05
-3.637840983452101209e-05
-3.636519950407771556e-05
-3.629956287111650283e-05
-3.624421168829529118e-05
-3.618386418838629977e-05
-3.608522504899237864e-05
-3.604424741843749956e-05
-3.602017814110996743e-05
-3.600555354823808837e-05
-3.589538256322950252e-05
-3.587440340729318195e-05
-3.580447380227174049e-05
-3.576833479497376774e-05
-3.572723763660910610e-05
-3.562267783955442972e-05
-3.555337679529625461e-05
-3.552538095638814897e-05
-3.545506246450893953e-05
-3.544126963963634483e-05
-3.537791021397963109e-05
-3.533534371968939522e-05
-3.533038435069041648e-05
-3.529748734632429764e-05
-3.519101088749261748e-05
-3.514290921682723760e-05
-3.502982969668628024e-05
-3.497956365815066995e-05
-3.497008570361859864e-05
-3.488947540672137244e-05
-3.483507128586429074e-05
-3.481577296993781722e-05
-3.472758319139487648e-05
-3.467222228407274974e-05
-3.462735317281429579e-05
-3.455294241219611617e-05
-3.450802953133662727e-05
-3.445993047480002303e-05
-3.435245730340536114e-05
-3.433419607149998544e-05
-3.428577339204521088e-05
-3.422615206937272656e-05
-3.417875319962501523e-05
-3.414186557276773464e-05
-3.410511828166998055e-05
-3.401136406919465596e-05
-3.395292382381154007e-05
-3.392733321716108713e-05
-3.390884446125378028e-05
-3.381728066770705064e-05
-3.375211085097300467e-05
-3.372174591490969105e-05
-3.365881734424186407e-05
-3.364903245508582194e-05
-3.358596131704901286e-05
-3.346494010960874828e-05
-3.345007270824923841e-05
-3.343460035216046662e-05
-3.343008467351920335e-05
-3.330391053377141042e-05
-3.327251529815585971e-05
-3.325935138631778309e-05
-3.322282882351496199e-05
-3.315470159288094076e-05
-3.310406384702222637e-05
-3.307078229842671504e-05
-3.301357197320364031e-05
-3.296514329679622288e-05
-3.292236789201529411e-05
-3.287635157751364503e-05
-3.285589619652890361e-05
-3.276426146812757190e-05
-3.270716392645519786e-05
-3.266344702312251369e-05
-3.262936604831033781e-05
-3.261736497031252660e-05
-3.256651679816024167e-05
-3.251844284517256317e-05
-3.247737715731316687e-05
-3.238857801516975364e-05
-3.236476275589567319e-05
-3.227493758801540109e-05
-3.225132763143724585e-05
-3.220317298534589945e-05
-3.218878431089347754e-05
-3.210580142301394207e-05
-3.208658476908815717e-05
-3.204741680722388063e-05
-3.198212812774356282e-05
-3.194162238834445314e-05
-3.186119651091053609e-05
-3.179445043088131514e-05
-3.177073293030336525e-05
-3.174163493889748625e-05
-3.167638491527908644e-05
-3.162985738658768286e-05
-3.160542708174328847e-05
-3.151244890242078879e-05
-3.144046731585347130e-05
-3.142885958980840206e-05
-3.135036402467768701e-05
-3.133891263755481327e-05
-3.128090088012176143e-05
-3.127477924626544771e-05
-3.126724535254224891e-05
-3.120184587529842291e-05
-3.113230336408816934e-05
-3.109242159093488509e-05
-3.104335422557403786e-05
-3.102780333919427885e-05
-3.096015044353328386e-05
-3.093452677462734898e-05
-3.092466494666925707e-05
-3.086581164304308872e-05
-3.080086274926159556e-05
-3.074805596070155156e-05
-3.067262739808650717e-05
-3.065718734040085027e-05
-3.061390542203590960e-05
-3.056540405171555736e-05
-3.046438808507605673e-05
-3.042486920611514329e-05
-3.036224867125178782e-05
-3.030730064095859663e-05
-3.026096535159836337e-05
-3.023608147599145366e-05
-3.018728951989335421e-05
-3.012073554702655254e-05
-3.008897724989384866e-05
-3.005606178159433449e-05
-2.998465590104397736e-05
-2.990985667007469589e-05
-2.989755789616443832e-05
-2.986314123481427127e-05
-2.985764995592572513e-05
-2.979659851265490045e-05
-2.975001813272092573e-05
-2.972522229012189459e-05
-2.970723025682300982e-05
-2.969937237314214932e-05
-2.958066731962147157e-05
-2.955018317328550627e-05
-2.947454594441020306e-05
-2.942103295340594947e-05
-2.937276123462470204e-05
-2.929930222511861756e-05
-2.928233681134876815e-05
-2.921052500891313728e-05
-2.918988307318124784e-05
-2.908311220202669452e-05
-2.906111290061161125e-05
-2.903899239891325555e-05
-2.900536267128692050e-05
-2.898261774748006972e-05
-2.896243003381149980e-05
-2.888593401490318255e-05
-2.884676784427318117e-05
-2.878667347358180559e-05
-2.875558291138883383e-05
-2.872362078395986393e-05
-2.870467121193462682e-05
-2.859607560226268939e-05
-2.853222128133989799e-05
-2.850191530422642826e-05
-2.847458328450372034e-05
-2.845206218651849569e-05
-2.839564998190186691e-05
-2.836833501895218246e-05
-2.832330027360010249e-05
-2.823257383972964369e-05
-2.821553748942529210e-05
-2.818296281591801906e-05
-2.816823549902618609e-05
-2.810715940375199524e-05
-2.807033299591925091e-05
-2.799207160533642228e-05
-2.795266261377054996e-05
-2.789044804799090249e-05
-2.784615314541418732e-05
-2.781068595944338444e-05
-2.778515680123680570e-05
-2.776270371152018726e-05
-2.769702306188601151e-05
-2.767118554463131859e-05
-2.761811631802091495e-05
-2.757580955602038453e-05
-2.754713264951117954e-05
-2.749148781801237238e-05
-2.743804618871385138e-05
-2.737016175753221472e-05
-2.735772383963219363e-05
-2.728846712563143996e-05
-2.727436365365926892e-05
-2.723559672459479515e-05
-2.721140617917826456e-05
-2.712211028489564538e-05
-2.708949326850976913e-05
-2.700377906423649836e-05
-2.698733694796280480e-05
-2.694635161754618482e-05
-2.690057242332761033e-05
-2.684211608428924010e-05
-2.678381810084154091e-05
-2.677994530555409205e-05
-2.671862270060954868e-05
-2.668190043071342064e-05
-2.666294778341416643e-05
-2.661264412704120354e-05
-2.657568226974671321e-05
-2.655449525477824156e-05
-2.653709645996616429e-05
-2.647274519002386055e-05
-2.644258888261937336e-05
-2.639126648596172410e-05
-2.637285602004569454e-05
-2.632436263071708462e-05
-2.627503415713379153e-05
-2.621024545335776451e-05
-2.616167660534322401e-05
-2.612627789240252012e-05
-2.607435467752821355e-05
-2.604302297651145867e-05
-2.601538719370727633e-05
-2.599044869656392981e-05
-2.597313998539506810e-05
-2.590496346551336896e-05
-2.584210551566778138e-05
-2.580007418960376082e-05
-2.577958832019709571e-05
-2.575218564588577287e-05
-2.570747955862736988e-05
-2.566910220514445455e-05
-2.560095552070638713e-05
-2.557810290800575042e-05
-2.555746025727284861e-05
-2.553568703944111807e-05
-2.545733267216777448e-05
-2.540740994925340645e-05
-2.539026652314252053e-05
-2.536635845438181216e-05
-2.530639336592166845e-05
-2.526610862143591370e-05
-2.521785059189956044e-05
-2.520330701171032763e-05
-2.516113771365519891e-05
-2.513338992475699766e-05
-2.508921506289874353e-05
-2.501061816918776013e-05
-2.498451029220321071e-05
-2.496652109735356885e-05
-2.494109723863213845e-05
-2.488898280945890705e-05
-2.484802470222781542e-05
-2.482115887454403247e-05
-2.478338978541308300e-05
-2.475982555581718366e-05
-2.467349225653286761e-05
-2.464783009452431323e-05
-2.459139778964357655e-05
-2.455530579146872656e-05
-2.454314682869457014e-05
-2.451353389132666019e-05
-2.448918243799612918e-05
-2.441390382785898940e-05
-2.434103975295926202e-05
-2.431411241080893063e-05
-2.430934677926182454e-05
-2.425483758990100010e-05
-2.421407699332204261e-05
-2.412459024934281531e-05
-2.409657926722851180e-05
-2.407964047257668468e-05
-2.404357452113687531e-05
-2.398954941574778761e-05
-2.397797799340465550e-05
-2.391420259133338313e-05
-2.387630206079506055e-05
-2.386301148845552692e-05
-2.382215652063588901e-05
-2.381334146204392308e-05
-2.373983418157082855e-05
-2.372067812068703435e-05
-2.368072745767381819e-05
-2.365580118732766275e-05
-2.364093353596968532e-05
-2.357583831529079556e-05
-2.354438806623273327e-05
-2.344641025500680435e-05
-2.340977240766769856e-05
-2.334469196691718183e-05
-2.332433389306661284e-05
-2.330409734354170424e-05
-2.328530492901207874e-05
-2.324288394768171938e-05
-2.320251642373776671e-05
-2.317654739608486711e-05
-2.313583212232504286e-05
-2.312215692261585532e-05
-2.309421302794897911e-05
-2.307288765138006112e-05
-2.302138597734909679e-05
-2.298674050021120473e-05
-2.294997537371558190e-05
-2.291611903497116571e-05
-2.288936509101235087e-05
-2.285008309852156337e-05
-2.280572221298293910e-05
-2.273770376106778931e-05
-2.272883521496321370e-05
-2.269872785458831909e-05
-2.262358449431537788e-05
-2.258962238898746169e-05
-2.253033426555866247e-05
-2.252284111591840640e-05
-2.250593793267777535e-05
-2.247865469421342414e-05
-2.241964220037956501e-05
-2.236466700720110405e-05
-2.233408908660670320e-05
-2.231488225631608264e-05
-2.226155130307109876e-05
-2.223194672800696156e-05
-2.222278784130823223e-05
-2.216896739365768851e-05
-2.212077367429014863e-05
-2.206381970723393949e-05
-2.204904392477068629e-05
-2.202207268104883561e-05
-2.198928582221583260e-05
-2.191759531673997599e-05
-2.187529950736447618e-05
-2.185167355430046030e-05
-2.181980343785086191e-05
-2.181415684783357797e-05
-2.176175700746345933e-05
-2.171679668994619543e-05
-2.170602266484390427e-05
-2.166997379647809109e-05
-2.162082862572117626e-05
-2.157711316588796312e-05
-2.156313538846216690e-05
-2.153558793840293207e-05
-2.147223644868050043e-05
-2.143579106188382160e-05
-2.139624005204536310e-05
-2.135913832997646445e-05
-2.133033815512985117e-05
-2.131910196936736114e-05
-2.126880930630783216e-05
-2.123574135029734932e-05
-2.122535725990420361e-05
-2.118365320094433649e-05
-2.112974858899568635e-05
-2.108654070041508964e-05
-2.106362476423493968e-05
-2.096931838296375335e-05
-2.094301225537352389e-05
-2.091003404646811674e-05
-2.086531191981995720e-05
-2.085466724523645695e-05
-2.084301735475890956e-05
-2.078086891323536393e-05
-2.076077126905207410e-05
-2.074661509171416940e-05
-2.068843050773620950e-05
-2.064437390224242724e-05
-2.061236085443155300e-05
-2.059806223993291882e-05
-2.056730296689014646e-05
-2.050070215605894996e-05
-2.047589477353851931e-05
-2.042632276489824073e-05
-2.039448169738593630e-05
-2.036565820032691288e-05
-2.033326872520437099e-05
-2.029602265343880040e-05
-2.028054225868881717e-05
-2.023568453796554915e-05
-2.021087831108359675e-05
-2.016904466344955030e-05
-2.012913566593105120e-05
-2.010054194015905009e-05
-2.007396529492295938e-05
-2.005685100436377515e-05
-2.001254865483978565e-05
-1.997821073295413515e-05
-1.993661616934116660e-05
-1.990901154716565418e-05
-1.988389501853024245e-05
-1.982978511658777318e-05
-1.982572072465893317e-05
-1.977785981148118925e-05
-1.974160966864020776e-05
-1.969097871685888918e-05
-1.965997428463247962e-05
-1.961647633302695995e-05
-1.956811036582930551e-05
-1.954534670039595516e-05
-1.951325038500310006e-05
-1.949013276368564640e-05
-1.947835532136639401e-05
-1.944780464286608194e-05
-1.938085953641741104e-05
-1.934184651588125340e-05
-1.929007374222318049e-05
-1.926600802926793269e-05
-1.924940288100567137e-05
-1.923934221544717929e-05
-1.917986098540692584e-05
-1.915526094185602239e-05
-1.909020018945839256e-05
-1.906653604831946166e-05
-1.903217283537693083e-05
-1.900263195964195395e-05
-1.897902517120874432e-05
-1.890043046992904586e-05
-1.888953493858846306e-05
-1.886080205688245984e-05
-1.883998935701989031e-05
-1.880570219866573394e-05
-1.879852305839690703e-05
-1.875468444593904316e-05
-1.873519832456476775e-05
-1.864494022346869202e-05
-1.862774442199156521e-05
-1.858896776031122126e-05
-1.852930814760131610e-05
-1.850143928441487864e-05
-1.849654625554094704e-05
-1.845601845631321332e-05
-1.841896192423246280e-05
-1.838340877028791612e-05
-1.834205765795354071e-05
-1.830783249913332268e-05
-1.827235456228280046e-05
-1.823183765520810116e-05
-1.818520698568261814e-05
-1.817783772642956905e-05
-1.816102255848189837e-05
-1.812892722174392420e-05
-1.808696586047709389e-05
-1.805494644397720639e-05
-1.800422776956858248e-05
-1.797463840884954209e-05
-1.791750278331807317e-05
-1.788973416711379545e-05
-1.788086129581442564e-05
-1.785704650560981366e-05
-1.780533144245168703e-05
-1.777396338854792630e-05
-1.776481052645563258e-05
-1.774006151191616568e-05
-1.773196339486423343e-05
-1.765932118284144298e-05
-1.764016445129758470e-05
-1.759814678486380462e-05
-1.756976578664474971e-05
-1.751761992876206376e-05
-1.748247187185448349e-05
-1.743335804277669859e-05
-1.740336475800613713e-05
-1.738732328901386047e-05
-1.737487608558035970e-05
-1.734424443037406533e-05
-1.731507514228523609e-05
-1.729123422715415608e-05
-1.724922156842405630e-05
-1.723052951939585964e-05
-1.720319630219866250e-05
-1.717973756261238419e-05
-1.715204055826178423e-05
-1.712144830261490714e-05
-1.708956318825625935e-05
-1.705690777661506488e-05
-1.701257892065432379e-05
-1.693574156135329130e-05
-1.692728738880762231e-05
-1.688922397382517065e-05
-1.687761722035757177e-05
-1.685272173003832683e-05
-1.683393711938251030e-05
-1.682292333567412637e-05
-1.676556426379929979e-05
-1.673248077605347492e-05
-1.668350635746963201e-05
-1.665736038467892003e-05
-1.662431383056059414e-05
-1.660974313198442195e-05
-1.657139652089910381e-05
-1.653371486053527813e-05
-1.651499968170715675e-05
-1.645489880243516348e-05
-1.643280384250238942e-05
-1.642091687801067114e-05
-1.636957798189683214e-05
-1.634469204291204877e-05
-1.631206871448644157e-05
-1.629216176161172734e-05
-1.624182910254955411e-05
-1.620649827842283934e-05
-1.615486060827801945e-05
-1.612685736829622612e-05
-1.611347399850188638e-05
-1.607794854222004894e-05
-1.606228033452475508e-05
-1.601307050084907957e-05
-1.599400804027187474e-05
-1.598246566342675419e-05
-1.590432037337122619e-05
-1.589748472751701284e-05
-1.588666678018252042e-05
-1.587204406056107715e-05
-1.583161832051721836e-05
-1.578904056665116412e-05
-1.576127745140038297e-05
-1.575001110933184500e-05
-1.568287368343686630e-05
-1.566878330765231227e-05
-1.563922761474854559e-05
-1.561573103817140600e-05
-1.556586505580319845e-05
-1.555333360482747342e-05
-1.549522041525769065e-05
-1.544615668060801635e-05
-1.542161626343860900e-05
-1.540657619105891679e-05
-1.539683816919203802e-05
-1.538460592388591562e-05
-1.533874860612321505e-05
-1.528718055250812629e-05
-1.525724756365313023e-05
-1.523131813599290346e-05
-1.518642878160389647e-05
-1.518411333398701870e-05
-1.514726285880303335e-05
-1.510448394741668799e-05
-1.505314338618921654e-05
-1.503788634953772953e-05
-1.499733850536836932e-05
-1.497728671933726178e-05
-1.494537704951089147e-05
-1.493517046342251514e-05
-1.492971580517977853e-05
-1.487823925430388281e-05
-1.484956960989038099e-05
-1.482083268762025187e-05
-1.479744454241772445e-05
-1.478643422079060747e-05
-1.473468984790286327e-05
-1.471140732957772485e-05
-1.466270724173932904e-05
-1.461874420167000141e-05
-1.458151635662810426e-05
-1.455374939499273396e-05
-1.453955667851676746e-05
-1.448677687781073909e-05
-1.446593839699470193e-05
-1.444724026209170664e-05
-1.441215378548147747e-05
-1.439328546145599807e-05
-1.435485242950297463e-05
-1.431932470757853812e-05
-1.429379532762431235e-05
-1.424301067796388318e-05
-1.423677423442679801e-05
-1.421382329775485151e-05
-1.418384491447654129e-05
-1.416741859311213624e-05
-1.412709685273950448e-05
-1.410067132433652121e-05
-1.408379174166194116e-05
-1.401010675842420011e-05
-1.397590663019550538e-05
-1.395501856441779584e-05
-1.394182222830449630e-05
-1.392029865039108138e-05
-1.390452152359345994e-05
-1.383531766661696169e-05
-1.381718866301289236e-05
-1.378782070432310673e-05
-1.376759350040696952e-05
-1.374470846209260641e-05
-1.372275870780746503e-05
-1.371332584381598358e-05
-1.365251785069083192e-05
-1.362819478949623326e-05
-1.361454869312133765e-05
-1.359301711934747417e-05
-1.354647272881008027e-05
-1.352861856389021982e-05
-1.351852817322622795e-05
-1.346490262418890341e-05
-1.342892714586156039e-05
-1.341298150546152907e-05
-1.340957002599789662e-05
-1.335783432183410608e-05
-1.334813611595854481e-05
-1.331470915164799421e-05
-1.328627340750715923e-05
-1.325366427357416228e-05
-1.323188478194765629e-05
-1.319503907766326837e-05
-1.319275077449201060e-05
-1.316134489565014226e-05
-1.313997007607533835e-05
-1.309628509172881902e-05
-1.308531314106224170e-05
-1.305841187381986645e-05
-1.298389479126926643e-05
-1.296749213346187276e-05
-1.293055844215664280e-05
-1.289416488536996084e-05
-1.287021852207467283e-05
-1.283632065723723032e-05
-1.279521663788214840e-05
-1.274603641133443367e-05
-1.274032901158558957e-05
-1.271304821318615959e-05
-1.269551238773886089e-05
-1.268297342051040775e-05
-1.266255762265359636e-05
-1.262984150464064021e-05
-1.259657850105309421e-05
-1.255573182002360483e-05
-1.254429199908482082e-05
-1.251387975891642803e-05
-1.246079864036614135e-05
-1.242022528571402530e-05
-1.241430064900203543e-05
-1.238174728350313595e-05
-1.237413552279110308e-05
-1.234243739163613062e-05
-1.233397011437639751e-05
-1.230753893399218813e-05
-1.225682212473196046e-05
-1.222924192257814909e-05
-1.222634189139870409e-05
-1.220322811655117136e-05
-1.217800519732228441e-05
-1.216949136786735055e-05
-1.213959494274233064e-05
-1.210142461406792909e-05
-1.206027580998075678e-05
-1.205288166923876052e-05
-1.202880030927155378e-05
-1.197638621930880142e-05
-1.194329367133077577e-05
-1.192768496482507303e-05
-1.189500816173186346e-05
-1.185411636761657933e-05
-1.183947122935481408e-05
-1.180802088353456748e-05
-1.178043734735732843e-05
-1.175250497197469697e-05
-1.174574858496464103e-05
-1.169784624823371258e-05
-1.166789937503197177e-05
-1.164781203682699695e-05
-1.161943504665844736e-05
-1.159784980161028541e-05
-1.157385972783169019e-05
-1.153748812005072305e-05
-1.151149006830527639e-05
-1.149826306411293527e-05
-1.147692115499909870e-05
-1.145095897717540346e-05
-1.143070934915770104e-05
-1.139539330419841879e-05
-1.136867866339049520e-05
-1.133255858005790044e-05
-1.132287532166546571e-05
-1.124145710613916742e-05
-1.124111811919420265e-05
-1.119930743059945170e-05
-1.117622187323260697e-05
-1.114860587898970867e-05
-1.113654638172527241e-05
-1.111336939656215515e-05
-1.108514102831501762e-05
-1.107455718066348252e-05
-1.104361739230691647e-05
-1.102875328728482058e-05
-1.101528183794839091e-05
-1.095894820834765936e-05
-1.092571735454048274e-05
-1.091657952780351130e-05
-1.088061282295550715e-05
-1.087123661474206802e-05
-1.081359568332541292e-05
-1.080264766679709488e-05
-1.077720795800240492e-05
-1.076110488325041958e-05
-1.075566382167770867e-05
-1.071329301718915682e-05
-1.068987055883055822e-05
-1.067467321692605168e-05
-1.064489895173312950e-05
-1.062842640311497109e-05
-1.058680917477459092e-05
-1.057092279664924819e-05
-1.055127297794337681e-05
-1.052102743856452750e-05
-1.051086286752020667e-05
-1.046419039835606789e-05
-1.044159472456186325e-05
-1.039595264495360730e-05
-1.038742877324002112e-05
-1.037623843881803875e-05
-1.035860724867664068e-05
-1.032336234851647275e-05
-1.027487071464339685e-05
-1.025651668507630013e-05
-1.022260007626391517e-05
-1.020104953481571871e-05
-1.016330260371331946e-05
-1.015812186269391320e-05
-1.013226962093259585e-05
-1.009901578349361647e-05
-1.008153161448578405e-05
-1.007082773062103249e-05
-1.003835113268446326e-05
-1.002150978755766503e-05
-9.963267262603108640e-06
-9.934460665102987624e-06
-9.907715343172601057e-06
-9.890581522704275182e-06
-9.877176296084317521e-06
-9.843610795851819064e-06
-9.833054838451517479e-06
-9.803990196083243937e-06
-9.776571453306647332e-06
-9.745978667630953319e-06
-9.726454329260470036e-06
-9.711364457088256621e-06
-9.667030072333950122e-06
-9.659657177805677423e-06
-9.641447605791601762e-06
-9.638662455457958108e-06
-9.588868839634495379e-06
-9.560829191297064321e-06
-9.536307066062320109e-06
-9.522845598698978506e-06
-9.499794937156092749e-06
-9.455454895116551631e-06
-9.426822336290021354e-06
-9.388373429697890606e-06
-9.385698217285979049e-06
-9.360442562578477984e-06
-9.317996216702221035e-06
-9.315432504323328523e-06
-9.267445286191577404e-06
-9.253727842337255492e-06
-9.220663539204542001e-06
-9.186423312823120053e-06
-9.170898399166510962e-06
-9.144140358377702483e-06
-9.107502064957053543e-06
-9.087750664734658163e-06
-9.056002285188859461e-06
-9.049030998196643880e-06
-9.036894861571254824e-06
-8.998005518108752231e-06
-8.986286719122150242e-06
-8.946986963146628485e-06
-8.937978887508856717e-06
-8.898748932459045347e-06
-8.882932493116037722e-06
-8.879751346939426872e-06
-8.861722668559209314e-06
-8.834598479943983669e-06
-8.774601215080522006e-06
-8.758601985544008802e-06
-8.737108653303850736e-06
-8.707282609739099312e-06
-8.701668619643112979e-06
-8.681102732373549097e-06
-8.651690914817365165e-06
-8.624763846424252043e-06
-8.607474438184118691e-06
-8.560147075206354361e-06
-8.534056555113416241e-06
-8.513597077044112192e-06
-8.479066831071648309e-06
-8.461126279930159395e-06
-8.441365608647212739e-06
-8.396729594855754843e-06
-8.382968840702575373e-06
-8.352433460971118721e-06
-8.331746915855112190e-06
-8.316068169638253654e-06
-8.307378496586656074e-06
-8.288950395511710724e-06
-8.238963169289669102e-06
-8.232424284541277503e-06
-8.215680568948058343e-06
-8.185424106238865411e-06
-8.171144346180904354e-06
-8.158224365734860649e-06
-8.106720154028644831e-06
-8.091089172873604821e-06
-8.078404683227369653e-06
-8.048746195849179838e-06
-8.028732312774339942e-06
-8.014018395689958071e-06
-7.976648947499005525e-06
-7.969657503402947772e-06
-7.952718667274399030e-06
-7.906501094461203057e-06
-7.870898031661077506e-06
-7.838109597912015992e-06
-7.809807422879325433e-06
-7.784176457119226225e-06
-7.772256993412772979e-06
-7.743690002512719226e-06
-7.698853473712182960e-06
-7.690111589011627087e-06
-7.674799765739648310e-06
-7.670300324716790592e-06
-7.643123782023193257e-06
-7.607979957938956218e-06
-7.598426296569145634e-06
-7.555412435910801837e-06
-7.546932578142245548e-06
-7.527766514762574897e-06
-7.508347065316058186e-06
-7.480670413217203328e-06
-7.447251360505061602e-06
-7.399395873777957836e-06
-7.394172131079785518e-06
-7.393179647849082100e-06
-7.338380322900182882e-06
-7.333704373131309018e-06
-7.302490950501958034e-06
-7.298626862690753801e-06
-7.267044326136241131e-06
-7.256588879521605543e-06
-7.225065737528108299e-06
-7.194132890407463460e-06
-7.181952873039395984e-06
-7.175190754048587139e-06
-7.154949320371786547e-06
-7.112966929829006514e-06
-7.099291447895323083e-06
-7.091058997390712567e-06
-7.064550720819775478e-06
-7.055170699977256142e-06
-7.034316447004650828e-06
-6.960727540809653030e-06
-6.946070749530060471e-06
-6.936234142575443846e-06
-6.926922238207830654e-06
-6.889390892746796813e-06
-6.877202192324033616e-06
-6.855070452384194436e-06
-6.845928193976378327e-06
-6.829125729926427911e-06
-6.809446174232892950e-06
-6.781586348248546181e-06
-6.774640291438765657e-06
-6.740279091075465699e-06
-6.714417015622500638e-06
-6.675779528676336282e-06
-6.669189373589534846e-06
-6.662941562427406023e-06
-6.616535294879428155e-06
-6.589072526987035441e-06
-6.570475045053605356e-06
-6.545118512719798906e-06
-6.524068600975324085e-06
-6.508899968555869971e-06
-6.478187702838374303e-06
-6.475505523813359053e-06
-6.438943824751463100e-06
-6.397644214214536543e-06
-6.375352576149298772e-06
-6.371986069032843185e-06
-6.345495100618412054e-06
-6.311923934551493278e-06
-6.295502754593846061e-06
-6.252960307141611420e-06
-6.238769672128255593e-06
-6.232021603238631542e-06
-6.202159593643175785e-06
-6.182413245199372883e-06
-6.177690469831155525e-06
-6.163453673943902521e-06
-6.151315935762724130e-06
-6.089273326711551185e-06
-6.076806805975548182e-06
-6.057994189845007109e-06
-6.033461524262624788e-06
-6.013456578494795074e-06
-6.001017614246278600e-06
-5.986022670195340429e-06
-5.957018520012608237e-06
-5.940690228479310805e-06
-5.924286176349035183e-06
-5.888607491965141531e-06
-5.874220684953754527e-06
-5.860706548422752549e-06
-5.838035795006397835e-06
-5.801870470658734257e-06
-5.790637408930931823e-06
-5.735870629256546456e-06
-5.731347732971521814e-06
-5.691339066942926481e-06
-5.689935545159667425e-06
-5.655262402644147032e-06
-5.638342806633846967e-06
-5.634571635116618581e-06
-5.615771532166970680e-06
-5.595647774196405898e-06
-5.589545395402540594e-06
-5.555832329521015986e-06
-5.540694944987828914e-06
-5.522463590108936397e-06
-5.496470906032292219e-06
-5.463171658075947464e-06
-5.441829330602290847e-06
-5.410028853753406405e-06
-5.378382227876733358e-06
-5.367062783556443923e-06
-5.347500617160661036e-06
-5.336858312119784081e-06
-5.319255351595737301e-06
-5.307458373521803730e-06
-5.300122112538615586e-06
-5.255822456143906528e-06
-5.241958690989241973e-06
-5.221616907395955435e-06
-5.191012859214573028e-06
-5.185991276094559471e-06
-5.161210661077819723e-06
-5.150631845087741259e-06
-5.120708042989418448e-06
-5.076546501896062211e-06
-5.072759267014211199e-06
-5.050268420290544964e-06
-5.037146038501451073e-06
-5.009595608225786394e-06
-4.982743291116870405e-06
-4.974356623535041127e-06
-4.943887493598341168e-06
-4.928148557102133691e-06
-4.908701341696849561e-06
-4.897759870490053713e-06
-4.876590426714290845e-06
-4.851588217346750075e-06
-4.846141291325436021e-06
-4.820816333979336454e-06
-4.784842020676042279e-06
-4.755632630235725709e-06
-4.752925349464823094e-06
-4.735003276265309361e-06
-4.713090492292634270e-06
-4.692435405592478964e-06
-4.679010687040754062e-06
-4.637859338399213173e-06
-4.631158344419024129e-06
-4.611064038098836021e-06
-4.581231427559633017e-06
-4.555215708126855721e-06
-4.535057403389893244e-06
-4.525610869069226163e-06
-4.516211819657797158e-06
-4.471010093390537383e-06
-4.453534321300828933e-06
-4.449966820255223820e-06
-4.432699636677759220e-06
-4.421655644765122304e-06
-4.386960639627104798e-06
-4.353493649063109093e-06
-4.325997097536868662e-06
-4.307614487062065269e-06
-4.289788976443435113e-06
-4.262398465961750737e-06
-4.241573009377839374e-06
-4.211043459437964521e-06
-4.204050005755451666e-06
-4.177570586414708450e-06
-4.162362149170681345e-06
-4.136837068034795408e-06
-4.120860937885786266e-06
-4.094514695710298092e-06
-4.062977955672905495e-06
-4.049078458269773544e-06
-4.039609574385473302e-06
-4.024261010643554850e-06
-4.011527066741662234e-06
-3.996540413332599915e-06
-3.980982410541160897e-06
-3.963886822970616027e-06
-3.919637731996262675e-06
-3.905199618409307066e-06
-3.893488847537670216e-06
-3.858605033262861999e-06
-3.828040015668305203e-06
-3.825050563073466920e-06
-3.805554480984929572e-06
-3.780145731909270390e-06
-3.776205725169714764e-06
-3.759947014697013529e-06
-3.737911818354560496e-06
-3.729935211536415800e-06
-3.681471231997415351e-06
-3.670196457820312646e-06
-3.643144765934079529e-06
-3.631879303794971656e-06
-3.604192455670211849e-06
-3.594180642602907160e-06
-3.590369069201229081e-06
-3.565055299629689503e-06
-3.540972485906290622e-06
-3.514282103345549154e-06
-3.505364046934604457e-06
-3.499432287885889975e-06
-3.456239043552856188e-06
-3.438324504178746954e-06
-3.417038321136939448e-06
-3.410046014509143258e-06
-3.383045286779076554e-06
-3.371956107732712920e-06
-3.349880806506083487e-06
-3.340956916890876494e-06
-3.319144517913649264e-06
-3.301562612538202806e-06
-3.280719356475028469e-06
-3.248089806017571647e-06
-3.238843482140898201e-06
-3.212118728136662292e-06
-3.190737987191852168e-06
-3.178283675720218873e-06
-3.161175359243273356e-06
-3.155205130414378322e-06
-3.137232656702643147e-06
-3.101311667175372170e-06
-3.085373023309200279e-06
-3.048657943458995017e-06
-3.024571033406224798e-06
-3.017002643725454532e-06
-2.988343035263105991e-06
-2.978116020334035493e-06
-2.965219403577099406e-06
-2.956387630877281338e-06
-2.919679623524486677e-06
-2.903124981757427537e-06
-2.900373848626796129e-06
-2.875712142938690860e-06
-2.848638852299069587e-06
-2.816849795606519396e-06
-2.806308084998580931e-06
-2.789464393578483738e-06
-2.771661658300320730e-06
-2.752488480466248483e-06
-2.725633086990369722e-06
-2.712000919741048039e-06
-2.705047491381900842e-06
-2.682302169712995341e-06
-2.665323494386732813e-06
-2.637718464500186744e-06
-2.611065471653638043e-06
-2.597828010811138335e-06
-2.588684931979001908e-06
-2.563167982360034723e-06
-2.545964934833477369e-06
-2.540205616191865124e-06
-2.533580371251399619e-06
-2.521192838237281203e-06
-2.499979333854237901e-06
-2.487580720804630540e-06
-2.465736014678295880e-06
-2.432224274046155192e-06
-2.422403447504591711e-06
-2.406406366112197944e-06
-2.398150376999118300e-06
-2.376667919625311308e-06
-2.352459007431266383e-06
-2.348411340503605861e-06
-2.322641118501326909e-06
-2.302973686059216773e-06
-2.296810095213495566e-06
-2.276761236339761376e-06
-2.248482721737333338e-06
-2.202560562116960610e-06
-2.198930684461401032e-06
-2.176144479822750946e-06
-2.163274628590863900e-06
-2.155408440781327180e-06
-2.122778903825081716e-06
-2.101150061599369302e-06
-2.099631731369007992e-06
-2.078408417220685768e-06
-2.064048097447417562e-06
-2.036954209514599998e-06
-2.029672644126880557e-06
-2.010944583681970930e-06
-1.992365859401594102e-06
-1.978715647629811254e-06
-1.958126731622506984e-06
-1.945815945103384815e-06
-1.903599036223434132e-06
-1.897229255681243135e-06
-1.866533843450566143e-06
-1.864479664709300760e-06
-1.846661802930529398e-06
-1.835079482209527065e-06
-1.815917640832309278e-06
-1.807603891355415547e-06
-1.779779399252615516e-06
-1.744204786004531161e-06
-1.735836602883878636e-06
-1.721921213992449614e-06
-1.703408544745461352e-06
-1.688936658413964941e-06
-1.667636349985032786e-06
-1.655981348824845557e-06
-1.645560717530214547e-06
-1.638649699811528336e-06
-1.604732202461673817e-06
-1.574558801824093472e-06
-1.566236134913170054e-06
-1.550244739505705327e-06
-1.533349937934767335e-06
-1.500694269309469364e-06
-1.483139676827340034e-06
-1.479698981569660367e-06
-1.446548272288569326e-06
-1.438519521514761883e-06
-1.408303361959513358e-06
-1.392022536055536967e-06
-1.372504981035618322e-06
-1.360337694955722379e-06
-1.352333276551140581e-06
-1.314749711622139242e-06
-1.295411198438111998e-06
-1.284219510891064437e-06
-1.277876202243983756e-06
-1.259579493677886417e-06
-1.247335348591639395e-06
-1.229496147907012559e-06
-1.209647646129491505e-06
-1.192044122175246613e-06
-1.178500765150568517e-06
-1.174928164045254704e-06
-1.161228693414662862e-06
-1.149574087882236582e-06
-1.135512204418812882e-06
-1.117297374705066926e-06
-1.105997264509672965e-06
-1.082785313100604235e-06
-1.069472288804959069e-06
-1.047867483910751690e-06
-1.028669733276274192e-06
-1.013890558889674698e-06
-9.747292353370583630e-07
-9.665114398455034927e-07
-9.454357172529147757e-07
-9.270804923800621468e-07
-9.177759729631286625e-07
-8.857208548109969831e-07
-8.575920380514716242e-07
-8.540007393847405011e-07
-8.466625618416640404e-07
-8.229851863227895856e-07
-8.159241898340950137e-07
-7.980805565341832493e-07
-7.884666289718266449e-07
-7.631814904201911684e-07
-7.534339800024486421e-07
-7.417477082840147847e-07
-7.300173224247236493e-07
-7.195373335220809959e-07
-6.974942329897297621e-07
-6.806779470452884646e-07
-6.558053226319982465e-07
-6.442846343487563639e-07
-6.285975923285823484e-07
-6.027135219447343753e-07
-5.892743526500815274e-07
-5.493125211926432175e-07
-5.385798717519191456e-07
-5.215212345397196038e-07
-5.182956290165246618e-07
-4.914019056274023810e-07
-4.888227107504915094e-07
-4.782473291688815183e-07
-4.506095767762185379e-07
-4.328212434484096500e-07
-4.290006609161125624e-07
-4.077108489057319549e-07
-3.949004372146976722e-07
-3.672640484012513005e-07
-3.497397614253242407e-07
-3.307303852487909056e-07
-3.202033869942031973e-07
-2.982937522034811478e-07
-2.652770906920399825e-07
-2.641249328075427451e-07
-2.520701483679498558e-07
-2.466196799526500887e-07
-2.100750244168941727e-07
-1.973355717071044476e-07
-1.911145806026699369e-07
-1.758148787544640753e-07
-1.594125982518119338e-07
-1.477975772145522926e-07
-1.353240459883497064e-07
-9.097200925118469079e-08
-8.238940654342537046e-08
-7.791006895719558672e-08
-5.605995962345372763e-08
-1.843522307056753667e-08
-1.108308849971191530e-08
9.675362630561289924e-09
1.845856050449755031e-08
4.051741240915643663e-08
5.935979874818568325e-08
6.734483307490570588e-08
7.796104083103149426e-08
9.102877301879605598e-08
1.137457521752643304e-07
1.285134564170492915e-07
1.483167278143843332e-07
1.574649065696079161e-07
1.742561755354874745e-07
1.844687086187025193e-07
1.977669295670817361e-07
2.119113919244461600e-07
2.387565059960861583e-07
2.654353446325183309e-07
2.862950133716063551e-07
2.968477579876957161e-07
3.194202232874455002e-07
3.424438820630578322e-07
3.489328577735670559e-07
3.723261482534932996e-07
3.871732592195667774e-07
4.040472696741112385e-07
4.147493336193712373e-07
4.364137561194603862e-07
4.455956102600549206e-07
4.580492290381158055e-07
4.669296513664388052e-07
4.893930397508361329e-07
5.154688059588921206e-07
5.335927897933688121e-07
5.439259934501890621e-07
5.630678557499325048e-07
5.846675589120288983e-07
6.044956498665055855e-07
6.239714521936705575e-07
6.347687925221136740e-07
6.439348884016596547e-07
6.608028056608165641e-07
6.886450958308491756e-07
7.203533046540583371e-07
7.248608735011037228e-07
7.393376345255715511e-07
7.527444157553445725e-07
7.754834855116100662e-07
8.010173868507216724e-07
8.085899883228651094e-07
8.237135511185191520e-07
8.334065302557224316e-07
8.499485353567683620e-07
8.726635178133879844e-07
8.887572754492108877e-07
9.052670851290135665e-07
9.147334025288360656e-07
9.327061291674743805e-07
9.487309302889256758e-07
9.559580474968750338e-07
9.671395512207376620e-07
9.980967241262559768e-07
1.010661151535191115e-06
1.019628915537488053e-06
1.026269583796685216e-06
1.042431573135519170e-06
1.057536619054059968e-06
1.085372437090361564e-06
1.125527389458974119e-06
1.141277668735720401e-06
1.158623377727443121e-06
1.161848968186096957e-06
1.174895542041272204e-06
1.184801221255840111e-06
1.200722196892678328e-06
1.228333071755329095e-06
1.251314191442958747e-06
1.264189663504183856e-06
1.285869183216724775e-06
1.293810825118281578e-06
1.296933905067215755e-06
1.304835561545772465e-06
1.340716439379150956e-06
1.348343113711971511e-06
1.377459836337311960e-06
1.388842178227052105e-06
1.405325981379904260e-06
1.432585485019474583e-06
1.459488848619577871e-06
1.480620963394623312e-06
1.504935511078053818e-06
1.518970343380867811e-06
1.527379111963025970e-06
1.538819654702354558e-06
1.552385075165318300e-06
1.583023844761748182e-06
1.592101506408640384e-06
1.601369614605148847e-06
1.627832109711868101e-06
1.634832665173258910e-06
1.649146409098426410e-06
1.679641432076977855e-06
1.695384545544633981e-06
1.707172614059228474e-06
1.724272759686295657e-06
1.742715749144223574e-06
1.752498310148317759e-06
1.775213609273596818e-06
1.785427002273045092e-06
1.790621485045081174e-06
1.816988466202654552e-06
1.828631828690676168e-06
1.852410040643971874e-06
1.877132548315696279e-06
1.896985309727757975e-06
1.913389167841536503e-06
1.941942716359254138e-06
1.949098907231965963e-06
1.974165391665099176e-06
1.989405390473825391e-06
2.000868862903691508e-06
2.023323164394958683e-06
2.034147484614236125e-06
2.046855756170996745e-06
2.076210270911592430e-06
2.093087123649552195e-06
2.110120771948805639e-06
2.133255602845873425e-06
2.165140116207748033e-06
2.167628996616610286e-06
2.175065495314297952e-06
2.215897607103172992e-06
2.226550055786640957e-06
2.239901573405083371e-06
2.260137758955330485e-06
2.279762632186763716e-06
2.286107466530081895e-06
2.308616664382262691e-06
2.335266952813774497e-06
2.367999743481718698e-06
2.380763095602163553e-06
2.403561534715036590e-06
2.415892039064258514e-06
2.436240713871003399e-06
2.447856904857219626e-06
2.468058840576568882e-06
2.480713736185066624e-06
2.490507738870010018e-06
2.500109884695896714e-06
2.522840277088592132e-06
2.541895668880038141e-06
2.559286917768886193e-06
2.583683604804643351e-06
2.601310058590195448e-06
2.637785235999303515e-06
2.641961712418574345e-06
2.670039265590741403e-06
2.684093565729935417e-06
2.701975057074306569e-06
2.710518703189739517e-06
2.724746546799761740e-06
2.737580369391666865e-06
2.745624884008774493e-06
2.756168005310126561e-06
2.801251504925008706e-06
2.806502313219893529e-06
2.829741451393843959e-06
2.851819556085693218e-06
2.879497912611399570e-06
2.900735754636325795e-06
2.925423275551268333e-06
2.936429297286113153e-06
2.945881202851926923e-06
2.975687687880021135e-06
2.998765119229133616e-06
3.005482215866676731e-06
3.022739358778567407e-06
3.054648300108731740e-06
3.075229955658502615e-06
3.109639638449132710e-06
3.129035662276418197e-06
3.144472413930703614e-06
3.155457260196721788e-06
3.166776646571293754e-06
3.192190722364103172e-06
3.202069128945972793e-06
3.217695532913708428e-06
3.228030043701976522e-06
3.257786535931641303e-06
3.275117685689471989e-06
3.294165156537546134e-06
3.311865829519174902e-06
3.326916222172295443e-06
3.360658475280809737e-06
3.367767535705315275e-06
3.405446228134642683e-06
3.420906674116390377e-06
3.437870381630953325e-06
3.447724476779556922e-06
3.466001361231575103e-06
3.477573026070189116e-06
3.495435908611387796e-06
3.516558300606057856e-06
3.549460320964585573e-06
3.564358405786244265e-06
3.588255226495360556e-06
3.601093924203574318e-06
3.621487644359585856e-06
3.642826696647602370e-06
3.663465648096701579e-06
3.677586359459367903e-06
3.690374674225966465e-06
3.727116885847120630e-06
3.763809840178183102e-06
3.768836789495849874e-06
3.776591054477433009e-06
3.795084957529325555e-06
3.819103210679137455e-06
3.838393197093609163e-06
3.852704034654722161e-06
3.882205992265363987e-06
3.893369304075228700e-06
3.896871218730151193e-06
3.916103216258120896e-06
3.947047436360245852e-06
3.961066188256361114e-06
3.970296977105698134e-06
4.015667345085058164e-06
4.051711987925063386e-06
4.054218514367363383e-06
4.071044216132179443e-06
4.105636903378214456e-06
4.120197273260432684e-06
4.147251249795017243e-06
4.173434853261547513e-06
4.199883807005771296e-06
4.218730533920367848e-06
4.227349951982663032e-06
4.245401166779550083e-06
4.265568943673228533e-06
4.276304466280600771e-06
4.296919832023623158e-06
4.335759427538207647e-06
4.341865491548006768e-06
4.366982943519279829e-06
4.392789234262303463e-06
4.405743922434232178e-06
4.442580773425352906e-06
4.458417020167781840e-06
4.471272982383583429e-06
4.473973841737683683e-06
4.504684691453482690e-06
4.544701312813489992e-06
4.551689718335832628e-06
4.574214665174092710e-06
4.585123265695157773e-06
4.616060986576488380e-06
4.623217040155432271e-06
4.633502537598798054e-06
4.645014241786547052e-06
4.684618639257716937e-06
4.700230576609525194e-06
4.724299709659949973e-06
4.735087914067903860e-06
4.760379659544470444e-06
4.776404892351877900e-06
4.783414717204832619e-06
4.808607957501935595e-06
4.819254531580468380e-06
4.839574727164050501e-06
4.877574827016806782e-06
4.898987084033129331e-06
4.937178804997272569e-06
4.946132917217864325e-06
4.978671620538902100e-06
4.988193510319132701e-06
5.014650145437883341e-06
5.042074558089692962e-06
5.081005676692808555e-06
5.092520848384310894e-06
5.099978732520724321e-06
5.118369521672824384e-06
5.133129381358274388e-06
5.165514664982125988e-06
5.184339290608879972e-06
5.212015953742127054e-06
5.233298207776940439e-06
5.244835262286592292e-06
5.268411970242886106e-06
5.288126881955520742e-06
5.303824428154443790e-06
5.329447297452524920e-06
5.350293656672989813e-06
5.368089420699484528e-06
5.391138349343036511e-06
5.396783594596555282e-06
5.429378357267668558e-06
5.460089515999382635e-06
5.492617047983235257e-06
5.494103227185234673e-06
5.523847102435596358e-06
5.538581115424949656e-06
5.553480725695436627e-06
5.578795715459704766e-06
5.580830231266353821e-06
5.639573281393541809e-06
5.664966605571475193e-06
5.669659231163586763e-06
5.688600112810228128e-06
5.723291425055724213e-06
5.748285574811774416e-06
5.760857753769974693e-06
5.784069931420071279e-06
5.787159078090081363e-06
5.829966229209305525e-06
5.844718261640473150e-06
5.857298660272965290e-06
5.874120230286432788e-06
5.898669587572305284e-06
5.924480594421727858e-06
5.953347782257316893e-06
5.969530000723176996e-06
5.980070169938157841e-06
6.010545523681285068e-06
6.028954523520109246e-06
6.052302239314653921e-06
6.058127423832236679e-06
6.071277958793945671e-06
6.100050026843737176e-06
6.116387515190306416e-06
6.145086525909584608e-06
6.171617199312497289e-06
6.194962023828624347e-06
6.219755774534735307e-06
6.251702178749818833e-06
6.267061809614875141e-06
6.282697990572211961e-06
6.317948444697909487e-06
6.331604575323007382e-06
6.356184729506707178e-06
6.361271763676764648e-06
6.411093695239733207e-06
6.437550250377219926e-06
6.458049826391683228e-06
6.484902634968883269e-06
6.486272973355683697e-06
6.513720732596336843e-06
6.523713527962904035e-06
6.531651749288631411e-06
6.550613760781918513e-06
6.590076318844739689e-06
6.624495077053651586e-06
6.627772716021206331e-06
6.667331879449720934e-06
6.680965841004568191e-06
6.708904149960780959e-06
6.735748241787675974e-06
6.743585192677647294e-06
6.757041259892321803e-06
6.764831359434389782e-06
6.779858336430411046e-06
6.849819234293460642e-06
6.859957218680125097e-06
6.867982354467354111e-06
6.912774437747104693e-06
6.936703647562881562e-06
6.940841703484179150e-06
6.948997558521162978e-06
6.973705129231949074e-06
7.007910710102734461e-06
7.044012715028118408e-06
7.059828225311603881e-06
7.066977456844417116e-06
7.104297586056238997e-06
7.120524106301306391e-06
7.129564700772935094e-06
7.156132260480330893e-06
7.206820632767231074e-06
7.222332531451791946e-06
7.245005655807546770e-06
7.271812122499054997e-06
7.301961827847912428e-06
7.320083056931544773e-06
7.347048002600600126e-06
7.355360572854569461e-06
7.385538480317574347e-06
7.424243568698871287e-06
7.456767764955335291e-06
7.471380460810551243e-06
7.487674245026140250e-06
7.496610292148079993e-06
7.543518404457520738e-06
7.552528801954809291e-06
7.580586578538987514e-06
7.589806958717801755e-06
7.614533351467427580e-06
7.641125487117870788e-06
7.655097161038546731e-06
7.677697840426352327e-06
7.701278794209601066e-06
7.743346004738983367e-06
7.746340442528931220e-06
7.775409481469166577e-06
7.795855521346205328e-06
7.799881106572490434e-06
7.830561858390863735e-06
7.860216549863289560e-06
7.897441508227046533e-06
7.906464187693937063e-06
7.925879378596121616e-06
7.958697219350286981e-06
7.968633279371622520e-06
7.989534073269332495e-06
8.011384083094208735e-06
8.023531990389501034e-06
8.089474373346390216e-06
8.096699517739351941e-06
8.113941845876931097e-06
8.135976569175329607e-06
8.147497507927141811e-06
8.190532243897549931e-06
8.218977172424555134e-06
8.224828022796673254e-06
8.249548776770358966e-06
8.289950654346087681e-06
8.302260018100512029e-06
8.325693834889958929e-06
8.373205602366101544e-06
8.389202834928903747e-06
8.406099833532776526e-06
8.422176316521815995e-06
8.431794440055640375e-06
8.447898795690550399e-06
8.479661753675870415e-06
8.507486127048842926e-06
8.546629217946659314e-06
8.563086600615581941e-06
8.589369969252386269e-06
8.609482825714649494e-06
8.614751406934440179e-06
8.623135406247602527e-06
8.681735826687725079e-06
8.693834098205344832e-06
8.721827853104556266e-06
8.768872677593374433e-06
8.774541833418499537e-06
8.804570554652755847e-06
8.826834028217130234e-06
8.844536598477391759e-06
8.874745548703836495e-06
8.898235291881176847e-06
8.924723502665814686e-06
8.949473095782688040e-06
8.980557856849922654e-06
8.984593339827322492e-06
9.016539041729983628e-06
9.029667471416251870e-06
9.048042096230829020e-06
9.063844815653593473e-06
9.090228764281861609e-06
9.113398060631134430e-06
9.121153029140677550e-06
9.153095187402636359e-06
9.198385000014774480e-06
9.205943934196073459e-06
9.260662099690851890e-06
9.272424168641856099e-06
9.288792186014987545e-06
9.311758942205692499e-06
9.348616931413560721e-06
9.361262695738789276e-06
9.379284062285759402e-06
9.418769535700189258e-06
9.436903973855616915e-06
9.471821003755902103e-06
9.506979122422313752e-06
9.518879443684372663e-06
9.572714985449852731e-06
9.583583295875856730e-06
9.592569900735605699e-06
9.619267378007228996e-06
9.660489139055481264e-06
9.677393352991637041e-06
9.719537368065245142e-06
9.743355297823913722e-06
9.764799498751567002e-06
9.780210682664715430e-06
9.819665011386698920e-06
9.845116466352041499e-06
9.859631659155949964e-06
9.909508243969541961e-06
9.928660997930847902e-06
9.956143767885768935e-06
9.991771633474440627e-06
9.998386635304531818e-06
1.001255756609946971e-05
1.003043461887453413e-05
1.005303062017624028e-05
1.007650920805599009e-05
1.010269138929128008e-05
1.011558888817519151e-05
1.014285486391323976e-05
1.018609763480744037e-05
1.022230557325392538e-05
1.026261427901024277e-05
1.028301386384685300e-05
1.029592669161520375e-05
1.030612281570907389e-05
1.033901239354752293e-05
1.039398191756617067e-05
1.040313984144042958e-05
1.043525907816939543e-05
1.047388464843785590e-05
1.048440587151303744e-05
1.050335981735467591e-05
1.052152092084350045e-05
1.057707153652057375e-05
1.059301215935227233e-05
1.062101410617762680e-05
1.064519477116525606e-05
1.065834795441778818e-05
1.068031743990540738e-05
1.068567573645489830e-05
1.075635010179953577e-05
1.077066977112702338e-05
1.078797579012647255e-05
1.083013415087849204e-05
1.083398717509585841e-05
1.085940144553510608e-05
1.088756232051785504e-05
1.091327002882960555e-05
1.093284310611135862e-05
1.097778740818239183e-05
1.101658922696198908e-05
1.104098284066013115e-05
1.105965979783089689e-05
1.109214799293342913e-05
1.113831640790454019e-05
1.116643455427492839e-05
1.119540037817630217e-05
1.121155083407480963e-05
1.123327241956954717e-05
1.125261594277374434e-05
1.128970917293535679e-05
1.130748820247768839e-05
1.133823497926133176e-05
1.137751808535011448e-05
1.140395830884682326e-05
1.141498185437222313e-05
1.144530269735238716e-05
1.148929253820193613e-05
1.152307028311994043e-05
1.154325631826457775e-05
1.157318502995665025e-05
1.160517856958753419e-05
1.161386598451616933e-05
1.164415177105158505e-05
1.165220579050205511e-05
1.168341245003512717e-05
1.169195598426008700e-05
1.173024465335148651e-05
1.175792139967294049e-05
1.178000900240230774e-05
1.179898218472163203e-05
1.184840298421066700e-05
1.187386082952313182e-05
1.191174982752394772e-05
1.192228422215674421e-05
1.194235844139692357e-05
1.196093921233107940e-05
1.197247748528347450e-05
1.202739371347303126e-05
1.205002829724260239e-05
1.207857210555456581e-05
1.211357708691093273e-05
1.211997574470412081e-05
1.213611582165601966e-05
1.217850484010825265e-05
1.221151324288626610e-05
1.224774804588318449e-05
1.229307117365300949e-05
1.231626764041018382e-05
1.233976545937373906e-05
1.236327048046936841e-05
1.238311836698787589e-05
1.239769964981919670e-05
1.243517404261591284e-05
1.246636951587921791e-05
1.249243997460980991e-05
1.250540818636668183e-05
1.252566944259257503e-05
1.258117095700369425e-05
1.259210036150013403e-05
1.260910686052725684e-05
1.262914522279485303e-05
1.267049968532039242e-05
1.268327849868112281e-05
1.271112211341861237e-05
1.273641688607722674e-05
1.278068250026357286e-05
1.279113397730172767e-05
1.282987668926633364e-05
1.286243859520601981e-05
1.291332688343122352e-05
1.293935410038880431e-05
1.294733253572155060e-05
1.297991753824802216e-05
1.304469042456992507e-05
1.304978552134894059e-05
1.307352704239024153e-05
1.308221312651578065e-05
1.311256408613324251e-05
1.317479659638288302e-05
1.318411387145435751e-05
1.319651595255294315e-05
1.323890180144821645e-05
1.325052846459348500e-05
1.326561195014427600e-05
1.329625485436943426e-05
1.329915070880993629e-05
1.335373488102919759e-05
1.338142588268396130e-05
1.339589958813382753e-05
1.342765150398330714e-05
1.345557363564225314e-05
1.351473708939991870e-05
1.354997922673787888e-05
1.356667252708731558e-05
1.360500701496049090e-05
1.360857527596677865e-05
1.369446167613112856e-05
1.370685029597679735e-05
1.371116148658704673e-05
1.377206492310719176e-05
1.377552034330041915e-05
1.379092220136715398e-05
1.381079623376505474e-05
1.384448945540415641e-05
1.389610671116651834e-05
1.392008017541010764e-05
1.395611436673877272e-05
1.398036621585555490e-05
1.401783157264378616e-05
1.405374907886379505e-05
1.407449872890559355e-05
1.408200866198149010e-05
1.413141875574933562e-05
1.415186727712680906e-05
1.420220111044724372e-05
1.421207598546577185e-05
1.421943585966079785e-05
1.425239167440862668e-05
1.428787544955424692e-05
1.429829454821937993e-05
1.431294728298586757e-05
1.436297756793090022e-05
1.439796271689095235e-05
1.443067757658293457e-05
1.445579074963285638e-05
1.451022533049722167e-05
1.454521008210460775e-05
1.457353721592134600e-05
1.460249118521904616e-05
1.462920293981992050e-05
1.465912485105448075e-05
1.467736097246325477e-05
1.469462351630684367e-05
1.475120631586729190e-05
1.478057497692701092e-05
1.480893663910866440e-05
1.484846210312931024e-05
1.489301467616000944e-05
1.490161749822499262e-05
1.492624199551940685e-05
1.495456612664054588e-05
1.496394876079000799e-05
1.502781561172712137e-05
1.503247166239576977e-05
1.505552624337220968e-05
1.507818834738572449e-05
1.510652824332960951e-05
1.511870513133472017e-05
1.518592467319462422e-05
1.523105287712848623e-05
1.524608104701754119e-05
1.528202488905190993e-05
1.532583609435811509e-05
1.532803927779114285e-05
1.537678712195556928e-05
1.539133349993421042e-05
1.540734433389399208e-05
1.543197714456466933e-05
1.546487476469679840e-05
1.550179579925630886e-05
1.552193094494468400e-05
1.556206608385369184e-05
1.558587068875123491e-05
1.562028888489349788e-05
1.564799528497752280e-05
1.568054425928026857e-05
1.572464137025451065e-05
1.573052740577234135e-05
1.579534874118042806e-05
1.581778041750576676e-05
1.584653691471251617e-05
1.585641706135582359e-05
1.592715836871035943e-05
1.594782517396343535e-05
1.597109066466909110e-05
1.598230901021582625e-05
1.601615426298608650e-05
1.604756158907014258e-05
1.608196507695889326e-05
1.608890899234183521e-05
1.613602821247094992e-05
1.617612173469200080e-05
1.621043333611202144e-05
1.621891622016434622e-05
1.624493860811822247e-05
1.629031408195927440e-05
1.634150782480308777e-05
1.637403818187870919e-05
1.640864105434446793e-05
1.642429135144256549e-05
1.643966304750672371e-05
1.644341971063119085e-05
1.648747719494791730e-05
1.649095063931908445e-05
1.654130939644899874e-05
1.660350384110004327e-05
1.663163701368404395e-05
1.663732397396126166e-05
1.665834053883326243e-05
1.669265928927696229e-05
1.674491744540247283e-05
1.677246753571383998e-05
1.681653846144794525e-05
1.682416593754171251e-05
1.687701622230690558e-05
1.690317925697277450e-05
1.695036546637199086e-05
1.696494751235748302e-05
1.702751964693473340e-05
1.706195280323228637e-05
1.709698354824676695e-05
1.711713207493887850e-05
1.719735570407163709e-05
1.720337603868523781e-05
1.723304716178312122e-05
1.725955421675228621e-05
1.729335415749059125e-05
1.732003704120597235e-05
1.732938489478118725e-05
1.737061445423751597e-05
1.739130432429414474e-05
1.742600053817024912e-05
1.743542621758235092e-05
1.750548799604220555e-05
1.751920570028316464e-05
1.754443822645597104e-05
1.757373245931641433e-05
1.759727602387742450e-05
1.764771374687443121e-05
1.765774312331619251e-05
1.768296797671300673e-05
1.772222416164181486e-05
1.774882817743674146e-05
1.779400335440868948e-05
1.783815201358527355e-05
1.786551025132557607e-05
1.789482551250198600e-05
1.793803051395156451e-05
1.797756041084822451e-05
1.801099144330901413e-05
1.803661588896135641e-05
1.806738288502627462e-05
1.811291644373115659e-05
1.814414445959096480e-05
1.815291690587729246e-05
1.819369120382066093e-05
1.822330306728250061e-05
1.823489088989439647e-05
1.827336018504294385e-05
1.830333615261222992e-05
1.833838441701076934e-05
1.839071449902620649e-05
1.843740975738347002e-05
1.844998577826195959e-05
1.846888803087353014e-05
1.847874071145703926e-05
1.851977620222215639e-05
1.856434165306232434e-05
1.862267911248234636e-05
1.866637918836577595e-05
1.868736784286082183e-05
1.875745489812496029e-05
1.876921853219517386e-05
1.880199393227240511e-05
1.882336285652105740e-05
1.885665238794920163e-05
1.887635431322570462e-05
1.893415927745728037e-05
1.898182001347636515e-05
1.900600975034256619e-05
1.905468036490114755e-05
1.907091578885311878e-05
1.912228836420664936e-05
1.914076526908835304e-05
1.916833668030771436e-05
1.917086203684356736e-05
1.918636607403125910e-05
1.922555473831322783e-05
1.927285336713610177e-05
1.930341781148160434e-05
1.936306220514812760e-05
1.939990379629072899e-05
1.942402273106900973e-05
1.944983420870210911e-05
1.947099733024741479e-05
1.951354523825747135e-05
1.955904541987873142e-05
1.957194629335971104e-05
1.967120078214774573e-05
1.967480703723176270e-05
1.971114279549921535e-05
1.972158153314524669e-05
1.979741869555833714e-05
1.980659504794844540e-05
1.984777039572253543e-05
1.986338466335381859e-05
1.991620740457308657e-05
1.995838488758645694e-05
1.997677209614337758e-05
2.002715889424822263e-05
2.008044881587508392e-05
2.012149644644540083e-05
2.013383955942581730e-05
2.013852120252271252e-05
2.020423496956059154e-05
2.023600743993447245e-05
2.028754250790480428e-05
2.031868876045881387e-05
2.035690903226144817e-05
2.039831459338254708e-05
2.042172218901832766e-05
2.043639998433397964e-05
2.046135987261357754e-05
2.051198840800116442e-05
2.053053004057621693e-05
2.060411740051472607e-05
2.062356407083500222e-05
2.064779259044269364e-05
2.065800576492238456e-05
2.067785190875289739e-05
2.072292318849395582e-05
2.077264787042123475e-05
2.081264779665291815e-05
2.083885383027464036e-05
2.085160983189674632e-05
2.091194729217061242e-05
2.093634892552404076e-05
2.095161312682150998e-05
2.099216272835319395e-05
2.103181117605523994e-05
2.107122562024534154e-05
2.110830557332944900e-05
2.117041572895914377e-05
2.121810863262445064e-05
2.125166517882643211e-05
2.129666674374520679e-05
2.131707958085358437e-05
2.135528686987563728e-05
2.139392999910503921e-05
2.142062649987680280e-05
2.144435732534777746e-05
2.150083345711208338e-05
2.152593115094055104e-05
2.154890500209655899e-05
2.160283859263170732e-05
2.164401826189423625e-05
2.166218012701385355e-05
2.170311950168332446e-05
2.171666990086542164e-05
2.176889178919262104e-05
2.181358367395088278e-05
2.184807893491345061e-05
2.190086817544287975e-05
2.194956855228686395e-05
2.198638044401457140e-05
2.199243352124292700e-05
2.200746344198750874e-05
2.207606574136141073e-05
2.210523163681038915e-05
2.212043947887756368e-05
2.219873107069427056e-05
2.225442323277886829e-05
2.226587022233753702e-05
2.229643467604397339e-05
2.238206250522037025e-05
2.241197018253733095e-05
2.244556122855162453e-05
2.246489439127865640e-05
2.248130090327380489e-05
2.252410343596703625e-05
2.254141704538557424e-05
2.262002748575461225e-05
2.263553465310235522e-05
2.268048369693443413e-05
2.271625127081609860e-05
2.272800863300318336e-05
2.277230707738873286e-05
2.280969621687123792e-05
2.282793143059928882e-05
2.288479899017673404e-05
2.292381916416185388e-05
2.297181000263473651e-05
2.298330099399289661e-05
2.306413142030658782e-05
2.308577407641197108e-05
2.310829864077930805e-05
2.315417587081352696e-05
2.317617918926560150e-05
2.323390062504136788e-05
2.327866459274420980e-05
2.331016668536027973e-05
2.332101658721713703e-05
2.334897951933248702e-05
2.339431504320585805e-05
2.342075311359281288e-05
2.351111331493733079e-05
2.352683426690647793e-05
2.357817117420258962e-05
2.359689785513119495e-05
2.363175691098883327e-05
2.366705437248662808e-05
2.367543796782829035e-05
2.373459326521974339e-05
2.379334557589658390e-05
2.385295280908368470e-05
2.386507413699502802e-05
2.388485430006069291e-05
2.391764069672494051e-05
2.399248332895393012e-05
2.404188127039261436e-05
2.405943823518364382e-05
2.409575292728552697e-05
2.419168668962248480e-05
2.421427220384606441e-05
2.427526467614966700e-05
2.428218497440740603e-05
2.434018773675356275e-05
2.435570597654574342e-05
2.440320115451304292e-05
2.442970322793726315e-05
2.448359328715873947e-05
2.449483110010143837e-05
2.455227066854841431e-05
2.459105772485383322e-05
2.460180701864411469e-05
2.470495793365404366e-05
2.471310822596032048e-05
2.473821908749118683e-05
2.476927358700587012e-05
2.485088218016517195e-05
2.488269709311292574e-05
2.493441621981192443e-05
2.493730020284280771e-05
2.500167583942244072e-05
2.501636679233879340e-05
2.511860395613200913e-05
2.512678597161862942e-05
2.517018935862482375e-05
2.520812054873803812e-05
2.522270858476198210e-05
2.527033420582804459e-05
2.528823595722119532e-05
2.532308593676088596e-05
2.542380438317851465e-05
2.543477474609703320e-05
2.547993403687549409e-05
2.550333135587086228e-05
2.553931878900797891e-05
2.555863753140943736e-05
2.563043027796656358e-05
2.565313934889374182e-05
2.568532719401520056e-05
2.573760740261772274e-05
2.576807642119529419e-05
2.580517213666845257e-05
2.583957232999001868e-05
2.589673572305933280e-05
2.590573352164338923e-05
2.598371105803876194e-05
2.600123954684718230e-05
2.605673273033637272e-05
2.608665271711480764e-05
2.614665405923532037e-05
2.622600293260076592e-05
2.624935331941959847e-05
2.630087015742916628e-05
2.632387603524000770e-05
2.635806018641463310e-05
2.640608281923887763e-05
2.644086808775135162e-05
2.647770200082250058e-05
2.650186544427522039e-05
2.657124761003776278e-05
2.659478033927050911e-05
2.660964173471944705e-05
2.671238605606372532e-05
2.675687516572912767e-05
2.679004935856204347e-05
2.684863578405963716e-05
2.688263998804462987e-05
2.692957324736488622e-05
2.697642828588005514e-05
2.699999955435541303e-05
2.703822315908456904e-05
2.708523716976070074e-05
2.710871412769152305e-05
2.718876152720274870e-05
2.724593171248437679e-05
2.728995440984183357e-05
2.731844307114136567e-05
2.734749473973474939e-05
2.737254415152303336e-05
2.743414230767905011e-05
2.746588863791028521e-05
2.750498341993178132e-05
2.751989250067388252e-05
2.755406954700899796e-05
2.761626381996978106e-05
2.766262415141531561e-05
2.768688657940876339e-05
2.770538558494491704e-05
2.772230786319286510e-05
2.778445350617295335e-05
2.781774520797652549e-05
2.786052545043685142e-05
2.792495452421346340e-05
2.796666476129405914e-05
2.800322230269024253e-05
2.804296509293537071e-05
2.812805061943820213e-05
2.813833133888555895e-05
2.817613168558531751e-05
2.823636194703542515e-05
2.828923262759421649e-05
2.832829033297269746e-05
2.838545425865560376e-05
2.839879506254214427e-05
2.843462464430224473e-05
2.853446614617724243e-05
2.854287387492379088e-05
2.863070409029617308e-05
2.866733047240830752e-05
2.872208004073772362e-05
2.878266499929659910e-05
2.880741584638303146e-05
2.885915527352610533e-05
2.891625258712906461e-05
2.894467158133604356e-05
2.897950251635109635e-05
2.900281246066375307e-05
2.903768393573271791e-05
2.911477841081595418e-05
2.915470059231277302e-05
2.919013707238315118e-05
2.922061612665212692e-05
2.925977994008397852e-05
2.928665248002268597e-05
2.933421082278564164e-05
2.937065514027528674e-05
2.940724334239003596e-05
2.945295416493280696e-05
2.949242489078414178e-05
2.952262255719874148e-05
2.957298105807369454e-05
2.960949533999605160e-05
2.966946702501149465e-05
2.973541285100439956e-05
2.981996662539520217e-05
2.982650635594998989e-05
2.987000557713467115e-05
2.992501373962310260e-05
2.996282679821424226e-05
3.008097294054108058e-05
3.011001009777627458e-05
3.014722736144753791e-05
3.019170774845822435e-05
3.020769479541337275e-05
3.028859844149478641e-05
3.030811667776756412e-05
3.035053192053624888e-05
3.040595185301604839e-05
3.044273706971515884e-05
3.048318935902321871e-05
3.051711827032063332e-05
3.059260373159218620e-05
3.062001885929023650e-05
3.066719305839424564e-05
3.074563234948240597e-05
3.078099569307775178e-05
3.081034038486516239e-05
3.083522034244802143e-05
3.084875724374160208e-05
3.089382463135854971e-05
3.094767311937964585e-05
3.098825936484357602e-05
3.106526357131002232e-05
3.112606960637802074e-05
3.115887341589641980e-05
3.119063426693135973e-05
3.122989065692524180e-05
3.126960672621136061e-05
3.131187815431551910e-05
3.142399656158973386e-05
3.142960057323568101e-05
3.147137242884581011e-05
3.156857930983772388e-05
3.158565595345369417e-05
3.164357959444082308e-05
3.168586587142473675e-05
3.170899103857847425e-05
3.174460971374270992e-05
3.177637729549499237e-05
3.183799976062266399e-05
3.189490169054391645e-05
3.191786069686519201e-05
3.197031149259881852e-05
3.205258205597488091e-05
3.210140139216300026e-05
3.215520388773601262e-05
3.220701425297707934e-05
3.225706943005554264e-05
3.229531267083257261e-05
3.231987473152790678e-05
3.235809873939977162e-05
3.241552524225988304e-05
3.244947188133537157e-05
3.247363685088218216e-05
3.253023698986307245e-05
3.258458607522679318e-05
3.261078467133981390e-05
3.270932974142849254e-05
3.274622429916205618e-05
3.283973101442544016e-05
3.286221446274038426e-05
3.287634170998193333e-05
3.299921829174973459e-05
3.302279579996909094e-05
3.303047613896876810e-05
3.309515756743699728e-05
3.313616392688634318e-05
3.317086603081622904e-05
3.323081517746134567e-05
3.329123597494081739e-05
3.337289158973444716e-05
3.340938813283594145e-05
3.349786301812261757e-05
3.352825484752134950e-05
3.357677249173793380e-05
3.362947566977839977e-05
3.365628687077342406e-05
3.370115500786787768e-05
3.378225583778242624e-05
3.383495853689170036e-05
3.391911438688434188e-05
3.393019503864127932e-05
3.395919294581082926e-05
3.399284890707284028e-05
3.403046608827724439e-05
3.406442629605553488e-05
3.412082617446875459e-05
3.421177856669687300e-05
3.422998413230549482e-05
3.425776996473201512e-05
3.433440277615803452e-05
3.434846372697069277e-05
3.440722656089069203e-05
3.444874288261737320e-05
3.450093649786509426e-05
3.457628812677720012e-05
3.466463797717787365e-05
3.472223890683176061e-05
3.477337581641650746e-05
3.478793441070769470e-05
3.483774949126063145e-05
3.487685613789513192e-05
3.491644573345248982e-05
3.500896297488642367e-05
3.510498407867215559e-05
3.514681986134592600e-05
3.517818364451071863e-05
3.526618509278952208e-05
3.529699966210862776e-05
3.533055964246994160e-05
3.535570329003029415e-05
3.548776674953306123e-05
3.551140096255744010e-05
3.558255300917552698e-05
3.562048806636573215e-05
3.564128500208988716e-05
3.568341052580425901e-05
3.576926244396815116e-05
3.579493884568163398e-05
3.580759552073745045e-05
3.591939210357745051e-05
3.593844489563936546e-05
3.596730579243035477e-05
3.599313156259811549e-05
3.609098263393355368e-05
3.619798693079480525e-05
3.623309773806604364e-05
3.630830361566830415e-05
3.635215430849066131e-05
3.635638017473207027e-05
3.641329028643448270e-05
3.646743557601001565e-05
3.654965767005429909e-05
3.662036742110899828e-05
3.669480036974965436e-05
3.676135062466756755e-05
3.678992419363161373e-05
3.684034598188968965e-05
3.686517649257536292e-05
3.687757149020892878e-05
3.694771345312375225e-05
3.698752252369072148e-05
3.701294316007447876e-05
3.712777658960575157e-05
3.715605059559456242e-05
3.727464180840054975e-05
3.729904384284749399e-05
3.732790489216216112e-05
3.735902339607514267e-05
3.742172616625572749e-05
3.746594108905584674e-05
3.753923875576644682e-05
3.764865560547980589e-05
3.769142894274218788e-05
3.771990656382023165e-05
3.778620832802064022e-05
3.779538669501317515e-05
3.787405412212064784e-05
3.787968316817149619e-05
3.798060755535112034e-05
3.803368853404900327e-05
3.810410598579368847e-05
3.811364425169678978e-05
3.816908972069991789e-05
3.825494932324219864e-05
3.832792222500454760e-05
3.837374158126810017e-05
3.842036142253618100e-05
3.842848860038166280e-05
3.851260297728111546e-05
3.864998610480526288e-05
3.867269424611640392e-05
3.872184994574710869e-05
3.873716112918915920e-05
3.882458889815415179e-05
3.889747488529849453e-05
3.892443090113646351e-05
3.897655600139015908e-05
3.905118791820135431e-05
3.914326221887005875e-05
3.917468016902675426e-05
3.921552605303724106e-05
3.926399870635874199e-05
3.929044262351980471e-05
3.939022630105249638e-05
3.943563999937572495e-05
3.947364980978501392e-05
3.954832560889226046e-05
3.958260806452149945e-05
3.967267248037812120e-05
3.971490283338231369e-05
3.979962259182555682e-05
3.990781594255480972e-05
3.992921393326191032e-05
3.999081650791868589e-05
4.002583720858296111e-05
4.002939440846016168e-05
4.011294828271024106e-05
4.013721184722189247e-05
4.020081219720871382e-05
4.031584453646603169e-05
4.037107327642112156e-05
4.039851511017647289e-05
4.044261788451474252e-05
4.052331032186219916e-05
4.063535712156157731e-05
4.067443624488018954e-05
4.075050381380857162e-05
4.081442503021056353e-05
4.085174911106731845e-05
4.089176350518431314e-05
4.093196003238151157e-05
4.103890391494861742e-05
4.109163820822631476e-05
4.112541292497371776e-05
4.123800840245814606e-05
4.130684091197699457e-05
4.133725442422340286e-05
4.142902306694845637e-05
4.150129760500136702e-05
4.153018340661697141e-05
4.158141034792355565e-05
4.159764367603739236e-05
4.164835317636158104e-05
4.179398755919219629e-05
4.183247966757612106e-05
4.191248142590572689e-05
4.195810013524012706e-05
4.202290104841349948e-05
4.206699502251238262e-05
4.210007497684770822e-05
4.215111691076531974e-05
4.225304739164603777e-05
4.232190570174829673e-05
4.237578565829376663e-05
4.245202548639378371e-05
4.251084031349803638e-05
4.257774329244677994e-05
4.260171843723701651e-05
4.263765972020353403e-05
4.274513129114849015e-05
4.277887479288410981e-05
4.284176241342540733e-05
4.287128608649843438e-05
4.294796848094389316e-05
4.302456648216742186e-05
4.306660492506268919e-05
4.311749881533625910e-05
4.321750315219547529e-05
4.330364415485552253e-05
4.335387904466123614e-05
4.340546816189545586e-05
4.344721505597681679e-05
4.357854239334378902e-05
4.360448810698019299e-05
4.364841805965317246e-05
4.370052682126078795e-05
4.375010336213469423e-05
4.384673687765230736e-05
4.388185012547582940e-05
4.390311218799518419e-05
4.406793730589048536e-05
4.407815574229534920e-05
4.414722284853499071e-05
4.420693079432483195e-05
4.427383213226456442e-05
4.433656654110322586e-05
4.441013110960839613e-05
4.445247625222067820e-05
4.453244646539902048e-05
4.458694696734428478e-05
4.466081931913281190e-05
4.472108353110304914e-05
4.481712180877387070e-05
4.486232529564982406e-05
4.495148902175564288e-05
4.504719559890702993e-05
4.509401665347228090e-05
4.514014254568792509e-05
4.525482166733294566e-05
4.532325513565467495e-05
4.536236639104347835e-05
4.540536066767288846e-05
4.546755254077739080e-05
4.561750699562104367e-05
4.563675859199801667e-05
4.569736020028280165e-05
4.572262659873078114e-05
4.582531924063728488e-05
4.587274656766700503e-05
4.587908100619157427e-05
4.602977376343702661e-05
4.610466570472610307e-05
4.615687623133543101e-05
4.624584478333534183e-05
4.629497703852068693e-05
4.639192141049831202e-05
4.639994422453904555e-05
4.650104695160583242e-05
4.657845968671701610e-05
4.665789511503199951e-05
4.672429932004844446e-05
4.674027031793986285e-05
4.680858576690517884e-05
4.686459645284806678e-05
4.689918940185203703e-05
4.697642295141673391e-05
4.700234481326659810e-05
4.705395622340590892e-05
4.720965008748171819e-05
4.730920321005912854e-05
4.738895508541731642e-05
4.745234668315112563e-05
4.749256612039161199e-05
4.756120459896046883e-05
4.758827417453969239e-05
4.768735652910811564e-05
4.771066385832459022e-05
4.782091160156058831e-05
4.786998485963949818e-05
4.794793639035967446e-05
4.802088304581439237e-05
4.810464113536579796e-05
4.814157219697405267e-05
4.823563713808740120e-05
4.832421162704592495e-05
4.839478828438267913e-05
4.842770122036552127e-05
4.855518671698646159e-05
4.864388180114099180e-05
4.870715229058136326e-05
4.878892298738751607e-05
4.880751733643613646e-05
4.894430205439897368e-05
4.897129629666894510e-05
4.905771991280539601e-05
4.910549509304390519e-05
4.924600994244571363e-05
4.928816253072814719e-05
4.936865288533727724e-05
4.941252121299708595e-05
4.950889738488224522e-05
4.954976190773764151e-05
4.961019798018071923e-05
4.970213868761048795e-05
4.977892760008001638e-05
4.989164070352294472e-05
4.993848731167642603e-05
5.002713449179309628e-05
5.007342775793069997e-05
5.018613290502921660e-05
5.021154290418628548e-05
5.024273884279210049e-05
5.036516942262005397e-05
5.047530382216361530e-05
5.049185094006851870e-05
5.056676860830020513e-05
5.061105472191888442e-05
5.069059985346701232e-05
5.080961243714425968e-05
5.082889962141790984e-05
5.087884232320294414e-05
5.100733334829131389e-05
5.104752862554885317e-05
5.111173273795106999e-05
5.125648231757477341e-05
5.128696952897097842e-05
5.137382197137461590e-05
5.153111250430545103e-05
5.155467489862339145e-05
5.159351045796857038e-05
5.171562069432180888e-05
5.181324167029717758e-05
5.187989696013168000e-05
5.193334134659551954e-05
5.198759689296346382e-05
5.203069032919265566e-05
5.222534986553387164e-05
5.223212499509302220e-05
5.228509138700903572e-05
5.232682151265621450e-05
5.244356571526076830e-05
5.250159259638406380e-05
5.260251540485834794e-05
5.275000229643757771e-05
5.285313430550253442e-05
5.287200842906402429e-05
5.294018201327132156e-05
5.303285150747526471e-05
5.320594302336852354e-05
5.322951683205422629e-05
5.327681505943773738e-05
5.334769512169771331e-05
5.340441596013499430e-05
5.349164849163028849e-05
5.355354373697307659e-05
5.365102152110018765e-05
5.371634514360459277e-05
5.373786318927379946e-05
5.377233211570596201e-05
5.388346765709437717e-05
5.397092483814520085e-05
5.402296799687686765e-05
5.405984300488972263e-05
5.418093885685003086e-05
5.426619001920072403e-05
5.435010074622444583e-05
5.440853548688107886e-05
5.450836095962922532e-05
5.457160587289249529e-05
5.470015785857123436e-05
5.482339037816622148e-05
5.482977218542478022e-05
5.490586566402929351e-05
5.503512316500989949e-05
5.511752810658897132e-05
5.520413318194918820e-05
5.524504044221141899e-05
5.530428188571900845e-05
5.546807502735809017e-05
5.553088507048236998e-05
5.560619621818240442e-05
5.574042581804137527e-05
5.586919134174612777e-05
5.591930170818572207e-05
5.599462624421142190e-05
5.603261014265180378e-05
5.610112380417877238e-05
5.622257411826979580e-05
5.634217609900381133e-05
5.643104399742698764e-05
5.648144092480179374e-05
5.657960901722084470e-05
5.670185470901097579e-05
5.676964597298472294e-05
5.682714191679453565e-05
5.685386324736414092e-05
5.696308242855268851e-05
5.709079899193298990e-05
5.717002029380803264e-05
5.725869124181225654e-05
5.732989738247988885e-05
5.741443124894156206e-05
5.748931129873118890e-05
5.752965130260991847e-05
5.759402308539940748e-05
5.774143746849590554e-05
5.783973501189191256e-05
5.790367131735323997e-05
5.801774511906031474e-05
5.808858827026400727e-05
5.816028896576906355e-05
5.828948918933798766e-05
5.833325634231443938e-05
5.839022679814642703e-05
5.845426512437305752e-05
5.862216412667791495e-05
5.876509124361952975e-05
5.877475707343724913e-05
5.886457273396506249e-05
5.897781431704958346e-05
5.906073811199895091e-05
5.912773143148386664e-05
5.935225787562407678e-05
5.939366110153962653e-05
5.944770995469580321e-05
5.958831127302708107e-05
5.974833020641254471e-05
5.978189281886272778e-05
5.981878287739933730e-05
5.993402468622490581e-05
6.002917889426948543e-05
6.023898358433577927e-05
6.035102846916566967e-05
6.038966006784985248e-05
6.044803783277815100e-05
6.051527385663048032e-05
6.060651038437845289e-05
6.070856703927780530e-05
6.080674031059926817e-05
6.085363054458816978e-05
6.095138222997192325e-05
6.102820910461981507e-05
6.119615882952310294e-05
6.125644250575499065e-05
6.139835078859161234e-05
6.145380853754406889e-05
6.147292360785627612e-05
6.152755465169823653e-05
6.165914192945118365e-05
6.173544220067571202e-05
6.187989464435966107e-05
6.192306027826482507e-05
6.205132853223890876e-05
6.214535372120416439e-05
6.223977977781436604e-05
6.238231049100390643e-05
6.249810099790374922e-05
6.264248741835922861e-05
6.270309558700604233e-05
6.280988320528028805e-05
6.285075209439108844e-05
6.296196052428553900e-05
6.303371630284160363e-05
6.326368843507937725e-05
6.334443966417902829e-05
6.342194478918650288e-05
6.353537369678012516e-05
6.355979446882395879e-05
6.368823451818826620e-05
6.375705255954884198e-05
6.388665311311109672e-05
6.392288852196301142e-05
6.408034299711125987e-05
6.413341289194269960e-05
6.417725938887305730e-05
6.435121009713567380e-05
6.452600701584624936e-05
6.456619418205859404e-05
6.470384484318195172e-05
6.477785867394189362e-05
6.491000782105062433e-05
6.497723864216624757e-05
6.509245950690367071e-05
6.521356315362826365e-05
6.525602694464559782e-05
6.554081245403304515e-05
6.561600709042703084e-05
6.567749509694067339e-05
6.571276743534537189e-05
6.580386142439075589e-05
6.586450507188861426e-05
6.602188005552362380e-05
6.614535965485552347e-05
6.627054537317931637e-05
6.627370007443282585e-05
6.644722075519484100e-05
6.652660833657570024e-05
6.659624246631565866e-05
6.683222751246436642e-05
6.687616332357217011e-05
6.694041560372276164e-05
6.710637673130022624e-05
6.721256783793358122e-05
6.727547369707475200e-05
6.739516866635975631e-05
6.760548902668392140e-05
6.767832308968858683e-05
6.778257529907996324e-05
6.794819564011895358e-05
6.802128734640359347e-05
6.810983904316050591e-05
6.819853410474383069e-05
6.829353652287898583e-05
6.837644882592532948e-05
6.846918101314411465e-05
6.851793041882021679e-05
6.860954818529967764e-05
6.879268583699723499e-05
6.897414166135103274e-05
6.907221456274301229e-05
6.910352844726806005e-05
6.934552529902440635e-05
6.944879037929521876e-05
6.966809439414946346e-05
6.971814541977809263e-05
6.980418468437182443e-05
6.983151441623924979e-05
6.997221105420530841e-05
7.014275882117254396e-05
7.021466091085234757e-05
7.045250788241847633e-05
7.055489204700035643e-05
7.064512742746941322e-05
7.074899516619308475e-05
7.079516849266909238e-05
7.088704149170269324e-05
7.111895383796785770e-05
7.117319474894813296e-05
7.128238743634827555e-05
7.145665120929020207e-05
7.156557908408403969e-05
7.165983891189188482e-05
7.176845918401720669e-05
7.184335054290496170e-05
7.203883136225452803e-05
7.207492259823830008e-05
7.216321491049575122e-05
7.235267296171516327e-05
7.246527351070302335e-05
7.258725514882073335e-05
7.270030044173570426e-05
7.288992820680644641e-05
7.305057760737153284e-05
7.315033286342157532e-05
7.323872269614184157e-05
7.342166098419008471e-05
7.349760443331120020e-05
7.358983325594070353e-05
7.379071801635426889e-05
7.384858466240326407e-05
7.394538707046363710e-05
7.401420743269536927e-05
7.420381111275807561e-05
7.434665004688758411e-05
7.442433672318448236e-05
7.448617141431984980e-05
7.473035829161456885e-05
7.487181760971904556e-05
7.509553674222927409e-05
7.517636884226288447e-05
7.525161739590180649e-05
7.537227616056808291e-05
7.563244868655867505e-05
7.577391588394817188e-05
7.588224489312927004e-05
7.603550880285950405e-05
7.617195437912695579e-05
7.626029799609298956e-05
7.634409267304015335e-05
7.646446477842900550e-05
7.659765136037840680e-05
7.690724812290762396e-05
7.695594501478881849e-05
7.711516334454890181e-05
7.717155734102834684e-05
7.727857508237053277e-05
7.739043892918046660e-05
7.747346393566281731e-05
7.773740899500496885e-05
7.783862321836773656e-05
7.799803718837551505e-05
7.806610121026189952e-05
7.826106828672129063e-05
7.828474812735040488e-05
7.844461998968145727e-05
7.870382334516070808e-05
7.873722250322580688e-05
7.881015280361173625e-05
7.915065818533095732e-05
7.919053194220521509e-05
7.935138136088134360e-05
7.952266667838871162e-05
7.960697924916868820e-05
7.973969270521446791e-05
7.984618834069532863e-05
8.017825042079456473e-05
8.027776638552065530e-05
8.032131545882042123e-05
8.052318948820775949e-05
8.067654409310857835e-05
8.074808768169575959e-05
8.095894282613951411e-05
8.099364830212048532e-05
8.127911914465686043e-05
8.139880662367202644e-05
8.167199700040483955e-05
8.169096099296139439e-05
8.174889752692167074e-05
8.197490010183037558e-05
8.217754951032104488e-05
8.230754240182866174e-05
8.248006382684656859e-05
8.262755898461541105e-05
8.276118316444193608e-05
8.290369893516715059e-05
8.311560428914193885e-05
8.338654849118479391e-05
8.353811291928294521e-05
8.373264955628018666e-05
8.391433886010713915e-05
8.394350831995464298e-05
8.425252873767418707e-05
8.431279878567101902e-05
8.442980077343282055e-05
8.463826781084691586e-05
8.473452805137139275e-05
8.484660955153949954e-05
8.498214770105058907e-05
8.505741290674351436e-05
8.530190834830098383e-05
8.538710498127072062e-05
8.551594591864001692e-05
8.576809667861151002e-05
8.616990331852969899e-05
8.626937046370651563e-05
8.642516736731399129e-05
8.660346729649216182e-05
8.683542171101912355e-05
8.706110576599765687e-05
8.718940966808765589e-05
8.737967111583281969e-05
8.741864914283148391e-05
8.756729651832674847e-05
8.782695047441032741e-05
8.793836103775582770e-05
8.800743686234027479e-05
8.819249598365976755e-05
8.838474341555147581e-05
8.848131916274223723e-05
8.871605878906443248e-05
8.892454550444131892e-05
8.907087308912253743e-05
8.914224734980038579e-05
8.929380981232177433e-05
8.949526470099476185e-05
8.988055680572645822e-05
8.995195314179676462e-05
9.007881499704078869e-05
9.029152314948580161e-05
9.037685285624554932e-05
9.050920471042850997e-05
9.102730995574930721e-05
9.116744572776950249e-05
9.139612384897839920e-05
9.153657110873396612e-05
9.162290499254150246e-05
9.183655373895927389e-05
9.205626354342583931e-05
9.221229034667278817e-05
9.247898784136565089e-05
9.262041123310223569e-05
9.279078003749086881e-05
9.304969764252993692e-05
9.317603278822664595e-05
9.325107659093065187e-05
9.337628476292521697e-05
9.380827961255382098e-05
9.386449096522634066e-05
9.408460772210645959e-05
9.436670523590558689e-05
9.443076041432685850e-05
9.464004362442524109e-05
9.492089449124290867e-05
9.498151178425859895e-05
9.532415831806164720e-05
9.549230468413812155e-05
9.571336597500700993e-05
9.611502193090363697e-05
9.625185382539048692e-05
9.644358046182018235e-05
9.685377372408598322e-05
9.692546519941078328e-05
9.718465394745629546e-05
9.746081762357984872e-05
9.759065461378381228e-05
9.811735896655866286e-05
9.824344443657235723e-05
9.861093714157647761e-05
9.875003860676610096e-05
9.886126707327265082e-05
9.953445513673500817e-05
9.972572378080266445e-05
9.982434538406880972e-05
1.001352764317854101e-04
1.003526012723940472e-04
1.005460980423626493e-04
1.007754603111931844e-04
1.010584498928767441e-04
1.012161471016773166e-04
1.015466116250670465e-04
1.017273519909697748e-04
1.019677866183566552e-04
1.021388741180144521e-04
1.025904334802336742e-04
1.026884673468370416e-04
1.029672321805313574e-04
1.031376626161605205e-04
1.035282707024943853e-04
1.037763717934760013e-04
1.040044636329968107e-04
1.043027225523964873e-04
1.048519082616900091e-04
1.049794325307648520e-04
1.053379406029402739e-04
1.057577277513919832e-04
1.058722167012151238e-04
1.060972168038328456e-04
1.065698580163658313e-04
1.069289392026302900e-04
1.069990783958555455e-04
1.070843881731873800e-04
1.077016492888661529e-04
1.078713207555994605e-04
1.082074555381191917e-04
1.087959771521415409e-04
1.089494818684750839e-04
1.093634639537895608e-04
1.095995845922211807e-04
1.097142028113578773e-04
1.104682420029788544e-04
1.105127556399601921e-04
1.108068691826189005e-04
1.113727721402583108e-04
1.118584102113366992e-04
1.128303207093446221e-04
1.130919315519107022e-04
1.134678570326329072e-04
1.135096553151203379e-04
1.141967601504481774e-04
1.144099661072919128e-04
1.146761394580238621e-04
1.151579536247949434e-04
1.155866694756564313e-04
1.157494873306577675e-04
1.163858185349157283e-04
1.167693694542849207e-04
1.171976199448579914e-04
1.176281295377380455e-04
1.177902214063739701e-04
1.183256595674061199e-04
1.186036509285964135e-04
1.189022396117809182e-04
1.195382759066460879e-04
1.196704364602425115e-04
1.201834093122552434e-04
1.205191353141894892e-04
1.214501915191885809e-04
1.221828971022901353e-04
1.231256447477606852e-04
1.235451397054452617e-04
1.240463256094834655e-04
1.243794234653764082e-04
1.255073150607025870e-04
1.256347409861484539e-04
1.258676980382318915e-04
1.260056126730103041e-04
1.271612692731026873e-04
1.279534496128590824e-04
1.284077424423388149e-04
1.292979269628928432e-04
1.296404006415526609e-04
1.298368250259051865e-04
1.307625651260084141e-04
1.309980486347879101e-04
1.316562907638986772e-04
1.319634395031941704e-04
1.329576572440937382e-04
1.333130107127323530e-04
1.344392277559622068e-04
1.353736150233429290e-04
1.360990277713608801e-04
1.366455625455138779e-04
1.381799702889407392e-04
1.387092253777806909e-04
1.400563563272116626e-04
1.409781338909324574e-04
1.414089089664696233e-04
1.421909966278831589e-04
1.442111252561696861e-04
1.457671685426697452e-04
1.460880572270197280e-04
1.501828445010716727e-04
1.606145664447750142e-04
1.635390546797740082e-04
3.820324156047873784e-04
