-2.073702839776329806e-06
-1.993892198426986716e-06
-1.627761624698632590e-06
-1.483234795232949470e-06
-1.383162757961968808e-06
-1.194214759724453518e-06
-1.029939625107352677e-06
-8.713085126518718846e-07
-8.399859426443113242e-07
-8.399859390161985841e-07
-7.823296696344879841e-07
-6.068057771548451924e-07
-4.996571357156883114e-07
-3.805264722507499630e-07
-3.572725426029986047e-07
-2.462640040028891728e-22
-2.102547951074487594e-22
-1.539549145592595696e-22
-9.781901782854776560e-23
-8.581869869603733591e-23
-3.309716897575965502e-23
-3.023099710777257254e-23
-1.825608213287676145e-23
-9.178583730339472550e-25
-7.591915115791648756e-39
-6.734243988756373908e-40
-9.176209408122921493e-56
-3.169487677589231096e-71
0.000000000000000000e+00
0.000000000000000000e+00
5.811599291811264872e-55
6.442535352421403079e-39
2.032356468808928199e-38
8.440302308484116556e-33
3.423718421947641469e-24
2.089718593765161399e-23
3.869333239530779540e-23
8.914056182278193035e-23
1.031771889636249506e-22
1.294337628120680851e-22
2.359744094936707061e-22
3.190781807546809596e-22
3.572725426029987635e-07
3.805264722507497513e-07
4.996571357156878879e-07
6.068057771548450865e-07
7.823296696344885135e-07
8.399859390161985841e-07
8.399859426443113242e-07
8.713085126518719905e-07
1.029939625107353101e-06
1.194214759724453518e-06
1.383162757961968384e-06
1.483234795232949047e-06
1.627761624698631955e-06
1.993892198426986716e-06
2.073702839776330653e-06
