-1.467459643284997216e-04
-1.458907296195987343e-04
-1.443484902461210232e-04
-1.421817714071642064e-04
-1.419740074996037006e-04
-1.401459304436438922e-04
-1.390354680809814452e-04
-1.378810431400545339e-04
-1.373291545721737447e-04
-1.367450581937102328e-04
-1.359619188315349812e-04
-1.351848553149011516e-04
-1.343386464824866439e-04
-1.337136337160756670e-04
-1.331540149342499285e-04
-1.322669604502931331e-04
-1.317102765731943844e-04
-1.310923479580050177e-04
-1.303047565493275844e-04
-1.298267385499210762e-04
-1.293732996531227186e-04
-1.287137512067554367e-04
-1.279636323502208052e-04
-1.273638973355732174e-04
-1.263099686286239917e-04
-1.258620420388761191e-04
-1.255297382768920779e-04
-1.250417363742452965e-04
-1.244337331447157463e-04
-1.239930756509556641e-04
-1.236035820928842719e-04
-1.231593298996849263e-04
-1.225328756875270332e-04
-1.217701298208251999e-04
-1.216554983260285401e-04
-1.215178747679137271e-04
-1.211569215817516975e-04
-1.205370091765934059e-04
-1.200773806617695438e-04
-1.198391261073970831e-04
-1.195341955097062818e-04
-1.187354144649224865e-04
-1.184501578314478548e-04
-1.181638498191015776e-04
-1.176474969501059375e-04
-1.173216155407503391e-04
-1.168663641507691520e-04
-1.157847959242804101e-04
-1.157737927598440894e-04
-1.148165847277046167e-04
-1.146302541653598930e-04
-1.144007504888084166e-04
-1.143174438560307972e-04
-1.140314345646788581e-04
-1.135523528382433229e-04
-1.128581097982947739e-04
-1.124143426867199412e-04
-1.118606800289256837e-04
-1.114924924802887502e-04
-1.112344034379436690e-04
-1.109193220482819221e-04
-1.107180699425608502e-04
-1.099819290978810581e-04
-1.099429962996216454e-04
-1.094649314334897794e-04
-1.091457830520739742e-04
-1.087505629767001843e-04
-1.084271107254590043e-04
-1.079860605674674428e-04
-1.076200656055055146e-04
-1.074268744354799825e-04
-1.068923082326069110e-04
-1.067831299515365623e-04
-1.065149395232926915e-04
-1.062376750700692955e-04
-1.057392299937805430e-04
-1.055648287472395566e-04
-1.053379248440178002e-04
-1.050299129416710050e-04
-1.046325296869377952e-04
-1.039459824625527676e-04
-1.039156220052539134e-04
-1.038161625640671306e-04
-1.036208542090340197e-04
-1.032659868423488672e-04
-1.030650481862701223e-04
-1.029430698817537516e-04
-1.024597598009598359e-04
-1.022747965238425197e-04
-1.019927795643733089e-04
-1.017962731594559777e-04
-1.013602587903901780e-04
-1.011068605176457507e-04
-1.009304313735129847e-04
-1.006296512911121889e-04
-1.001361296804366007e-04
-9.985871718143165166e-05
-9.978190800228222128e-05
-9.958325012604895394e-05
-9.923263699436205769e-05
-9.880292091119135991e-05
-9.860670086146517473e-05
-9.851765685888984997e-05
-9.807111886569788695e-05
-9.802578263481819692e-05
-9.774322346648600017e-05
-9.724203218461056918e-05
-9.710308249996025469e-05
-9.686314627940210856e-05
-9.671882855628375470e-05
-9.658606295556800469e-05
-9.634498824742016075e-05
-9.611288823827308513e-05
-9.586153161819504500e-05
-9.581344956546531159e-05
-9.564883995845783918e-05
-9.546992785492081557e-05
-9.508022589512522816e-05
-9.475939135559652163e-05
-9.460729297942126561e-05
-9.427135804767075523e-05
-9.418290138016004718e-05
-9.413359926940875614e-05
-9.384414891015726743e-05
-9.358051912321408295e-05
-9.342425281941730284e-05
-9.333433291711763172e-05
-9.313971645142144124e-05
-9.293050201056445871e-05
-9.284964215459222826e-05
-9.247634815739938128e-05
-9.228718527139244485e-05
-9.214159176845545672e-05
-9.196988306670008577e-05
-9.190641799040263633e-05
-9.158728944820803937e-05
-9.139733650326118839e-05
-9.127601235100911610e-05
-9.117068980498880095e-05
-9.096392557784740128e-05
-9.053420682295962145e-05
-9.042329431893934887e-05
-9.032376809265601581e-05
-9.022995776506738917e-05
-8.989043369690118146e-05
-8.975462226095087771e-05
-8.946409994410367528e-05
-8.924718172464301841e-05
-8.911191315114736985e-05
-8.896276447293826055e-05
-8.877105784250951712e-05
-8.858607374623022766e-05
-8.839126424746626264e-05
-8.828465442329280213e-05
-8.785338961229055077e-05
-8.772789022720164313e-05
-8.769782663799454369e-05
-8.748103922840010809e-05
-8.731187761047726908e-05
-8.720954983807476728e-05
-8.697425206354660087e-05
-8.677799770533883644e-05
-8.652170388306521746e-05
-8.647271731736554860e-05
-8.642205600469576106e-05
-8.605756766929040561e-05
-8.595917796680315425e-05
-8.579486148496203335e-05
-8.573141662060500875e-05
-8.540809717303722830e-05
-8.526989973987198900e-05
-8.515212686849190889e-05
-8.507823490627229135e-05
-8.471064589769256969e-05
-8.451828364124427376e-05
-8.445528777457469495e-05
-8.436130024274588162e-05
-8.411661380702151896e-05
-8.407575198508450973e-05
-8.393468346793673271e-05
-8.370333079596407465e-05
-8.330845592554466891e-05
-8.320309309582523424e-05
-8.304788554254916716e-05
-8.288662825356450691e-05
-8.282784217180672330e-05
-8.259741478267783148e-05
-8.246485420620281673e-05
-8.235464406560083787e-05
-8.227962462368859035e-05
-8.208683978081354608e-05
-8.201965972184945800e-05
-8.183128358788049688e-05
-8.175823125578113857e-05
-8.160812741154361823e-05
-8.138736115403465523e-05
-8.103915633959283670e-05
-8.086163338805722354e-05
-8.076293867598062308e-05
-8.063208859075786784e-05
-8.054742696327014538e-05
-8.033443780651190313e-05
-8.019095534528538683e-05
-8.001230734179818954e-05
-7.982698189544471684e-05
-7.971210849189823010e-05
-7.963661754934443326e-05
-7.945898474981249332e-05
-7.916827179378639579e-05
-7.903280276117907559e-05
-7.892311778905551709e-05
-7.877159302536955563e-05
-7.873733037916342756e-05
-7.860926857947362202e-05
-7.841146174683786001e-05
-7.834277152832144460e-05
-7.813597734857473463e-05
-7.802085907169327341e-05
-7.795002895522164059e-05
-7.789014588453519339e-05
-7.760777877810598577e-05
-7.756834642253770994e-05
-7.738434277406594313e-05
-7.735119297752087028e-05
-7.732287552901048635e-05
-7.703721438533553509e-05
-7.696216711714923351e-05
-7.688939668483569764e-05
-7.685610538524807864e-05
-7.660893754524526463e-05
-7.641780903902523720e-05
-7.639226615101952762e-05
-7.626788162492887052e-05
-7.598003341264039905e-05
-7.586081839155281773e-05
-7.578304601692611216e-05
-7.560723305519573007e-05
-7.555556615034085945e-05
-7.521218013923009534e-05
-7.518548271698200674e-05
-7.498279782552814434e-05
-7.492587200298481240e-05
-7.477019377575643119e-05
-7.469804984665528178e-05
-7.460322746389178787e-05
-7.428067771059956718e-05
-7.419608130464187151e-05
-7.409500474278231288e-05
-7.391218427752956229e-05
-7.385863192607340936e-05
-7.375636371885383954e-05
-7.359517372267929743e-05
-7.353039266373455807e-05
-7.345936673331671790e-05
-7.335616914361463542e-05
-7.318239928693616133e-05
-7.299272317722549591e-05
-7.284619779232947147e-05
-7.281157723492212444e-05
-7.275032068825917095e-05
-7.253569419674518195e-05
-7.243526564953940098e-05
-7.230735012139419531e-05
-7.220567486711910142e-05
-7.203526901913040155e-05
-7.197545268076922711e-05
-7.194294179010594058e-05
-7.178467352614581476e-05
-7.164258812590998187e-05
-7.155328901740423133e-05
-7.132286903189920962e-05
-7.128310862911477902e-05
-7.114562209894318453e-05
-7.110484495509332219e-05
-7.097748212400304183e-05
-7.087446291919460785e-05
-7.067168523325989234e-05
-7.048125504268811848e-05
-7.036955697061847382e-05
-7.034953878185420094e-05
-7.020939027741745771e-05
-7.004301285954504645e-05
-6.991046803560511805e-05
-6.982201972180345124e-05
-6.968884906103968446e-05
-6.961162356957396869e-05
-6.949242129656534701e-05
-6.947854401725766203e-05
-6.930789842690376055e-05
-6.909286271149282874e-05
-6.897111018590205641e-05
-6.890789882422386709e-05
-6.881655457329149083e-05
-6.870920568577907337e-05
-6.854388068604574816e-05
-6.842175842136415055e-05
-6.839020639220314717e-05
-6.829790738468545562e-05
-6.822112254913712123e-05
-6.800786335936993192e-05
-6.788898500195941657e-05
-6.782071248853201097e-05
-6.763410857898233600e-05
-6.756327565137911309e-05
-6.741317878486087131e-05
-6.728951238233526273e-05
-6.724570028626204081e-05
-6.712904047288815719e-05
-6.694087742103354069e-05
-6.689913063514228188e-05
-6.682926397945235849e-05
-6.673488660973884773e-05
-6.656961825044979686e-05
-6.649601882929087745e-05
-6.632624201345014821e-05
-6.626811646032327436e-05
-6.620255094149675706e-05
-6.604904972505923864e-05
-6.595534826451333920e-05
-6.577218396798345881e-05
-6.574624482267527937e-05
-6.557647375921108477e-05
-6.550385590011522643e-05
-6.549354838797144442e-05
-6.546314288758414983e-05
-6.528157156203695792e-05
-6.524534735538472000e-05
-6.511139376588431327e-05
-6.504631638879763468e-05
-6.494056047219611797e-05
-6.488842893622500524e-05
-6.473697658655821498e-05
-6.458930866332597879e-05
-6.448532476576376436e-05
-6.438174426555195854e-05
-6.434753995818726503e-05
-6.424402378731444761e-05
-6.419637573699656314e-05
-6.402308261444256978e-05
-6.394634749658901314e-05
-6.384372550721962745e-05
-6.375899891524366189e-05
-6.372483802068890926e-05
-6.350974604008828583e-05
-6.333607719094896363e-05
-6.324597839616827723e-05
-6.307681728689078302e-05
-6.302825313340451694e-05
-6.298897767930504150e-05
-6.284389201929327731e-05
-6.277841236554238913e-05
-6.261819656451923484e-05
-6.258020480123495854e-05
-6.246526726061780381e-05
-6.229955596366987117e-05
-6.219831432078916692e-05
-6.215381340636359905e-05
-6.203189612324848498e-05
-6.199055083144920013e-05
-6.188280448702349469e-05
-6.183638051524501390e-05
-6.174995703458131173e-05
-6.156093163867584609e-05
-6.143102598546292881e-05
-6.136958589053842462e-05
-6.127314117508790374e-05
-6.118732224790565547e-05
-6.112576360180579146e-05
-6.103680148658680526e-05
-6.098129314018295590e-05
-6.089853980335736009e-05
-6.088436487347524662e-05
-6.079630524490318457e-05
-6.075144414036302517e-05
-6.045022646519631254e-05
-6.038314939551891287e-05
-6.031206953645238273e-05
-6.019573687085268143e-05
-6.016345367471374926e-05
-6.010396552892785716e-05
-6.002539197478979336e-05
-5.995818293848509091e-05
-5.973780963663132568e-05
-5.965295202838488887e-05
-5.958222505939377603e-05
-5.951100478464815504e-05
-5.946822098717369014e-05
-5.936831477514941866e-05
-5.921003878968352570e-05
-5.907487590968607441e-05
-5.895993248953244474e-05
-5.894279395833892617e-05
-5.880103680949403278e-05
-5.877720831707399581e-05
-5.874812685027588265e-05
-5.856138612568951120e-05
-5.852429960508929746e-05
-5.830103354324666775e-05
-5.817955031735056105e-05
-5.805995350106351346e-05
-5.798973885057599330e-05
-5.791169143556645774e-05
-5.784208058809081973e-05
-5.778872367266924394e-05
-5.774345920316935815e-05
-5.765413919941971878e-05
-5.757283448784949852e-05
-5.743835684131611365e-05
-5.737569702172108118e-05
-5.726847175580817271e-05
-5.718277053093393468e-05
-5.713666368694133170e-05
-5.698876294616078106e-05
-5.692981576312441949e-05
-5.690247125227555650e-05
-5.681276556541304249e-05
-5.662567527744075000e-05
-5.653277897363332576e-05
-5.652680819651822775e-05
-5.636229366210180404e-05
-5.633035119439359169e-05
-5.624053083197385347e-05
-5.614416033065615082e-05
-5.603560218991933010e-05
-5.594568951819154024e-05
-5.587943910931823381e-05
-5.585255296966644840e-05
-5.580788972024303975e-05
-5.579516519917166091e-05
-5.569075036583075373e-05
-5.557399643030062062e-05
-5.551274091158428872e-05
-5.541348070363141370e-05
-5.540290943230542542e-05
-5.532248552366933415e-05
-5.514346828049146118e-05
-5.506165125774728860e-05
-5.495779359339402533e-05
-5.489143416410988303e-05
-5.485647292492731929e-05
-5.473183903052613572e-05
-5.471599937825664354e-05
-5.466931279590066635e-05
-5.458312084982407390e-05
-5.441433491245327751e-05
-5.435423258801599418e-05
-5.424119774776952561e-05
-5.418728803307187549e-05
-5.409945971569184278e-05
-5.400324579847307831e-05
-5.396208321638560127e-05
-5.385006085616669179e-05
-5.377710645793922200e-05
-5.374427130580675159e-05
-5.370406605152861916e-05
-5.355020225052719212e-05
-5.349361157001239633e-05
-5.344935384823112787e-05
-5.332193587298847377e-05
-5.329030969883664383e-05
-5.317413836189609417e-05
-5.314083535624710943e-05
-5.307055696971039533e-05
-5.290270556721578038e-05
-5.287436221412105812e-05
-5.279193779012517394e-05
-5.275105647090462985e-05
-5.262564976315339593e-05
-5.248657073921324706e-05
-5.239952999486250198e-05
-5.233597304473341032e-05
-5.227887928496701770e-05
-5.219920018677814413e-05
-5.213340323401646645e-05
-5.194885180362112558e-05
-5.193274409983693291e-05
-5.188464799731093386e-05
-5.179915999485620024e-05
-5.174181744838294829e-05
-5.163043036595415581e-05
-5.162391544487257290e-05
-5.149929013015018618e-05
-5.144965224759920786e-05
-5.132684663264355888e-05
-5.131039019679570662e-05
-5.124500097865859581e-05
-5.117071166325541176e-05
-5.115025792704430241e-05
-5.102624197976248996e-05
-5.090458387145056318e-05
-5.079216394648145602e-05
-5.070169032831432283e-05
-5.064416766313340905e-05
-5.054965291675019988e-05
-5.051768657467487075e-05
-5.049693065228664520e-05
-5.042338011091275843e-05
-5.040239725384523269e-05
-5.038952964292676062e-05
-5.022872314999920655e-05
-5.018594672242358162e-05
-5.005403019337476998e-05
-4.998168771151475755e-05
-4.991287663968555199e-05
-4.984770019100464938e-05
-4.978484393647607140e-05
-4.969993194252277942e-05
-4.968227182939947398e-05
-4.958723785458559418e-05
-4.953063460676605079e-05
-4.937121105789978005e-05
-4.934017022216668976e-05
-4.923302861024083906e-05
-4.923022829841808105e-05
-4.912608810475806452e-05
-4.897850014212083123e-05
-4.892672900987694591e-05
-4.888818774876761323e-05
-4.871388579486153874e-05
-4.864426352385199507e-05
-4.858721866974424579e-05
-4.854828458943764472e-05
-4.851980894209853584e-05
-4.840695432200394562e-05
-4.838498541856957493e-05
-4.822525273551967324e-05
-4.820682932596415663e-05
-4.813913067050757782e-05
-4.812033611982423435e-05
-4.802592114798753977e-05
-4.796034096538461054e-05
-4.786903263370762441e-05
-4.782808390347985698e-05
-4.776004679849647126e-05
-4.763587700464356285e-05
-4.759715365085916497e-05
-4.754229615351130762e-05
-4.743858837704597334e-05
-4.742371953738586723e-05
-4.738287734641475788e-05
-4.734130206769756910e-05
-4.723997209964872192e-05
-4.719513518761782550e-05
-4.717461703256209502e-05
-4.704750471336535179e-05
-4.700693469970350434e-05
-4.691862931912951659e-05
-4.683957327508213271e-05
-4.680779714898296605e-05
-4.672284600403575129e-05
-4.666105728878977988e-05
-4.657050840686710521e-05
-4.651933989849448172e-05
-4.644191276533710686e-05
-4.635217216163899567e-05
-4.624860508473562767e-05
-4.620661423673784560e-05
-4.608899186075410249e-05
-4.605049387084518114e-05
-4.601732004164287601e-05
-4.592565284533607780e-05
-4.587140664415164184e-05
-4.584952116107968585e-05
-4.573993830447525220e-05
-4.566620726021995203e-05
-4.560505642762408311e-05
-4.550786424192749716e-05
-4.548500105884221176e-05
-4.534275018935117843e-05
-4.523062891624278644e-05
-4.519227194916322486e-05
-4.513756689480375551e-05
-4.509600693100791524e-05
-4.500621342427942506e-05
-4.495133823228347314e-05
-4.493008702043549971e-05
-4.487093748836818124e-05
-4.484374709683133694e-05
-4.478203090406306021e-05
-4.465024730898606910e-05
-4.460401726260612102e-05
-4.455196234063868980e-05
-4.444590841753517013e-05
-4.440105082747915173e-05
-4.436604703552581914e-05
-4.435526869675315912e-05
-4.426029183650639020e-05
-4.424562062260656368e-05
-4.408608279035085298e-05
-4.405444581696570284e-05
-4.399933978567447421e-05
-4.389881159345437363e-05
-4.386510148516970870e-05
-4.379750119771840628e-05
-4.373301565677226833e-05
-4.370840597091679128e-05
-4.363605373111292270e-05
-4.356103601593770789e-05
-4.346117320141759357e-05
-4.340371717844594110e-05
-4.334739804507974287e-05
-4.325411971354229128e-05
-4.322660589031551514e-05
-4.315063472182689464e-05
-4.308337840423112045e-05
-4.303417823491873515e-05
-4.300545000408972923e-05
-4.290867885132796451e-05
-4.282190832257782665e-05
-4.279933971790215308e-05
-4.270720981475542317e-05
-4.264222162443895054e-05
-4.258052471000737941e-05
-4.255188206225583646e-05
-4.244882755517661162e-05
-4.242693026038206900e-05
-4.232635421046204195e-05
-4.224390503268333976e-05
-4.221346792551173026e-05
-4.211812601580403249e-05
-4.211156101868276019e-05
-4.203325608183256033e-05
-4.200191447774081252e-05
-4.197582623682887042e-05
-4.190174078249353788e-05
-4.182833414990526214e-05
-4.177879343748139881e-05
-4.172131014881890870e-05
-4.168994069905286750e-05
-4.161591901645182717e-05
-4.157790976662392501e-05
-4.153293717917286369e-05
-4.145084446501804548e-05
-4.140773684262908586e-05
-4.137335366134243814e-05
-4.134637007402142220e-05
-4.126806398026466123e-05
-4.117473723641529667e-05
-4.105758645792034962e-05
-4.099528539752013390e-05
-4.096048534849360088e-05
-4.093007405073181718e-05
-4.087796485377730697e-05
-4.075244010425046624e-05
-4.069941457708881581e-05
-4.061751269725190941e-05
-4.058191623580982099e-05
-4.053606752979659381e-05
-4.049936010709942637e-05
-4.042729755431983141e-05
-4.040172015905553292e-05
-4.036445155376568758e-05
-4.025018078130458807e-05
-4.015633808744241396e-05
-4.010708337801012431e-05
-4.009429417624801721e-05
-4.001651226137364399e-05
-3.996710035294870079e-05
-3.993821492701990988e-05
-3.983256917009803664e-05
-3.972942309171009599e-05
-3.970741217458586202e-05
-3.961676685997576338e-05
-3.953312908816102755e-05
-3.951376753475052494e-05
-3.947677641194923133e-05
-3.943165699194606477e-05
-3.932330877037725696e-05
-3.928738594456029871e-05
-3.924104763923712491e-05
-3.913417317814292279e-05
-3.910750334131857979e-05
-3.908607798244763913e-05
-3.896895838392679492e-05
-3.893743558561155600e-05
-3.892122473798362335e-05
-3.883707998581208278e-05
-3.879067551564079281e-05
-3.870306430675911471e-05
-3.860116764664852187e-05
-3.858656670952337006e-05
-3.856688308381586017e-05
-3.850365309057445287e-05
-3.844644854356979701e-05
-3.835362929179077251e-05
-3.829181062813228356e-05
-3.828789255246786276e-05
-3.825730428689399766e-05
-3.823082196135313258e-05
-3.816067809203427870e-05
-3.814528155598688041e-05
-3.802654272843323114e-05
-3.801044468903787521e-05
-3.796102446844411445e-05
-3.790085207801982222e-05
-3.784153299228764007e-05
-3.775458841314776698e-05
-3.766277909388448527e-05
-3.763082428601326282e-05
-3.759293335652936168e-05
-3.748595532899839483e-05
-3.743676192123701830e-05
-3.739714454518332579e-05
-3.733250905574936405e-05
-3.728979006952561217e-05
-3.723138719848974532e-05
-3.713920267109534473e-05
-3.712753687067759924e-05
-3.710011179748969626e-05
-3.706947369769757688e-05
-3.704189558569300823e-05
-3.691678477893246211e-05
-3.690173119079908167e-05
-3.682718569718730742e-05
-3.677605225389770293e-05
-3.672550305409809785e-05
-3.664275103804996025e-05
-3.659168059603341817e-05
-3.655767125262230933e-05
-3.651017831671719420e-05
-3.649915747797670786e-05
-3.642362947282737150e-05
-3.634490185689382124e-05
-3.632280441731391719e-05
-3.627484972902955619e-05
-3.620462824288817370e-05
-3.615852619849863460e-05
-3.604105150804238155e-05
-3.597657511419198313e-05
-3.593401237955843642e-05
-3.588346495003229367e-05
-3.581358092869882663e-05
-3.580295652385635796e-05
-3.578669872015543684e-05
-3.572424805358169546e-05
-3.567355467051198334e-05
-3.563694341038564883e-05
-3.554244192763848553e-05
-3.548602906695461860e-05
-3.542082347794757078e-05
-3.538634385533743576e-05
-3.535315508211567259e-05
-3.530264012707730971e-05
-3.526038229083303436e-05
-3.518807017268462799e-05
-3.512807006683984888e-05
-3.508652068869616867e-05
-3.501753098031215524e-05
-3.498542536878572489e-05
-3.489704515029587738e-05
-3.484338083257588830e-05
-3.475166192839445440e-05
-3.471872504768946455e-05
-3.465894328691281946e-05
-3.461723112045631418e-05
-3.457636026697718921e-05
-3.455543425861098088e-05
-3.444034891180529335e-05
-3.443912666279626587e-05
-3.439162731328844247e-05
-3.435819099447264365e-05
-3.433360453900269766e-05
-3.427283144589759778e-05
-3.417766108332871922e-05
-3.416994305173939200e-05
-3.408614778408684647e-05
-3.402118524570259879e-05
-3.397171407828490289e-05
-3.394096806336452724e-05
-3.389901269424590454e-05
-3.385045344247930718e-05
-3.380977767791366445e-05
-3.373072114757058446e-05
-3.371714816906194945e-05
-3.366035366677075499e-05
-3.353597881006629348e-05
-3.351279780205326889e-05
-3.347691352374727836e-05
-3.340149818474155496e-05
-3.337440391055666937e-05
-3.334357800444317930e-05
-3.328565945431067490e-05
-3.324979356086881784e-05
-3.321425146716109722e-05
-3.311633071292337482e-05
-3.307086450783837682e-05
-3.305635641744984456e-05
-3.302436599911370076e-05
-3.290698488356034670e-05
-3.288436943928070712e-05
-3.282391360258605373e-05
-3.280397658544319364e-05
-3.277298984464023100e-05
-3.272233835063448663e-05
-3.265227009301699461e-05
-3.258901186848350704e-05
-3.251568706533321875e-05
-3.248986327844308165e-05
-3.243646513023127953e-05
-3.235655731435739654e-05
-3.234011147357545912e-05
-3.226103059475635105e-05
-3.223427107056368364e-05
-3.216667953344302792e-05
-3.213362689702493132e-05
-3.206666220901519026e-05
-3.200396762345863159e-05
-3.193587669395134032e-05
-3.191784940386892976e-05
-3.188258817253066972e-05
-3.181634058049745401e-05
-3.179779093198830038e-05
-3.172721397509504435e-05
-3.164965450525995442e-05
-3.163860030607291496e-05
-3.159044600376412036e-05
-3.153137745361664129e-05
-3.149686282194355622e-05
-3.143336666443052294e-05
-3.140183503958297840e-05
-3.134089968936012971e-05
-3.129311778624890085e-05
-3.127671560574972291e-05
-3.124406882392760323e-05
-3.122260380715351436e-05
-3.116979779146317398e-05
-3.112315807939762828e-05
-3.105805228124090041e-05
-3.101620729941863410e-05
-3.098645912721316789e-05
-3.090008553586110781e-05
-3.089239397301735834e-05
-3.083789487125981264e-05
-3.077359330097242967e-05
-3.070197683847054139e-05
-3.066994752324846840e-05
-3.062410609401871253e-05
-3.058047903068605102e-05
-3.057178267785269350e-05
-3.051856757474627734e-05
-3.040726624568085913e-05
-3.038469368178171322e-05
-3.034188738354339922e-05
-3.027516887558106133e-05
-3.022367644439529131e-05
-3.019165481232152873e-05
-3.018293384344164504e-05
-3.011107854318381482e-05
-3.008442427130292689e-05
-3.002703135154307829e-05
-2.996240949083091133e-05
-2.993281775739307907e-05
-2.984600191946483312e-05
-2.978755433723268662e-05
-2.977690918835243026e-05
-2.969867777175351191e-05
-2.964868380943338485e-05
-2.958475190623248416e-05
-2.957675059689815586e-05
-2.956361782708643519e-05
-2.953674980722867898e-05
-2.948203437247426108e-05
-2.944526380945602418e-05
-2.942511108899490977e-05
-2.938726310516082883e-05
-2.936174155502443997e-05
-2.929471945495961519e-05
-2.928028070460250400e-05
-2.917262713541212798e-05
-2.915356750533117043e-05
-2.912892431648033588e-05
-2.906471603459647476e-05
-2.903513551799214836e-05
-2.899315348951249710e-05
-2.894110459455847436e-05
-2.890800287044308173e-05
-2.884935948026053193e-05
-2.877962514530032291e-05
-2.875838766178190526e-05
-2.871870950866842607e-05
-2.866478418831739955e-05
-2.863348352998798285e-05
-2.856575695854223586e-05
-2.852116397139790182e-05
-2.846826738673799428e-05
-2.842470849812274021e-05
-2.835470173276797990e-05
-2.832453926363629056e-05
-2.830272173192823740e-05
-2.826476834488014721e-05
-2.823510424922176989e-05
-2.822079754436932633e-05
-2.816143029464501500e-05
-2.810583972621624477e-05
-2.806500122655080246e-05
-2.805687625118937219e-05
-2.798614133135419500e-05
-2.793458963990558364e-05
-2.786993376567158972e-05
-2.782827130423165600e-05
-2.780403188182514903e-05
-2.774019172199926076e-05
-2.770769531313145369e-05
-2.763894815032948835e-05
-2.759997571605368285e-05
-2.754783074515047196e-05
-2.749462723451524045e-05
-2.746195852427194811e-05
-2.744951742790661340e-05
-2.737762648763761791e-05
-2.732784100459773716e-05
-2.732464792272228454e-05
-2.722335243329178573e-05
-2.718949813124731032e-05
-2.716653171617558921e-05
-2.713574339023185593e-05
-2.712765462617698230e-05
-2.703761785354645100e-05
-2.700352216858065447e-05
-2.695966454834183891e-05
-2.691357460811659612e-05
-2.687365859526296956e-05
-2.684456193071851199e-05
-2.683080973749658651e-05
-2.677809586326913564e-05
-2.673768348296898096e-05
-2.670835461655115297e-05
-2.665142173663893768e-05
-2.659676833103356584e-05
-2.657753853141299566e-05
-2.655240856676633869e-05
-2.651368686660161568e-05
-2.644945995268600201e-05
-2.641715256085947158e-05
-2.636948814417796997e-05
-2.632877696404425927e-05
-2.627607222343263522e-05
-2.624259288260362142e-05
-2.621739147330165448e-05
-2.620675035447380955e-05
-2.614578074285254825e-05
-2.608699282580421202e-05
-2.605602583757361969e-05
-2.604083027686087930e-05
-2.600844210257085651e-05
-2.593783219119480282e-05
-2.592534714217337483e-05
-2.585937279595993207e-05
-2.580277997204248662e-05
-2.578537215634834555e-05
-2.576028430242311974e-05
-2.568672847008184816e-05
-2.566439200973427465e-05
-2.561723107567913523e-05
-2.556202696652972763e-05
-2.553328882350843553e-05
-2.550064682867193291e-05
-2.548698988158166443e-05
-2.540102413358341318e-05
-2.532886448213484551e-05
-2.528739133119860331e-05
-2.526121359477638155e-05
-2.523513291124507762e-05
-2.520046703556970538e-05
-2.514139408057987715e-05
-2.509427810168085154e-05
-2.507679267953573436e-05
-2.504042523287294204e-05
-2.495274984570836036e-05
-2.494142590072486804e-05
-2.490900009532835560e-05
-2.486535081685081270e-05
-2.479753304674397866e-05
-2.475696181286557646e-05
-2.474743987835808194e-05
-2.470303042183304905e-05
-2.468909600679441673e-05
-2.465814694449047052e-05
-2.464383059476457183e-05
-2.458591939333872582e-05
-2.452007732142253167e-05
-2.451270972385703446e-05
-2.448120339889435092e-05
-2.442148344558915955e-05
-2.438180994723957972e-05
-2.433519768714658682e-05
-2.431165979876736416e-05
-2.428465192526894966e-05
-2.427910202323650728e-05
-2.419859144496809233e-05
-2.413306503585345317e-05
-2.409258803596574149e-05
-2.407635792778789390e-05
-2.401035118260891490e-05
-2.399752414226107494e-05
-2.394621876382362936e-05
-2.390598740297516123e-05
-2.386427892566361648e-05
-2.385718516907114222e-05
-2.381489556102439617e-05
-2.379291419325925964e-05
-2.374485483001817068e-05
-2.368251745550364510e-05
-2.367668294307105113e-05
-2.360495492218546369e-05
-2.357207337160858394e-05
-2.353316033120896519e-05
-2.350913467636257917e-05
-2.350246771809057903e-05
-2.347414497530937841e-05
-2.338486937475931464e-05
-2.335289007796455195e-05
-2.332100418500031365e-05
-2.327368351700738344e-05
-2.325420965384661221e-05
-2.318048924141317130e-05
-2.315745985595680964e-05
-2.314536002181902079e-05
-2.310716456462133701e-05
-2.308040842547481246e-05
-2.303770526769454948e-05
-2.301274839985476619e-05
-2.293279502233407148e-05
-2.291616923795734986e-05
-2.289359194445056146e-05
-2.286260654501921642e-05
-2.284960019528628752e-05
-2.275829778471513115e-05
-2.274701139000116307e-05
-2.272335673253118214e-05
-2.268929584715985591e-05
-2.261854506774814148e-05
-2.260057833086484016e-05
-2.253352805609436078e-05
-2.251025081941214831e-05
-2.241066577250777967e-05
-2.240553957538041533e-05
-2.238397618381716657e-05
-2.235500474201132726e-05
-2.228510324434901125e-05
-2.224200632323358119e-05
-2.218368264776060948e-05
-2.216739489128160027e-05
-2.212433022350352395e-05
-2.210478946047085628e-05
-2.208919745534971023e-05
-2.206558274188431858e-05
-2.202907783897497981e-05
-2.196232929466325088e-05
-2.193911235113697725e-05
-2.188678715344980299e-05
-2.186994445730607730e-05
-2.183606464097268148e-05
-2.180469713068264860e-05
-2.175153974472917529e-05
-2.169119627748590881e-05
-2.168234436964261449e-05
-2.161340654036265804e-05
-2.158730059606516142e-05
-2.157323400125558919e-05
-2.153935818219656088e-05
-2.149329589986847999e-05
-2.143950529333162687e-05
-2.140275623222616535e-05
-2.138881301758098179e-05
-2.134504964156731869e-05
-2.128587993222672302e-05
-2.125817387726641137e-05
-2.119175761719740273e-05
-2.114729369405437290e-05
-2.112421984402042250e-05
-2.111111048531967278e-05
-2.109576082504106435e-05
-2.106693309910825902e-05
-2.099970052369388619e-05
-2.096347948279162176e-05
-2.094890280554446789e-05
-2.092088026555509518e-05
-2.085999121427437416e-05
-2.083064096959804162e-05
-2.080795218206871560e-05
-2.076920180235881724e-05
-2.073147534884326322e-05
-2.067496430606672518e-05
-2.066587269313331339e-05
-2.061311792798041053e-05
-2.060347948536051351e-05
-2.057693590241477878e-05
-2.054192267467757266e-05
-2.046586401913291051e-05
-2.043722861951299060e-05
-2.041567498958823034e-05
-2.038030798036791476e-05
-2.037234765999157229e-05
-2.035746016429753073e-05
-2.034802016283550135e-05
-2.024513163540292936e-05
-2.022653920709967105e-05
-2.018405068395605408e-05
-2.014795169232369760e-05
-2.011013068347044250e-05
-2.008763931649334636e-05
-2.002739120834357876e-05
-1.999367627349030874e-05
-1.995636407593673318e-05
-1.991021149991019013e-05
-1.988166940275391218e-05
-1.986342082557247135e-05
-1.982463686484126105e-05
-1.976728823884188165e-05
-1.974963863608326307e-05
-1.970897604357746823e-05
-1.968911994608542351e-05
-1.967942659990252083e-05
-1.962822641308282072e-05
-1.960484116745336660e-05
-1.955200240472704733e-05
-1.952897301330474802e-05
-1.950954867145562261e-05
-1.948348801787615388e-05
-1.940999321861592027e-05
-1.938115781773121709e-05
-1.932442960755055314e-05
-1.930865645269535592e-05
-1.926577700336560563e-05
-1.924859510643746929e-05
-1.919859732922975793e-05
-1.915250058202593340e-05
-1.913890798351378022e-05
-1.910897418587243396e-05
-1.908051114531496135e-05
-1.903548635519370781e-05
-1.898054211473547520e-05
-1.894051983289418993e-05
-1.889523220915104482e-05
-1.886896478169577672e-05
-1.883336119335321879e-05
-1.880992645008274932e-05
-1.877644559502882605e-05
-1.873937773476587153e-05
-1.873153579991083495e-05
-1.870462427837202090e-05
-1.867603935543667357e-05
-1.861584190826807715e-05
-1.858323247764335221e-05
-1.854880464231313948e-05
-1.853507094536405620e-05
-1.851624572410032524e-05
-1.844379973086536528e-05
-1.840962344485423338e-05
-1.840383882710061418e-05
-1.837703056712714135e-05
-1.835420996944097765e-05
-1.831320041746267437e-05
-1.827866758159548284e-05
-1.823264217523443408e-05
-1.819196415854138223e-05
-1.817165473762079515e-05
-1.814080157630204075e-05
-1.809212263685824461e-05
-1.808676018177657555e-05
-1.806298983722124245e-05
-1.801006917844251749e-05
-1.800456928205913446e-05
-1.796873650005601541e-05
-1.793302122969467449e-05
-1.787971970873345601e-05
-1.785551854347020451e-05
-1.784845632740414986e-05
-1.780425672837184544e-05
-1.777036352996997585e-05
-1.772669373698593722e-05
-1.771954118429134103e-05
-1.766704622142063429e-05
-1.764771973619286098e-05
-1.760117086075959871e-05
-1.758303602974226024e-05
-1.755254429400227516e-05
-1.751330215899061783e-05
-1.744372668269506885e-05
-1.741008419926547404e-05
-1.739341845053792691e-05
-1.736763019254970977e-05
-1.733381378872488190e-05
-1.732902842817516791e-05
-1.728564990123510395e-05
-1.726004562907969156e-05
-1.721563637803510063e-05
-1.718866779016742084e-05
-1.717722309639534286e-05
-1.713438651623139713e-05
-1.712303515882580043e-05
-1.705294540822660778e-05
-1.704745375354309900e-05
-1.701722944885279741e-05
-1.698574475984592429e-05
-1.696480104406616741e-05
-1.691956528449140154e-05
-1.689498485469422093e-05
-1.682817289757632072e-05
-1.681329416988495710e-05
-1.680511369827747674e-05
-1.676094586096871328e-05
-1.674401608588199330e-05
-1.672919035652036370e-05
-1.669556550916784975e-05
-1.665471845495256414e-05
-1.662138303100309312e-05
-1.660468713289859347e-05
-1.654351717031164916e-05
-1.651613023066746271e-05
-1.650018306651376888e-05
-1.646269577255786719e-05
-1.642659698832487193e-05
-1.638124597114489172e-05
-1.634909575448889084e-05
-1.631715708696732496e-05
-1.631336247619956964e-05
-1.625814741076069410e-05
-1.623882947300799931e-05
-1.620610204688587846e-05
-1.617139980358728532e-05
-1.613983463396581470e-05
-1.610981066268140353e-05
-1.606238209577225148e-05
-1.600911973764149922e-05
-1.600668432196781791e-05
-1.596788318308999018e-05
-1.595319096920586009e-05
-1.589492570443955602e-05
-1.587280643929593981e-05
-1.581818978552137093e-05
-1.580711332578532975e-05
-1.576942606033879141e-05
-1.576421751178646530e-05
-1.574895448128001284e-05
-1.570483282081231054e-05
-1.567858872279511117e-05
-1.565174256771740508e-05
-1.561966046376322325e-05
-1.560205768204576233e-05
-1.553947740752318338e-05
-1.552792359104536766e-05
-1.547378862299765700e-05
-1.544286085247751383e-05
-1.541597084226225176e-05
-1.539093485479321746e-05
-1.537453522620766921e-05
-1.532642087377519792e-05
-1.530329510842700638e-05
-1.526159988019635760e-05
-1.524266028325836094e-05
-1.521335676276731144e-05
-1.518664168403702001e-05
-1.512099604626067947e-05
-1.511017875779954711e-05
-1.508448920807535542e-05
-1.506296152045341398e-05
-1.500742250537334956e-05
-1.500455253196008321e-05
-1.497905466912546852e-05
-1.493626673114384584e-05
-1.489962959987410321e-05
-1.487123464714703817e-05
-1.485029046214938724e-05
-1.481958579159769374e-05
-1.480329185877789908e-05
-1.476133478351402458e-05
-1.474500757889011688e-05
-1.472290015663665901e-05
-1.467096231262980996e-05
-1.464281305975253864e-05
-1.460970885756264450e-05
-1.456115654826469436e-05
-1.454475206250885676e-05
-1.450409853148777032e-05
-1.448630354922666492e-05
-1.444365109464039686e-05
-1.441507458801134007e-05
-1.438927117466630011e-05
-1.438634207081536762e-05
-1.435288519267817937e-05
-1.434021860507692159e-05
-1.428083434533859390e-05
-1.424520716743700363e-05
-1.421549610088072319e-05
-1.419680605364224325e-05
-1.417098915764345523e-05
-1.416002967386068576e-05
-1.411173208843284004e-05
-1.409096880274795082e-05
-1.406157553975532603e-05
-1.404690233606663707e-05
-1.402024610035864304e-05
-1.400377676364888331e-05
-1.395453314674077746e-05
-1.389306378472693970e-05
-1.388969925993868968e-05
-1.387119639987224449e-05
-1.384132759824478775e-05
-1.379424656143792008e-05
-1.375054640999168076e-05
-1.374347705849184853e-05
-1.372934408004859578e-05
-1.369764664094813367e-05
-1.367489873903603947e-05
-1.364556576452773304e-05
-1.363147044472891907e-05
-1.357511137615787892e-05
-1.354321098628110316e-05
-1.349860785978824595e-05
-1.347014454190083447e-05
-1.344269850034029222e-05
-1.341653868753934531e-05
-1.340305099870987371e-05
-1.337255202404630318e-05
-1.332883500897766757e-05
-1.330616055308939938e-05
-1.325576281150875857e-05
-1.325329265630266801e-05
-1.319830834024811595e-05
-1.316911585714087436e-05
-1.316340625556015514e-05
-1.313355512675399059e-05
-1.310001660025761661e-05
-1.306985815971381876e-05
-1.303682104235359829e-05
-1.302271756246185385e-05
-1.301784897742126104e-05
-1.301075333304866292e-05
-1.293458288106379582e-05
-1.291132835143355422e-05
-1.286979335107658377e-05
-1.281423305033241585e-05
-1.279960119808267436e-05
-1.277930130355615500e-05
-1.274928137329823282e-05
-1.272057825658546295e-05
-1.269637301057707193e-05
-1.267111102156607018e-05
-1.265689947010598064e-05
-1.261206137795430956e-05
-1.257772078049851899e-05
-1.254945568156372704e-05
-1.251190957158201296e-05
-1.246893879036292700e-05
-1.243339561810831881e-05
-1.242138415030360169e-05
-1.241893999299009091e-05
-1.239276440920540223e-05
-1.235307841449869339e-05
-1.231855398648137290e-05
-1.229901741442568759e-05
-1.228606644144730001e-05
-1.226606229647167770e-05
-1.223473866551497645e-05
-1.222504345855786071e-05
-1.217098148641925843e-05
-1.213761917558559225e-05
-1.211590047128526124e-05
-1.207396472353613795e-05
-1.204141204067325236e-05
-1.202593523017834239e-05
-1.200780796803109684e-05
-1.194918129258574466e-05
-1.193499186775910024e-05
-1.190886820460962559e-05
-1.190189880308663996e-05
-1.187436699309753435e-05
-1.183308122932661658e-05
-1.182159059126404547e-05
-1.179883178455767686e-05
-1.174844002645205827e-05
-1.173348390953386575e-05
-1.171227158039617627e-05
-1.169934473646221870e-05
-1.163453229848000871e-05
-1.162200618295260422e-05
-1.158812597064384164e-05
-1.157992278555591010e-05
-1.156421339918350309e-05
-1.154268434287159330e-05
-1.149710104100934221e-05
-1.145115965070787020e-05
-1.143215068668535516e-05
-1.140864904215135647e-05
-1.140120860613399414e-05
-1.136808090362286348e-05
-1.133745986888025356e-05
-1.131077055229261017e-05
-1.128441268573937598e-05
-1.126252806206308415e-05
-1.124805629850072904e-05
-1.119562057512776963e-05
-1.115780985861872803e-05
-1.113591346793321115e-05
-1.111364713782607225e-05
-1.109320573043359635e-05
-1.107135678873034479e-05
-1.102578410868619570e-05
-1.100035165557689236e-05
-1.098244497058839181e-05
-1.094226903570900199e-05
-1.092329230854573966e-05
-1.090309233682040392e-05
-1.088874633253532691e-05
-1.085065261038725581e-05
-1.083357578570061701e-05
-1.081380247518773161e-05
-1.078636077837296935e-05
-1.076937047359559768e-05
-1.070675091721656289e-05
-1.068148833518411179e-05
-1.066960410259958258e-05
-1.066144974326763343e-05
-1.062736881479491231e-05
-1.061702857946970324e-05
-1.058058655318021960e-05
-1.055196266942693080e-05
-1.052967466037370516e-05
-1.051244863881297457e-05
-1.048179590532302028e-05
-1.047595921759617643e-05
-1.045660367988869371e-05
-1.037729179010689367e-05
-1.034411301900709781e-05
-1.032001961244387223e-05
-1.031167210397414296e-05
-1.029693577438258615e-05
-1.026890517148431848e-05
-1.025511663738461857e-05
-1.024507306533645799e-05
-1.023339192536787866e-05
-1.021648793182397659e-05
-1.014260702089385242e-05
-1.013599233305746193e-05
-1.010365867344073394e-05
-1.009346900320974601e-05
-1.007350371184004048e-05
-1.003906998907079462e-05
-1.001991938243828173e-05
-1.000340167186201997e-05
-9.947969741233213278e-06
-9.910941830188549283e-06
-9.887482643736282144e-06
-9.873670574521095723e-06
-9.843858549157259483e-06
-9.813841049761841864e-06
-9.801074495711169262e-06
-9.773291154267022880e-06
-9.726350478327508564e-06
-9.716882798071416471e-06
-9.683122824709572505e-06
-9.673067205822472506e-06
-9.652653912542929091e-06
-9.651774795622807880e-06
-9.644824257661432543e-06
-9.591371157093532408e-06
-9.570425205597233342e-06
-9.556119495447107999e-06
-9.507750194426523661e-06
-9.486462358207044257e-06
-9.456992018593031373e-06
-9.433509218978403265e-06
-9.413632287796826637e-06
-9.378978711582034317e-06
-9.368688750143136534e-06
-9.344904849844373477e-06
-9.298267480958550093e-06
-9.268407430168362321e-06
-9.259913855470281189e-06
-9.227569701911258012e-06
-9.203570692409268798e-06
-9.181829110838913129e-06
-9.166363571167998942e-06
-9.161678098512148150e-06
-9.145734602372268760e-06
-9.087910801566126707e-06
-9.068780435881244360e-06
-9.022247615796234076e-06
-9.002136005035915700e-06
-8.982178962881360519e-06
-8.939304981276307519e-06
-8.918513356194266150e-06
-8.896400081062347387e-06
-8.893500222478372677e-06
-8.859635474297123477e-06
-8.845128209698648413e-06
-8.828360530686928275e-06
-8.804543390113852452e-06
-8.785754283674006231e-06
-8.768550447596081356e-06
-8.728376055499974121e-06
-8.702648042940238661e-06
-8.688924173816144471e-06
-8.639107588572147043e-06
-8.607587002392661223e-06
-8.582187443705893592e-06
-8.566027524145967620e-06
-8.558375157548720296e-06
-8.530175681443857399e-06
-8.515871274462966025e-06
-8.478159909329016116e-06
-8.459290480468512381e-06
-8.435612422510422611e-06
-8.408504439863987744e-06
-8.400480520979356367e-06
-8.386478486007935189e-06
-8.346313385996523027e-06
-8.318137639713993594e-06
-8.280881900594047688e-06
-8.267531332400102561e-06
-8.253577879274001569e-06
-8.235275910417255016e-06
-8.207652159677445081e-06
-8.201064477501757673e-06
-8.166246158813111598e-06
-8.136471791794155854e-06
-8.087310436828697868e-06
-8.066759421523035721e-06
-8.058202711722863397e-06
-8.031104270991929468e-06
-8.028008741649680509e-06
-8.008899964680661241e-06
-7.975106405958860286e-06
-7.960667398507085139e-06
-7.913324892168637682e-06
-7.884958908257589828e-06
-7.877364851918308055e-06
-7.851845999158122880e-06
-7.831388391414656532e-06
-7.798553517671927534e-06
-7.777927298593018167e-06
-7.748263483745127883e-06
-7.742175316920199649e-06
-7.720176402240395527e-06
-7.669167799376799179e-06
-7.656183789385133200e-06
-7.649326944533357256e-06
-7.622817411067555795e-06
-7.604730998153988271e-06
-7.556156409006367487e-06
-7.533865665619119517e-06
-7.520278341114742381e-06
-7.516613803372854954e-06
-7.474107095007021215e-06
-7.435394526399193755e-06
-7.404513913908362336e-06
-7.375715479799175894e-06
-7.363057078209413027e-06
-7.322896304038930429e-06
-7.320958776329026816e-06
-7.288982169728205254e-06
-7.280423866511129924e-06
-7.262096061701916196e-06
-7.233555908384824235e-06
-7.212703242265519525e-06
-7.186464844796790857e-06
-7.156224032870117263e-06
-7.135157414369830458e-06
-7.114611367882337150e-06
-7.100555008975270023e-06
-7.086906206860588576e-06
-7.073809343948147132e-06
-7.048209309141272723e-06
-7.043840372225323179e-06
-7.021515814660143181e-06
-6.988254799667635296e-06
-6.981169060637327245e-06
-6.936023310630481585e-06
-6.929978324888609846e-06
-6.900959060891804369e-06
-6.869957873033663891e-06
-6.845678325795126336e-06
-6.820245952855075713e-06
-6.797816853170010940e-06
-6.782228803859228980e-06
-6.759157705728464226e-06
-6.737341838965025696e-06
-6.723773041687604235e-06
-6.721088028880354476e-06
-6.680934398129227908e-06
-6.669822763416806870e-06
-6.657652414503699343e-06
-6.609108586407573175e-06
-6.594000919647553661e-06
-6.586703567274064175e-06
-6.544361465473347262e-06
-6.528920879369746299e-06
-6.516351425732423740e-06
-6.476289308563873125e-06
-6.456654138457791475e-06
-6.427089252198370273e-06
-6.408990066209944030e-06
-6.378813488382427364e-06
-6.371741603363028743e-06
-6.359067113844869044e-06
-6.345328036115448577e-06
-6.303136409993311398e-06
-6.291759499568971713e-06
-6.257096828636312028e-06
-6.239103143647754235e-06
-6.212367148627365817e-06
-6.201817382319845797e-06
-6.175369332723786603e-06
-6.135254923522055636e-06
-6.127459033927967935e-06
-6.111927667150468174e-06
-6.087332005522981106e-06
-6.072117929474639132e-06
-6.054448003839533916e-06
-6.023657851660159818e-06
-6.001211914226861731e-06
-5.984227769243159930e-06
-5.967967470685109283e-06
-5.938199884137454136e-06
-5.902363141793439941e-06
-5.896435483176618291e-06
-5.878155346604342246e-06
-5.861261498358182272e-06
-5.846637209015808853e-06
-5.806598357675217705e-06
-5.782707420343628504e-06
-5.767050915602989360e-06
-5.751277855925348900e-06
-5.735133176500657893e-06
-5.703349355794946016e-06
-5.699310586216131336e-06
-5.662411063367024660e-06
-5.650891061976101336e-06
-5.623735355680077323e-06
-5.590915751803815822e-06
-5.570027777427757883e-06
-5.547239031834362009e-06
-5.529821954307771746e-06
-5.493747783423241004e-06
-5.474330610270863469e-06
-5.464150969909613055e-06
-5.439879833397525487e-06
-5.430327855218134968e-06
-5.400888203926380363e-06
-5.378791394089341626e-06
-5.370325640080147852e-06
-5.328851500636778787e-06
-5.311442910986862517e-06
-5.284005062231702984e-06
-5.259884009939320725e-06
-5.256915899861404329e-06
-5.222120978437611121e-06
-5.200818800698946013e-06
-5.191750408037088704e-06
-5.162512079988017770e-06
-5.120332115984297655e-06
-5.103690012580219819e-06
-5.085302288892204450e-06
-5.060219287026775174e-06
-5.055331950596328742e-06
-5.016365321038773608e-06
-4.996525378674131378e-06
-4.976780867918553539e-06
-4.970814393816366041e-06
-4.961263107856835175e-06
-4.928353214827877312e-06
-4.918292179759349466e-06
-4.901660900682112299e-06
-4.885324117739823748e-06
-4.845838765234778217e-06
-4.827086286593825505e-06
-4.817291604842108358e-06
-4.806983995549789983e-06
-4.784922558931351275e-06
-4.758413612059484454e-06
-4.736811327845581363e-06
-4.701975623950831990e-06
-4.690594865180607689e-06
-4.660637057855165272e-06
-4.645879542462272858e-06
-4.613222118917052204e-06
-4.606421646120507820e-06
-4.586832323897723960e-06
-4.573049633268931302e-06
-4.554320843632519387e-06
-4.532937142227482232e-06
-4.514833303444331203e-06
-4.480890419395052596e-06
-4.471292969449123214e-06
-4.448580653122065152e-06
-4.426370204606812288e-06
-4.407963782303851147e-06
-4.386637009231702852e-06
-4.373430780328474061e-06
-4.352720864579875513e-06
-4.344876252378502115e-06
-4.297400533302214429e-06
-4.289632668574307715e-06
-4.259462179216867291e-06
-4.248485005878084951e-06
-4.241105717516175339e-06
-4.198941888758826381e-06
-4.183074087725873716e-06
-4.157674367444199217e-06
-4.148824794051030277e-06
-4.106058171133142937e-06
-4.101592448552876578e-06
-4.068771003893987229e-06
-4.057717602378378330e-06
-4.047356882710317242e-06
-4.030831923937999505e-06
-4.011539097524223073e-06
-3.991139091404610091e-06
-3.967026150419524068e-06
-3.943960713838391470e-06
-3.929055193884247960e-06
-3.926343490828464290e-06
-3.867243297066239506e-06
-3.862575053419676142e-06
-3.839210237440987578e-06
-3.823658187724100054e-06
-3.800921034003961325e-06
-3.783399446026315155e-06
-3.751357536912013826e-06
-3.733629158299448830e-06
-3.715337364117760703e-06
-3.708926531004711590e-06
-3.676204463807284067e-06
-3.645079730353475319e-06
-3.633632362291346411e-06
-3.620487650139927078e-06
-3.598196571291420066e-06
-3.580644469029069243e-06
-3.567722551155169147e-06
-3.545266250457335466e-06
-3.521127929593080224e-06
-3.497204295464319498e-06
-3.477622326650128970e-06
-3.463580585411110777e-06
-3.438320931147960121e-06
-3.413519039178495403e-06
-3.408608816361367198e-06
-3.385578554356999566e-06
-3.355636969683589324e-06
-3.349650107980781830e-06
-3.327038131461505493e-06
-3.319442303130749455e-06
-3.295845577035064529e-06
-3.275783809808681911e-06
-3.253341819986480003e-06
-3.242986239050180210e-06
-3.201143283563693790e-06
-3.192294495247878217e-06
-3.183535199048624336e-06
-3.150371852638218898e-06
-3.136175368699763718e-06
-3.108300143016394054e-06
-3.092308472684669698e-06
-3.085897558326605529e-06
-3.071752192097965896e-06
-3.057612842620393990e-06
-3.033471736117819545e-06
-3.025212065864939537e-06
-3.016250074677787059e-06
-2.985291192335654436e-06
-2.972512450604558305e-06
-2.959507795962921670e-06
-2.953026472162200279e-06
-2.913774617659238216e-06
-2.893690786760786529e-06
-2.886859880715673376e-06
-2.867140493197868457e-06
-2.851806738951933786e-06
-2.831973747371419190e-06
-2.808109850441990899e-06
-2.780654643103195945e-06
-2.772532037546100130e-06
-2.758611718843708438e-06
-2.729122840562917875e-06
-2.701062798954251443e-06
-2.669033172884663481e-06
-2.663608075659041573e-06
-2.643747328142979520e-06
-2.618297579138158054e-06
-2.607064829415000610e-06
-2.597702747855245394e-06
-2.587022482761539362e-06
-2.557672732179104974e-06
-2.542989250099872611e-06
-2.527048322262565246e-06
-2.511202439306873942e-06
-2.493903413459126113e-06
-2.467451821773422102e-06
-2.457545683597260285e-06
-2.432518214791871415e-06
-2.410075264691031148e-06
-2.391954530670352194e-06
-2.387564491925666680e-06
-2.358584141000282195e-06
-2.343639629685516011e-06
-2.321268646404909375e-06
-2.299929466409489340e-06
-2.279952457779636226e-06
-2.269928458604553000e-06
-2.234877838151820760e-06
-2.230460019225148549e-06
-2.213066304569797148e-06
-2.199907070599731007e-06
-2.188285584742277932e-06
-2.171715951925202491e-06
-2.141634850126773262e-06
-2.134044977209578627e-06
-2.118171215722019124e-06
-2.113418619986260019e-06
-2.079819140434712081e-06
-2.072312052819858156e-06
-2.056360116339777601e-06
-2.045414604228238078e-06
-2.012935651939949574e-06
-1.977408356615088792e-06
-1.955617366570009616e-06
-1.932933329703299334e-06
-1.924551784680632237e-06
-1.906138969055737798e-06
-1.887367433446633536e-06
-1.870101314972053950e-06
-1.855803508325461506e-06
-1.835895336765692258e-06
-1.815158026483318054e-06
-1.810167131970134083e-06
-1.794087807653140997e-06
-1.771483489233549677e-06
-1.751774265875224780e-06
-1.724412496106874563e-06
-1.720499266765264163e-06
-1.709728658457582974e-06
-1.680930999470942036e-06
-1.670191683812290746e-06
-1.664117701390313655e-06
-1.643119407970838014e-06
-1.605869528304521633e-06
-1.599578998688626085e-06
-1.586255137035121327e-06
-1.564220113444380801e-06
-1.545613057298024843e-06
-1.534159253389078190e-06
-1.511558121106982886e-06
-1.496121946384263429e-06
-1.465282547981721857e-06
-1.453852264444894122e-06
-1.447664418741144743e-06
-1.422393457273662383e-06
-1.394718159148481570e-06
-1.392896056719990207e-06
-1.373813055556077033e-06
-1.352232140785335980e-06
-1.344234318975995573e-06
-1.328702465887283981e-06
-1.321316757718909544e-06
-1.312177911084259801e-06
-1.303216815332439871e-06
-1.267233340552664161e-06
-1.248305056681379029e-06
-1.228015607298446666e-06
-1.219043499798412650e-06
-1.182486150577448042e-06
-1.163795644194448754e-06
-1.148183615346994709e-06
-1.142132036258418950e-06
-1.115497155223568317e-06
-1.110603557201835343e-06
-1.096758133941655513e-06
-1.087767466250423939e-06
-1.047216964409166281e-06
-1.044586989569426629e-06
-1.029812234745616831e-06
-1.019060557219274466e-06
-1.002702878353970420e-06
-9.897124983478929967e-07
-9.854030345432787966e-07
-9.329186524955614953e-07
-9.181351951361580332e-07
-8.906350177236842669e-07
-8.774230239007036402e-07
-8.680936557848415220e-07
-8.463386208171851642e-07
-8.239729102876338140e-07
-8.190416352732552200e-07
-8.041454039026653413e-07
-7.996026387993349078e-07
-7.854890021004630383e-07
-7.649162651093696356e-07
-7.400755387727441417e-07
-7.332279934289736230e-07
-7.167605076000413759e-07
-6.833173577376011095e-07
-6.796072716354682930e-07
-6.719595209887663307e-07
-6.272080374795492275e-07
-6.229615108449026985e-07
-6.042951317595329593e-07
-5.740470049514739821e-07
-5.646840816348006155e-07
-5.453940665312778790e-07
-5.373159320595537319e-07
-5.119356331253279522e-07
-4.992139574371959917e-07
-4.676775157410136465e-07
-4.609042513649420473e-07
-4.349715858250364700e-07
-4.225887578836396119e-07
-4.149335439227113292e-07
-4.019941678501636240e-07
-3.900385867576874585e-07
-3.849951268736085741e-07
-3.523198214830697787e-07
-3.345539409378157548e-07
-3.177250240203701652e-07
-3.008873604813951831e-07
-2.908678650458204005e-07
-2.737237091684618298e-07
-2.623017043326250210e-07
-2.493942914098274548e-07
-2.346900339776450900e-07
-2.047275333524720404e-07
-1.779448953659022844e-07
-1.710866746118343812e-07
-1.421442162533339704e-07
-1.397483198689827018e-07
-1.329196320052783026e-07
-1.143382828310725619e-07
-9.075014718004697022e-08
-7.648950346601729383e-08
-5.819497994288444881e-08
-4.510392857423195261e-08
-1.644988958391802693e-08
-1.524399727944213261e-09
1.175832648847617134e-08
2.034768022540122960e-08
4.329913959833103504e-08
4.672439677278181663e-08
5.877805137844945538e-08
1.108905027465560365e-07
1.170854984335487046e-07
1.267907395704516692e-07
1.460808224382362510e-07
1.534957644545004403e-07
1.837464458646317865e-07
1.979249392116000907e-07
2.135269620299267043e-07
2.231333104112370402e-07
2.434313384155996666e-07
2.656763072341449782e-07
2.747572698063121026e-07
2.880060722380153993e-07
2.920828472331655220e-07
3.058535593138631836e-07
3.192789645893495749e-07
3.281760613547581733e-07
3.573517698246585373e-07
3.875518225635948033e-07
3.958272557457625483e-07
4.183199607639940890e-07
4.431500489766923665e-07
4.546349808140748965e-07
4.703728423726439216e-07
4.935267386958795194e-07
5.073289421630570759e-07
5.200984897904261886e-07
5.265116774836592701e-07
5.481492393471876750e-07
5.635936582721531295e-07
5.779129527289593927e-07
5.983687143105142028e-07
6.115257660351525730e-07
6.419106908130020986e-07
6.647274614473206920e-07
6.737237475853543608e-07
6.899017281948217851e-07
7.012188466692405442e-07
7.170508493089950660e-07
7.258743614388246532e-07
7.415302850537046135e-07
7.511286841482210984e-07
7.679513967618098649e-07
7.828934447075198352e-07
7.933460826452911615e-07
8.045878383302203731e-07
8.346976009783437063e-07
8.403208475773072152e-07
8.500371229590070991e-07
8.611736130465621472e-07
8.892520578357576112e-07
9.098994087273814286e-07
9.194277118514937171e-07
9.542545948767065764e-07
9.597132080819541955e-07
9.747261476019283399e-07
9.776308821974304328e-07
9.922220717449605226e-07
1.023948713579599497e-06
1.031471629229184554e-06
1.043978077933605082e-06
1.063015227137959111e-06
1.084250321764752628e-06
1.090699507197121088e-06
1.107949897914525659e-06
1.125510296223513717e-06
1.152610250686957381e-06
1.155875984406813343e-06
1.199362919932734009e-06
1.227515717627625842e-06
1.231631950373231573e-06
1.250006134415273691e-06
1.274906263786030292e-06
1.294717085511361099e-06
1.316294375861519571e-06
1.322451841844940929e-06
1.351967050432422649e-06
1.368335437001605128e-06
1.377556788440375080e-06
1.391369508390107442e-06
1.410083128030205462e-06
1.435629642824635513e-06
1.445059355854725264e-06
1.475401214661845763e-06
1.496011263340906875e-06
1.509672304507978190e-06
1.539905018651538653e-06
1.542803261237149262e-06
1.568303883945229356e-06
1.589356002757805691e-06
1.607309787618316137e-06
1.618552069950036110e-06
1.648144625901597045e-06
1.663718404262250829e-06
1.678195084551798595e-06
1.687071802726709486e-06
1.692551947992251208e-06
1.723593360928008400e-06
1.739275101575510194e-06
1.754864961836002013e-06
1.767219349046408921e-06
1.780639861939085749e-06
1.793943280308949942e-06
1.809846486385425490e-06
1.821322608378627424e-06
1.856939028638523583e-06
1.879353995805921187e-06
1.904965859013900133e-06
1.916181526491040749e-06
1.927854737942280346e-06
1.942825308444161380e-06
1.945002464876243782e-06
1.974452686151476177e-06
1.986944655885773986e-06
2.006935576566849367e-06
2.022120158096025738e-06
2.047567593830679455e-06
2.074356406322914834e-06
2.077608783839702313e-06
2.078412812973314731e-06
2.126213140552967553e-06
2.142274670171185390e-06
2.147923554407680247e-06
2.183103180560035740e-06
2.202891184615655212e-06
2.212501942408587991e-06
2.218519607410931781e-06
2.228732095980908624e-06
2.265536884103149259e-06
2.291762517147998785e-06
2.306865477460007831e-06
2.310572207751344517e-06
2.341888906014567448e-06
2.367329549880415060e-06
2.392105981202001188e-06
2.403822570563107602e-06
2.414947949241105950e-06
2.446089344095059183e-06
2.449423953774237842e-06
2.461732376430186644e-06
2.481967260115839746e-06
2.508323315372610811e-06
2.543374563698122251e-06
2.554080121046908288e-06
2.577919919076357336e-06
2.590497858888078974e-06
2.606866238701682207e-06
2.636282372178686756e-06
2.652922669637825559e-06
2.676165577534641543e-06
2.682295410857643944e-06
2.689485571534513900e-06
2.713990519650985261e-06
2.729108122608564666e-06
2.749591621132887925e-06
2.757373018578577518e-06
2.782121341251693538e-06
2.798422064901566368e-06
2.821510718067146553e-06
2.831967588611539900e-06
2.847372114607217490e-06
2.857698453641223819e-06
2.870467715201941731e-06
2.893578342539046389e-06
2.910428100944120697e-06
2.924082348533833207e-06
2.942382029853057379e-06
2.955928912647785172e-06
2.985778579159726882e-06
3.044785311994918785e-06
3.060149136180076748e-06
3.080000133327085694e-06
3.094142014072781615e-06
3.105204451664795170e-06
3.124831243871060803e-06
3.148134477695863402e-06
3.152181706923643684e-06
3.155462768514912330e-06
3.196271936092120393e-06
3.218481284761598720e-06
3.243148420563880645e-06
3.256375386718578851e-06
3.268625757625600828e-06
3.300330519079077133e-06
3.326174417407163093e-06
3.342445448389033842e-06
3.367058896640427524e-06
3.399517873909619104e-06
3.405164859996376426e-06
3.410333329024670971e-06
3.429003435356878677e-06
3.450414610580388125e-06
3.479208411326857088e-06
3.489670378845385608e-06
3.525811209844299661e-06
3.536579078355068448e-06
3.548934330818209938e-06
3.553698637985639292e-06
3.608125881312904549e-06
3.627379425008595266e-06
3.646624633670016028e-06
3.656523344332754388e-06
3.673718202344228512e-06
3.706272013072382781e-06
3.720428422591231501e-06
3.743540065935282127e-06
3.752658725610752863e-06
3.772583080642570337e-06
3.779748607883985425e-06
3.825023299951400679e-06
3.837933539376678023e-06
3.845808101405396895e-06
3.870749298554107728e-06
3.883778432545921724e-06
3.911260434589801301e-06
3.923787077637889551e-06
3.941656556301617686e-06
3.961628283835696792e-06
3.988074882373733942e-06
4.005677658555812525e-06
4.026428867526771381e-06
4.042137806598706543e-06
4.056020338973118547e-06
4.076350218368127394e-06
4.106729644890575060e-06
4.122665788012757505e-06
4.136799013765704713e-06
4.143921193928533132e-06
4.179835657155595983e-06
4.203813130486024408e-06
4.219613588760089213e-06
4.233021727755889344e-06
4.251924801863696174e-06
4.284027149044625185e-06
4.295071591337868459e-06
4.322262552719676249e-06
4.355766417727682106e-06
4.382809553149615687e-06
4.386672760847306689e-06
4.417687174843511328e-06
4.420465356980734953e-06
4.441890828634896046e-06
4.451506194645361059e-06
4.468694156060415117e-06
4.501053099544873636e-06
4.525985306028273335e-06
4.532190084493940084e-06
4.552899923953770002e-06
4.562634619009671906e-06
4.604728393892925312e-06
4.611746879833187923e-06
4.658603120920397913e-06
4.669975817667624612e-06
4.703042035552727778e-06
4.704178186717586049e-06
4.734525693036671522e-06
4.748793873830660087e-06
4.756288391397463880e-06
4.770496529376761853e-06
4.793347863832966273e-06
4.810618847737508642e-06
4.863176302878397824e-06
4.866397940936358764e-06
4.897917650297347117e-06
4.904001740800983086e-06
4.938267390638649590e-06
4.958803477448054674e-06
4.971956334219136949e-06
5.006057758393056846e-06
5.017514100842306224e-06
5.018549738318981708e-06
5.048909378534165220e-06
5.049933605206316431e-06
5.100485778535356578e-06
5.134438810408040640e-06
5.136653545275399875e-06
5.150283479175089703e-06
5.199159381432418851e-06
5.209853303041732035e-06
5.242046660167197759e-06
5.255663979797674876e-06
5.262783082451627879e-06
5.280713160092318535e-06
5.302356259496344455e-06
5.326026262890024204e-06
5.343640631687181389e-06
5.365980840732037121e-06
5.413717736251896911e-06
5.424300076048401743e-06
5.439567046178213695e-06
5.457111513508227778e-06
5.468854846555915513e-06
5.497715629069783389e-06
5.528588279414445002e-06
5.543570454046513472e-06
5.546152263526125720e-06
5.565307506418519630e-06
5.595575306549154589e-06
5.624788586472559486e-06
5.656287475104337459e-06
5.679581321565928243e-06
5.690887224326343413e-06
5.700580053278463415e-06
5.740937958280567176e-06
5.764688722093088506e-06
5.770846256949050396e-06
5.795898331232569670e-06
5.816526943757908280e-06
5.822332904219294359e-06
5.861448186735439318e-06
5.869102226071614605e-06
5.915528091926135543e-06
5.928434630772501997e-06
5.941938660634701982e-06
5.959914188567192433e-06
5.979305833365216847e-06
5.997884855578356221e-06
6.005534527016565345e-06
6.035952254116119870e-06
6.056131645078309723e-06
6.088175936637041152e-06
6.108702459893846956e-06
6.137351085729157520e-06
6.152868884622372056e-06
6.161532600914454963e-06
6.170990708033492151e-06
6.229773380539441030e-06
6.231746834407661966e-06
6.274792757042252891e-06
6.311410425558873457e-06
6.318344415824227430e-06
6.344780899714256370e-06
6.354981780809830954e-06
6.376423023708229479e-06
6.410317956330827962e-06
6.452821348283287006e-06
6.471038647098188559e-06
6.492088127702356209e-06
6.523529466112064410e-06
6.533454963675410942e-06
6.549968760454568002e-06
6.567888816394729554e-06
6.571782920092962077e-06
6.608442928402510891e-06
6.645500889966375964e-06
6.673087633673916390e-06
6.690669873803620430e-06
6.714325993009653616e-06
6.719532906236120954e-06
6.760434069869997199e-06
6.781307308511337295e-06
6.784475091411505938e-06
6.797241653256274177e-06
6.837288978623525722e-06
6.854904058218694069e-06
6.877168899136871983e-06
6.904720752765171487e-06
6.911160296665895768e-06
6.930006496180702186e-06
6.964436416725127689e-06
6.981582242420160481e-06
7.010533902942945449e-06
7.036350903732253602e-06
7.043864660268963177e-06
7.048542351599602278e-06
7.061091928669456281e-06
7.107799846599100075e-06
7.111707181022120826e-06
7.129910952582397875e-06
7.163647001528176752e-06
7.180215501464754797e-06
7.217595620482354701e-06
7.246384773561319751e-06
7.249318422429369795e-06
7.264197391407541654e-06
7.290644403610209681e-06
7.310316202131327618e-06
7.331166716649682072e-06
7.348597658420142755e-06
7.370874955821939504e-06
7.406911763326412377e-06
7.460729586727797765e-06
7.465924939772694692e-06
7.472894257855918196e-06
7.511494873099350538e-06
7.537934741798319229e-06
7.553221745589235457e-06
7.565938644997020303e-06
7.598275671049882725e-06
7.601708152582693790e-06
7.625562287558801595e-06
7.653626419924779658e-06
7.671537286990399301e-06
7.688536776914092283e-06
7.714709610591193357e-06
7.735980157039586976e-06
7.752689256470496627e-06
7.785645421766539364e-06
7.829409717490185954e-06
7.855517827736966925e-06
7.890021223311803272e-06
7.906971872842914981e-06
7.921438725805863605e-06
7.948282911502068765e-06
7.954917634503335007e-06
7.990065415462026366e-06
8.029781979174293685e-06
8.038241516400093266e-06
8.051368260437419844e-06
8.065794999577021812e-06
8.083112219651252418e-06
8.126000518638773140e-06
8.129755092337157029e-06
8.166930466370697913e-06
8.180951863803836470e-06
8.204471838550423697e-06
8.230026413670698445e-06
8.257952205471829238e-06
8.279272213408498131e-06
8.310961548930327188e-06
8.318018378810979188e-06
8.358471963760003424e-06
8.368892730450237956e-06
8.398149775827265675e-06
8.411293211810648947e-06
8.456048425698980717e-06
8.457737479510565669e-06
8.486302536188543026e-06
8.492195562521218737e-06
8.526284471624422630e-06
8.547023272846223399e-06
8.586723980763847161e-06
8.623524154752125291e-06
8.653287818821468093e-06
8.663029010691645487e-06
8.673400672082690472e-06
8.693967847851199549e-06
8.727425679257987760e-06
8.753329526230357670e-06
8.792737654603393355e-06
8.824203372254089655e-06
8.840888016541871612e-06
8.847823356305666064e-06
8.870897135885087955e-06
8.902930137867806723e-06
8.935968375990952130e-06
8.960858056245065624e-06
8.992866926600132582e-06
9.029902638061604891e-06
9.039348624206967623e-06
9.063661756940987439e-06
9.080107426862604950e-06
9.083113590268570295e-06
9.154582965071212942e-06
9.174731063357464988e-06
9.206598392387554172e-06
9.252357025876960304e-06
9.258790080606449960e-06
9.272679614565621626e-06
9.292777920955380049e-06
9.308262235425553382e-06
9.348034059701798240e-06
9.374203094414646734e-06
9.401868196981507867e-06
9.411909775356578882e-06
9.449271439317400762e-06
9.469738629235240944e-06
9.498626944145876339e-06
9.525459105494021690e-06
9.547643542391859940e-06
9.568337041034198474e-06
9.583375063622205284e-06
9.624279046017549595e-06
9.652319098476703718e-06
9.671084707921093421e-06
9.678077307268286340e-06
9.705687037203232403e-06
9.734918160839032276e-06
9.745038919245746406e-06
9.780917556423023896e-06
9.802991959817745243e-06
9.811697718687109731e-06
9.830930830531530538e-06
9.853973289244755251e-06
9.876603428772060114e-06
9.908065270670518549e-06
9.930811497579630101e-06
9.973266811887536231e-06
9.992037468543486168e-06
1.002569190661462878e-05
1.005695312296873338e-05
1.007908147502933065e-05
1.012174805378186365e-05
1.014172581403881493e-05
1.015364823442042049e-05
1.018612019998293418e-05
1.022429868346664408e-05
1.024210912446177718e-05
1.025859944115484134e-05
1.028463904364649285e-05
1.029952460737737121e-05
1.032471762249273027e-05
1.035216297842325297e-05
1.036540733058804163e-05
1.040803162223471692e-05
1.042512588957469717e-05
1.047025048736362702e-05
1.051199937757853882e-05
1.052524937853102085e-05
1.054459601646670644e-05
1.055186946601017850e-05
1.064700130129415701e-05
1.066195075447297687e-05
1.068310648909619793e-05
1.069606514310708725e-05
1.072658509908060723e-05
1.075106251510163203e-05
1.075503608741488572e-05
1.076995213336067437e-05
1.079298129694509539e-05
1.081360355078528559e-05
1.084421997711746761e-05
1.087590304015973299e-05
1.088562342394852905e-05
1.090300370629823198e-05
1.091650060825007810e-05
1.098116082035628129e-05
1.099456215735194938e-05
1.105619793009783911e-05
1.105961514615126193e-05
1.106499849042758156e-05
1.109836871401780815e-05
1.115505426136980032e-05
1.117533179056027914e-05
1.118602477768007483e-05
1.120190549914142231e-05
1.126958367815222446e-05
1.129607152825838676e-05
1.132327404234067764e-05
1.135042838868139042e-05
1.137639945544914035e-05
1.140146423517222719e-05
1.140782613242682731e-05
1.142766689502765960e-05
1.144905565926012422e-05
1.148349442529811900e-05
1.149423168535932541e-05
1.153272804833429746e-05
1.156235455356863379e-05
1.159368054851999248e-05
1.162122015661995068e-05
1.165877272169333937e-05
1.168558324913357634e-05
1.169249933237008646e-05
1.172021769045643349e-05
1.176409005058836926e-05
1.177605818207294301e-05
1.181639305841513601e-05
1.182660199699509645e-05
1.184219141823583672e-05
1.187554166633003729e-05
1.189027526778415226e-05
1.192812305022415939e-05
1.196310489890009496e-05
1.198919919106476716e-05
1.202964209975392065e-05
1.206174813847702015e-05
1.207099585939686335e-05
1.210295719680672958e-05
1.212333692175811570e-05
1.216000840544272415e-05
1.218953959644266873e-05
1.219406674272053929e-05
1.222419600338886838e-05
1.223248493059868665e-05
1.226308816545076267e-05
1.232178711986352117e-05
1.232437273667311453e-05
1.235664863565003502e-05
1.241363037034411379e-05
1.242177503649853976e-05
1.245455543847572385e-05
1.248299510140314075e-05
1.250658465103982426e-05
1.251482474519427071e-05
1.254826360834815671e-05
1.257729697964712724e-05
1.260771548345453647e-05
1.263723373149406708e-05
1.265289316266305145e-05
1.269212833990074372e-05
1.273189633615643795e-05
1.274116090125542578e-05
1.279200479626269850e-05
1.285640400531983824e-05
1.287283139559206701e-05
1.291778776403084332e-05
1.293396952970526935e-05
1.295433444777563984e-05
1.297651410460347677e-05
1.299603146317309802e-05
1.303373905099765004e-05
1.305460224422754651e-05
1.306877159586203359e-05
1.312620652715726804e-05
1.313860385850752954e-05
1.315766911440231928e-05
1.317402298077626792e-05
1.319106813064675033e-05
1.322113558140256145e-05
1.326217749145295133e-05
1.330883207848248782e-05
1.332047587734755058e-05
1.334314317491777408e-05
1.336220583120666272e-05
1.338796355797775832e-05
1.341801954518911383e-05
1.345641205937224583e-05
1.347100893479912548e-05
1.351591250904030607e-05
1.353079527587913975e-05
1.355175270529456869e-05
1.358729711381111401e-05
1.360318415715893013e-05
1.365818838658557077e-05
1.367525308642910989e-05
1.371205518754495701e-05
1.374542964448554311e-05
1.375306828102743890e-05
1.379413900855322923e-05
1.382644579680241970e-05
1.384926999550314880e-05
1.388125545640035665e-05
1.388300153983747383e-05
1.392027097809146083e-05
1.394586150985659149e-05
1.397024380418365089e-05
1.399401224157908849e-05
1.403127785539153553e-05
1.409015382754588448e-05
1.410105418933634167e-05
1.411540435022446065e-05
1.416545847635992704e-05
1.418260533737249856e-05
1.421234992431081081e-05
1.423063283895232557e-05
1.425870026580133718e-05
1.427476458667754099e-05
1.429408065005326649e-05
1.432508149216931644e-05
1.435639170900234944e-05
1.437743754350714584e-05
1.440597509381072740e-05
1.446664879211020034e-05
1.450199475120529404e-05
1.453868977127226909e-05
1.456587421134005779e-05
1.458281009823031880e-05
1.462200112478798987e-05
1.463059183815406215e-05
1.466966997863718780e-05
1.469580491536817570e-05
1.473566493361055656e-05
1.478817085027154697e-05
1.483345015929891082e-05
1.484083554924430247e-05
1.485864440708226656e-05
1.488953321619021196e-05
1.490672264941635506e-05
1.494881028436217473e-05
1.497754498260136721e-05
1.500247256661545048e-05
1.502310316899959020e-05
1.504842176996213485e-05
1.507309411295582456e-05
1.509566730978161749e-05
1.513501382319227033e-05
1.516015547266524482e-05
1.519325926304713231e-05
1.523978030426156112e-05
1.526633571402213934e-05
1.529431921932290059e-05
1.532680155561939980e-05
1.535106929055132999e-05
1.537496771091204626e-05
1.539423223570720906e-05
1.543540820973311303e-05
1.545576025223072386e-05
1.547898254617819408e-05
1.548534767468717129e-05
1.555938146319832752e-05
1.558566494372255480e-05
1.562685633867930439e-05
1.563354613491019807e-05
1.566371243439041491e-05
1.568586722924708338e-05
1.574766231994619193e-05
1.579123245391275549e-05
1.580279668130845028e-05
1.585400980899938131e-05
1.586657571988033867e-05
1.594405919642807198e-05
1.595712962361845906e-05
1.598791119848172037e-05
1.600536346822828993e-05
1.606363145116044549e-05
1.611177549792189965e-05
1.613986981942833963e-05
1.616139931200460448e-05
1.619249628929375946e-05
1.622212929488018311e-05
1.624309713498545290e-05
1.627070116960840961e-05
1.630060799491849652e-05
1.631338786708614715e-05
1.634738333659414795e-05
1.637223851841504942e-05
1.642816065727233931e-05
1.645070563559279358e-05
1.648372389758891407e-05
1.650576039256938731e-05
1.652177712060241995e-05
1.654527725141244953e-05
1.662147355719521285e-05
1.664213956937259724e-05
1.665419879706451375e-05
1.666091693040090346e-05
1.671122658717839548e-05
1.674234564548362285e-05
1.675046475977498065e-05
1.681516246423025803e-05
1.686272903207151647e-05
1.688424896225023259e-05
1.691064927361806029e-05
1.694758269527787823e-05
1.698365479121039168e-05
1.700558885359915932e-05
1.703153087315020857e-05
1.707368503635932412e-05
1.710720688461822930e-05
1.712972356430600337e-05
1.716090061071945600e-05
1.718728283425601905e-05
1.721598257011019908e-05
1.727115552495871672e-05
1.729543397132546492e-05
1.731096759395316407e-05
1.733789312610750489e-05
1.735572818657460267e-05
1.737025568655573062e-05
1.741321802084599293e-05
1.742164971577528864e-05
1.746728478113329015e-05
1.750320576758949241e-05
1.751664368524706776e-05
1.755308023556739275e-05
1.762562998508331426e-05
1.764637515599651554e-05
1.768052736595720188e-05
1.772878556606317504e-05
1.775060320516069445e-05
1.777641132022252164e-05
1.779274325153443396e-05
1.788111881575095311e-05
1.791118005933256156e-05
1.794364420863079040e-05
1.797247212704744876e-05
1.799480887655961230e-05
1.805624055730217442e-05
1.808472840714071426e-05
1.811657808377597505e-05
1.814467910951945780e-05
1.815918033242736618e-05
1.817790428465871204e-05
1.821068538717866595e-05
1.823660411631712418e-05
1.827830402719846350e-05
1.830255167567882834e-05
1.834206719869029196e-05
1.838610476784075480e-05
1.840129658960259419e-05
1.844024341748412286e-05
1.847091073447859968e-05
1.852385087120147778e-05
1.855298250252470591e-05
1.860643012019000500e-05
1.864918749794218096e-05
1.867763965278887732e-05
1.871691777497830420e-05
1.872894916803896352e-05
1.876683236075534937e-05
1.880209877571121656e-05
1.888483902463292347e-05
1.889825655932129446e-05
1.892498894217692907e-05
1.896654811942413075e-05
1.899088654403292083e-05
1.901191813465066187e-05
1.903849229414402791e-05
1.908047913323698215e-05
1.910912554907143364e-05
1.912778844716004367e-05
1.916184655341205851e-05
1.922721939646080452e-05
1.925360644093131299e-05
1.926909079135824500e-05
1.932697713056778443e-05
1.934503859434784286e-05
1.939072871921664499e-05
1.943912094064846819e-05
1.945873560500447998e-05
1.950851119222222970e-05
1.952445780549727879e-05
1.960054335582787268e-05
1.961344418459372212e-05
1.964891521588863906e-05
1.968793567961946774e-05
1.970416860602111907e-05
1.971990417630155789e-05
1.977182888114938040e-05
1.979025128740141831e-05
1.981976313828745785e-05
1.985241455222595380e-05
1.990350100343237012e-05
1.993135743829954246e-05
1.996459816671687675e-05
1.999628440816089101e-05
2.002168935523889772e-05
2.005833016572271046e-05
2.010880170625523020e-05
2.012123698787340634e-05
2.013968364717105421e-05
2.021874005220729531e-05
2.024426552142067812e-05
2.032263622857428300e-05
2.035103163441141474e-05
2.036448528264273134e-05
2.040878479021037868e-05
2.044984779940082586e-05
2.047286304608203185e-05
2.049655765530043137e-05
2.052838115946332680e-05
2.057570395478886205e-05
2.059062876096654505e-05
2.064128312087153234e-05
2.068257341917542668e-05
2.071772407914939339e-05
2.074184931515886149e-05
2.078413334753677127e-05
2.080543291863548824e-05
2.087091714368106740e-05
2.090060592197582858e-05
2.091781910753649101e-05
2.092790446786203749e-05
2.094709558460368273e-05
2.101753747434847373e-05
2.105151633075531421e-05
2.110917597746318625e-05
2.112406781490572919e-05
2.113043064202438961e-05
2.116465746521123664e-05
2.122347627229569038e-05
2.124412024101363349e-05
2.126927083001115381e-05
2.128785132751501220e-05
2.133583518391266802e-05
2.136546643316460003e-05
2.139927588336943608e-05
2.143400180090030525e-05
2.146951572794075460e-05
2.153611268761257625e-05
2.154217497185133008e-05
2.159561193520144069e-05
2.163511693617585610e-05
2.165882921444667471e-05
2.168909784539314962e-05
2.177194906550683601e-05
2.179057721294648661e-05
2.180694995255207013e-05
2.185697506113782430e-05
2.187675909847184392e-05
2.192486087270522637e-05
2.195710069461665650e-05
2.201062868779697944e-05
2.203504689506601130e-05
2.206205201519930364e-05
2.210745457872173122e-05
2.215135708763713742e-05
2.219135135162738297e-05
2.221374103338827281e-05
2.225732819837958291e-05
2.228550582667061301e-05
2.233879021706454887e-05
2.236083580565949777e-05
2.242038987609236027e-05
2.242238059566374926e-05
2.250336279241106689e-05
2.252488747219828574e-05
2.253590752518365767e-05
2.258172763786308880e-05
2.260552692439519388e-05
2.265625275282600446e-05
2.268822268119116125e-05
2.274843013389703299e-05
2.280999890431954866e-05
2.283887664790689920e-05
2.285785676237202428e-05
2.292081369692297254e-05
2.295171767907452562e-05
2.298283258969342516e-05
2.304138009631607030e-05
2.306415300617415185e-05
2.307234527853582994e-05
2.309331331028544146e-05
2.316166341804312389e-05
2.321932622966284049e-05
2.327619745070948483e-05
2.329174253382933603e-05
2.333002990393774338e-05
2.338474183537712887e-05
2.341018517722241374e-05
2.342274573257036117e-05
2.345131925565269596e-05
2.346668944100577619e-05
2.350604584174934345e-05
2.352499183114285103e-05
2.360212425087180720e-05
2.362129251964998510e-05
2.370000594866951524e-05
2.373137273462774956e-05
2.375982768631442518e-05
2.378924450553380947e-05
2.384963831778698877e-05
2.387522831502614031e-05
2.393678816379101658e-05
2.396029792026730076e-05
2.398541273821573101e-05
2.405880528641669093e-05
2.409684005411011351e-05
2.414078904810927344e-05
2.418321858220573990e-05
2.420248362424711491e-05
2.422676790562971712e-05
2.425634203730336663e-05
2.428640194025632058e-05
2.431662753894353116e-05
2.433710623102084436e-05
2.441548273453258351e-05
2.448293793666955182e-05
2.451134849620066042e-05
2.455453793060020953e-05
2.458016773332665010e-05
2.466746539780095127e-05
2.473140575717653998e-05
2.476615059702270936e-05
2.479211039619266802e-05
2.482874796901155673e-05
2.485439731900331329e-05
2.488233000512953599e-05
2.494967692622621848e-05
2.501128093708912176e-05
2.503358719064123256e-05
2.509287310381534065e-05
2.514804787964886808e-05
2.517171128111198841e-05
2.519364796017054922e-05
2.526969008708885694e-05
2.527920178565381897e-05
2.528616531724347423e-05
2.537690827331983193e-05
2.539620303627715474e-05
2.543270599208038868e-05
2.545508752075051700e-05
2.551137506529345275e-05
2.552182562823036963e-05
2.558153284630884571e-05
2.562652496192839089e-05
2.564031221074907020e-05
2.568061564759564197e-05
2.571927183964301531e-05
2.575035694944253361e-05
2.581053148693839531e-05
2.585259195449205231e-05
2.588016837005608991e-05
2.589912196351476148e-05
2.593281580366504449e-05
2.597353232062596067e-05
2.602219086876355613e-05
2.606640401189406979e-05
2.613445922047376513e-05
2.616514306874447797e-05
2.618413049460056714e-05
2.624614625726541918e-05
2.628290914529719590e-05
2.630639521572745258e-05
2.634352677720846106e-05
2.639276567197199958e-05
2.643911808693260573e-05
2.647236343881845887e-05
2.653585662550099120e-05
2.659417766675219695e-05
2.664793607028785233e-05
2.669223134162935319e-05
2.672954350348735099e-05
2.673317444468269094e-05
2.681797290955775470e-05
2.685236964444073091e-05
2.689939365731359582e-05
2.692087106415663259e-05
2.694847038405587763e-05
2.698554439885837358e-05
2.706016392361110316e-05
2.710249123577745405e-05
2.717045898228186442e-05
2.718030027908162634e-05
2.721544669559146533e-05
2.728469323097346792e-05
2.731412526776845815e-05
2.736028370614804398e-05
2.739398553947026757e-05
2.745207703564178580e-05
2.747716881561152578e-05
2.751627361191221253e-05
2.755590450616791828e-05
2.758585831802988863e-05
2.760068773368293317e-05
2.766000986613824031e-05
2.768584599220804662e-05
2.772756555802979785e-05
2.775463274235951696e-05
2.779227309638493380e-05
2.782850968117715811e-05
2.784305381992833599e-05
2.791691532952655499e-05
2.797025273176328706e-05
2.800421379622150162e-05
2.809460412253767263e-05
2.813296737945890146e-05
2.817522858375379332e-05
2.820130259305200790e-05
2.824644654161321251e-05
2.830671067406008337e-05
2.835956029500840171e-05
2.836622225467970332e-05
2.840734915790562922e-05
2.843164860255784800e-05
2.851470997328235207e-05
2.857458064817395608e-05
2.859685102299886207e-05
2.862596065260152554e-05
2.865728731544753651e-05
2.872569706419890413e-05
2.875823069251710954e-05
2.880386665008264287e-05
2.886683607054605852e-05
2.887317653598964965e-05
2.888831359891510096e-05
2.894204204831714449e-05
2.899648123650849275e-05
2.909119037060533362e-05
2.913327089457084758e-05
2.916789068196214160e-05
2.918639699408716529e-05
2.926294548909485918e-05
2.928863020461208562e-05
2.933782826845184822e-05
2.934794444213394715e-05
2.939211156038473908e-05
2.943513198492738039e-05
2.947918691140231378e-05
2.949402790472931105e-05
2.964989278108078031e-05
2.966884525380438924e-05
2.969030994949352939e-05
2.971319862774573603e-05
2.980961549081860237e-05
2.987051326623078702e-05
2.988081577586748329e-05
2.995100508969806037e-05
2.998416130538054451e-05
3.001677671089213821e-05
3.006106407291108914e-05
3.010273116104165503e-05
3.016691991901379298e-05
3.019916959623116618e-05
3.022466540255713097e-05
3.024506873150710473e-05
3.026255799233822007e-05
3.032020387124015586e-05
3.037344670614949987e-05
3.041807585424282831e-05
3.042300720408902678e-05
3.050450775167711027e-05
3.056976834390649550e-05
3.062163809195075491e-05
3.065721088910223027e-05
3.070479730362210037e-05
3.076989231790075847e-05
3.080220727843407556e-05
3.082643376231605640e-05
3.089825990261784773e-05
3.095334575067640738e-05
3.099021116077414832e-05
3.103265069832732983e-05
3.104760711369268885e-05
3.109851440876960167e-05
3.120991538532180156e-05
3.127749708988895758e-05
3.128805918935189518e-05
3.136216001349673811e-05
3.137279672400468590e-05
3.144813490642251429e-05
3.147612213544819350e-05
3.150166385445587889e-05
3.161870118072853200e-05
3.163733776548458329e-05
3.163828361246697797e-05
3.171054576913206281e-05
3.173790707937771294e-05
3.176069487673941518e-05
3.180149616211210375e-05
3.190893488004550925e-05
3.191454030807536652e-05
3.197224034500366298e-05
3.203596625001851504e-05
3.208488385069920593e-05
3.211585251948290501e-05
3.218972558999950127e-05
3.227063480854489025e-05
3.231205635436834079e-05
3.232480701655369201e-05
3.233588597955608553e-05
3.235729674670767320e-05
3.247090886398125962e-05
3.250254356495496373e-05
3.255466530137885540e-05
3.258273698046917883e-05
3.260662469137206215e-05
3.265504748306068090e-05
3.269541790450253884e-05
3.275523743701181143e-05
3.282269696537220058e-05
3.286211797300092738e-05
3.297832332926078035e-05
3.300602386943577441e-05
3.302158558894785077e-05
3.307220391342649297e-05
3.310593417512723715e-05
3.316532168961550933e-05
3.324163018349330886e-05
3.331176077044806932e-05
3.331926312839459254e-05
3.344941526825465642e-05
3.345596686289248030e-05
3.353077815309831247e-05
3.353657259946626738e-05
3.364942018736278477e-05
3.366489135093379912e-05
3.375149579643534943e-05
3.376037815373632680e-05
3.379385811688438734e-05
3.384752443434870678e-05
3.388687093659804883e-05
3.394896695419175292e-05
3.398964132695600119e-05
3.405419828721661197e-05
3.408325431704857273e-05
3.418179919130483316e-05
3.421669645558624175e-05
3.430603733384813712e-05
3.432782638101298850e-05
3.442106039799040941e-05
3.445955753038037312e-05
3.451765732443772764e-05
3.455343747935861291e-05
3.461970057162398924e-05
3.466624159640939212e-05
3.473422979188757492e-05
3.479364296176570799e-05
3.481422195210308849e-05
3.488014131589907809e-05
3.491217821951427431e-05
3.493926701048257052e-05
3.499243984958940850e-05
3.504249365666821094e-05
3.506815557968114054e-05
3.520125935103272599e-05
3.522450127791919159e-05
3.525805605663290753e-05
3.529947744968029832e-05
3.539019243138083253e-05
3.543795073828229746e-05
3.547218009053128214e-05
3.555811746060318182e-05
3.562492243169039432e-05
3.567614831686131732e-05
3.570698233772644198e-05
3.576124481495876343e-05
3.584428928036657901e-05
3.587937510842298096e-05
3.589238464908486268e-05
3.594916752895431603e-05
3.599755048266736502e-05
3.603227474544382655e-05
3.615709964238846962e-05
3.621215517841134477e-05
3.624866382051005820e-05
3.629645212028825596e-05
3.637312490140435611e-05
3.640864233030840288e-05
3.643204880877815174e-05
3.648225178317587262e-05
3.649605509484131146e-05
3.658102973595635363e-05
3.659331241432096904e-05
3.670815633481448709e-05
3.674745097785819901e-05
3.681313565966813178e-05
3.686992523267164888e-05
3.694087688394763751e-05
3.699223199028376182e-05
3.702721357404988056e-05
3.708806996014757363e-05
3.713624916010043429e-05
3.716725307844699806e-05
3.720227091274721257e-05
3.726961251052712598e-05
3.729611669931963798e-05
3.738514782069865647e-05
3.743325327602708291e-05
3.746145308782486709e-05
3.756266310293156994e-05
3.756481305011153857e-05
3.761003365300247747e-05
3.774219285898247205e-05
3.777357661340346729e-05
3.780309211301241187e-05
3.786082679519862330e-05
3.788857946179796264e-05
3.794163099157423890e-05
3.808647778275443487e-05
3.811163239974486362e-05
3.818372663248185592e-05
3.824318146436649562e-05
3.832344440090303182e-05
3.834948372836178432e-05
3.840405650158567767e-05
3.845289981918744012e-05
3.846673358523196236e-05
3.855213779809391885e-05
3.858635696161230024e-05
3.863459445668499090e-05
3.870253182610568606e-05
3.872701227460500833e-05
3.876168731145115140e-05
3.882080012789435790e-05
3.886337074189915946e-05
3.892331475621441903e-05
3.899414521419788449e-05
3.907789163286247858e-05
3.913122437590814791e-05
3.918271054469645021e-05
3.919524653622864026e-05
3.931825694345738117e-05
3.936196724386422443e-05
3.940530441885637406e-05
3.942669479877302491e-05
3.947583777496207856e-05
3.952423214140106898e-05
3.966900756935574858e-05
3.972404418111045857e-05
3.975425188108867175e-05
3.982426210566891896e-05
3.987268139122677465e-05
3.990942119054060889e-05
4.000637213691992869e-05
4.003149777945273828e-05
4.007692734867564053e-05
4.010199428813725783e-05
4.016084791050616618e-05
4.021204692946175495e-05
4.026418087011864570e-05
4.034413971745256513e-05
4.043381838162265937e-05
4.046112081783530750e-05
4.051635278141776963e-05
4.057604092589129643e-05
4.068192161729514698e-05
4.071508389895026579e-05
4.074763278958042718e-05
4.080106293513171325e-05
4.087003766055304798e-05
4.094122159269857671e-05
4.107151369700633977e-05
4.115467374436211894e-05
4.119840691639753058e-05
4.126154667928893822e-05
4.129439895938921489e-05
4.137086321397620889e-05
4.140286711861423100e-05
4.143498787973496825e-05
4.146843402894933363e-05
4.158159563466288985e-05
4.162053621839379553e-05
4.172894928873329128e-05
4.177187714977305969e-05
4.183591581284254170e-05
4.186669097767314548e-05
4.188867649167471983e-05
4.193070394486064117e-05
4.200161897529180479e-05
4.210923281911795410e-05
4.216287341569423475e-05
4.226469799860565834e-05
4.233708194381039132e-05
4.235785916675720352e-05
4.244218504802749718e-05
4.250891852461220532e-05
4.255020363262635639e-05
4.263175750630769959e-05
4.267618022531540747e-05
4.276452009860295120e-05
4.280141011245029893e-05
4.287278026404289642e-05
4.296360971834265667e-05
4.303873563059994325e-05
4.304875924369995911e-05
4.308058557055213805e-05
4.318506283430307576e-05
4.323763711273166449e-05
4.332228420454702501e-05
4.335461065273994767e-05
4.345182522321812976e-05
4.349009698334018739e-05
4.356070879630101993e-05
4.362597172545210067e-05
4.372669805177071861e-05
4.374741633800661148e-05
4.380892930076982499e-05
4.388493611329227187e-05
4.395493818807756615e-05
4.401650484934904576e-05
4.403426833209859152e-05
4.419028640515855011e-05
4.424213368649103676e-05
4.429277610578839596e-05
4.438561268677901318e-05
4.444077799724770834e-05
4.446372797710388200e-05
4.452538257650905844e-05
4.457816538120950602e-05
4.464155273249454834e-05
4.476576362101089551e-05
4.482782826998707757e-05
4.485139199090258866e-05
4.489605471483288257e-05
4.498553133145235042e-05
4.509820998956610110e-05
4.518696215058735601e-05
4.526137319768926977e-05
4.535968464854014254e-05
4.538863476696005717e-05
4.542108969167313321e-05
4.543276654618775943e-05
4.552628463834580903e-05
4.558487251251773682e-05
4.564167377861924119e-05
4.575037145009300878e-05
4.581841656608764854e-05
4.589155707537377084e-05
4.592315844014070763e-05
4.595688336948207408e-05
4.607775059575681969e-05
4.614480569295182597e-05
4.620165795160874371e-05
4.626279076981108080e-05
4.635561216138848746e-05
4.641564422955381995e-05
4.646518810603079568e-05
4.648958868799371927e-05
4.663447630180189452e-05
4.668463932335510229e-05
4.671724050308188669e-05
4.678494640764480322e-05
4.684103858865756599e-05
4.688401796424376074e-05
4.689932915055439335e-05
4.700955461657878797e-05
4.713514594554022797e-05
4.720847870200037483e-05
4.724724530429954785e-05
4.734962494848008141e-05
4.740666011620663052e-05
4.748333139703655472e-05
4.753889892296049379e-05
4.759853956848633373e-05
4.769733932554144135e-05
4.778883981632968913e-05
4.783762907923818074e-05
4.787432438686726452e-05
4.796459655768590350e-05
4.801014393589442898e-05
4.812135971476896694e-05
4.823079098726152687e-05
4.831029940152228180e-05
4.831595419080446830e-05
4.839316597118905157e-05
4.845723887231458843e-05
4.849019859408668293e-05
4.861600044285920626e-05
4.864465963547070690e-05
4.876209160050619731e-05
4.881781263559105172e-05
4.888665169345288381e-05
4.891548556976676299e-05
4.903483239949409854e-05
4.909549644637235685e-05
4.914171959370777754e-05
4.922519025296329657e-05
4.931126525529747951e-05
4.931661526758547614e-05
4.938212542493308993e-05
4.952105067419878051e-05
4.956822307495416957e-05
4.957654766274168228e-05
4.963883061335964237e-05
4.974123471596940860e-05
4.976706285196031001e-05
4.985714254497280811e-05
4.993127774495140068e-05
5.002688890073796088e-05
5.005776178935746458e-05
5.012728894073111946e-05
5.016251867255568195e-05
5.025123206312989254e-05
5.034749123562384484e-05
5.040090397777436179e-05
5.049258866711459645e-05
5.057738416283770412e-05
5.065846162093093547e-05
5.068689225558549243e-05
5.079240900331469374e-05
5.086026682661898420e-05
5.098645635969318153e-05
5.106535317200221565e-05
5.109761976584552582e-05
5.114580714143887607e-05
5.131055545872564090e-05
5.147478205684278998e-05
5.152132523534494587e-05
5.153998445326740213e-05
5.168322537095916531e-05
5.170073778344246956e-05
5.179941359287854947e-05
5.184297161568753314e-05
5.187092028809517000e-05
5.199442105033173675e-05
5.204493916616954164e-05
5.216594450466393261e-05
5.225532622331233412e-05
5.237767197823670312e-05
5.240823284046789809e-05
5.243082739013241156e-05
5.247439602986460225e-05
5.258309660274640619e-05
5.266283935901958357e-05
5.274368832045454788e-05
5.278334373423838513e-05
5.283538793296182763e-05
5.294109809580325652e-05
5.301614980150059922e-05
5.313302871911334472e-05
5.313364671463921898e-05
5.331579426203258883e-05
5.335505465298242986e-05
5.340994732183613846e-05
5.349515218807420397e-05
5.361686703164498960e-05
5.365361510330181240e-05
5.376072557693800316e-05
5.388631603552423299e-05
5.392142654047403039e-05
5.406482361361927711e-05
5.413588187212195393e-05
5.417198012671399542e-05
5.421330373054174576e-05
5.427906787087882529e-05
5.441625725076599304e-05
5.443439602214959056e-05
5.456497707381695008e-05
5.464407758904623181e-05
5.475180003525090901e-05
5.484316749879323362e-05
5.494991092132777360e-05
5.498402108572820275e-05
5.511513497715211902e-05
5.515047030104165335e-05
5.526129959802185876e-05
5.530386524236702777e-05
5.543275016418276665e-05
5.546399991613611786e-05
5.552074612165540287e-05
5.563415134985611279e-05
5.574733130226558985e-05
5.581080270644700941e-05
5.588139719348632172e-05
5.592979213274553899e-05
5.600903175469910207e-05
5.621236182025527865e-05
5.630357882014223354e-05
5.634412895157673320e-05
5.642334988336574760e-05
5.653770210962316456e-05
5.656547674259926019e-05
5.674423758563369317e-05
5.680765695464916207e-05
5.686655131076718747e-05
5.702275726592486349e-05
5.711448528010886497e-05
5.715662368609138535e-05
5.726946732653769370e-05
5.733179715780573868e-05
5.745515364192581287e-05
5.754329050564616489e-05
5.762825831810955603e-05
5.773988902064063690e-05
5.784488472223017969e-05
5.796500648118351471e-05
5.809407506512717911e-05
5.816749275569695066e-05
5.828637515763469812e-05
5.831326940246565649e-05
5.839418699599633461e-05
5.851478428958064291e-05
5.864284179266768845e-05
5.870699781870163044e-05
5.876551431481284932e-05
5.882300340736452157e-05
5.896901788477491651e-05
5.907986313408472134e-05
5.917328382577505448e-05
5.923862527537472156e-05
5.926274368227455808e-05
5.931736176889154454e-05
5.945524355499648916e-05
5.947792926479527378e-05
5.958336679713102077e-05
5.970279945262205472e-05
5.980622233284546275e-05
5.984916383613250902e-05
5.993922276353681392e-05
6.000158555560310033e-05
6.009881031339389836e-05
6.014839124745976448e-05
6.032518124355881257e-05
6.044867796951895961e-05
6.050065694613242202e-05
6.061927890521951368e-05
6.075171491100252348e-05
6.081852000076433737e-05
6.090914957702622996e-05
6.098304899439519259e-05
6.109466584709506590e-05
6.118014956272064099e-05
6.125551318975827597e-05
6.136193626812438777e-05
6.147331717793277526e-05
6.149106518556248500e-05
6.158848753008576741e-05
6.169631859384420471e-05
6.181407756147192206e-05
6.189293106193017333e-05
6.191958923385956846e-05
6.205393320700294899e-05
6.220524496269759236e-05
6.227953473936658792e-05
6.240874911723489444e-05
6.254440980881630638e-05
6.267609143719036016e-05
6.273850353690841241e-05
6.281421165119151239e-05
6.302442985293543048e-05
6.309747856300820064e-05
6.314192474500791516e-05
6.323509891511458405e-05
6.326171857032259133e-05
6.336625986110630950e-05
6.355794530845620233e-05
6.367767932530497301e-05
6.371469375840764862e-05
6.378511419347681808e-05
6.392599420907237777e-05
6.396410451633184082e-05
6.412655561312439957e-05
6.424483595134107127e-05
6.426134624808387495e-05
6.442756744540995375e-05
6.458890504239909601e-05
6.463701412715014481e-05
6.471570818528838570e-05
6.476043133698069663e-05
6.489924603335115263e-05
6.501176965642217721e-05
6.516810512623688178e-05
6.517987967382963600e-05
6.535718577133801455e-05
6.549906883193458180e-05
6.557339200364825508e-05
6.560567930468779721e-05
6.566787006011048575e-05
6.578477513853421619e-05
6.600772454468739690e-05
6.606699332820937371e-05
6.611740804080710663e-05
6.634353526924690681e-05
6.640133014247900489e-05
6.649448649037539990e-05
6.660439267811000034e-05
6.670312611299662059e-05
6.681100984940088457e-05
6.691210390674354636e-05
6.699918126821600007e-05
6.711570566154094345e-05
6.738502867811013155e-05
6.749473006645649554e-05
6.753329776273043919e-05
6.759520741555110322e-05
6.762391232679035356e-05
6.784516300810717357e-05
6.794189255696580186e-05
6.805089684522075584e-05
6.824603987608013648e-05
6.842423258414345353e-05
6.857891623955185987e-05
6.863142752049315590e-05
6.864990025075462553e-05
6.882999350575921642e-05
6.888746910866320311e-05
6.900753893403951109e-05
6.918171776175004672e-05
6.920458057761510085e-05
6.927287188663812021e-05
6.944335211729993666e-05
6.960240015305919534e-05
6.968892752658761348e-05
6.975788164012131749e-05
6.981377408664270320e-05
6.990874617412039845e-05
7.003550573029293275e-05
7.012171772996590225e-05
7.023090081108548433e-05
7.042531042925401609e-05
7.060175345092900459e-05
7.069068058840640822e-05
7.074907053907736961e-05
7.079346052772483952e-05
7.095755362540300004e-05
7.113384194663874857e-05
7.124639655985700269e-05
7.147667651512303326e-05
7.157997016615090687e-05
7.165967292989184917e-05
7.174931356343894719e-05
7.176353893155390854e-05
7.196664251729873298e-05
7.208790676632272965e-05
7.218833984391854401e-05
7.223432578003519133e-05
7.233994088802788954e-05
7.241270644648619976e-05
7.245812536733478918e-05
7.274225677218813628e-05
7.286006589392031527e-05
7.303776560132605497e-05
7.310657938936385267e-05
7.316190494851258254e-05
7.322875927979827974e-05
7.334187786738975820e-05
7.354685724833815547e-05
7.365033110725752565e-05
7.382749315542380176e-05
7.388076319968298045e-05
7.409155676692686645e-05
7.430392560545875794e-05
7.441760602887002049e-05
7.451915880715473243e-05
7.467287475028967900e-05
7.478184144197082956e-05
7.489439698435949345e-05
7.496608147196201662e-05
7.510729445810985681e-05
7.528319911231159001e-05
7.540905605632956365e-05
7.552582768637048391e-05
7.559447539815105656e-05
7.567054502820755551e-05
7.581123019063033374e-05
7.589447329429357036e-05
7.596724943954468910e-05
7.620414818037247692e-05
7.630864042093106405e-05
7.645087376305003334e-05
7.648716818908664198e-05
7.680323445148070716e-05
7.686180684253417195e-05
7.694006133945173887e-05
7.701303224200393711e-05
7.727629815981986914e-05
7.736534398232912727e-05
7.745687630577882080e-05
7.761832847250797003e-05
7.788103979296988550e-05
7.796825171238204021e-05
7.800340213780941254e-05
7.808565997078709478e-05
7.820584987256617602e-05
7.837212735433691623e-05
7.844179337958165311e-05
7.866646055948712222e-05
7.889594469349023287e-05
7.913913311285857455e-05
7.925262311293237907e-05
7.928263540615555207e-05
7.943800540817608463e-05
7.950905101220092014e-05
7.971929101775449120e-05
7.984484379499018174e-05
7.995365385299965536e-05
8.022023654371557841e-05
8.027777507769879033e-05
8.038115467487028500e-05
8.067327692405067152e-05
8.070895738450683708e-05
8.083105165917164978e-05
8.097309364853171780e-05
8.114054397063924322e-05
8.120130381526695471e-05
8.125217608762077648e-05
8.149491344206223988e-05
8.165287582329061079e-05
8.169626316971850550e-05
8.201206534788910098e-05
8.216233413342729705e-05
8.240474289497446542e-05
8.257555746378806389e-05
8.270838703277871840e-05
8.281537651155153616e-05
8.300472005574016491e-05
8.316586522289126551e-05
8.336177574872788594e-05
8.344020322374595124e-05
8.351653562908869480e-05
8.362999850386094200e-05
8.378037542962770790e-05
8.394909440899532961e-05
8.431119021418305437e-05
8.440569627576260741e-05
8.456526302174299055e-05
8.489440026798722970e-05
8.506494372328247413e-05
8.516179167435087845e-05
8.520326977198994787e-05
8.546123307973099909e-05
8.560003573807266461e-05
8.576647952967434254e-05
8.578984341574333436e-05
8.600416276594065735e-05
8.614786704068073465e-05
8.637523264412240345e-05
8.658335845324876688e-05
8.671840209764323257e-05
8.686321733211452918e-05
8.692804344129555574e-05
8.713791346007403638e-05
8.735020652714209040e-05
8.756926540896509765e-05
8.765004016750932252e-05
8.786145336476364979e-05
8.794367353041707559e-05
8.823442631826509594e-05
8.840255334533921982e-05
8.865499303179281748e-05
8.870191318709856067e-05
8.887512660208900651e-05
8.893677108827408679e-05
8.915031942980935706e-05
8.934972337829463036e-05
8.959268233180881717e-05
8.975787955446535410e-05
8.994773160755522949e-05
9.037924734959821107e-05
9.066003301351247229e-05
9.080512482741561137e-05
9.108530771793221662e-05
9.126095945380094442e-05
9.149073662963137701e-05
9.165831735154178299e-05
9.181552887605783086e-05
9.195488978844437559e-05
9.216993357342947752e-05
9.236866656747311363e-05
9.252451328029501372e-05
9.269557351815506515e-05
9.297788964755313696e-05
9.301083754847201592e-05
9.325810359834261262e-05
9.336045256244479530e-05
9.352504775990171570e-05
9.368805119016449488e-05
9.380125414079025904e-05
9.412524102015683302e-05
9.448505886315009992e-05
9.466396447685413340e-05
9.475935173588249081e-05
9.507513619296793469e-05
9.522038487189128750e-05
9.558890137553498277e-05
9.600218194085454674e-05
9.631369778401706132e-05
9.631770097842251718e-05
9.637667513437571908e-05
9.701779129369892350e-05
9.709121310977651209e-05
9.718797932767681772e-05
9.751834767733334503e-05
9.760120427128418956e-05
9.784520481011042250e-05
9.800224033825048243e-05
9.814935409522770621e-05
9.830400573401018984e-05
9.880003581279819141e-05
9.901914294616779644e-05
9.927113361417397037e-05
9.960064877410711821e-05
9.962757211395530457e-05
9.998815916206702230e-05
1.001135218682671827e-04
1.002703447682399044e-04
1.005609243931792436e-04
1.006845619294464831e-04
1.008222140948883340e-04
1.014214065364899003e-04
1.014723985738673177e-04
1.017462120850796395e-04
1.018885795768424354e-04
1.020949383633859515e-04
1.022056852108678784e-04
1.025322482745705125e-04
1.029185551068025447e-04
1.035551648843586965e-04
1.039197630490560617e-04
1.040818928524977143e-04
1.044652493213185109e-04
1.046360317078790176e-04
1.047653246719425332e-04
1.049749288030452999e-04
1.055291033290609910e-04
1.058606551625089812e-04
1.060882761512470566e-04
1.062276069345224948e-04
1.069389028215391520e-04
1.073025349351893761e-04
1.078687128096824998e-04
1.081378075097331646e-04
1.082296361687657207e-04
1.085108219206243238e-04
1.087465938664856560e-04
1.090077786519162413e-04
1.093342719009781261e-04
1.094279369676298474e-04
1.098392279611536192e-04
1.099142530048784460e-04
1.104484969445722678e-04
1.108445733148814881e-04
1.113512765307368382e-04
1.122786814136099702e-04
1.125044471562694693e-04
1.128181565006291501e-04
1.131347071893486439e-04
1.131552252204848772e-04
1.138290578602208029e-04
1.140879754705868138e-04
1.144777211503801703e-04
1.151166663617485633e-04
1.152804646457187589e-04
1.155899414223678849e-04
1.159304550148442127e-04
1.162155760006614448e-04
1.166830120745637549e-04
1.172669827225079279e-04
1.180353151287255408e-04
1.186646426089974009e-04
1.190811342429933293e-04
1.194580570027922099e-04
1.197678974772493172e-04
1.201590574002767375e-04
1.203651765380762620e-04
1.206207308263174664e-04
1.209470263499865840e-04
1.216232507818635077e-04
1.223485849361773093e-04
1.228261740133283840e-04
1.232245102055744962e-04
1.232779170034807776e-04
1.244196217802584004e-04
1.248710171602455596e-04
1.256652930682922468e-04
1.266391233537317751e-04
1.269250417223397574e-04
1.275882043713707234e-04
1.280418837049140306e-04
1.285937179278531328e-04
1.289103472417954684e-04
1.298924488020337541e-04
1.309694756065224127e-04
1.317373184748889194e-04
1.318562957408005209e-04
1.321440786908445041e-04
1.328492832928715168e-04
1.334308245929274970e-04
1.344530860842417400e-04
1.351847843189768971e-04
1.359788032479807484e-04
1.369195676098822949e-04
1.377445660054664553e-04
1.382800482289523369e-04
1.388543076088358057e-04
1.405061517647808499e-04
1.421122874187720345e-04
1.424235297457587357e-04
1.430643468380998100e-04
1.450842702444883495e-04
1.482883221560920867e-04
1.495815169863557738e-04
1.513352044594403725e-04
1.527285610784789578e-04
8.346877155692627786e-04
