-8.564385564838699252e-06
-7.396233152844373682e-06
-7.194163639570974328e-06
-6.925648940539991438e-06
-6.730572732913759834e-06
-6.407284452433997210e-06
-6.271483937281339109e-06
-6.069499430517595494e-06
-5.964820331425411499e-06
-5.694817024838953114e-06
-5.510654660404159956e-06
-5.485167347355361496e-06
-5.095105519427826964e-06
-5.045905969320955388e-06
-4.930526515834491986e-06
-4.913210689215362307e-06
-4.885355422709726500e-06
-4.809923161393556864e-06
-4.662785910777641029e-06
-4.633424200270462792e-06
-4.544344844491382754e-06
-4.527393801564965802e-06
-4.396443862786836889e-06
-4.359683978974892634e-06
-4.294514004567296616e-06
-4.224579216726160667e-06
-4.060386474014563010e-06
-3.995526586634514705e-06
-3.937019958973793478e-06
-3.935058986403364614e-06
-3.843263413713598429e-06
-3.728416822144171350e-06
-3.693886759567623718e-06
-3.609208570486362571e-06
-3.505455757293908215e-06
-3.443459714490483659e-06
-3.442476497361631661e-06
-3.317409261403261187e-06
-3.245902737948702521e-06
-3.208793333014153016e-06
-3.087170003058102635e-06
-3.065815289788515488e-06
-3.011501082478328605e-06
-2.994140302560024018e-06
-2.882162196588539873e-06
-2.806833884625962909e-06
-2.760826553507193558e-06
-2.746538142580250562e-06
-2.684917503946116722e-06
-2.587119973377767909e-06
-2.566962173242466198e-06
-2.505403346624571433e-06
-2.472611580293700546e-06
-2.463455545354336961e-06
-2.390314705447967868e-06
-2.348450808514931136e-06
-2.303770589610331080e-06
-2.242418227095679213e-06
-2.226733232735518154e-06
-2.211004475016590748e-06
-2.088354639842711043e-06
-2.072353559794584711e-06
-2.030157438324579676e-06
-1.961980106215468728e-06
-1.925764488183571715e-06
-1.875787251136491019e-06
-1.837044461554583573e-06
-1.780527890985867251e-06
-1.732687999312888604e-06
-1.701785777486646396e-06
-1.683923198990143995e-06
-1.626894903423826358e-06
-1.551676077048384261e-06
-1.511600786033418575e-06
-1.502606871574328425e-06
-1.455033617817077963e-06
-1.442165398378644253e-06
-1.340166779632532419e-06
-1.299001151785073776e-06
-1.286595669452614337e-06
-1.270610142164683645e-06
-1.247022158600487066e-06
-1.230639775219719809e-06
-1.213579501054203949e-06
-1.149616265123514130e-06
-1.131514780481995973e-06
-1.056791702189058345e-06
-1.036371294492611907e-06
-9.847691654894276392e-07
-9.300320769601865804e-07
-9.257695146169679409e-07
-8.663352518353547375e-07
-8.133332435046621267e-07
-7.927028082679282402e-07
-7.579962610695923069e-07
-7.306705408209066569e-07
-6.988482687690899861e-07
-6.568255510251044094e-07
-5.892098610900940162e-07
-5.754808156628959326e-07
-5.214456649439361054e-07
-5.088710701535963954e-07
-5.055227381289041960e-07
-4.389813018430825297e-07
-4.166675075238847899e-07
-3.798385598363774374e-07
-3.582616102091978120e-07
-3.512779908753911015e-07
-3.200775055348231610e-07
-2.805390309272257101e-07
-2.505853415706012135e-07
-1.852662873457182129e-07
-1.836152080097859373e-07
-1.353291597982196310e-07
-1.072169562084002267e-07
-1.055975218342953053e-07
-7.035952107850865052e-08
-6.779251850528665423e-08
-6.290359821587288752e-08
-5.613813884167086521e-08
-1.321587696979647884e-09
-9.926167350614920469e-23
1.243195117743077049e-22
3.104558276127917083e-08
3.811801429099794612e-08
1.034091840203673196e-07
1.159478801627960682e-07
1.228288691970426496e-07
1.678778312807423059e-07
2.100657518774442026e-07
2.238148923239867950e-07
2.452840445237007666e-07
2.755662630332588762e-07
2.952064758674789254e-07
3.409940460458655610e-07
3.701740675472770611e-07
3.997457575750681150e-07
4.171632361038267018e-07
4.448830213175044744e-07
4.638062522469612223e-07
4.964824419050506510e-07
5.470131196497999070e-07
6.005422706478458757e-07
6.182734269964798707e-07
6.568369505843229237e-07
7.154643824774875497e-07
7.251205099542096316e-07
7.567139488861620368e-07
7.719015163427679396e-07
8.003486650787716467e-07
8.309873477717435930e-07
8.434999052239733275e-07
8.801233947211730617e-07
9.672932662532750970e-07
9.897764520029105708e-07
1.010061782658457300e-06
1.020009295451885218e-06
1.064142244978838936e-06
1.074901785237176941e-06
1.127297160422435088e-06
1.147127921458879204e-06
1.217510795023529808e-06
1.298247940746699737e-06
1.298642352256205916e-06
1.315985139527455426e-06
1.390620919955345425e-06
1.418681099939816101e-06
1.435812274940489197e-06
1.469457427584598755e-06
1.501808811824245909e-06
1.541971842977940772e-06
1.574934661791303051e-06
1.666430087306319114e-06
1.760021296990147260e-06
1.828209442452622721e-06
1.893302271222193285e-06
1.897945827987917371e-06
1.900541563502804424e-06
1.939703532967644019e-06
1.980726437159276520e-06
2.010047624139834750e-06
2.063703560755233667e-06
2.077703705670301028e-06
2.132257705936683017e-06
2.159656109886122007e-06
2.175938825371408185e-06
2.249617450256239336e-06
2.309444998827942768e-06
2.383581327802794596e-06
2.439914712748376620e-06
2.448462348473316654e-06
2.555862475497237029e-06
2.570794893616088165e-06
2.642133224728003541e-06
2.679923859637658050e-06
2.755941207326632241e-06
2.822024241178243253e-06
2.823901850866423982e-06
2.831535913363371688e-06
2.919438320671720886e-06
3.061129930760056374e-06
3.118058193079176106e-06
3.151170412140865211e-06
3.228241375370996321e-06
3.234841340878782248e-06
3.279302940669242175e-06
3.349943695105243105e-06
3.445576630931733937e-06
3.549450176356661182e-06
3.646812145840245118e-06
3.673118637939743864e-06
3.679014384270816267e-06
3.807877267323222069e-06
3.822296824382955601e-06
3.980681005929197982e-06
4.009732512040612801e-06
4.148516443691816490e-06
4.251064471213234850e-06
4.314479150941599847e-06
4.405722678236687595e-06
4.473223161463107913e-06
4.580916571689913970e-06
4.649176102810786097e-06
4.697804776847318086e-06
4.767730026109236306e-06
4.804339284394520513e-06
4.946972921473830814e-06
5.028349151376500099e-06
5.102623068647241909e-06
5.236605503854029575e-06
5.295282437137052967e-06
5.427796662616264650e-06
5.571655441959247015e-06
5.629595009669866966e-06
5.967874686355372608e-06
6.013959264194461795e-06
6.240652774111244462e-06
6.455985692045140800e-06
6.627941256428174566e-06
6.693416446450784042e-06
7.409717952726947685e-06
7.907892193561362695e-06
8.368295088799287355e-06
9.386009073361649811e-06
1.607168680188110282e-05
