-2.058635606327317948e-06
-2.013562836532909458e-06
-1.619981234859576719e-06
-1.481413383357063634e-06
-1.400471885651323393e-06
-1.140518047971222014e-06
-1.076028199378299803e-06
-8.596581844697703355e-07
-8.399859861019544877e-07
-8.399859861019544877e-07
-8.036800536371129715e-07
-5.702532702004690522e-07
-5.251452351072178942e-07
-3.720078020807373026e-07
-3.626144587219804580e-07
-2.196447213247033078e-22
-1.643785605537835158e-22
-1.406826674078067755e-22
-1.170339344860745332e-22
-7.017323818975913035e-23
-4.729825821235885834e-23
-2.364969655929277508e-23
-8.826527196561317273e-24
-8.982368006319518308e-39
-2.548457949245374741e-39
-5.508847663441122252e-71
0.000000000000000000e+00
0.000000000000000000e+00
0.000000000000000000e+00
5.917274660578952027e-40
2.661226372854833388e-39
6.075564017377863827e-39
1.111123133990632598e-38
1.542748324123539449e-38
1.331318564199883567e-24
1.155712150801120789e-23
2.616277590735748368e-23
6.382058424491235966e-23
6.415573146503227041e-23
1.153456535286056377e-22
1.583843701539680182e-22
2.214875781404756370e-22
3.626144587219805639e-07
3.720078020807375143e-07
5.251452351072181059e-07
5.702532702004693699e-07
8.036800536371132892e-07
8.399859861019542760e-07
8.399859861019545936e-07
8.596581844697705472e-07
1.076028199378299803e-06
1.140518047971222226e-06
1.400471885651324663e-06
1.481413383357063845e-06
1.619981234859576083e-06
2.013562836532910306e-06
2.058635606327317948e-06
