-1.467459643288000727e-04
-1.458907296269248781e-04
-1.443484904136536234e-04
-1.421817714966517601e-04
-1.419740075541765019e-04
-1.401459304811793238e-04
-1.390354679527098115e-04
-1.378810430415659068e-04
-1.373291545510268150e-04
-1.367450580485795805e-04
-1.359619187663553216e-04
-1.351848552687681866e-04
-1.343386464593642978e-04
-1.337136337630043552e-04
-1.331540149859838549e-04
-1.322669604583608983e-04
-1.317102766022155221e-04
-1.310923478679163823e-04
-1.303047564002007797e-04
-1.298267385337542937e-04
-1.293732996878658417e-04
-1.287137511315418655e-04
-1.279636324310189663e-04
-1.273638972968334270e-04
-1.263099686318030622e-04
-1.258620420243137660e-04
-1.255297383062194756e-04
-1.250417363626032149e-04
-1.244337331963187010e-04
-1.239930756796702707e-04
-1.236035820708285098e-04
-1.231593297536690500e-04
-1.225328756360949487e-04
-1.217701299033848778e-04
-1.216554982747569989e-04
-1.215178747022456615e-04
-1.211569216411239366e-04
-1.205370092346117340e-04
-1.200773807984627451e-04
-1.198391261438026812e-04
-1.195341955126568296e-04
-1.187354145009101111e-04
-1.184501579127343000e-04
-1.181638498084759220e-04
-1.176474969967587368e-04
-1.173216156058676300e-04
-1.168663641075431498e-04
-1.157847960025121291e-04
-1.157737927044747925e-04
-1.148165847019044675e-04
-1.146302541047396559e-04
-1.144007504759586422e-04
-1.143174438878848332e-04
-1.140314345359699706e-04
-1.135523528176390906e-04
-1.128581097979665046e-04
-1.124143427003310831e-04
-1.118606800495451083e-04
-1.114924924988833460e-04
-1.112344034508956295e-04
-1.109193220434137730e-04
-1.107180699241096537e-04
-1.099819291163120071e-04
-1.099429961991576018e-04
-1.094649314072403638e-04
-1.091457830594839946e-04
-1.087505628607729106e-04
-1.084271107442161898e-04
-1.079860606133556221e-04
-1.076200654925335998e-04
-1.074268743960950646e-04
-1.068923082509820371e-04
-1.067831298843192938e-04
-1.065149395284272697e-04
-1.062376750770177846e-04
-1.057392300316056056e-04
-1.055648287618308172e-04
-1.053379247738410121e-04
-1.050299129676436643e-04
-1.046325296894670763e-04
-1.039459824548826878e-04
-1.039156218627961448e-04
-1.038161625575365066e-04
-1.036208541574306990e-04
-1.032659869612740278e-04
-1.030650481173940922e-04
-1.029430700156033481e-04
-1.024597597901163911e-04
-1.022747964695397253e-04
-1.019927795440399917e-04
-1.017962731459055783e-04
-1.013602587432325334e-04
-1.011068604906573159e-04
-1.009304314412430537e-04
-1.006296511951260765e-04
-1.001361297088917171e-04
-9.985871705736521799e-05
-9.978190795980132347e-05
-9.958325016173522450e-05
-9.923263694262216819e-05
-9.880292088677046492e-05
-9.860670087987521222e-05
-9.851765680962272747e-05
-9.807111878333121054e-05
-9.802578262559987637e-05
-9.774322351209948332e-05
-9.724203219937448898e-05
-9.710308246540506449e-05
-9.686314643461924273e-05
-9.671882865723257215e-05
-9.658606297825837750e-05
-9.634498825900288230e-05
-9.611288826970308967e-05
-9.586153166071603119e-05
-9.581344944053494497e-05
-9.564883990234244852e-05
-9.546992785751887568e-05
-9.508022593010183419e-05
-9.475939141161445606e-05
-9.460729301329191766e-05
-9.427135793413593621e-05
-9.418290142023547985e-05
-9.413359926648707523e-05
-9.384414891046013931e-05
-9.358051915700781086e-05
-9.342425284324370268e-05
-9.333433291254214948e-05
-9.313971641610554770e-05
-9.293050192809066312e-05
-9.284964219225109625e-05
-9.247634812501321884e-05
-9.228718520827854273e-05
-9.214159180104779375e-05
-9.196988306691286045e-05
-9.190641798254383754e-05
-9.158728949440746604e-05
-9.139733652300987676e-05
-9.127601228836437536e-05
-9.117068975660743097e-05
-9.096392561556320344e-05
-9.053420677780424082e-05
-9.042329436666950637e-05
-9.032376808637103134e-05
-9.022995774344204172e-05
-8.989043373139713356e-05
-8.975462230694448214e-05
-8.946409995109429918e-05
-8.924718173361637704e-05
-8.911191316612811653e-05
-8.896276446550200245e-05
-8.877105782963275963e-05
-8.858607386536428683e-05
-8.839126425936891869e-05
-8.828465442605593202e-05
-8.785338961806381892e-05
-8.772789023039853520e-05
-8.769782664944474862e-05
-8.748103926526691219e-05
-8.731187765349547039e-05
-8.720954986270492684e-05
-8.697425210237768115e-05
-8.677799773927838954e-05
-8.652170393072110711e-05
-8.647271737125958519e-05
-8.642205599506793735e-05
-8.605756768582885265e-05
-8.595917797361638912e-05
-8.579486149706335590e-05
-8.573141663590564928e-05
-8.540809717438256057e-05
-8.526989960098803529e-05
-8.515212687385719176e-05
-8.507823493301854250e-05
-8.471064587800313298e-05
-8.451828364633315284e-05
-8.445528767897529036e-05
-8.436130027332256484e-05
-8.411661385680588722e-05
-8.407575196556720367e-05
-8.393468352371463834e-05
-8.370333081486053945e-05
-8.330845583818350677e-05
-8.320309302365359546e-05
-8.304788554493419510e-05
-8.288662824864912728e-05
-8.282784215379473708e-05
-8.259741474842227410e-05
-8.246485422559839400e-05
-8.235464410080268690e-05
-8.227962462824999152e-05
-8.208683974008698224e-05
-8.201965975476998303e-05
-8.183128363126327472e-05
-8.175823120354723235e-05
-8.160812743673416124e-05
-8.138736116424102277e-05
-8.103915633727212906e-05
-8.086163335823893974e-05
-8.076293869334979939e-05
-8.063208860813224832e-05
-8.054742696286744559e-05
-8.033443781839433881e-05
-8.019095533773095070e-05
-8.001230731036563712e-05
-7.982698190144034130e-05
-7.971210852316666141e-05
-7.963661753147190255e-05
-7.945898460265636164e-05
-7.916827176137211186e-05
-7.903280277192433227e-05
-7.892311780936887150e-05
-7.877159295989766285e-05
-7.873733038212943878e-05
-7.860926854314034026e-05
-7.841146175666277812e-05
-7.834277150627266199e-05
-7.813597737442916173e-05
-7.802085902779139312e-05
-7.795002890842888429e-05
-7.789014594872492223e-05
-7.760777865064555207e-05
-7.756834640893648855e-05
-7.738434275718496951e-05
-7.735119306356856214e-05
-7.732287552580353830e-05
-7.703721431754888423e-05
-7.696216710265809898e-05
-7.688939676004256040e-05
-7.685610543603185090e-05
-7.660893753600257663e-05
-7.641780903089724457e-05
-7.639226620817853063e-05
-7.626788160164856977e-05
-7.598003347417460506e-05
-7.586081836105950966e-05
-7.578304594967733400e-05
-7.560723305826257210e-05
-7.555556606168190731e-05
-7.521218018656407182e-05
-7.518548272032777333e-05
-7.498279784854120281e-05
-7.492587208631622546e-05
-7.477019379709403139e-05
-7.469804986982081973e-05
-7.460322752736495394e-05
-7.428067776856544699e-05
-7.419608133834086725e-05
-7.409500470529146912e-05
-7.391218429195998149e-05
-7.385863184799467123e-05
-7.375636373461868123e-05
-7.359517372160935252e-05
-7.353039262840410911e-05
-7.345936673553301688e-05
-7.335616918633278377e-05
-7.318239928864990549e-05
-7.299272318985563807e-05
-7.284619778459751078e-05
-7.281157723769796661e-05
-7.275032067830559869e-05
-7.253569421483613874e-05
-7.243526563042319551e-05
-7.230735013928450694e-05
-7.220567477985944771e-05
-7.203526901645557993e-05
-7.197545266735814768e-05
-7.194294177394134000e-05
-7.178467352914036760e-05
-7.164258814433012955e-05
-7.155328904544691723e-05
-7.132286897841052912e-05
-7.128310862972315196e-05
-7.114562207587306992e-05
-7.110484495771883973e-05
-7.097748213107433037e-05
-7.087446289805552507e-05
-7.067168527122266221e-05
-7.048125504103899277e-05
-7.036955689746423616e-05
-7.034953879992047858e-05
-7.020939029831869363e-05
-7.004301282257581235e-05
-6.991046800069990674e-05
-6.982201971530636972e-05
-6.968884906973432181e-05
-6.961162359592219567e-05
-6.949242127536798836e-05
-6.947854403798606258e-05
-6.930789837931640603e-05
-6.909286269984079958e-05
-6.897111018977429803e-05
-6.890789891417891516e-05
-6.881655454013208895e-05
-6.870920569373650745e-05
-6.854388074944686899e-05
-6.842175843609085511e-05
-6.839020637741897990e-05
-6.829790746315880269e-05
-6.822112260043941318e-05
-6.800786330615438905e-05
-6.788898500954853362e-05
-6.782071248989035366e-05
-6.763410847969714547e-05
-6.756327565513644282e-05
-6.741317888336591062e-05
-6.728951241986707579e-05
-6.724570022590755519e-05
-6.712904044841774126e-05
-6.694087749709178676e-05
-6.689913066122506907e-05
-6.682926392431735765e-05
-6.673488657630271680e-05
-6.656961823111643924e-05
-6.649601883243059142e-05
-6.632624202926826488e-05
-6.626811652256297072e-05
-6.620255094298226311e-05
-6.604904969004304568e-05
-6.595534823600054323e-05
-6.577218395788522688e-05
-6.574624480789474418e-05
-6.557647376549227453e-05
-6.550385590627882091e-05
-6.549354838047158432e-05
-6.546314287423888147e-05
-6.528157152113576978e-05
-6.524534731817117450e-05
-6.511139376440864635e-05
-6.504631637357489408e-05
-6.494056049867894865e-05
-6.488842894287701925e-05
-6.473697653996640200e-05
-6.458930867274962013e-05
-6.448532471970238374e-05
-6.438174422539301521e-05
-6.434753992173056041e-05
-6.424402379581808920e-05
-6.419637576475905054e-05
-6.402308268267795836e-05
-6.394634746688164322e-05
-6.384372550361954769e-05
-6.375899899958206837e-05
-6.372483806480188371e-05
-6.350974605227650718e-05
-6.333607716898827244e-05
-6.324597837630004202e-05
-6.307681731477220741e-05
-6.302825315686020095e-05
-6.298897767316971759e-05
-6.284389196565004379e-05
-6.277841233539541588e-05
-6.261819660664034017e-05
-6.258020477387792209e-05
-6.246526728637763427e-05
-6.229955600210612568e-05
-6.219831435179036950e-05
-6.215381341313510569e-05
-6.203189612139413335e-05
-6.199055086385556938e-05
-6.188280443307888007e-05
-6.183638050943561471e-05
-6.174995703305241048e-05
-6.156093166950993246e-05
-6.143102597067620011e-05
-6.136958585380538397e-05
-6.127314115985873924e-05
-6.118732222817359605e-05
-6.112576363763941865e-05
-6.103680146649099602e-05
-6.098129309996165061e-05
-6.089853976349731096e-05
-6.088436484908741979e-05
-6.079630525971145501e-05
-6.075144415809422335e-05
-6.045022648274268136e-05
-6.038314939160438737e-05
-6.031206958970213218e-05
-6.019573691730486950e-05
-6.016345362080866737e-05
-6.010396559582265009e-05
-6.002539203455822028e-05
-5.995818294378974655e-05
-5.973780958348597135e-05
-5.965295202822633785e-05
-5.958222513710734132e-05
-5.951100473264101648e-05
-5.946822100567250347e-05
-5.936831477985003816e-05
-5.921003877141240161e-05
-5.907487595104766223e-05
-5.895993247044015271e-05
-5.894279392026980963e-05
-5.880103677668756582e-05
-5.877720833936938698e-05
-5.874812684651738740e-05
-5.856138613885713981e-05
-5.852429959190905823e-05
-5.830103352049379069e-05
-5.817955031796366382e-05
-5.805995347841793176e-05
-5.798973886832289886e-05
-5.791169143319681870e-05
-5.784208063522272802e-05
-5.778872367271915790e-05
-5.774345918424355213e-05
-5.765413918415190924e-05
-5.757283448855131613e-05
-5.743835690271938870e-05
-5.737569699027597234e-05
-5.726847174587316742e-05
-5.718277052491181503e-05
-5.713666365433410721e-05
-5.698876299088652625e-05
-5.692981574701644137e-05
-5.690247123974835934e-05
-5.681276557072266513e-05
-5.662567531255706225e-05
-5.653277896656522884e-05
-5.652680817633661746e-05
-5.636229363770691635e-05
-5.633035127670258177e-05
-5.624053086140784859e-05
-5.614416032645140473e-05
-5.603560221063313458e-05
-5.594568955086786228e-05
-5.587943917041396813e-05
-5.585255300043170826e-05
-5.580788963916949805e-05
-5.579516519889721546e-05
-5.569075036328735096e-05
-5.557399641052086987e-05
-5.551274085687246554e-05
-5.541348067260526091e-05
-5.540290941209305089e-05
-5.532248558344669896e-05
-5.514346825285718745e-05
-5.506165129884854593e-05
-5.495779363501263683e-05
-5.489143418489486539e-05
-5.485647292473889850e-05
-5.473183904160821336e-05
-5.471599940003705901e-05
-5.466931275312279201e-05
-5.458312083897289745e-05
-5.441433497555056423e-05
-5.435423253570746097e-05
-5.424119773750890730e-05
-5.418728802400756586e-05
-5.409945970499742163e-05
-5.400324576867316495e-05
-5.396208320815137037e-05
-5.385006085469648654e-05
-5.377710650430554126e-05
-5.374427133566067854e-05
-5.370406605762251300e-05
-5.355020219627632428e-05
-5.349361158948137408e-05
-5.344935387204169836e-05
-5.332193586935772464e-05
-5.329030964167853529e-05
-5.317413830935680208e-05
-5.314083535279570089e-05
-5.307055703314656977e-05
-5.290270559196632026e-05
-5.287436221790218610e-05
-5.279193774898831412e-05
-5.275105646439848847e-05
-5.262564972810414835e-05
-5.248657077860127522e-05
-5.239952995639872907e-05
-5.233597308089081416e-05
-5.227887931181080639e-05
-5.219920016076121544e-05
-5.213340321423278546e-05
-5.194885183026542108e-05
-5.193274407612779632e-05
-5.188464799684373082e-05
-5.179915997589023809e-05
-5.174181743962952685e-05
-5.163043036835963451e-05
-5.162391544682877177e-05
-5.149929011498579598e-05
-5.144965226656842262e-05
-5.132684659406771334e-05
-5.131039018704562556e-05
-5.124500096769090150e-05
-5.117071169184186571e-05
-5.115025794181770897e-05
-5.102624197020997764e-05
-5.090458386916114832e-05
-5.079216396226863227e-05
-5.070169031675781187e-05
-5.064416763426229782e-05
-5.054965290588605366e-05
-5.051768656425240138e-05
-5.049693060654864143e-05
-5.042338013921174973e-05
-5.040239720606341296e-05
-5.038952964705745570e-05
-5.022872317749724349e-05
-5.018594671795646538e-05
-5.005403017335002342e-05
-4.998168770562956586e-05
-4.991287658722032446e-05
-4.984770015994132879e-05
-4.978484391409705435e-05
-4.969993194011875762e-05
-4.968227179012636447e-05
-4.958723777231470703e-05
-4.953063469851332572e-05
-4.937121105065335220e-05
-4.934017021732603199e-05
-4.923302860073828813e-05
-4.923022832520889292e-05
-4.912608807379625236e-05
-4.897850010640157381e-05
-4.892672900269828069e-05
-4.888818773923490793e-05
-4.871388578655317552e-05
-4.864426354388027207e-05
-4.858721868678982163e-05
-4.854828463510714725e-05
-4.851980890706347776e-05
-4.840695434278617681e-05
-4.838498544295273291e-05
-4.822525273272303473e-05
-4.820682933647950824e-05
-4.813913064496956156e-05
-4.812033616177821668e-05
-4.802592119904551353e-05
-4.796034099565714117e-05
-4.786903258868186015e-05
-4.782808387414560168e-05
-4.776004675668697242e-05
-4.763587693820399253e-05
-4.759715362008647832e-05
-4.754229613684296638e-05
-4.743858843304487325e-05
-4.742371952478870514e-05
-4.738287731338813012e-05
-4.734130200970326286e-05
-4.723997208178897124e-05
-4.719513520082741951e-05
-4.717461708049657719e-05
-4.704750469967128204e-05
-4.700693475696320940e-05
-4.691862928143398901e-05
-4.683957326917714077e-05
-4.680779718936522115e-05
-4.672284601220379164e-05
-4.666105730723608394e-05
-4.657050838436936803e-05
-4.651933993008338964e-05
-4.644191272798856463e-05
-4.635217215685405234e-05
-4.624860507640337812e-05
-4.620661427453061934e-05
-4.608899186028537478e-05
-4.605049386688712492e-05
-4.601732000847576952e-05
-4.592565284810850473e-05
-4.587140667830844873e-05
-4.584952116263547531e-05
-4.573993828676333926e-05
-4.566620728533686416e-05
-4.560505639676173972e-05
-4.550786425318996571e-05
-4.548500109731793800e-05
-4.534275012014598455e-05
-4.523062891112224866e-05
-4.519227193402680030e-05
-4.513756687557002930e-05
-4.509600694424916795e-05
-4.500621340135989935e-05
-4.495133822632212302e-05
-4.493008701687242512e-05
-4.487093748173312822e-05
-4.484374710483264055e-05
-4.478203093224652299e-05
-4.465024730632311949e-05
-4.460401724438517516e-05
-4.455196231092688143e-05
-4.444590844301152916e-05
-4.440105078000358522e-05
-4.436604702148397799e-05
-4.435526869154896159e-05
-4.426029182950112957e-05
-4.424562059462725617e-05
-4.408608279987424769e-05
-4.405444581704734327e-05
-4.399933978182174146e-05
-4.389881159044058297e-05
-4.386510148048713438e-05
-4.379750115591760139e-05
-4.373301563265509224e-05
-4.370840596224174411e-05
-4.363605374540890762e-05
-4.356103604073631859e-05
-4.346117313759246159e-05
-4.340371714739496686e-05
-4.334739802400749438e-05
-4.325411972226728629e-05
-4.322660590081230656e-05
-4.315063466551215309e-05
-4.308337837654981946e-05
-4.303417825363871216e-05
-4.300545000680343306e-05
-4.290867884056247391e-05
-4.282190828940174839e-05
-4.279933970795406282e-05
-4.270720983780798726e-05
-4.264222159869068715e-05
-4.258052469475947176e-05
-4.255188210056210868e-05
-4.244882757081513020e-05
-4.242693022352860737e-05
-4.232635419124183439e-05
-4.224390503326548856e-05
-4.221346795618666252e-05
-4.211812602671902102e-05
-4.211156102072795851e-05
-4.203325610940844976e-05
-4.200191448423156500e-05
-4.197582623986500919e-05
-4.190174081246599523e-05
-4.182833413266685417e-05
-4.177879346436400872e-05
-4.172131013382488732e-05
-4.168994071260881667e-05
-4.161591900081281392e-05
-4.157790976435653301e-05
-4.153293718188745521e-05
-4.145084446554683121e-05
-4.140773681488396602e-05
-4.137335364970982297e-05
-4.134637009821868695e-05
-4.126806397877112530e-05
-4.117473725643764444e-05
-4.105758643463293378e-05
-4.099528538147449741e-05
-4.096048536562903674e-05
-4.093007410171226371e-05
-4.087796484862471746e-05
-4.075244010980121545e-05
-4.069941455131333895e-05
-4.061751270859588286e-05
-4.058191623047342533e-05
-4.053606749810421234e-05
-4.049936009625002529e-05
-4.042729759711634048e-05
-4.040172014173910305e-05
-4.036445155407115476e-05
-4.025018075014351310e-05
-4.015633812740046818e-05
-4.010708336636626732e-05
-4.009429416697877981e-05
-4.001651229476289672e-05
-3.996710034811195293e-05
-3.993821492798318285e-05
-3.983256918194695014e-05
-3.972942310406272983e-05
-3.970741217167837061e-05
-3.961676690209497135e-05
-3.953312903851818156e-05
-3.951376754392051718e-05
-3.947677641750244710e-05
-3.943165707965753263e-05
-3.932330877873936272e-05
-3.928738592367071795e-05
-3.924104771412094964e-05
-3.913417314346124008e-05
-3.910750330799915646e-05
-3.908607795290159850e-05
-3.896895834582732071e-05
-3.893743552986457046e-05
-3.892122471345218040e-05
-3.883707995862619442e-05
-3.879067550001754792e-05
-3.870306429890687535e-05
-3.860116761570905105e-05
-3.858656669792932538e-05
-3.856688311451386561e-05
-3.850365310238726922e-05
-3.844644854442155302e-05
-3.835362929493158423e-05
-3.829181063464491661e-05
-3.828789253585749923e-05
-3.825730433937378060e-05
-3.823082202619245437e-05
-3.816067804577316094e-05
-3.814528155429507101e-05
-3.802654272630252993e-05
-3.801044470712972647e-05
-3.796102447400941907e-05
-3.790085210842306698e-05
-3.784153298515042526e-05
-3.775458845030960959e-05
-3.766277908368780778e-05
-3.763082430520509140e-05
-3.759293336336995233e-05
-3.748595529749326185e-05
-3.743676192847196038e-05
-3.739714453923827936e-05
-3.733250908896111256e-05
-3.728979005100138108e-05
-3.723138725184019682e-05
-3.713920267441628986e-05
-3.712753684212592107e-05
-3.710011182656406151e-05
-3.706947367202045749e-05
-3.704189560131726955e-05
-3.691678476734051807e-05
-3.690173117787193588e-05
-3.682718571512533072e-05
-3.677605228861500846e-05
-3.672550306960360516e-05
-3.664275105901473043e-05
-3.659168066476102099e-05
-3.655767126047915655e-05
-3.651017824565150940e-05
-3.649915745784657685e-05
-3.642362945554314922e-05
-3.634490184639553226e-05
-3.632280442207854528e-05
-3.627484973106050403e-05
-3.620462826989787920e-05
-3.615852622935037314e-05
-3.604105150739500443e-05
-3.597657509073166416e-05
-3.593401237862126562e-05
-3.588346496130054915e-05
-3.581358092417155073e-05
-3.580295655379124093e-05
-3.578669870329664193e-05
-3.572424805887294765e-05
-3.567355467621859339e-05
-3.563694340039206274e-05
-3.554244189559768892e-05
-3.548602906541977457e-05
-3.542082346371995159e-05
-3.538634384015252704e-05
-3.535315503082269123e-05
-3.530264009595983999e-05
-3.526038228841178729e-05
-3.518807011833896699e-05
-3.512807001125262053e-05
-3.508652069472731431e-05
-3.501753097681447159e-05
-3.498542535002153276e-05
-3.489704513438237802e-05
-3.484338082225564565e-05
-3.475166189500522200e-05
-3.471872510310658157e-05
-3.465894330924230201e-05
-3.461723108812564257e-05
-3.457636027016906008e-05
-3.455543423933259232e-05
-3.444034891974696584e-05
-3.443912668663213892e-05
-3.439162728680276575e-05
-3.435819100478768891e-05
-3.433360451576284442e-05
-3.427283144053489667e-05
-3.417766109437492332e-05
-3.416994298742611155e-05
-3.408614777218079550e-05
-3.402118526375926092e-05
-3.397171408582395013e-05
-3.394096806704044694e-05
-3.389901265234613231e-05
-3.385045342755211331e-05
-3.380977768842415070e-05
-3.373072118900181872e-05
-3.371714819786274340e-05
-3.366035368696255678e-05
-3.353597878710272884e-05
-3.351279776055995728e-05
-3.347691350469523056e-05
-3.340149816347198167e-05
-3.337440391988068608e-05
-3.334357799228827006e-05
-3.328565948870426477e-05
-3.324979354413157555e-05
-3.321425146219681329e-05
-3.311633070896746669e-05
-3.307086452815505159e-05
-3.305635642515621808e-05
-3.302436595723006282e-05
-3.290698488065334318e-05
-3.288436947645172480e-05
-3.282391357955806037e-05
-3.280397657771619996e-05
-3.277298983172934825e-05
-3.272233835925744466e-05
-3.265227005624469906e-05
-3.258901183679899959e-05
-3.251568704476828878e-05
-3.248986325429451791e-05
-3.243646512421357122e-05
-3.235655728724431913e-05
-3.234011145866768602e-05
-3.226103057140602439e-05
-3.223427103058307800e-05
-3.216667953182743793e-05
-3.213362688167943870e-05
-3.206666221222269396e-05
-3.200396759934495206e-05
-3.193587665903864801e-05
-3.191784940838205006e-05
-3.188258820582712830e-05
-3.181634058960210951e-05
-3.179779094042787239e-05
-3.172721397116709508e-05
-3.164965452467259432e-05
-3.163860029352664262e-05
-3.159044598322678334e-05
-3.153137745855600889e-05
-3.149686277842145840e-05
-3.143336670167630313e-05
-3.140183505760995371e-05
-3.134089967577030600e-05
-3.129311778245419325e-05
-3.127671563037262510e-05
-3.124406882049540540e-05
-3.122260379098627103e-05
-3.116979773894141886e-05
-3.112315808010888523e-05
-3.105805228282994778e-05
-3.101620733298596027e-05
-3.098645911779870162e-05
-3.090008555060657584e-05
-3.089239402157385408e-05
-3.083789489348464258e-05
-3.077359331281039273e-05
-3.070197682535158668e-05
-3.066994749860842904e-05
-3.062410609515372312e-05
-3.058047902509530153e-05
-3.057178266601306348e-05
-3.051856757483321680e-05
-3.040726624518664252e-05
-3.038469368934589701e-05
-3.034188733986641634e-05
-3.027516888258705379e-05
-3.022367641430467286e-05
-3.019165482799360676e-05
-3.018293384786338742e-05
-3.011107851717327954e-05
-3.008442430355606111e-05
-3.002703130449169911e-05
-2.996240948386602707e-05
-2.993281773667379937e-05
-2.984600190719296557e-05
-2.978755432211992478e-05
-2.977690921047073733e-05
-2.969867777385402487e-05
-2.964868380688819315e-05
-2.958475192837514513e-05
-2.957675063427433847e-05
-2.956361780736280545e-05
-2.953674975305412541e-05
-2.948203435751089890e-05
-2.944526380022612978e-05
-2.942511109966074864e-05
-2.938726313796370099e-05
-2.936174155388229735e-05
-2.929471940773748434e-05
-2.928028072377775445e-05
-2.917262712499093255e-05
-2.915356754274596419e-05
-2.912892432557671418e-05
-2.906471601305768391e-05
-2.903513554975676819e-05
-2.899315351207972825e-05
-2.894110456054342352e-05
-2.890800286207521614e-05
-2.884935945928365257e-05
-2.877962514477369203e-05
-2.875838769135261828e-05
-2.871870952616836054e-05
-2.866478416930478282e-05
-2.863348353950709158e-05
-2.856575694740213307e-05
-2.852116393094781971e-05
-2.846826736205280468e-05
-2.842470848851200285e-05
-2.835470175086321590e-05
-2.832453927809406894e-05
-2.830272170060604660e-05
-2.826476836876068601e-05
-2.823510423573882819e-05
-2.822079752411958749e-05
-2.816143030875239956e-05
-2.810583973115469080e-05
-2.806500121021208240e-05
-2.805687626297270163e-05
-2.798614131406861408e-05
-2.793458963021948067e-05
-2.786993374833415005e-05
-2.782827130769604786e-05
-2.780403188442262299e-05
-2.774019175063102420e-05
-2.770769532237158026e-05
-2.763894813367954805e-05
-2.759997573058841925e-05
-2.754783076497774804e-05
-2.749462722767805149e-05
-2.746195850952840454e-05
-2.744951740861343564e-05
-2.737762650395900090e-05
-2.732784101119379956e-05
-2.732464789582950346e-05
-2.722335243870750772e-05
-2.718949814366267541e-05
-2.716653170902397145e-05
-2.713574336928822769e-05
-2.712765459989123585e-05
-2.703761787427485833e-05
-2.700352220705946052e-05
-2.695966453241812434e-05
-2.691357459823886381e-05
-2.687365858232777696e-05
-2.684456190721366280e-05
-2.683080972344055248e-05
-2.677809587249354467e-05
-2.673768348180095980e-05
-2.670835462208640148e-05
-2.665142174606290089e-05
-2.659676833346683400e-05
-2.657753854536094152e-05
-2.655240857340092415e-05
-2.651368683215765446e-05
-2.644945993719710671e-05
-2.641715253085664980e-05
-2.636948817537640926e-05
-2.632877700986945322e-05
-2.627607223718458104e-05
-2.624259289869966316e-05
-2.621739147090620465e-05
-2.620675031565324265e-05
-2.614578074774161903e-05
-2.608699283239693711e-05
-2.605602586522357708e-05
-2.604083028192214849e-05
-2.600844210203224181e-05
-2.593783219351916626e-05
-2.592534712350640514e-05
-2.585937274359640270e-05
-2.580277996864742271e-05
-2.578537215055692040e-05
-2.576028429351444056e-05
-2.568672846244316951e-05
-2.566439206420825775e-05
-2.561723110794409064e-05
-2.556202694197884357e-05
-2.553328885041229241e-05
-2.550064681138861864e-05
-2.548698987264192962e-05
-2.540102416037992727e-05
-2.532886446114902487e-05
-2.528739131208550476e-05
-2.526121357895870533e-05
-2.523513293374779536e-05
-2.520046703154540103e-05
-2.514139406340029393e-05
-2.509427810317528871e-05
-2.507679268387909570e-05
-2.504042521709900999e-05
-2.495274985929092331e-05
-2.494142591145485102e-05
-2.490900013242184605e-05
-2.486535081516774807e-05
-2.479753301666146463e-05
-2.475696181078399299e-05
-2.474743987371980406e-05
-2.470303043743427108e-05
-2.468909598332002684e-05
-2.465814695460297664e-05
-2.464383059995038874e-05
-2.458591943615244659e-05
-2.452007732112117768e-05
-2.451270968056432672e-05
-2.448120337692668018e-05
-2.442148344743827652e-05
-2.438180996896572409e-05
-2.433519770145459621e-05
-2.431165980996215478e-05
-2.428465190663951369e-05
-2.427910199735436864e-05
-2.419859144309003733e-05
-2.413306502982908718e-05
-2.409258806432132814e-05
-2.407635792523154169e-05
-2.401035117883320116e-05
-2.399752411844129551e-05
-2.394621876405978215e-05
-2.390598740242410531e-05
-2.386427894820917714e-05
-2.385718519999286940e-05
-2.381489555635684144e-05
-2.379291420994286102e-05
-2.374485485914139618e-05
-2.368251746490249887e-05
-2.367668293906579485e-05
-2.360495492256465324e-05
-2.357207338523398642e-05
-2.353316032929308847e-05
-2.350913474001023741e-05
-2.350246769723187432e-05
-2.347414495287011699e-05
-2.338486938792804778e-05
-2.335289005992464414e-05
-2.332100417808428625e-05
-2.327368349045570253e-05
-2.325420964542129746e-05
-2.318048924971047905e-05
-2.315745987686024446e-05
-2.314536003207729112e-05
-2.310716458169239160e-05
-2.308040843439915498e-05
-2.303770527723099528e-05
-2.301274840163116368e-05
-2.293279501898261961e-05
-2.291616928618166638e-05
-2.289359195566954673e-05
-2.286260655047289226e-05
-2.284960020433726146e-05
-2.275829782783940131e-05
-2.274701142825474645e-05
-2.272335672421960020e-05
-2.268929581967328102e-05
-2.261854507259717132e-05
-2.260057828563350100e-05
-2.253352804204120666e-05
-2.251025080796135723e-05
-2.241066575929657291e-05
-2.240553956043468838e-05
-2.238397618513147033e-05
-2.235500478710390209e-05
-2.228510325009602137e-05
-2.224200633768636545e-05
-2.218368263582016220e-05
-2.216739490092735397e-05
-2.212433024449439291e-05
-2.210478947725071788e-05
-2.208919746194994680e-05
-2.206558273581607290e-05
-2.202907783496948636e-05
-2.196232931153028234e-05
-2.193911233818367508e-05
-2.188678716560373306e-05
-2.186994446346739496e-05
-2.183606463938927875e-05
-2.180469711763827006e-05
-2.175153977241973944e-05
-2.169119627926609424e-05
-2.168234434194162168e-05
-2.161340658460827446e-05
-2.158730061631509338e-05
-2.157323398443743154e-05
-2.153935817603844501e-05
-2.149329592247806278e-05
-2.143950532920958776e-05
-2.140275627129914468e-05
-2.138881301793755895e-05
-2.134504964671355207e-05
-2.128587990727427419e-05
-2.125817385897630019e-05
-2.119175759262001331e-05
-2.114729369780051502e-05
-2.112421981547543928e-05
-2.111111046872065272e-05
-2.109576082171961100e-05
-2.106693306987192073e-05
-2.099970053641658533e-05
-2.096347947034845366e-05
-2.094890278081359950e-05
-2.092088025914781948e-05
-2.085999124409259020e-05
-2.083064098555227310e-05
-2.080795216498099141e-05
-2.076920178745518444e-05
-2.073147537986188080e-05
-2.067496430099204237e-05
-2.066587270262569654e-05
-2.061311789752024178e-05
-2.060347948323893315e-05
-2.057693588038578286e-05
-2.054192266994787282e-05
-2.046586401474616415e-05
-2.043722863363539474e-05
-2.041567501270575508e-05
-2.038030799687429314e-05
-2.037234767714850585e-05
-2.035746017985500520e-05
-2.034802015157478785e-05
-2.024513165115081684e-05
-2.022653917961469874e-05
-2.018405065250266804e-05
-2.014795169800243687e-05
-2.011013068113174049e-05
-2.008763933443994502e-05
-2.002739120684129807e-05
-1.999367627529638627e-05
-1.995636406912059129e-05
-1.991021148844840117e-05
-1.988166939028227021e-05
-1.986342080278445936e-05
-1.982463687020398249e-05
-1.976728824510303400e-05
-1.974963863002037064e-05
-1.970897605984820881e-05
-1.968911991995448419e-05
-1.967942662652299776e-05
-1.962822641293006680e-05
-1.960484116522634757e-05
-1.955200237119949784e-05
-1.952897303902004488e-05
-1.950954866618284252e-05
-1.948348802266871034e-05
-1.940999322634342895e-05
-1.938115782105374787e-05
-1.932442962753840634e-05
-1.930865645851027437e-05
-1.926577699089373667e-05
-1.924859506640745114e-05
-1.919859732822593918e-05
-1.915250055164477926e-05
-1.913890799430964203e-05
-1.910897421256243535e-05
-1.908051116927272583e-05
-1.903548635693128071e-05
-1.898054212374189522e-05
-1.894051983091415894e-05
-1.889523220696382279e-05
-1.886896476122063902e-05
-1.883336121169303725e-05
-1.880992643611509131e-05
-1.877644560307721114e-05
-1.873937775742077059e-05
-1.873153579964114982e-05
-1.870462426897714480e-05
-1.867603934648755026e-05
-1.861584191407691390e-05
-1.858323246897017529e-05
-1.854880462066210999e-05
-1.853507095400275888e-05
-1.851624573983795685e-05
-1.844379968037009921e-05
-1.840962346295105503e-05
-1.840383885137857406e-05
-1.837703056933110075e-05
-1.835420998042752692e-05
-1.831320045187446189e-05
-1.827866758489808801e-05
-1.823264215847240761e-05
-1.819196416299331286e-05
-1.817165474049504560e-05
-1.814080155883128487e-05
-1.809212261206498038e-05
-1.808676018537632666e-05
-1.806298983529848104e-05
-1.801006915986972092e-05
-1.800456926076819561e-05
-1.796873649357004019e-05
-1.793302123381075656e-05
-1.787971969590800161e-05
-1.785551854239820978e-05
-1.784845628601949903e-05
-1.780425671924648506e-05
-1.777036351129725650e-05
-1.772669375198322815e-05
-1.771954118473413598e-05
-1.766704624611420275e-05
-1.764771973131352430e-05
-1.760117084568286626e-05
-1.758303604602651609e-05
-1.755254431585171366e-05
-1.751330218402596408e-05
-1.744372668460850273e-05
-1.741008421206447729e-05
-1.739341846198614301e-05
-1.736763016966425173e-05
-1.733381378620579575e-05
-1.732902844099686826e-05
-1.728564990255900628e-05
-1.726004564003687588e-05
-1.721563636024283476e-05
-1.718866777587250996e-05
-1.717722305929863369e-05
-1.713438651653663054e-05
-1.712303517048226466e-05
-1.705294539981565871e-05
-1.704745373855227601e-05
-1.701722947128265676e-05
-1.698574476915632749e-05
-1.696480106438248304e-05
-1.691956531604730567e-05
-1.689498485040681120e-05
-1.682817287258641270e-05
-1.681329417415343733e-05
-1.680511368689835820e-05
-1.676094586158107067e-05
-1.674401609090676553e-05
-1.672919037143972759e-05
-1.669556553297027517e-05
-1.665471845001834650e-05
-1.662138302369415763e-05
-1.660468712411730465e-05
-1.654351718764229224e-05
-1.651613022873832823e-05
-1.650018303695594094e-05
-1.646269575256619896e-05
-1.642659699469051766e-05
-1.638124599138629576e-05
-1.634909574376826587e-05
-1.631715708803912996e-05
-1.631336248629269904e-05
-1.625814737590352988e-05
-1.623882949308717960e-05
-1.620610203026132882e-05
-1.617139980151744512e-05
-1.613983462468054466e-05
-1.610981065813741397e-05
-1.606238208501264606e-05
-1.600911974321339375e-05
-1.600668433051458025e-05
-1.596788319888796102e-05
-1.595319096735472718e-05
-1.589492573052584654e-05
-1.587280643048357166e-05
-1.581818978644570749e-05
-1.580711333662396673e-05
-1.576942606573973775e-05
-1.576421755515781497e-05
-1.574895450240962580e-05
-1.570483281653301539e-05
-1.567858869257097323e-05
-1.565174255380769768e-05
-1.561966044986233515e-05
-1.560205765318738709e-05
-1.553947736281498194e-05
-1.552792363386283232e-05
-1.547378860765153758e-05
-1.544286085691237505e-05
-1.541597083130900783e-05
-1.539093485961528455e-05
-1.537453525654496397e-05
-1.532642086262074301e-05
-1.530329511163595682e-05
-1.526159989009426624e-05
-1.524266026554866045e-05
-1.521335676648879982e-05
-1.518664170977863419e-05
-1.512099602829527329e-05
-1.511017875483282777e-05
-1.508448922004262653e-05
-1.506296150168268106e-05
-1.500742251525445984e-05
-1.500455252962029022e-05
-1.497905466042102084e-05
-1.493626672277618015e-05
-1.489962958162343497e-05
-1.487123465314630148e-05
-1.485029045497821657e-05
-1.481958579950325383e-05
-1.480329184688817383e-05
-1.476133479502446372e-05
-1.474500758356272840e-05
-1.472290020441979842e-05
-1.467096231401618436e-05
-1.464281306022138324e-05
-1.460970884918238851e-05
-1.456115653906041931e-05
-1.454475206946801508e-05
-1.450409854864518160e-05
-1.448630353783657561e-05
-1.444365110344295129e-05
-1.441507459540475863e-05
-1.438927115887644893e-05
-1.438634204477973476e-05
-1.435288520591408392e-05
-1.434021861839839679e-05
-1.428083434587301409e-05
-1.424520718033538757e-05
-1.421549608522625328e-05
-1.419680605731421917e-05
-1.417098914939437246e-05
-1.416002966520270122e-05
-1.411173207013652689e-05
-1.409096880605873664e-05
-1.406157554726945017e-05
-1.404690231891396408e-05
-1.402024608730130151e-05
-1.400377674884296762e-05
-1.395453314225789964e-05
-1.389306378334246943e-05
-1.388969925580655125e-05
-1.387119639431463770e-05
-1.384132759939013723e-05
-1.379424656893232699e-05
-1.375054642649097964e-05
-1.374347706780072707e-05
-1.372934404355814536e-05
-1.369764660163301811e-05
-1.367489874695594999e-05
-1.364556574395975714e-05
-1.363147043303220213e-05
-1.357511137451468583e-05
-1.354321098523122276e-05
-1.349860785608825696e-05
-1.347014454330423593e-05
-1.344269850328727570e-05
-1.341653866685153288e-05
-1.340305100369043930e-05
-1.337255203505726223e-05
-1.332883501673965388e-05
-1.330616055583817545e-05
-1.325576280482193151e-05
-1.325329266112172305e-05
-1.319830833814862112e-05
-1.316911587932491119e-05
-1.316340627532916551e-05
-1.313355513210290032e-05
-1.310001658584935071e-05
-1.306985819510288070e-05
-1.303682102488475332e-05
-1.302271754907735600e-05
-1.301784899116773164e-05
-1.301075332991716517e-05
-1.293458286297139908e-05
-1.291132835375345380e-05
-1.286979333946566789e-05
-1.281423304948062427e-05
-1.279960117997168355e-05
-1.277930129126106181e-05
-1.274928140285259641e-05
-1.272057827766514500e-05
-1.269637300082277434e-05
-1.267111100380468543e-05
-1.265689948407758243e-05
-1.261206138205936495e-05
-1.257772078227196712e-05
-1.254945568437585271e-05
-1.251190956234522370e-05
-1.246893878762577052e-05
-1.243339562324758619e-05
-1.242138414312285785e-05
-1.241893996976496080e-05
-1.239276438022984167e-05
-1.235307844745386037e-05
-1.231855396226086388e-05
-1.229901743617626209e-05
-1.228606644863686823e-05
-1.226606227094434592e-05
-1.223473867349160769e-05
-1.222504347335868404e-05
-1.217098148766052084e-05
-1.213761915682903697e-05
-1.211590048966924061e-05
-1.207396471953137973e-05
-1.204141202403956154e-05
-1.202593520366724960e-05
-1.200780793782911051e-05
-1.194918132352625055e-05
-1.193499184806637366e-05
-1.190886820098770254e-05
-1.190189884030270962e-05
-1.187436700032643031e-05
-1.183308123803954984e-05
-1.182159062060101296e-05
-1.179883177336849191e-05
-1.174844001146208232e-05
-1.173348389644599207e-05
-1.171227156139618880e-05
-1.169934473196885969e-05
-1.163453230229702038e-05
-1.162200620474819852e-05
-1.158812598882204960e-05
-1.157992277782458129e-05
-1.156421341929814187e-05
-1.154268434478245388e-05
-1.149710104853290061e-05
-1.145115965719492624e-05
-1.143215065220800220e-05
-1.140864903259421935e-05
-1.140120859965328915e-05
-1.136808091626732896e-05
-1.133745987853820793e-05
-1.131077055945577129e-05
-1.128441270868687241e-05
-1.126252804373040449e-05
-1.124805630755619565e-05
-1.119562056438893176e-05
-1.115780982635993563e-05
-1.113591346038817031e-05
-1.111364715895926816e-05
-1.109320572585062972e-05
-1.107135679356402300e-05
-1.102578411964406443e-05
-1.100035168981982894e-05
-1.098244495835530482e-05
-1.094226902940581987e-05
-1.092329230494967483e-05
-1.090309234918068985e-05
-1.088874634521737355e-05
-1.085065260135355795e-05
-1.083357577006537984e-05
-1.081380247773860013e-05
-1.078636077832074808e-05
-1.076937049831512261e-05
-1.070675090160693660e-05
-1.068148832320795191e-05
-1.066960405760754887e-05
-1.066144976210212082e-05
-1.062736881019181848e-05
-1.061702858178463751e-05
-1.058058655272045689e-05
-1.055196266576142283e-05
-1.052967465439280382e-05
-1.051244867421759820e-05
-1.048179588703096431e-05
-1.047595922322136290e-05
-1.045660367743019413e-05
-1.037729178528861621e-05
-1.034411303804242011e-05
-1.032001960066898094e-05
-1.031167210741637983e-05
-1.029693579943071074e-05
-1.026890517254525435e-05
-1.025511662941621880e-05
-1.024507309328958032e-05
-1.023339194933705098e-05
-1.021648793929365014e-05
-1.014260704643292916e-05
-1.013599230968461435e-05
-1.010365868098323877e-05
-1.009346903739158442e-05
-1.007350372546832118e-05
-1.003907000163546621e-05
-1.001991937590494381e-05
-1.000340165146372679e-05
-9.947969740165509613e-06
-9.910941803924185335e-06
-9.887482643368351360e-06
-9.873670578529882434e-06
-9.843858547474144030e-06
-9.813841055939827437e-06
-9.801074511499897280e-06
-9.773291161005705300e-06
-9.726350507311273483e-06
-9.716882791224119015e-06
-9.683122805349479142e-06
-9.673067213093862417e-06
-9.652653907077076304e-06
-9.651774790235961244e-06
-9.644824264347138135e-06
-9.591371179483516832e-06
-9.570425237347880511e-06
-9.556119498483748220e-06
-9.507750201571107658e-06
-9.486462351697711254e-06
-9.456992016036691020e-06
-9.433509226288685541e-06
-9.413632296075867271e-06
-9.378978703756854265e-06
-9.368688729375157523e-06
-9.344904844366543645e-06
-9.298267458603185599e-06
-9.268407433695255047e-06
-9.259913875826085498e-06
-9.227569702221048454e-06
-9.203570699664421088e-06
-9.181829124191894569e-06
-9.166363554969949028e-06
-9.161678110186959116e-06
-9.145734594279541493e-06
-9.087910811595684594e-06
-9.068780462450802749e-06
-9.022247599779374675e-06
-9.002136018324197376e-06
-8.982178956518181357e-06
-8.939304959567222387e-06
-8.918513358949272998e-06
-8.896400068056674866e-06
-8.893500240980106567e-06
-8.859635479456767077e-06
-8.845128194469898959e-06
-8.828360546954382374e-06
-8.804543397004856807e-06
-8.785754293682403540e-06
-8.768550445758126587e-06
-8.728376055751343006e-06
-8.702648051045197084e-06
-8.688924176117704089e-06
-8.639107600182962976e-06
-8.607587007205482100e-06
-8.582187439684992616e-06
-8.566027538772632503e-06
-8.558375165493138870e-06
-8.530175684625182706e-06
-8.515871264664776882e-06
-8.478159910392511721e-06
-8.459290469300913214e-06
-8.435612387492523725e-06
-8.408504439295986084e-06
-8.400480516599919897e-06
-8.386478476093912597e-06
-8.346313375413447745e-06
-8.318137660947584922e-06
-8.280881905979164682e-06
-8.267531332613448138e-06
-8.253577897544265072e-06
-8.235275918258410109e-06
-8.207652172990856530e-06
-8.201064481303854792e-06
-8.166246168036438114e-06
-8.136471788501835350e-06
-8.087310436716316925e-06
-8.066759404768026069e-06
-8.058202706480981369e-06
-8.031104269045483330e-06
-8.028008726603351458e-06
-8.008899975763484269e-06
-7.975106419257199631e-06
-7.960667416009701316e-06
-7.913324881822787529e-06
-7.884958903152608652e-06
-7.877364842067292855e-06
-7.851846001573960796e-06
-7.831388416523630270e-06
-7.798553534588324067e-06
-7.777927277926325662e-06
-7.748263476227188704e-06
-7.742175313306792672e-06
-7.720176386467361335e-06
-7.669167773324906670e-06
-7.656183799166922091e-06
-7.649326961705749168e-06
-7.622817406294741131e-06
-7.604731020275602165e-06
-7.556156401834241367e-06
-7.533865655135586699e-06
-7.520278337704173536e-06
-7.516613802925429281e-06
-7.474107075596094864e-06
-7.435394518659814752e-06
-7.404513906966129428e-06
-7.375715468644095875e-06
-7.363057093955795327e-06
-7.322896303672038107e-06
-7.320958802291049130e-06
-7.288982162745627320e-06
-7.280423878849359964e-06
-7.262096058754925942e-06
-7.233555909958212499e-06
-7.212703248564733300e-06
-7.186464853624885024e-06
-7.156224033007258673e-06
-7.135157408367780404e-06
-7.114611369415898771e-06
-7.100555001426442093e-06
-7.086906211980469908e-06
-7.073809335461799419e-06
-7.048209326627738523e-06
-7.043840366299377342e-06
-7.021515832669517995e-06
-6.988254794794830086e-06
-6.981169063885909509e-06
-6.936023292784662904e-06
-6.929978313952938464e-06
-6.900959041639418023e-06
-6.869957868451664574e-06
-6.845678348979869070e-06
-6.820245953605629067e-06
-6.797816871014332914e-06
-6.782228808085448202e-06
-6.759157709298657276e-06
-6.737341854438140768e-06
-6.723773034147468558e-06
-6.721088022556967227e-06
-6.680934406879792302e-06
-6.669822743804229079e-06
-6.657652437499131060e-06
-6.609108604312670610e-06
-6.594000925816854605e-06
-6.586703561757336896e-06
-6.544361468209920132e-06
-6.528920886296107503e-06
-6.516351429647373600e-06
-6.476289323800748166e-06
-6.456654128238481268e-06
-6.427089235131356035e-06
-6.408990089860819159e-06
-6.378813477063056833e-06
-6.371741595890881012e-06
-6.359067095963457191e-06
-6.345328014532015701e-06
-6.303136416182635354e-06
-6.291759507379540447e-06
-6.257096838634032487e-06
-6.239103169489838377e-06
-6.212367155465084177e-06
-6.201817396371333805e-06
-6.175369340967247618e-06
-6.135254908586411768e-06
-6.127459032421938273e-06
-6.111927671220970553e-06
-6.087332034302169781e-06
-6.072117903520671255e-06
-6.054448006419498865e-06
-6.023657844178296619e-06
-6.001211881134408494e-06
-5.984227771291387241e-06
-5.967967488239862032e-06
-5.938199883579132369e-06
-5.902363129830927458e-06
-5.896435477308436713e-06
-5.878155331348713048e-06
-5.861261500971748171e-06
-5.846637212468491329e-06
-5.806598364856964425e-06
-5.782707417767366784e-06
-5.767050931147750714e-06
-5.751277852396403813e-06
-5.735133166359406854e-06
-5.703349353310829622e-06
-5.699310590129158431e-06
-5.662411040561538388e-06
-5.650891052902614948e-06
-5.623735373342578593e-06
-5.590915745281038712e-06
-5.570027780004107695e-06
-5.547239031913092874e-06
-5.529821937116369026e-06
-5.493747792223445763e-06
-5.474330618767218876e-06
-5.464150976855206143e-06
-5.439879813345173272e-06
-5.430327840739933785e-06
-5.400888213878099310e-06
-5.378791401552102538e-06
-5.370325633765643438e-06
-5.328851512797288609e-06
-5.311442904446755113e-06
-5.284005077278253110e-06
-5.259884025454254660e-06
-5.256915884578385474e-06
-5.222120993960557988e-06
-5.200818817901988660e-06
-5.191750410951002321e-06
-5.162512073822433607e-06
-5.120332120891390758e-06
-5.103690037899304315e-06
-5.085302300651799179e-06
-5.060219275549499914e-06
-5.055331938461257861e-06
-5.016365306775501953e-06
-4.996525366989102653e-06
-4.976780857097033400e-06
-4.970814361718586982e-06
-4.961263102672462448e-06
-4.928353216559403238e-06
-4.918292173028458055e-06
-4.901660895390649197e-06
-4.885324118503096995e-06
-4.845838770578880182e-06
-4.827086288251116617e-06
-4.817291630613690560e-06
-4.806983975582530698e-06
-4.784922572597197887e-06
-4.758413618125755699e-06
-4.736811309301141765e-06
-4.701975633714668864e-06
-4.690594877540996958e-06
-4.660637094652471163e-06
-4.645879556278359397e-06
-4.613222112196742775e-06
-4.606421639891930664e-06
-4.586832341144028815e-06
-4.573049645389129980e-06
-4.554320832131913452e-06
-4.532937147493823184e-06
-4.514833302374789477e-06
-4.480890416265265008e-06
-4.471292986522709581e-06
-4.448580644009137522e-06
-4.426370192945936708e-06
-4.407963797498722671e-06
-4.386637006465721845e-06
-4.373430782019688842e-06
-4.352720872286429448e-06
-4.344876225980401829e-06
-4.297400540715468806e-06
-4.289632644287889366e-06
-4.259462162082718068e-06
-4.248485010211558872e-06
-4.241105722425234406e-06
-4.198941879130811240e-06
-4.183074089039883550e-06
-4.157674365749132129e-06
-4.148824801249483875e-06
-4.106058154094786365e-06
-4.101592448656285749e-06
-4.068770990904936035e-06
-4.057717626301856614e-06
-4.047356882123910403e-06
-4.030831933217956103e-06
-4.011539093188137749e-06
-3.991139094947436354e-06
-3.967026140734948301e-06
-3.943960711781451579e-06
-3.929055214108760468e-06
-3.926343496912812065e-06
-3.867243296355935464e-06
-3.862575034971808465e-06
-3.839210233130367453e-06
-3.823658197400482471e-06
-3.800921022723344246e-06
-3.783399431437576596e-06
-3.751357543482527172e-06
-3.733629172874147818e-06
-3.715337377547097081e-06
-3.708926552260197873e-06
-3.676204469849766391e-06
-3.645079737651162215e-06
-3.633632348859554907e-06
-3.620487653780827051e-06
-3.598196562853600141e-06
-3.580644466534107439e-06
-3.567722559411147191e-06
-3.545266249895780574e-06
-3.521127939348838522e-06
-3.497204300950224519e-06
-3.477622319431938234e-06
-3.463580612830816229e-06
-3.438320920846836696e-06
-3.413519024095302208e-06
-3.408608820008021066e-06
-3.385578557528439999e-06
-3.355636987390496720e-06
-3.349650106434963642e-06
-3.327038145098287016e-06
-3.319442318244401531e-06
-3.295845580389411985e-06
-3.275783822365233423e-06
-3.253341817416442280e-06
-3.242986233704069083e-06
-3.201143283753515991e-06
-3.192294506270350570e-06
-3.183535198097644776e-06
-3.150371854578832367e-06
-3.136175370202250241e-06
-3.108300134000519459e-06
-3.092308470224773787e-06
-3.085897560856015739e-06
-3.071752186531924782e-06
-3.057612842276799310e-06
-3.033471757025297683e-06
-3.025212063851053483e-06
-3.016250071624093524e-06
-2.985291206564475567e-06
-2.972512441140887884e-06
-2.959507789848291621e-06
-2.953026482519105482e-06
-2.913774613092536314e-06
-2.893690776927970256e-06
-2.886859883430333504e-06
-2.867140478964652072e-06
-2.851806734466006640e-06
-2.831973755241822331e-06
-2.808109864899263593e-06
-2.780654654430079234e-06
-2.772532028376536913e-06
-2.758611703716666888e-06
-2.729122835963697954e-06
-2.701062783632836584e-06
-2.669033175605609017e-06
-2.663608060499907639e-06
-2.643747338674763570e-06
-2.618297581468900922e-06
-2.607064819952674007e-06
-2.597702743810295883e-06
-2.587022483051361002e-06
-2.557672737719723241e-06
-2.542989256219921553e-06
-2.527048318967555412e-06
-2.511202446700264127e-06
-2.493903423758043865e-06
-2.467451840584354359e-06
-2.457545690165917782e-06
-2.432518230607389815e-06
-2.410075269531869335e-06
-2.391954509273848901e-06
-2.387564499361585542e-06
-2.358584129442057691e-06
-2.343639635687612652e-06
-2.321268640304811446e-06
-2.299929477653803434e-06
-2.279952463374971975e-06
-2.269928466381059998e-06
-2.234877839174605844e-06
-2.230460011972686436e-06
-2.213066296199742824e-06
-2.199907070478417678e-06
-2.188285582302408845e-06
-2.171715952552993666e-06
-2.141634839455338043e-06
-2.134044981023221653e-06
-2.118171221530916443e-06
-2.113418601536988384e-06
-2.079819143221949803e-06
-2.072312078251653515e-06
-2.056360129810629182e-06
-2.045414611711885976e-06
-2.012935655671647244e-06
-1.977408357446118746e-06
-1.955617376292136894e-06
-1.932933321021501734e-06
-1.924551781679568671e-06
-1.906138963690942395e-06
-1.887367428104119122e-06
-1.870101323883130664e-06
-1.855803512405409360e-06
-1.835895323572073502e-06
-1.815158052113393026e-06
-1.810167120381305855e-06
-1.794087819120431008e-06
-1.771483489856444365e-06
-1.751774276901797408e-06
-1.724412493629485940e-06
-1.720499264625554542e-06
-1.709728678939020268e-06
-1.680930997774589999e-06
-1.670191672545286757e-06
-1.664117720543280993e-06
-1.643119389970339258e-06
-1.605869533220552629e-06
-1.599579012550835475e-06
-1.586255132302302500e-06
-1.564220122667834372e-06
-1.545613048090843198e-06
-1.534159267915925322e-06
-1.511558120213749161e-06
-1.496121960324017626e-06
-1.465282561023877781e-06
-1.453852264100744212e-06
-1.447664418662518909e-06
-1.422393463812586694e-06
-1.394718159908586702e-06
-1.392896052852765148e-06
-1.373813064209406703e-06
-1.352232142531590328e-06
-1.344234342329196643e-06
-1.328702463604951163e-06
-1.321316752895807380e-06
-1.312177905350852811e-06
-1.303216820980366625e-06
-1.267233329510386483e-06
-1.248305071997082345e-06
-1.228015595917777631e-06
-1.219043483588413007e-06
-1.182486168525064202e-06
-1.163795635606551109e-06
-1.148183614022605545e-06
-1.142132030598592231e-06
-1.115497159675979217e-06
-1.110603564452981802e-06
-1.096758134730604658e-06
-1.087767472552787830e-06
-1.047216977230319451e-06
-1.044586994334520376e-06
-1.029812244718447862e-06
-1.019060540180835944e-06
-1.002702873847615592e-06
-9.897125032626744064e-07
-9.854030437947361239e-07
-9.329186341631258798e-07
-9.181351861593344101e-07
-8.906350123512055336e-07
-8.774230296302476301e-07
-8.680936483301802568e-07
-8.463386154146155855e-07
-8.239728927091311076e-07
-8.190416441693581914e-07
-8.041454083205922591e-07
-7.996026419764050387e-07
-7.854889937552853307e-07
-7.649162802813130372e-07
-7.400755501183937634e-07
-7.332279912325582161e-07
-7.167604952081801740e-07
-6.833173452658126082e-07
-6.796072552305786511e-07
-6.719595094304738522e-07
-6.272080263080862139e-07
-6.229615025590845304e-07
-6.042951287127253784e-07
-5.740469989731971791e-07
-5.646840610720904039e-07
-5.453940600608316291e-07
-5.373159361413144487e-07
-5.119356380494854873e-07
-4.992139570616493232e-07
-4.676775172516362921e-07
-4.609042411912939040e-07
-4.349715769753678448e-07
-4.225887514110615388e-07
-4.149335527816366480e-07
-4.019941658042075265e-07
-3.900386152888643565e-07
-3.849951212137164211e-07
-3.523198164945806737e-07
-3.345539536622292385e-07
-3.177250116292027893e-07
-3.008873726792981220e-07
-2.908678495034758437e-07
-2.737236949894927170e-07
-2.623017136453289714e-07
-2.493942771258104276e-07
-2.346900269827370826e-07
-2.047275168481536213e-07
-1.779449142389863511e-07
-1.710866674890237370e-07
-1.421442128662593315e-07
-1.397483175689461281e-07
-1.329196466508845364e-07
-1.143382862128283237e-07
-9.075012959704062929e-08
-7.648951796769190410e-08
-5.819498707974672110e-08
-4.510393342041993283e-08
-1.644990306992862533e-08
-1.524409447016630993e-09
1.175833180436936985e-08
2.034766996439405882e-08
4.329915340219887973e-08
4.672439505175267303e-08
5.877805957366727210e-08
1.108905272540864732e-07
1.170855013262583343e-07
1.267907446134896431e-07
1.460808182331893329e-07
1.534957625295409347e-07
1.837464409453654432e-07
1.979249265083988795e-07
2.135269514569883945e-07
2.231332849884542975e-07
2.434313410900826924e-07
2.656763014092985056e-07
2.747572692769608210e-07
2.880060616852869779e-07
2.920828599754816295e-07
3.058535577512412383e-07
3.192789770819916568e-07
3.281760470644950722e-07
3.573517786601576777e-07
3.875518146135424543e-07
3.958272595818581406e-07
4.183199577822158744e-07
4.431500396078269025e-07
4.546350042323411728e-07
4.703728402175175063e-07
4.935267321412033602e-07
5.073289457297230814e-07
5.200985093318540585e-07
5.265116870657042393e-07
5.481492323003237519e-07
5.635936509053551213e-07
5.779129540148604387e-07
5.983687137463564845e-07
6.115257808618362398e-07
6.419106802814436775e-07
6.647274757960064084e-07
6.737237404281538084e-07
6.899017423555971597e-07
7.012188564540356607e-07
7.170508516051110154e-07
7.258743645063252491e-07
7.415302823097734623e-07
7.511286759354889564e-07
7.679514101597330734e-07
7.828934433117969441e-07
7.933460754067154127e-07
8.045878480476290423e-07
8.346975942759033906e-07
8.403208460927564025e-07
8.500371450309740627e-07
8.611736196416273784e-07
8.892520655527315335e-07
9.098993991955156441e-07
9.194277049047638055e-07
9.542545948220996328e-07
9.597132099145315763e-07
9.747261418960727911e-07
9.776308793082076143e-07
9.922220606785872986e-07
1.023948692451669176e-06
1.031471625950239547e-06
1.043978078233394394e-06
1.063015216766570491e-06
1.084250301476507455e-06
1.090699501622174270e-06
1.107949901272325622e-06
1.125510289979008953e-06
1.152610260060283480e-06
1.155875977632917434e-06
1.199362917986369610e-06
1.227515710611938448e-06
1.231631939620771088e-06
1.250006145732296035e-06
1.274906262507480856e-06
1.294717075382371709e-06
1.316294386730872508e-06
1.322451847079297494e-06
1.351967041217113935e-06
1.368335434949867078e-06
1.377556792617406886e-06
1.391369490134943784e-06
1.410083112855273093e-06
1.435629638056655078e-06
1.445059353735030819e-06
1.475401218614082648e-06
1.496011263459556709e-06
1.509672322494611017e-06
1.539905002012049895e-06
1.542803260835900014e-06
1.568303874660899103e-06
1.589355998523484811e-06
1.607309784065665139e-06
1.618552077389343950e-06
1.648144615153631341e-06
1.663718393409598417e-06
1.678195081870051838e-06
1.687071815716354026e-06
1.692551950442316031e-06
1.723593376682491511e-06
1.739275104925515124e-06
1.754864946865537256e-06
1.767219352185805462e-06
1.780639846614029495e-06
1.793943275246229358e-06
1.809846480874578948e-06
1.821322609781359512e-06
1.856939029371096756e-06
1.879353994258978987e-06
1.904965850640184297e-06
1.916181541925737371e-06
1.927854718503004649e-06
1.942825315792360239e-06
1.945002451631996809e-06
1.974452669234325784e-06
1.986944655525288622e-06
2.006935560266754853e-06
2.022120156110750340e-06
2.047567583568399690e-06
2.074356412925184292e-06
2.077608762231755033e-06
2.078412788621771830e-06
2.126213132943900334e-06
2.142274667419736080e-06
2.147923554201079170e-06
2.183103181380558250e-06
2.202891170006298600e-06
2.212501943115729211e-06
2.218519607222887502e-06
2.228732114945313087e-06
2.265536874652481641e-06
2.291762517259952400e-06
2.306865476635013411e-06
2.310572197389613343e-06
2.341888884016528038e-06
2.367329548271349769e-06
2.392106003749108107e-06
2.403822567014623159e-06
2.414947946396574072e-06
2.446089336017891912e-06
2.449423956801862668e-06
2.461732389606219937e-06
2.481967258043646485e-06
2.508323307964572039e-06
2.543374562476684647e-06
2.554080127325365520e-06
2.577919912078859340e-06
2.590497840790853714e-06
2.606866233059430574e-06
2.636282393549760002e-06
2.652922652319110398e-06
2.676165564251211672e-06
2.682295413404236641e-06
2.689485565138228878e-06
2.713990522556586520e-06
2.729108110606038346e-06
2.749591623260130281e-06
2.757373023319824958e-06
2.782121356022611097e-06
2.798422057420579425e-06
2.821510718487131323e-06
2.831967603196362202e-06
2.847372095498707736e-06
2.857698469822919644e-06
2.870467730887972933e-06
2.893578345328244146e-06
2.910428099034454000e-06
2.924082354454509652e-06
2.942382027150460694e-06
2.955928915406765029e-06
2.985778584651080866e-06
3.044785324163977711e-06
3.060149127728514137e-06
3.080000144702368023e-06
3.094142013067561030e-06
3.105204437259804739e-06
3.124831233935944973e-06
3.148134497754843649e-06
3.152181699786439885e-06
3.155462762135598461e-06
3.196271918524978093e-06
3.218481279823815919e-06
3.243148417441443186e-06
3.256375384068489738e-06
3.268625763389082357e-06
3.300330519724261705e-06
3.326174422498219047e-06
3.342445447968890254e-06
3.367058897223768104e-06
3.399517887018427203e-06
3.405164867530490970e-06
3.410333353757144069e-06
3.429003429351736530e-06
3.450414615071553747e-06
3.479208413467461811e-06
3.489670387258383232e-06
3.525811207288071964e-06
3.536579082191530964e-06
3.548934298065174238e-06
3.553698643323644313e-06
3.608125888335218493e-06
3.627379425435346558e-06
3.646624654171079288e-06
3.656523353424168228e-06
3.673718203054212798e-06
3.706272015656796346e-06
3.720428444622780382e-06
3.743540049890656562e-06
3.752658708554888544e-06
3.772583057781145161e-06
3.779748616817983697e-06
3.825023324796831974e-06
3.837933539474389202e-06
3.845808124109390833e-06
3.870749296106234180e-06
3.883778441617138910e-06
3.911260407796213709e-06
3.923787082477760426e-06
3.941656529101843067e-06
3.961628274166439616e-06
3.988074872450783623e-06
4.005677664441739444e-06
4.026428880897566771e-06
4.042137805870326818e-06
4.056020342493045275e-06
4.076350229712046633e-06
4.106729640746089436e-06
4.122665782340764851e-06
4.136799012867357663e-06
4.143921192890817822e-06
4.179835653436208243e-06
4.203813129269189581e-06
4.219613572437727050e-06
4.233021727003821495e-06
4.251924789542413569e-06
4.284027136599382696e-06
4.295071592534961489e-06
4.322262544012752686e-06
4.355766426642885141e-06
4.382809545137018584e-06
4.386672772201381854e-06
4.417687164951860570e-06
4.420465348104422588e-06
4.441890826033101364e-06
4.451506187627124732e-06
4.468694155261928169e-06
4.501053120787787409e-06
4.525985323973238070e-06
4.532190088654848830e-06
4.552899938291830431e-06
4.562634610126275805e-06
4.604728395702432480e-06
4.611746887331917242e-06
4.658603087845370685e-06
4.669975806992156669e-06
4.703042026536225532e-06
4.704178202675144674e-06
4.734525687081830003e-06
4.748793875744746177e-06
4.756288395722427661e-06
4.770496545695212418e-06
4.793347856564886566e-06
4.810618836262223910e-06
4.863176291967091345e-06
4.866397946978149062e-06
4.897917647176850634e-06
4.904001720206810153e-06
4.938267398667121785e-06
4.958803486584148655e-06
4.971956342977727827e-06
5.006057754076410928e-06
5.017514081185060151e-06
5.018549761830901082e-06
5.048909392756355777e-06
5.049933605824923228e-06
5.100485797726935277e-06
5.134438797795566743e-06
5.136653559616274995e-06
5.150283467951190797e-06
5.199159386418178445e-06
5.209853307171696974e-06
5.242046655862173133e-06
5.255663992494786847e-06
5.262783102479194215e-06
5.280713163733981685e-06
5.302356245773662780e-06
5.326026276813239236e-06
5.343640620705020604e-06
5.365980851664975975e-06
5.413717729549677565e-06
5.424300091854978439e-06
5.439567051220633865e-06
5.457111518462473512e-06
5.468854849668835286e-06
5.497715619814299267e-06
5.528588281138851617e-06
5.543570451792168317e-06
5.546152260354769144e-06
5.565307509874231096e-06
5.595575320689509905e-06
5.624788606507928689e-06
5.656287489126147973e-06
5.679581308705537119e-06
5.690887208306598170e-06
5.700580079856152473e-06
5.740937959064630847e-06
5.764688729468567755e-06
5.770846247139674490e-06
5.795898324419852335e-06
5.816526938970121461e-06
5.822332919181230129e-06
5.861448165417107426e-06
5.869102200285363486e-06
5.915528116382046879e-06
5.928434634950442035e-06
5.941938645467143881e-06
5.959914183639225897e-06
5.979305827595944153e-06
5.997884875691547424e-06
6.005534542118672362e-06
6.035952263628580236e-06
6.056131616495887649e-06
6.088175938278242026e-06
6.108702471229018886e-06
6.137351082944922106e-06
6.152868890887591011e-06
6.161532608100152244e-06
6.170990708030424198e-06
6.229773376045234136e-06
6.231746826897325755e-06
6.274792763165119489e-06
6.311410417469600391e-06
6.318344403509904895e-06
6.344780879914941696e-06
6.354981776041263312e-06
6.376423009483200514e-06
6.410317955380408714e-06
6.452821340736140437e-06
6.471038639235603532e-06
6.492088123633879086e-06
6.523529478779215131e-06
6.533454967284421819e-06
6.549968767441215083e-06
6.567888794789433063e-06
6.571782915328787996e-06
6.608442911903869313e-06
6.645500896335417441e-06
6.673087636974495466e-06
6.690669895322641533e-06
6.714325988182018132e-06
6.719532903806943963e-06
6.760434071611551995e-06
6.781307328480875945e-06
6.784475098692964529e-06
6.797241659180910501e-06
6.837288985574273005e-06
6.854904080891916994e-06
6.877168896938659702e-06
6.904720758144631148e-06
6.911160302976684248e-06
6.930006473718827534e-06
6.964436396312707698e-06
6.981582264524045976e-06
7.010533915500508742e-06
7.036350911834078003e-06
7.043864630691221486e-06
7.048542338333333294e-06
7.061091915388754704e-06
7.107799851400136183e-06
7.111707157643953036e-06
7.129910950289758360e-06
7.163646965811329148e-06
7.180215503899188473e-06
7.217595602885878803e-06
7.246384770651510009e-06
7.249318452146521250e-06
7.264197377754779160e-06
7.290644392154623547e-06
7.310316179303500004e-06
7.331166695733238514e-06
7.348597627803001005e-06
7.370874963845700501e-06
7.406911770702296508e-06
7.460729609309359867e-06
7.465924936139656878e-06
7.472894238003695304e-06
7.511494868413727751e-06
7.537934722051051341e-06
7.553221730067377874e-06
7.565938654872825616e-06
7.598275685139581236e-06
7.601708168157362183e-06
7.625562267863811734e-06
7.653626415685840543e-06
7.671537283558946859e-06
7.688536774678496203e-06
7.714709607767670013e-06
7.735980135455037710e-06
7.752689268067824408e-06
7.785645443456493410e-06
7.829409712144237457e-06
7.855517842940652675e-06
7.890021218742136755e-06
7.906971878274574741e-06
7.921438763126916225e-06
7.948282901889696628e-06
7.954917632380514587e-06
7.990065412227075403e-06
8.029781974257885760e-06
8.038241507804878949e-06
8.051368265887834608e-06
8.065795013077049866e-06
8.083112213024461356e-06
8.126000541505757393e-06
8.129755094556832278e-06
8.166930455014406910e-06
8.180951866098264071e-06
8.204471815873271386e-06
8.230026403089971137e-06
8.257952207417746827e-06
8.279272203721178825e-06
8.310961544621206311e-06
8.318018389913826074e-06
8.358471963238935860e-06
8.368892732440380829e-06
8.398149774010615478e-06
8.411293182261548828e-06
8.456048447411936789e-06
8.457737475954529927e-06
8.486302552800934352e-06
8.492195558603149254e-06
8.526284474652922864e-06
8.547023276731731241e-06
8.586723996946687751e-06
8.623524155902219851e-06
8.653287807172554313e-06
8.663029031294846097e-06
8.673400652267220339e-06
8.693967863691156120e-06
8.727425682836618953e-06
8.753329514830732462e-06
8.792737659653427504e-06
8.824203367325426857e-06
8.840888027751736029e-06
8.847823380139231800e-06
8.870897119626409118e-06
8.902930151265845234e-06
8.935968355886745405e-06
8.960858038567413476e-06
8.992866905399846589e-06
9.029902629830853606e-06
9.039348603297605260e-06
9.063661775532474635e-06
9.080107422701396355e-06
9.083113579071545204e-06
9.154582967561369528e-06
9.174731090879552584e-06
9.206598381048278367e-06
9.252357017308649449e-06
9.258790076500152816e-06
9.272679621948833438e-06
9.292777936574498189e-06
9.308262237047673992e-06
9.348034058377789181e-06
9.374203074991183449e-06
9.401868196831799875e-06
9.411909758492520515e-06
9.449271434813187869e-06
9.469738632256060283e-06
9.498626938150389097e-06
9.525459117157753465e-06
9.547643550288902267e-06
9.568337047915541571e-06
9.583375082168010299e-06
9.624279044346682239e-06
9.652319100785832423e-06
9.671084702972493162e-06
9.678077304501444747e-06
9.705687061163310980e-06
9.734918141760760327e-06
9.745038896253121756e-06
9.780917568005877578e-06
9.802991964896805516e-06
9.811697704977049694e-06
9.830930837027678626e-06
9.853973296106086348e-06
9.876603432957805560e-06
9.908065271873308722e-06
9.930811531584896016e-06
9.973266798659463352e-06
9.992037471044703311e-06
1.002569187425926954e-05
1.005695312478998805e-05
1.007908146257795480e-05
1.012174805197144762e-05
1.014172580079543956e-05
1.015364823832957580e-05
1.018612019192046801e-05
1.022429867879034798e-05
1.024210914495204627e-05
1.025859940941567993e-05
1.028463902947133718e-05
1.029952460646913674e-05
1.032471763219669039e-05
1.035216297230595900e-05
1.036540733412239333e-05
1.040803162865760174e-05
1.042512590159743709e-05
1.047025050496489882e-05
1.051199936196333059e-05
1.052524939781051733e-05
1.054459600610101708e-05
1.055186944311194720e-05
1.064700130827262599e-05
1.066195075960702991e-05
1.068310645705535558e-05
1.069606516304563465e-05
1.072658508948725098e-05
1.075106252013594525e-05
1.075503607596781142e-05
1.076995214386672217e-05
1.079298128674979349e-05
1.081360356995274502e-05
1.084421996402596862e-05
1.087590303044859681e-05
1.088562344130432562e-05
1.090300369989666698e-05
1.091650062444963065e-05
1.098116085163092982e-05
1.099456217728165377e-05
1.105619794383659154e-05
1.105961511631606965e-05
1.106499848914015925e-05
1.109836871303886338e-05
1.115505428145580770e-05
1.117533180329034916e-05
1.118602478492237593e-05
1.120190546494098306e-05
1.126958369913907848e-05
1.129607150469695916e-05
1.132327405971071453e-05
1.135042840817354807e-05
1.137639946277302259e-05
1.140146423942237933e-05
1.140782611993809222e-05
1.142766690159212090e-05
1.144905567064338984e-05
1.148349442893093659e-05
1.149423170104572168e-05
1.153272806366678981e-05
1.156235452989929589e-05
1.159368055729494888e-05
1.162122014097955169e-05
1.165877269577258619e-05
1.168558324164019604e-05
1.169249935166438908e-05
1.172021770032694061e-05
1.176409005687189514e-05
1.177605816543631130e-05
1.181639307972235652e-05
1.182660202998671634e-05
1.184219138806625787e-05
1.187554167147601486e-05
1.189027524943360358e-05
1.192812305998542975e-05
1.196310487042628961e-05
1.198919918204482511e-05
1.202964210421885493e-05
1.206174812960816167e-05
1.207099589268649315e-05
1.210295720201396457e-05
1.212333692807949039e-05
1.216000839214917732e-05
1.218953962828107020e-05
1.219406674672003066e-05
1.222419602781548762e-05
1.223248492667894174e-05
1.226308818290949069e-05
1.232178713028128273e-05
1.232437273313124457e-05
1.235664863221401368e-05
1.241363038546965228e-05
1.242177501939024452e-05
1.245455543122544708e-05
1.248299510678913697e-05
1.250658465531633098e-05
1.251482476610461902e-05
1.254826359296640261e-05
1.257729699755865535e-05
1.260771549296360446e-05
1.263723375306134026e-05
1.265289315785094716e-05
1.269212835198103274e-05
1.273189632081617492e-05
1.274116090832127975e-05
1.279200481913953713e-05
1.285640401163572078e-05
1.287283140027263724e-05
1.291778778937894632e-05
1.293396952413323759e-05
1.295433444809479000e-05
1.297651411027284786e-05
1.299603146899512308e-05
1.303373901579168612e-05
1.305460223092476872e-05
1.306877161422586883e-05
1.312620651847825675e-05
1.313860383832584810e-05
1.315766909803576402e-05
1.317402299460619837e-05
1.319106813281686060e-05
1.322113558825041286e-05
1.326217751628370354e-05
1.330883209125977823e-05
1.332047588904526362e-05
1.334314316423530117e-05
1.336220577028088726e-05
1.338796353127865471e-05
1.341801952403973452e-05
1.345641207340414620e-05
1.347100893032569546e-05
1.351591250445445445e-05
1.353079526319454693e-05
1.355175270594039743e-05
1.358729710303161687e-05
1.360318413201550756e-05
1.365818835291740195e-05
1.367525309172652001e-05
1.371205519874015420e-05
1.374542963779011696e-05
1.375306829674147556e-05
1.379413901542838729e-05
1.382644583232085408e-05
1.384927000121899320e-05
1.388125545345512484e-05
1.388300154101414829e-05
1.392027097227354558e-05
1.394586151118901498e-05
1.397024379916597171e-05
1.399401224330943958e-05
1.403127784288438764e-05
1.409015381755111593e-05
1.410105421192726602e-05
1.411540433861556918e-05
1.416545849671712557e-05
1.418260533101398147e-05
1.421234991500165783e-05
1.423063283482056492e-05
1.425870026043926964e-05
1.427476458320029794e-05
1.429408067967336830e-05
1.432508149685116401e-05
1.435639170016476512e-05
1.437743754713612298e-05
1.440597507944506725e-05
1.446664879835520824e-05
1.450199475173630916e-05
1.453868977359249562e-05
1.456587421294640326e-05
1.458281009418053061e-05
1.462200109797255984e-05
1.463059182310082131e-05
1.466966997243039295e-05
1.469580493867873755e-05
1.473566494998525858e-05
1.478817085548084195e-05
1.483345014582740914e-05
1.484083554607366841e-05
1.485864442641733857e-05
1.488953320833713573e-05
1.490672267659718663e-05
1.494881027330257904e-05
1.497754497576300087e-05
1.500247257227640714e-05
1.502310316774366057e-05
1.504842177143588070e-05
1.507309410013314843e-05
1.509566733226189393e-05
1.513501380022065041e-05
1.516015545299961482e-05
1.519325925924030875e-05
1.523978032624043302e-05
1.526633572707456808e-05
1.529431921961087824e-05
1.532680156562029748e-05
1.535106927546541232e-05
1.537496770276840723e-05
1.539423222559654946e-05
1.543540823824670859e-05
1.545576022474765568e-05
1.547898255758721627e-05
1.548534765928903726e-05
1.555938144059038457e-05
1.558566495694400049e-05
1.562685635990496410e-05
1.563354612656340666e-05
1.566371242185695648e-05
1.568586722365350480e-05
1.574766234795229618e-05
1.579123245016641008e-05
1.580279667629135216e-05
1.585400978130498180e-05
1.586657574255760956e-05
1.594405920720676274e-05
1.595712961152507829e-05
1.598791121147220050e-05
1.600536344301857348e-05
1.606363143418439751e-05
1.611177551195962422e-05
1.613986983356720671e-05
1.616139931377609258e-05
1.619249628040881752e-05
1.622212928047114979e-05
1.624309714849626538e-05
1.627070115873000274e-05
1.630060799061853715e-05
1.631338786959180952e-05
1.634738334785901869e-05
1.637223850118165250e-05
1.642816064151911553e-05
1.645070561128361206e-05
1.648372388325083162e-05
1.650576042409228087e-05
1.652177712873318746e-05
1.654527723788670895e-05
1.662147356946079880e-05
1.664213957775044766e-05
1.665419878363829276e-05
1.666091689447239842e-05
1.671122659725973419e-05
1.674234565864285228e-05
1.675046472349049138e-05
1.681516248678503102e-05
1.686272903282713085e-05
1.688424899389413328e-05
1.691064929167723302e-05
1.694758267348603798e-05
1.698365477747031449e-05
1.700558886102843109e-05
1.703153085798206432e-05
1.707368504565747244e-05
1.710720687688826083e-05
1.712972359674442096e-05
1.716090062304086143e-05
1.718728282127393809e-05
1.721598259871163196e-05
1.727115551427715353e-05
1.729543396567014102e-05
1.731096760478421164e-05
1.733789314489626437e-05
1.735572820102801374e-05
1.737025573061073752e-05
1.741321804696209901e-05
1.742164971883389751e-05
1.746728478950179610e-05
1.750320576055878352e-05
1.751664363639452384e-05
1.755308024729775892e-05
1.762562997668075759e-05
1.764637517635267222e-05
1.768052739266600063e-05
1.772878557927705842e-05
1.775060318823833819e-05
1.777641131821507388e-05
1.779274324513892524e-05
1.788111886294446441e-05
1.791118008654507047e-05
1.794364423993678932e-05
1.797247216554288037e-05
1.799480885168942392e-05
1.805624052750362987e-05
1.808472842338593544e-05
1.811657811660531190e-05
1.814467910990548799e-05
1.815918035239565969e-05
1.817790430845374116e-05
1.821068540954650554e-05
1.823660413606437598e-05
1.827830401124709160e-05
1.830255168014851617e-05
1.834206723759851322e-05
1.838610477775277162e-05
1.840129658911165728e-05
1.844024343177054986e-05
1.847091073311710942e-05
1.852385088269927580e-05
1.855298250189807771e-05
1.860643012119816056e-05
1.864918751945699401e-05
1.867763962470308760e-05
1.871691779376770065e-05
1.872894914374463897e-05
1.876683238302466548e-05
1.880209877858906521e-05
1.888483904473583423e-05
1.889825655066473633e-05
1.892498896201187588e-05
1.896654811717788408e-05
1.899088654836015804e-05
1.901191812900105037e-05
1.903849231287286828e-05
1.908047915890215160e-05
1.910912553758822830e-05
1.912778844678711878e-05
1.916184654961134036e-05
1.922721939368788631e-05
1.925360644468335385e-05
1.926909079785812172e-05
1.932697712573214449e-05
1.934503856610634138e-05
1.939072871382022180e-05
1.943912091305487915e-05
1.945873564420489712e-05
1.950851117070938516e-05
1.952445779953188324e-05
1.960054338199611194e-05
1.961344415963242689e-05
1.964891522584664638e-05
1.968793568707591233e-05
1.970416859296130759e-05
1.971990415355414928e-05
1.977182892520570868e-05
1.979025126909358720e-05
1.981976316008698239e-05
1.985241456765025436e-05
1.990350102333973486e-05
1.993135742305686270e-05
1.996459815974065241e-05
1.999628439333618135e-05
2.002168935030666552e-05
2.005833013491895126e-05
2.010880173725627015e-05
2.012123693668644301e-05
2.013968368249200624e-05
2.021874007771587548e-05
2.024426549836160204e-05
2.032263623816357010e-05
2.035103161652230928e-05
2.036448526979838810e-05
2.040878477801954507e-05
2.044984782506532785e-05
2.047286303798330251e-05
2.049655764801522296e-05
2.052838121153017440e-05
2.057570395229823282e-05
2.059062872970929457e-05
2.064128315961853612e-05
2.068257339795294842e-05
2.071772409564144675e-05
2.074184930206885837e-05
2.078413333380102411e-05
2.080543290037921772e-05
2.087091718182407571e-05
2.090060593252601696e-05
2.091781911101453026e-05
2.092790447961774349e-05
2.094709559133987826e-05
2.101753748155948883e-05
2.105151631349652663e-05
2.110917595878249124e-05
2.112406785025747595e-05
2.113043064690355350e-05
2.116465747332169230e-05
2.122347629636668284e-05
2.124412024961262049e-05
2.126927083815269219e-05
2.128785134240222612e-05
2.133583519709611581e-05
2.136546640611161792e-05
2.139927585075204381e-05
2.143400181773193411e-05
2.146951570934970278e-05
2.153611267831369609e-05
2.154217495552592537e-05
2.159561193948339214e-05
2.163511691316086300e-05
2.165882923526995312e-05
2.168909784870163998e-05
2.177194907702443427e-05
2.179057722992345955e-05
2.180694997722328369e-05
2.185697510087693406e-05
2.187675908451401828e-05
2.192486090925331908e-05
2.195710069791760827e-05
2.201062868162470117e-05
2.203504685492052562e-05
2.206205201969371806e-05
2.210745459916662646e-05
2.215135708451930740e-05
2.219135134526225902e-05
2.221374103173737172e-05
2.225732818536234670e-05
2.228550584051436026e-05
2.233879024048921114e-05
2.236083581886074003e-05
2.242038986881814635e-05
2.242238060771031282e-05
2.250336283192257212e-05
2.252488749376978900e-05
2.253590756025741160e-05
2.258172761246473472e-05
2.260552691242614400e-05
2.265625276262765288e-05
2.268822268211504719e-05
2.274843013417685879e-05
2.280999890807574676e-05
2.283887665130919338e-05
2.285785674416727369e-05
2.292081370191510013e-05
2.295171771702562337e-05
2.298283256480394815e-05
2.304138011757403585e-05
2.306415300999771956e-05
2.307234526900805099e-05
2.309331328650514393e-05
2.316166342041497877e-05
2.321932624046376417e-05
2.327619743216707642e-05
2.329174253385543820e-05
2.333002990842152584e-05
2.338474182447237927e-05
2.341018516509420298e-05
2.342274573112851458e-05
2.345131923257760080e-05
2.346668945857838609e-05
2.350604582101490525e-05
2.352499183777980140e-05
2.360212422920685926e-05
2.362129254481636057e-05
2.370000593917734555e-05
2.373137273723732594e-05
2.375982768281737173e-05
2.378924449302152009e-05
2.384963832818795366e-05
2.387522831347875003e-05
2.393678816469142615e-05
2.396029792727706083e-05
2.398541273275172814e-05
2.405880529410564945e-05
2.409684008624527637e-05
2.414078904532799332e-05
2.418321861814425009e-05
2.420248362081468330e-05
2.422676787225823514e-05
2.425634201091575939e-05
2.428640198600601341e-05
2.431662755158613148e-05
2.433710623000482156e-05
2.441548272512414811e-05
2.448293792335488506e-05
2.451134850036290239e-05
2.455453796610742410e-05
2.458016772907070256e-05
2.466746538458159266e-05
2.473140578409138796e-05
2.476615059281706542e-05
2.479211041430443471e-05
2.482874795707748592e-05
2.485439730016918673e-05
2.488233003650780714e-05
2.494967690443993476e-05
2.501128094878635538e-05
2.503358717223055471e-05
2.509287308060508613e-05
2.514804786868593070e-05
2.517171126248053990e-05
2.519364796513447061e-05
2.526969013291484033e-05
2.527920180314146808e-05
2.528616534714112502e-05
2.537690825326422965e-05
2.539620301806112845e-05
2.543270595692433025e-05
2.545508752777049906e-05
2.551137505815753560e-05
2.552182563311782088e-05
2.558153278608695124e-05
2.562652497774165576e-05
2.564031220308084366e-05
2.568061563929867981e-05
2.571927182753170116e-05
2.575035695876493757e-05
2.581053146000246299e-05
2.585259197300431990e-05
2.588016835114842056e-05
2.589912195849010105e-05
2.593281579406945885e-05
2.597353234611327353e-05
2.602219082201563159e-05
2.606640399896369850e-05
2.613445926557386839e-05
2.616514307459709616e-05
2.618413048902302798e-05
2.624614627145719872e-05
2.628290913791323701e-05
2.630639518929867615e-05
2.634352683400791891e-05
2.639276568677125081e-05
2.643911804828130650e-05
2.647236340269440102e-05
2.653585658431833401e-05
2.659417765054079949e-05
2.664793605913047008e-05
2.669223133463487360e-05
2.672954344311548764e-05
2.673317446099406539e-05
2.681797286343321252e-05
2.685236960657057562e-05
2.689939369070960449e-05
2.692087104680752419e-05
2.694847038031390629e-05
2.698554440603644587e-05
2.706016388999460165e-05
2.710249120855732184e-05
2.717045896834755918e-05
2.718030026047951904e-05
2.721544669487829747e-05
2.728469318076557303e-05
2.731412527168304802e-05
2.736028367410462496e-05
2.739398554098121510e-05
2.745207698286127905e-05
2.747716883682589623e-05
2.751627359863608238e-05
2.755590454661414470e-05
2.758585826646035440e-05
2.760068772586776335e-05
2.766000983063066320e-05
2.768584596567975060e-05
2.772756555103730031e-05
2.775463274124370352e-05
2.779227310584943261e-05
2.782850968552996894e-05
2.784305381545203452e-05
2.791691531731853678e-05
2.797025275540533865e-05
2.800421383081397821e-05
2.809460412027533233e-05
2.813296740035826714e-05
2.817522856340448745e-05
2.820130257170231546e-05
2.824644653235423438e-05
2.830671068957460310e-05
2.835956027856340273e-05
2.836622225011673344e-05
2.840734917450089524e-05
2.843164862093309277e-05
2.851470994802631986e-05
2.857458065821208255e-05
2.859685096736645299e-05
2.862596066618025651e-05
2.865728729165054227e-05
2.872569705680261243e-05
2.875823069349820070e-05
2.880386666989019325e-05
2.886683605342794956e-05
2.887317653728469527e-05
2.888831361338063816e-05
2.894204205617391040e-05
2.899648124618175809e-05
2.909119032748439060e-05
2.913327088918805146e-05
2.916789068651024096e-05
2.918639700286518456e-05
2.926294544887488543e-05
2.928863021813205960e-05
2.933782828066412870e-05
2.934794443021729811e-05
2.939211159300593622e-05
2.943513198721402376e-05
2.947918691139904762e-05
2.949402787944449328e-05
2.964989279590410083e-05
2.966884531325989508e-05
2.969030995417510082e-05
2.971319861770887672e-05
2.980961544950945944e-05
2.987051325654456547e-05
2.988081579654554298e-05
2.995100506406890337e-05
2.998416131839050640e-05
3.001677672078843071e-05
3.006106404735741971e-05
3.010273121695562803e-05
3.016691994249235027e-05
3.019916961073972587e-05
3.022466540065493892e-05
3.024506873695308613e-05
3.026255805671231071e-05
3.032020386753716499e-05
3.037344668217562820e-05
3.041807588684656980e-05
3.042300719911718055e-05
3.050450775608780734e-05
3.056976833213424864e-05
3.062163812947215285e-05
3.065721083796225016e-05
3.070479729046482589e-05
3.076989234740018519e-05
3.080220725110808795e-05
3.082643376101271664e-05
3.089825994114039795e-05
3.095334579483649719e-05
3.099021118790707340e-05
3.103265068731760913e-05
3.104760707620072023e-05
3.109851437430620274e-05
3.120991541016568448e-05
3.127749710449641345e-05
3.128805918660541456e-05
3.136216001092264564e-05
3.137279672236066948e-05
3.144813490770193384e-05
3.147612212888530769e-05
3.150166382598305610e-05
3.161870112983377132e-05
3.163733779384567227e-05
3.163828359742506873e-05
3.171054575687720368e-05
3.173790707480230524e-05
3.176069489793509332e-05
3.180149614061621003e-05
3.190893487489434953e-05
3.191454034981573392e-05
3.197224034235575667e-05
3.203596625190430176e-05
3.208488385596905868e-05
3.211585250982052913e-05
3.218972557414606671e-05
3.227063479078985995e-05
3.231205636035456658e-05
3.232480699286333921e-05
3.233588598396828692e-05
3.235729670347431197e-05
3.247090885260543096e-05
3.250254360147954619e-05
3.255466530361389075e-05
3.258273697317380603e-05
3.260662471729082988e-05
3.265504748143918879e-05
3.269541790142824970e-05
3.275523742334790283e-05
3.282269691900920169e-05
3.286211796155541839e-05
3.297832331729826278e-05
3.300602387157223545e-05
3.302158562708535337e-05
3.307220391710681047e-05
3.310593418358357364e-05
3.316532173225461257e-05
3.324163018901208087e-05
3.331176081057118655e-05
3.331926307710779113e-05
3.344941530734410885e-05
3.345596688333791086e-05
3.353077815426857997e-05
3.353657258178095805e-05
3.364942015214522836e-05
3.366489136755684104e-05
3.375149578632522516e-05
3.376037816986443720e-05
3.379385809940745489e-05
3.384752445342586064e-05
3.388687087804925449e-05
3.394896696785665085e-05
3.398964131127237302e-05
3.405419829576169718e-05
3.408325431447092272e-05
3.418179916787691827e-05
3.421669644066333726e-05
3.430603735316799642e-05
3.432782640949267564e-05
3.442106039737542961e-05
3.445955753315996256e-05
3.451765731674407317e-05
3.455343748965427128e-05
3.461970059982853975e-05
3.466624159241233174e-05
3.473422980471851810e-05
3.479364296032708012e-05
3.481422196986919799e-05
3.488014132909544483e-05
3.491217818416885658e-05
3.493926700082513454e-05
3.499243988506824408e-05
3.504249368934693178e-05
3.506815556680840137e-05
3.520125933553012570e-05
3.522450127070217272e-05
3.525805604950382424e-05
3.529947747368721782e-05
3.539019245018217214e-05
3.543795072987179561e-05
3.547218010111361712e-05
3.555811745843067106e-05
3.562492241190145495e-05
3.567614832650643406e-05
3.570698234007540665e-05
3.576124480424619544e-05
3.584428923117489665e-05
3.587937514003456904e-05
3.589238464699082105e-05
3.594916752487806145e-05
3.599755051218878071e-05
3.603227473586276584e-05
3.615709963609115913e-05
3.621215519811295166e-05
3.624866386811753823e-05
3.629645203383892140e-05
3.637312492051289763e-05
3.640864232356549884e-05
3.643204884957922736e-05
3.648225178462347225e-05
3.649605508279671302e-05
3.658102973354542681e-05
3.659331244013595830e-05
3.670815635790300604e-05
3.674745100536781658e-05
3.681313563860879885e-05
3.686992520016297160e-05
3.694087683831845376e-05
3.699223194940907565e-05
3.702721357746338268e-05
3.708806990989702555e-05
3.713624915083272156e-05
3.716725307536364228e-05
3.720227090003085601e-05
3.726961250641918559e-05
3.729611669523418124e-05
3.738514784847214175e-05
3.743325329833340420e-05
3.746145309411230456e-05
3.756266308886891888e-05
3.756481303387122680e-05
3.761003359270613896e-05
3.774219282948573551e-05
3.777357657896458488e-05
3.780309212791058978e-05
3.786082681102076507e-05
3.788857947131512997e-05
3.794163096956212943e-05
3.808647779050797119e-05
3.811163235293215800e-05
3.818372661843577283e-05
3.824318145623970916e-05
3.832344439113353677e-05
3.834948372541322875e-05
3.840405649794233147e-05
3.845289985578239408e-05
3.846673359871747905e-05
3.855213776840738595e-05
3.858635694853853644e-05
3.863459448426635555e-05
3.870253179589316602e-05
3.872701225020087781e-05
3.876168733535717234e-05
3.882080012611572423e-05
3.886337073075682051e-05
3.892331477016813487e-05
3.899414522008487867e-05
3.907789171731806022e-05
3.913122437743930565e-05
3.918271051818767321e-05
3.919524652591009845e-05
3.931825699177714814e-05
3.936196725501515568e-05
3.940530446991203712e-05
3.942669485622197069e-05
3.947583775713508434e-05
3.952423215936371723e-05
3.966900756703970301e-05
3.972404416057419898e-05
3.975425182853170716e-05
3.982426210566695384e-05
3.987268140166750605e-05
3.990942118825575446e-05
4.000637214564600790e-05
4.003149775909350857e-05
4.007692738564703626e-05
4.010199435299387265e-05
4.016084790566350264e-05
4.021204693083390766e-05
4.026418090303436636e-05
4.034413973967849283e-05
4.043381834935938447e-05
4.046112081649734103e-05
4.051635274073181594e-05
4.057604091573406357e-05
4.068192156058203566e-05
4.071508391810873482e-05
4.074763280884003872e-05
4.080106294346634804e-05
4.087003765678727502e-05
4.094122159723498702e-05
4.107151372649445691e-05
4.115467373860982333e-05
4.119840691009373521e-05
4.126154668773530682e-05
4.129439894050899280e-05
4.137086321388008082e-05
4.140286709317727594e-05
4.143498781863829881e-05
4.146843404124504008e-05
4.158159566454508059e-05
4.162053622314310249e-05
4.172894927723313173e-05
4.177187717557720692e-05
4.183591584729818858e-05
4.186669093063407200e-05
4.188867650515208467e-05
4.193070394185143126e-05
4.200161897505900625e-05
4.210923279784046613e-05
4.216287346395617986e-05
4.226469800429530740e-05
4.233708193296115965e-05
4.235785917733837975e-05
4.244218507797923272e-05
4.250891853269692474e-05
4.255020366459034406e-05
4.263175751071154586e-05
4.267618023472173546e-05
4.276452008766643448e-05
4.280141013155514061e-05
4.287278024026669514e-05
4.296360975235390941e-05
4.303873565513282278e-05
4.304875916787200436e-05
4.308058556088764120e-05
4.318506284338078884e-05
4.323763712662739584e-05
4.332228420898086979e-05
4.335461062647436400e-05
4.345182523989536824e-05
4.349009690067731372e-05
4.356070884879058102e-05
4.362597165378140395e-05
4.372669802886362735e-05
4.374741629163363794e-05
4.380892930036464508e-05
4.388493607310088378e-05
4.395493818043465234e-05
4.401650487859146236e-05
4.403426831729629774e-05
4.419028641187592118e-05
4.424213368698247850e-05
4.429277613625756021e-05
4.438561270978088404e-05
4.444077801222367098e-05
4.446372801216008202e-05
4.452538256016450740e-05
4.457816538712606504e-05
4.464155277091091451e-05
4.476576364995477704e-05
4.482782825430582110e-05
4.485139203102998849e-05
4.489605471114283436e-05
4.498553134172160169e-05
4.509820996654465361e-05
4.518696209390965068e-05
4.526137320718404833e-05
4.535968458471290315e-05
4.538863474432968141e-05
4.542108966448428362e-05
4.543276658383114367e-05
4.552628460995173320e-05
4.558487255600229414e-05
4.564167381152369970e-05
4.575037144246791654e-05
4.581841657997339168e-05
4.589155704498361783e-05
4.592315841698511723e-05
4.595688334785781083e-05
4.607775057310156149e-05
4.614480568969879932e-05
4.620165800100851157e-05
4.626279072653019764e-05
4.635561214782202153e-05
4.641564423609899939e-05
4.646518810803537707e-05
4.648958870192001157e-05
4.663447629690177504e-05
4.668463933839777725e-05
4.671724050570629291e-05
4.678494645295813855e-05
4.684103859978555959e-05
4.688401795719469156e-05
4.689932913771433610e-05
4.700955458312802032e-05
4.713514597556848785e-05
4.720847870725763728e-05
4.724724533809692816e-05
4.734962493430413123e-05
4.740666011221237550e-05
4.748333138491953834e-05
4.753889889120689556e-05
4.759853963041839450e-05
4.769733930909654063e-05
4.778883982447229816e-05
4.783762905115989235e-05
4.787432440651882869e-05
4.796459655944605829e-05
4.801014395713385467e-05
4.812135967512062184e-05
4.823079098471428196e-05
4.831029937094790929e-05
4.831595422962282275e-05
4.839316594015442846e-05
4.845723885400851915e-05
4.849019855853124847e-05
4.861600042377562172e-05
4.864465957405442144e-05
4.876209166754478933e-05
4.881781263053535600e-05
4.888665171791468710e-05
4.891548552926244705e-05
4.903483243069422511e-05
4.909549646999849777e-05
4.914171955332723006e-05
4.922519026396483154e-05
4.931126523185317963e-05
4.931661525109954514e-05
4.938212539753274638e-05
4.952105066180090157e-05
4.956822307586443861e-05
4.957654765083113188e-05
4.963883060526624934e-05
4.974123478421049602e-05
4.976706281571057280e-05
4.985714252601869086e-05
4.993127778575488866e-05
5.002688888392115170e-05
5.005776174843386733e-05
5.012728891443424977e-05
5.016251868270078530e-05
5.025123203239126340e-05
5.034749123176316353e-05
5.040090395885634848e-05
5.049258865402942142e-05
5.057738414580715126e-05
5.065846162237316153e-05
5.068689227787660778e-05
5.079240903211296014e-05
5.086026686932595850e-05
5.098645632858408728e-05
5.106535319833961417e-05
5.109761974554945767e-05
5.114580713311902709e-05
5.131055550051308301e-05
5.147478199916649379e-05
5.152132527504551564e-05
5.153998446204358504e-05
5.168322533746666942e-05
5.170073779406884348e-05
5.179941358103741511e-05
5.184297161584850328e-05
5.187092024587717766e-05
5.199442101908798459e-05
5.204493919669048331e-05
5.216594450785547822e-05
5.225532619368852908e-05
5.237767199704168158e-05
5.240823288136282497e-05
5.243082740009223153e-05
5.247439609230346655e-05
5.258309658421146183e-05
5.266283939164576126e-05
5.274368829963340061e-05
5.278334377122064999e-05
5.283538793031491743e-05
5.294109815212826411e-05
5.301614978647754156e-05
5.313302874736259825e-05
5.313364674434301103e-05
5.331579428071507956e-05
5.335505462620050845e-05
5.340994722648794351e-05
5.349515219237822909e-05
5.361686702692473926e-05
5.365361514874776599e-05
5.376072556851948500e-05
5.388631609474157349e-05
5.392142650960440252e-05
5.406482358894740964e-05
5.413588183148321725e-05
5.417198005149285507e-05
5.421330367662358568e-05
5.427906784760123504e-05
5.441625721783447691e-05
5.443439605750745628e-05
5.456497706443185890e-05
5.464407759275907538e-05
5.475180002087804738e-05
5.484316745511811421e-05
5.494991091566273593e-05
5.498402108778911523e-05
5.511513495422076873e-05
5.515047030816550537e-05
5.526129956318268213e-05
5.530386516957838986e-05
5.543275015005494149e-05
5.546399992039289888e-05
5.552074615175840494e-05
5.563415137929743982e-05
5.574733130815658202e-05
5.581080268276423248e-05
5.588139717282056772e-05
5.592979214524877529e-05
5.600903181072277600e-05
5.621236181999032675e-05
5.630357883581130630e-05
5.634412901446049987e-05
5.642334985217817745e-05
5.653770209254563187e-05
5.656547674934639261e-05
5.674423750411989085e-05
5.680765691295828850e-05
5.686655130009467398e-05
5.702275727241336626e-05
5.711448519566828598e-05
5.715662364538405933e-05
5.726946732306402514e-05
5.733179718064960740e-05
5.745515366843437303e-05
5.754329052757216161e-05
5.762825839626831506e-05
5.773988903961309749e-05
5.784488473107388806e-05
5.796500648872531311e-05
5.809407509158702470e-05
5.816749280083176533e-05
5.828637518963893679e-05
5.831326945020557181e-05
5.839418698016871084e-05
5.851478423724099987e-05
5.864284178538473654e-05
5.870699772289750815e-05
5.876551435972100475e-05
5.882300340011875102e-05
5.896901782026325417e-05
5.907986309372084346e-05
5.917328383109158891e-05
5.923862531656854942e-05
5.926274364020212666e-05
5.931736177200271689e-05
5.945524356152623904e-05
5.947792929931649457e-05
5.958336676551301557e-05
5.970279944198359873e-05
5.980622232495524243e-05
5.984916377057968056e-05
5.993922269917751586e-05
6.000158551707201202e-05
6.009881030892836099e-05
6.014839125102282552e-05
6.032518123889471035e-05
6.044867789208073424e-05
6.050065691055239649e-05
6.061927886100149359e-05
6.075171496478021162e-05
6.081852003084402232e-05
6.090914959070045881e-05
6.098304895546261065e-05
6.109466583639535926e-05
6.118014957230187112e-05
6.125551318012897504e-05
6.136193624684869552e-05
6.147331714336301610e-05
6.149106519244214081e-05
6.158848753560865262e-05
6.169631857447691156e-05
6.181407757908799830e-05
6.189293111163550324e-05
6.191958920589323749e-05
6.205393326636774777e-05
6.220524495981904914e-05
6.227953477140680855e-05
6.240874914868300516e-05
6.254440983200447706e-05
6.267609145645816420e-05
6.273850351298706357e-05
6.281421164489873522e-05
6.302442987506111014e-05
6.309747856433972288e-05
6.314192467250494419e-05
6.323509894039865305e-05
6.326171861406452469e-05
6.336625985190060635e-05
6.355794530241424178e-05
6.367767934597376954e-05
6.371469378109154331e-05
6.378511413870820981e-05
6.392599421045561646e-05
6.396410454410961547e-05
6.412655563535408132e-05
6.424483598861396329e-05
6.426134618914893524e-05
6.442756740301961392e-05
6.458890503940742985e-05
6.463701412886836131e-05
6.471570817599017300e-05
6.476043129446290884e-05
6.489924602127067387e-05
6.501176969853146473e-05
6.516810514376508343e-05
6.517987968146057615e-05
6.535718579852132116e-05
6.549906880978605258e-05
6.557339194560874438e-05
6.560567936228621380e-05
6.566787006436473244e-05
6.578477514023444849e-05
6.600772457830033409e-05
6.606699335640368528e-05
6.611740791856206485e-05
6.634353532319016617e-05
6.640133014108423300e-05
6.649448643926583844e-05
6.660439267563144641e-05
6.670312611868668977e-05
6.681100984082739326e-05
6.691210391024036942e-05
6.699918125051839183e-05
6.711570564556973743e-05
6.738502868915380133e-05
6.749472999676293635e-05
6.753329773408846054e-05
6.759520743545896601e-05
6.762391230763786798e-05
6.784516296200264170e-05
6.794189255835329604e-05
6.805089681887228491e-05
6.824603988145880925e-05
6.842423259302599667e-05
6.857891617841733144e-05
6.863142752731549807e-05
6.864990025526711563e-05
6.882999351734085376e-05
6.888746907101669502e-05
6.900753900154708831e-05
6.918171781313801774e-05
6.920458062298335102e-05
6.927287194314532797e-05
6.944335213482836870e-05
6.960240014224885943e-05
6.968892755497171465e-05
6.975788159191020790e-05
6.981377411049024498e-05
6.990874618935636632e-05
7.003550570183025403e-05
7.012171768189224240e-05
7.023090070577656140e-05
7.042531039836173517e-05
7.060175345506102104e-05
7.069068060945214119e-05
7.074907052168917911e-05
7.079346054708016579e-05
7.095755363609483266e-05
7.113384185363027547e-05
7.124639654282337341e-05
7.147667655081644600e-05
7.157997014388788591e-05
7.165967294183144942e-05
7.174931355644116756e-05
7.176353895533538175e-05
7.196664254534692121e-05
7.208790679736102550e-05
7.218833988428225248e-05
7.223432576167353636e-05
7.233994090616638860e-05
7.241270639715020332e-05
7.245812531696393531e-05
7.274225672217592294e-05
7.286006587859557835e-05
7.303776558871399188e-05
7.310657936552884698e-05
7.316190496105253263e-05
7.322875926562992575e-05
7.334187793601100078e-05
7.354685727014482219e-05
7.365033109889441022e-05
7.382749313457439070e-05
7.388076315440416340e-05
7.409155676337607723e-05
7.430392556195708378e-05
7.441760607365705698e-05
7.451915884835432012e-05
7.467287478491932678e-05
7.478184137562786165e-05
7.489439701222626756e-05
7.496608142487311049e-05
7.510729445262214041e-05
7.528319914752487738e-05
7.540905607858708229e-05
7.552582773601177813e-05
7.559447542454000889e-05
7.567054498621354579e-05
7.581123012971756532e-05
7.589447330274229711e-05
7.596724941172166255e-05
7.620414817217060946e-05
7.630864038983872072e-05
7.645087374529745605e-05
7.648716821781816218e-05
7.680323446313661235e-05
7.686180682117438627e-05
7.694006133917595850e-05
7.701303220102217919e-05
7.727629821801386509e-05
7.736534396711052019e-05
7.745687625106985720e-05
7.761832851211561011e-05
7.788103983215890157e-05
7.796825166613238788e-05
7.800340210893811157e-05
7.808565996580328844e-05
7.820584985717947695e-05
7.837212739167099792e-05
7.844179343749813397e-05
7.866646054827572637e-05
7.889594465424594959e-05
7.913913320938784513e-05
7.925262309469302210e-05
7.928263541100892889e-05
7.943800541145391240e-05
7.950905107561606784e-05
7.971929098309105696e-05
7.984484382350457690e-05
7.995365381988913745e-05
8.022023646684235112e-05
8.027777506441915686e-05
8.038115456182154091e-05
8.067327696582714963e-05
8.070895744633265281e-05
8.083105169636431084e-05
8.097309366701480342e-05
8.114054392520529040e-05
8.120130384830331319e-05
8.125217606864055706e-05
8.149491346867526970e-05
8.165287585854649375e-05
8.169626315715962253e-05
8.201206530297464362e-05
8.216233415296201811e-05
8.240474281117386387e-05
8.257555749181450032e-05
8.270838706158613275e-05
8.281537642874373854e-05
8.300472004053124789e-05
8.316586522590359927e-05
8.336177569803263879e-05
8.344020322434378032e-05
8.351653560562768465e-05
8.362999847372279145e-05
8.378037542607348989e-05
8.394909441115439627e-05
8.431119020459933058e-05
8.440569613676685891e-05
8.456526296992173167e-05
8.489440024282341227e-05
8.506494376433871673e-05
8.516179163935596295e-05
8.520326979597622687e-05
8.546123307673426429e-05
8.560003573979525857e-05
8.576647951082146267e-05
8.578984354490433917e-05
8.600416285800401787e-05
8.614786706817730792e-05
8.637523262973516259e-05
8.658335841948793096e-05
8.671840211543938124e-05
8.686321734391627312e-05
8.692804341575230821e-05
8.713791347688183990e-05
8.735020651960700728e-05
8.756926541336592848e-05
8.765004018969734380e-05
8.786145335629729121e-05
8.794367346633034596e-05
8.823442641569131343e-05
8.840255326620918505e-05
8.865499300838548889e-05
8.870191313052668025e-05
8.887512664123590133e-05
8.893677103050710386e-05
8.915031945155526779e-05
8.934972333945136636e-05
8.959268240037586320e-05
8.975787956502586274e-05
8.994773165557039664e-05
9.037924738952105583e-05
9.066003297482548248e-05
9.080512476918482030e-05
9.108530773190063017e-05
9.126095948073970922e-05
9.149073654393142943e-05
9.165831734000195520e-05
9.181552889477491441e-05
9.195488981751519686e-05
9.216993358843148811e-05
9.236866654098021341e-05
9.252451330054937398e-05
9.269557362828538094e-05
9.297788962504988390e-05
9.301083762233595877e-05
9.325810351599065425e-05
9.336045260804487500e-05
9.352504779812308134e-05
9.368805114092722860e-05
9.380125411267298003e-05
9.412524101167952400e-05
9.448505885741678462e-05
9.466396456630700614e-05
9.475935176137436071e-05
9.507513623553697814e-05
9.522038483978409028e-05
9.558890135551359045e-05
9.600218200608116588e-05
9.631369782108039062e-05
9.631770095382820405e-05
9.637667514128025732e-05
9.701779128834230070e-05
9.709121316443571081e-05
9.718797931235838273e-05
9.751834763338699890e-05
9.760120436470480856e-05
9.784520485614659543e-05
9.800224030703780622e-05
9.814935406939497670e-05
9.830400577675167564e-05
9.880003574737991243e-05
9.901914306978744395e-05
9.927113354580366638e-05
9.960064874181052443e-05
9.962757216219099844e-05
9.998815916597204748e-05
1.001135219755624182e-04
1.002703447385981558e-04
1.005609243449154825e-04
1.006845618869449312e-04
1.008222141359034854e-04
1.014214065852164532e-04
1.014723985679725376e-04
1.017462121484431249e-04
1.018885795235276067e-04
1.020949383795645519e-04
1.022056852093629516e-04
1.025322483638755271e-04
1.029185550624086805e-04
1.035551648010341139e-04
1.039197630254674003e-04
1.040818928198349177e-04
1.044652493243901234e-04
1.046360317664045219e-04
1.047653246528384302e-04
1.049749288346100030e-04
1.055291033081440341e-04
1.058606551532120289e-04
1.060882760573916183e-04
1.062276068938068272e-04
1.069389028083788079e-04
1.073025349157143810e-04
1.078687127973514619e-04
1.081378076546404983e-04
1.082296361974057749e-04
1.085108218994517934e-04
1.087465937906748791e-04
1.090077786651058182e-04
1.093342720058084280e-04
1.094279369804757458e-04
1.098392279815580194e-04
1.099142529135682808e-04
1.104484968635653029e-04
1.108445733484274216e-04
1.113512765927676359e-04
1.122786812919319391e-04
1.125044472162462731e-04
1.128181565711931203e-04
1.131347071393163186e-04
1.131552253620889858e-04
1.138290578417536550e-04
1.140879754931647955e-04
1.144777211384381170e-04
1.151166664924905652e-04
1.152804645406974206e-04
1.155899414584932302e-04
1.159304550104352504e-04
1.162155760873775879e-04
1.166830120796289035e-04
1.172669827375303080e-04
1.180353151130964548e-04
1.186646426097558138e-04
1.190811342594086516e-04
1.194580570539228998e-04
1.197678975423968438e-04
1.201590573885047956e-04
1.203651765644258713e-04
1.206207309309030096e-04
1.209470262727810081e-04
1.216232508205929169e-04
1.223485849359188084e-04
1.228261740162504172e-04
1.232245102170097663e-04
1.232779170561581225e-04
1.244196218863201256e-04
1.248710171277712922e-04
1.256652929706778932e-04
1.266391232407325113e-04
1.269250416879021354e-04
1.275882043868386293e-04
1.280418836253490952e-04
1.285937179550246216e-04
1.289103472180443935e-04
1.298924487951326446e-04
1.309694756118708905e-04
1.317373184902935078e-04
1.318562958294413397e-04
1.321440787284253366e-04
1.328492832196635570e-04
1.334308246576437415e-04
1.344530861363066462e-04
1.351847843256933669e-04
1.359788031579455914e-04
1.369195676678005376e-04
1.377445660182215247e-04
1.382800480860666608e-04
1.388543076101996236e-04
1.405061518217934585e-04
1.421122873310580188e-04
1.424235297322368643e-04
1.430643469151754172e-04
1.450842702683721036e-04
1.482883221159196315e-04
1.495815170210064687e-04
1.513352042940522429e-04
1.527285610464347121e-04
8.346877152213969453e-04
