-6.931338771770817090e-06
-6.741788706388203549e-06
-6.364235604922581476e-06
-5.974202000966550106e-06
-5.914152098310336503e-06
-5.797656962984853612e-06
-5.764802163204208383e-06
-5.438510301023243106e-06
-5.367190729008303230e-06
-5.325193005267946375e-06
-5.189246527001052985e-06
-5.050269017823334136e-06
-4.936664000412710404e-06
-4.850036124770100657e-06
-4.755014560826928287e-06
-4.674479859676049802e-06
-4.615915695337820460e-06
-4.569278394821716616e-06
-4.525582082938971953e-06
-4.422573607925279618e-06
-4.328996310399325140e-06
-4.259332983896485198e-06
-4.215005556018248181e-06
-4.063489512964708061e-06
-4.016068023979981667e-06
-3.921296629940273906e-06
-3.895765458459943858e-06
-3.860865211831259361e-06
-3.785636619313663262e-06
-3.697352735997428437e-06
-3.627349469264819946e-06
-3.613082830696802707e-06
-3.499335348718093786e-06
-3.466154290079753177e-06
-3.364561390744290669e-06
-3.306286101264876400e-06
-3.280555164189017913e-06
-3.204589520238420171e-06
-3.131942904710235669e-06
-3.069188198336416444e-06
-3.048166712876334194e-06
-2.997845648738203517e-06
-2.923114525885728037e-06
-2.875360288263278565e-06
-2.806089119251788309e-06
-2.762171040110039299e-06
-2.741067300443855713e-06
-2.699944721135678685e-06
-2.578046893500561623e-06
-2.534869090469614092e-06
-2.530395382179947415e-06
-2.491424673585545845e-06
-2.374396588655870307e-06
-2.346973976631062603e-06
-2.307503710886039709e-06
-2.229787505417157492e-06
-2.184585985940448925e-06
-2.136757564471434221e-06
-2.115060715072775153e-06
-2.081087600352616625e-06
-2.066770996094146531e-06
-2.011527413965255400e-06
-1.977312414195510488e-06
-1.924409174828699111e-06
-1.850036874355598835e-06
-1.800673185186538257e-06
-1.748873328876083548e-06
-1.705799332622559211e-06
-1.635861099290573913e-06
-1.612157905808977321e-06
-1.579209984394989104e-06
-1.557349329706689971e-06
-1.527298499577783334e-06
-1.480302344514932577e-06
-1.444204443088534423e-06
-1.404308602356973688e-06
-1.333450945462697524e-06
-1.320782178823233292e-06
-1.286284799779595035e-06
-1.202954327526228729e-06
-1.176211424753686951e-06
-1.146386218001487313e-06
-1.117187711341052809e-06
-1.068563492924595273e-06
-1.035520296101436231e-06
-1.025108575750716425e-06
-9.640175260357348887e-07
-9.396300208989466671e-07
-9.197759491574186021e-07
-8.754596278194707094e-07
-8.466467818416054221e-07
-8.320752413566052303e-07
-7.861807225844824208e-07
-7.353919052161612707e-07
-7.012057207293509037e-07
-6.858116800747961634e-07
-6.328624149955352258e-07
-6.129185233079399406e-07
-6.079763838187888756e-07
-5.865244305982058121e-07
-5.512019438874130921e-07
-5.449892080601756532e-07
-5.125758470537434176e-07
-4.299046137907925102e-07
-4.035990062009740599e-07
-3.850790522774525307e-07
-3.512270848599100841e-07
-3.401636051352885765e-07
-3.019243920422614285e-07
-2.634897072881663078e-07
-2.468666229598894085e-07
-2.047898741630024535e-07
-2.014427465668825086e-07
-1.458890852642871514e-07
-1.239870934869898705e-07
-9.348824205843334953e-08
-8.979846547377604752e-08
-5.612008699585929949e-08
-3.296820005431029545e-08
-2.883100012958193855e-09
-2.977850205206683580e-23
3.975150079042496476e-09
2.543244050024969157e-08
5.563534236772565401e-08
6.566579846293677386e-08
7.296649974969503441e-08
1.052855649907444090e-07
1.419742306917233007e-07
1.598386579795778864e-07
1.935670124458941768e-07
2.058453992160113144e-07
2.472907722965066169e-07
2.583053169726151015e-07
2.860954536414935973e-07
3.586553324674920066e-07
4.070403860695930686e-07
4.155849121216589688e-07
4.273645277837681031e-07
4.763918186193719018e-07
4.898739611671385004e-07
5.597004121799733533e-07
5.919207333370807131e-07
6.310386073634400735e-07
6.356431056813402598e-07
6.670415590894419280e-07
6.928427480356432702e-07
7.169881464317575364e-07
7.517725946351791553e-07
7.855758946800959408e-07
8.093095636410443698e-07
8.446060147782562382e-07
8.917702939740670326e-07
9.290733902088145418e-07
9.592634984468738422e-07
9.953429230366731184e-07
1.008326084816373861e-06
1.020211786707539295e-06
1.092264349918894019e-06
1.159381432755369850e-06
1.199955386114804832e-06
1.240215423858070572e-06
1.264961853420693277e-06
1.317722582345875600e-06
1.334919457634428188e-06
1.428449920081498953e-06
1.429672901672150189e-06
1.448053605162316818e-06
1.510513062226578277e-06
1.527858924283691119e-06
1.539843813352520572e-06
1.578239699208582601e-06
1.629567168967039037e-06
1.656350893069276061e-06
1.740890718186788689e-06
1.790531517763506529e-06
1.857628800680649716e-06
1.886103753621225600e-06
1.944453266274923879e-06
1.950991655636715457e-06
1.982080084353885930e-06
2.029675939220533379e-06
2.061735965777200175e-06
2.122887044969669815e-06
2.163874805656015291e-06
2.228606808906760480e-06
2.271140817983235308e-06
2.329328794916784767e-06
2.406031236902954634e-06
2.449769780531743033e-06
2.462083415249317565e-06
2.529915088285585848e-06
2.586245678261018926e-06
2.676300475074810194e-06
2.739122015723100258e-06
2.781450493354656351e-06
2.870758208080768109e-06
2.955281940375237316e-06
2.964099535481938698e-06
2.992007605798130198e-06
3.044683860855368754e-06
3.112354672842519056e-06
3.230295172576106571e-06
3.249498749372347202e-06
3.287963572024295555e-06
3.325740588167509701e-06
3.381593475323475206e-06
3.474429451865558336e-06
3.508160646699908727e-06
3.618385771339634909e-06
3.668436090315019755e-06
3.727833527017152714e-06
3.888896951322729505e-06
3.924735533107017451e-06
3.998577537346775574e-06
4.020915224697040428e-06
4.093946079813737630e-06
4.182041952179277566e-06
4.213092632333121866e-06
4.283083478617952158e-06
4.421038977888420608e-06
4.442061918442917263e-06
4.514987755479203511e-06
4.584717330678618542e-06
4.715783098833370425e-06
4.871059830820575889e-06
5.004208481884033084e-06
5.043251180499109080e-06
5.159788024766352947e-06
5.221760750396963527e-06
5.414825019974697368e-06
5.457003517293245732e-06
5.597301705329486828e-06
5.683570011361365270e-06
5.950996902998857094e-06
6.076369842719050124e-06
6.336774205363077673e-06
6.351333051452095583e-06
6.592439212833549159e-06
6.783078139377655476e-06
7.559911931089451345e-06
