4.763634337858215417e+01
5.016404173736867023e+01
4.743729847437485603e+01
4.903478180408841069e+01
4.844638119763994411e+01
4.876711317220075159e+01
4.687530812605389485e+01
4.735844163573261767e+01
4.968939436682784105e+01
4.819381731906417343e+01
4.929220107776193061e+01
5.388143767828702124e+01
4.881922617726925040e+01
5.028726294341026204e+01
4.712637747041212322e+01
4.932130218900711327e+01
4.660604331240107001e+01
5.054587674167368760e+01
5.070356388221551924e+01
4.898993722666251927e+01
5.031081880628679670e+01
4.873888440846840098e+01
4.935917169786599601e+01
4.838009034717146051e+01
4.884784828732699680e+01
4.764084913792901688e+01
4.993868817729455145e+01
4.767742667826438918e+01
4.805558662038018269e+01
4.900000000000000000e+01
4.782442949541505328e+01
4.899999999999999289e+01
5.061803398874987892e+01
4.857513673831390122e+01
4.781674199865089747e+01
4.947114115375205756e+01
4.858678952805622231e+01
4.784508078521677987e+01
4.872250284119431285e+01
4.863296541351834179e+01
4.891192800182298583e+01
4.970523123442311686e+01
4.747354522290487466e+01
4.834524644552079309e+01
4.707851140791584044e+01
4.868149777874982220e+01
4.891010486255204626e+01
4.795312242868762098e+01
4.993008925720442903e+01
4.839958114328076988e+01
5.280686335005580645e+01
4.730081159756111475e+01
4.804121964606689232e+01
4.878838662430652562e+01
4.882480487249881662e+01
4.885660947035354695e+01
4.977411064120598638e+01
