1.632193321579227430e+01
1.575824163750453266e+01
1.576291025056926642e+01
1.576322818514242030e+01
1.567307744478096154e+01
1.565679202877729459e+01
1.502545239120300913e+01
1.639899879044684994e+01
1.591981291958905409e+01
1.554986580961866949e+01
1.630129068201785358e+01
1.552213931819979820e+01
1.575826511704967992e+01
1.715019635975356849e+01
1.588858627953934466e+01
1.575850783196023031e+01
1.592121182917492916e+01
1.582524687759801019e+01
1.653691477664080978e+01
1.711887337486996685e+01
1.546119711517603612e+01
1.506007039896073074e+01
1.558285461766312885e+01
1.530219193456407289e+01
1.574076931241683930e+01
1.660649107257714263e+01
1.626227784369761764e+01
1.583681395530674152e+01
1.640296328892974387e+01
1.578673627678334235e+01
1.573841733484698757e+01
1.570227817407469040e+01
1.560456937801840738e+01
1.638618430088828859e+01
1.539271363935865189e+01
1.581989298428417712e+01
1.557640406119179488e+01
1.566882702068671485e+01
1.666821342290321084e+01
1.619746945766990009e+01
1.623144068207643187e+01
1.607313497140712144e+01
1.577808140912823909e+01
1.551099007330010515e+01
1.674249996278517116e+01
1.548627141615637726e+01
1.589738093919458528e+01
1.570748711514418616e+01
1.548698158194059005e+01
1.591467354728351680e+01
1.594577133323123519e+01
1.624731717115864527e+01
1.627281642547475826e+01
1.632656455694442243e+01
1.597979773766899569e+01
1.614769943300795063e+01
1.613002441472496784e+01
1.557939048388597136e+01
1.636230576899795253e+01
1.584444667821408181e+01
1.584002109482818454e+01
1.601365500933388830e+01
1.543221234365969430e+01
1.610020550535590544e+01
1.649024997575301654e+01
1.623483434725591579e+01
1.565117919994512441e+01
1.608375824142744293e+01
1.588928501038515861e+01
1.652077687919648241e+01
1.623879883327257900e+01
1.547279019104001030e+01
1.564931249986470974e+01
1.586877095494754109e+01
1.591111322587309296e+01
1.604855338215173433e+01
1.597769530923078563e+01
1.549199652070592315e+01
1.601549029786901812e+01
1.607245112070683746e+01
1.601149621437792447e+01
1.548722642364368518e+01
1.593127794558540167e+01
1.593954448418439895e+01
1.659559183209992028e+01
1.588276564150289971e+01
1.597358691953018628e+01
1.643382317703644446e+01
1.597605762462865009e+01
1.555452430296210586e+01
1.559367561466391017e+01
1.596633415739298201e+01
1.591357628604304075e+01
1.573656501391747753e+01
1.653592981014305963e+01
1.581560595606865505e+01
1.562093037209342050e+01
1.624603258519472249e+01
1.588507650660324977e+01
1.639437457358638284e+01
1.596530858550097243e+01
1.589997420158935348e+01
1.594960783999197496e+01
1.595630583010672687e+01
1.559176847117517895e+01
1.600019018305794560e+01
1.590577303186412017e+01
1.647807375526335250e+01
1.607289151301986507e+01
1.593266179762175305e+01
1.573392975426760465e+01
1.632251668259279143e+01
1.667357853363636977e+01
1.571149891453540093e+01
1.601838775914847091e+01
1.604644341802481478e+01
1.612999642854036608e+01
1.603120855300434755e+01
1.562662230698738064e+01
1.578436053069628286e+01
1.557683837552871964e+01
1.617778606326384505e+01
1.604819112888164057e+01
1.598695560245978342e+01
1.612038555924009842e+01
1.549080004461441362e+01
1.600599467432106948e+01
1.646495394824995984e+01
1.606236054631928312e+01
1.570973963635353421e+01
1.551400678808994016e+01
1.603059048505923201e+01
1.599907831253577761e+01
1.562242508098505844e+01
1.632982448123381758e+01
1.622487012264975093e+01
1.583614352814742077e+01
1.580890311531776149e+01
1.648840701072554182e+01
1.617605719122020247e+01
1.613594882410833264e+01
1.609584187583567427e+01
1.614704866552622065e+01
1.582549971059740379e+01
1.584523641745573208e+01
1.568030448637473562e+01
1.621897625800336940e+01
1.634746868423670207e+01
1.591927264043405366e+01
1.561202001908774939e+01
1.569042825367400695e+01
1.548489653361968621e+01
1.564588543453262481e+01
1.609599229429119660e+01
1.589644126090523990e+01
1.642101200855992005e+01
1.610768507057212418e+01
1.640327319921291860e+01
1.591369915467922347e+01
1.537387818431630215e+01
1.602900298139159574e+01
1.577015009312283667e+01
1.594276172718413598e+01
1.637633987191583529e+01
1.598166895506592589e+01
1.629749948719544506e+01
1.590289174629750768e+01
1.613177122889559811e+01
1.640681407031795302e+01
1.570482089486135457e+01
1.634442850319411278e+01
1.609654497379213467e+01
1.596824463828094132e+01
1.613813574945775642e+01
1.626700960600784640e+01
1.576352516800708337e+01
1.583508625077557319e+01
1.607985816376965005e+01
1.622412638977091248e+01
1.594074971795776996e+01
1.614881725954237268e+01
1.571996667805282577e+01
1.558208039859614402e+01
1.605077392388230706e+01
1.550534131350931943e+01
1.572597781208853363e+01
1.555384060254792722e+01
1.609000348345287534e+01
1.599757906247487149e+01
1.609886221537675155e+01
1.583230774519263662e+01
1.573929700575503432e+01
1.622848110564977020e+01
1.608654166982783806e+01
1.570837798703080068e+01
1.602779110181772637e+01
1.540501676352337590e+01
1.598534246965628647e+01
1.605042497083931252e+01
1.596794759137084974e+01
1.592076437329550309e+01
1.611723780417026575e+01
1.602081137077741957e+01
1.599047016871026550e+01
1.586059632849527823e+01
1.606799855532178256e+01
1.597915429954405298e+01
1.552271652616896525e+01
1.627084707581072820e+01
1.653332625437804992e+01
1.609076756598603453e+01
1.582359228511534610e+01
1.579023184515365408e+01
1.603831633798125722e+01
1.606868125166075956e+01
1.581626540240134382e+01
1.579052054780705028e+01
1.588181300190835010e+01
1.623691972592778399e+01
1.576252889652313094e+01
1.603435010211624956e+01
1.601011758141682151e+01
1.613224672307091723e+01
1.558941338134951060e+01
1.657713841126233589e+01
1.648541284686004360e+01
1.566568855096879176e+01
1.594234080431894895e+01
1.584656916666677340e+01
1.558244018015668608e+01
1.616885459021913718e+01
1.594097431854526548e+01
1.626869815075920656e+01
1.635726989797592523e+01
1.634607756408201240e+01
1.548052675436214365e+01
1.609017040266157039e+01
1.585424712881517628e+01
1.622274941203206566e+01
1.568778407765027083e+01
1.611042713609178989e+01
1.616658613797528687e+01
1.602194321849946235e+01
1.633078939667471019e+01
1.563972002746471546e+01
1.589177200102760779e+01
1.639735611460145748e+01
1.602932051712456740e+01
1.615929258721098449e+01
1.653395872343610407e+01
1.576897629235502762e+01
1.588182287211815513e+01
1.622526386209157323e+01
1.614364418845453741e+01
1.639073513504915525e+01
1.553566583000551837e+01
1.620632889477870719e+01
1.611267633230918861e+01
1.593362372754367762e+01
1.617393890947501589e+01
1.594832104753914592e+01
1.615683360712339578e+01
1.588031929196320924e+01
1.636070863101131678e+01
1.622456706814545058e+01
1.579120738154990811e+01
1.631813110316901927e+01
1.582838835862699867e+01
1.583117102665531917e+01
1.547127961426991405e+01
1.631172798252022105e+01
1.576277908327942257e+01
1.597035755713624283e+01
1.619449663394860295e+01
1.610166761140335012e+01
1.641653259517118713e+01
1.634647235403437904e+01
1.577336298770710954e+01
1.635210623513411221e+01
1.605917234041103470e+01
1.599836826381506150e+01
1.599840534924352475e+01
1.589988844343137231e+01
1.589622423268068907e+01
1.619855082781236533e+01
1.627810630129868130e+01
1.609762061162135183e+01
1.574218378284014008e+01
1.565194482296147882e+01
1.663008006512461279e+01
1.583286498988273117e+01
1.653472774672439627e+01
1.550580337607016901e+01
1.586783932874469727e+01
1.564667668732183081e+01
1.581332273334242622e+01
1.621587376336422537e+01
1.607319192145618203e+01
1.614712704303678947e+01
1.600721291814743097e+01
1.521086337157793977e+01
1.577071839929574182e+01
1.577276997192014285e+01
1.604597294654260864e+01
1.567421931591749917e+01
1.619282649935520979e+01
1.604441565782387968e+01
1.630202738459074041e+01
1.646524004135862285e+01
1.636657374112122554e+01
1.637958305564744421e+01
1.606442482158805873e+01
1.560104330227488845e+01
1.619383618684784309e+01
1.597795472910502568e+01
1.704721562392520795e+01
1.587968107441613697e+01
1.576090116164560051e+01
1.628738667172993004e+01
1.638228386345409149e+01
1.594071749284626804e+01
1.599690966850582186e+01
1.624357108849217113e+01
1.600897805470829738e+01
1.582362097590419836e+01
1.581127047555905740e+01
1.548017934366705184e+01
1.582392804411053966e+01
1.548708032828792369e+01
1.579761038440241983e+01
1.624528718629369095e+01
1.636401592460003229e+01
1.569883362247654190e+01
1.612688511418701864e+01
1.614268403881030522e+01
1.578658779925520861e+01
1.575668239899558287e+01
1.630291057448439318e+01
1.598834932700450651e+01
1.564206749602291957e+01
1.644653931304745598e+01
1.641750600378420799e+01
1.559941979207206231e+01
1.572572662331537785e+01
1.641449496898813010e+01
1.632343800133044098e+01
1.607433451387722911e+01
1.579252312711227191e+01
1.602103165223958570e+01
1.641597340241127512e+01
1.626564387199086426e+01
1.584695737268041604e+01
1.616292986600373638e+01
1.598021805852155808e+01
1.546358596579122491e+01
1.611455611866768578e+01
1.571848932262100895e+01
1.580186510304659464e+01
1.609902006317829404e+01
1.595170336130550837e+01
1.618144965103084587e+01
1.599494408729187001e+01
1.588592214771676936e+01
1.651610125010575558e+01
1.621835438003400043e+01
1.589242222212320144e+01
1.580924140067836703e+01
1.564368373781459276e+01
1.600731785947602503e+01
1.624955020844174314e+01
1.620565135878626606e+01
1.527137879363270123e+01
1.538304814867078107e+01
1.539514612739900912e+01
1.591748762673313422e+01
1.554552038470341202e+01
1.624593598507689052e+01
1.601524668985637945e+01
1.576921775604287213e+01
1.535147392707725444e+01
1.584044899394846517e+01
1.529000867990154866e+01
1.591308396962759097e+01
1.584813644232619190e+01
1.591618382248786467e+01
1.623401064848694730e+01
1.622877037461467253e+01
1.629117979943170980e+01
1.608209904537049084e+01
1.605144714328167055e+01
1.609365319633107205e+01
1.616537621195188734e+01
1.598088736041509605e+01
1.644775175054241600e+01
1.624849666302254292e+01
1.566022082276647076e+01
1.623796126900930759e+01
1.590259953045121755e+01
1.562845384457349596e+01
1.614660895144055175e+01
1.633155602455351030e+01
1.638111526962476816e+01
1.579510970220759880e+01
1.590359667595454773e+01
1.590364297648832625e+01
1.583286367954259077e+01
1.570221540454218534e+01
1.597057195078218328e+01
1.605639905674814116e+01
1.604829397565086069e+01
1.581412304755337139e+01
1.594209432411322247e+01
1.595944653473944008e+01
1.564198143435186950e+01
1.589093802755703599e+01
1.611871427273477408e+01
1.624249120400748936e+01
1.619257300916661535e+01
1.575314550945955006e+01
1.561070819848805513e+01
1.589363126477323185e+01
1.626677147349434449e+01
1.585373279251695244e+01
1.557862037417219270e+01
1.618271266604543968e+01
1.628875377959005633e+01
1.604318399416711571e+01
1.633938242834480548e+01
1.656653431796859266e+01
1.555207544890765980e+01
1.606372950531491028e+01
1.571248229912285055e+01
1.606136088962038855e+01
1.629478141464451824e+01
1.588028131928988351e+01
1.620600787318884173e+01
1.559607652214491402e+01
1.581171254820467276e+01
1.640380862199051748e+01
1.587405673034125364e+01
1.552735219126861033e+01
1.583015473037298548e+01
1.557708707131859605e+01
1.621126114845978350e+01
1.616573546979889286e+01
1.644623160860733790e+01
1.554384986210763131e+01
1.600706324092835331e+01
1.560287649760442541e+01
1.583808142162151888e+01
1.572232320880300271e+01
1.603121647265429672e+01
1.643264683368536794e+01
1.566665306727802331e+01
1.600384164139489229e+01
1.610438093430224527e+01
1.630499936090486557e+01
1.622187802448634741e+01
1.614160559669893757e+01
1.590218658224232406e+01
1.603796854857632681e+01
1.592068149344625105e+01
1.605708137381606448e+01
1.577334065071676150e+01
1.583111640620455951e+01
1.608318601546495330e+01
1.601288413817430367e+01
1.609532038194425141e+01
1.598216643444065888e+01
1.597563114669258866e+01
1.626490824619773790e+01
1.586217813783488140e+01
1.617905490296111992e+01
1.615287487417960932e+01
1.545928637245861381e+01
1.569890905341603471e+01
1.605437555042295017e+01
1.618297328594518092e+01
1.603457063249135928e+01
1.603489624671966141e+01
1.598032803318495176e+01
1.606241151649245325e+01
1.653490075618208621e+01
1.602433610247793183e+01
1.569668321783451859e+01
1.619904114279463769e+01
1.673440221962569296e+01
1.591407896001933686e+01
1.609561494616767874e+01
1.599223504557457431e+01
1.594460826996029290e+01
1.541108710628856393e+01
1.595966089788939613e+01
1.652595368427166989e+01
1.599635652471983782e+01
1.554972563648334827e+01
1.565847185500361505e+01
1.623532916708383311e+01
1.570073642514698697e+01
1.576784179142317477e+01
1.643842110221587660e+01
1.631341150614111868e+01
1.588344499702414403e+01
1.556453498687250026e+01
1.607681281842488730e+01
1.630910606943603014e+01
1.564293267958827371e+01
1.611796007701823186e+01
1.563157108660260519e+01
1.597637248913873798e+01
1.559034228752801177e+01
1.614512510924793176e+01
1.581629403159682745e+01
1.594771451369240722e+01
1.609848457329123761e+01
1.560786735322623286e+01
1.579285179048138943e+01
1.581375517635951233e+01
1.607580371788218443e+01
1.571725473822042929e+01
1.657436516128875326e+01
1.658637427618258897e+01
1.590630535842194249e+01
1.567445485477830225e+01
1.551231673015089108e+01
1.623151178333160871e+01
1.546023010110255491e+01
1.600753078934829787e+01
1.595640374087317959e+01
1.571709891450536034e+01
1.621067143688646439e+01
1.620880899061728186e+01
1.610696627488582422e+01
1.624661817255139340e+01
1.564754792950581397e+01
1.587034343514284096e+01
1.571033204108405101e+01
1.678395134022832735e+01
1.670084177344448051e+01
1.614072233062022477e+01
1.579315949982968625e+01
1.582091132997640415e+01
1.635072035300911963e+01
1.604123554731143031e+01
1.557836892363807557e+01
1.592071072079843219e+01
1.619714716815600042e+01
1.655504110682483088e+01
1.601060715965012093e+01
1.618428904157116577e+01
1.571029218747318446e+01
1.643497053250186823e+01
1.608959841044264749e+01
1.686400848946131248e+01
1.613307418004697524e+01
1.587024258994871673e+01
1.610842116503248178e+01
1.591401638530826901e+01
1.610306831160169239e+01
1.604171995539633855e+01
1.572132594061962507e+01
1.623930923207829125e+01
1.598680507205494727e+01
1.569544021349887153e+01
1.616316331877170143e+01
1.597082684451676471e+01
1.602833159768260529e+01
1.618051290779814266e+01
1.592446080774998762e+01
1.598579448090893962e+01
1.570261974367167390e+01
1.641904301383452491e+01
1.584599118092064884e+01
1.617443890114508065e+01
1.619263874228319011e+01
1.630036558029287264e+01
1.616605334006256811e+01
1.604355608640836550e+01
1.621159128192499210e+01
1.593542935026992069e+01
1.680512250107050676e+01
1.569015648637507532e+01
1.624469626739611172e+01
1.588863528383238766e+01
1.610621623505844369e+01
1.616011442169063628e+01
1.611657683515044681e+01
1.608535289461303819e+01
1.603176987023772071e+01
1.587853565491151642e+01
1.565218957432349356e+01
1.607925552714026196e+01
1.595253004994574120e+01
1.575488593272929805e+01
1.678822673869751725e+01
1.607488694131839324e+01
1.602080528130092318e+01
1.547983236024075815e+01
1.600651624229098857e+01
1.647099217348506528e+01
1.603432302975689083e+01
1.636928278114247703e+01
1.725230205328234234e+01
1.578470692286469657e+01
1.631601493495173472e+01
1.581624021822174875e+01
1.569332540502750106e+01
1.573233172449571704e+01
1.606973758360671667e+01
1.603697900487899375e+01
1.577373205447648097e+01
1.582662180039137922e+01
1.581535753983730608e+01
1.620585756583805193e+01
1.646497374964627625e+01
1.577469318612937599e+01
1.592234599406168627e+01
1.611205121584065836e+01
1.631766915737735602e+01
1.619640730751920898e+01
1.583359411181687548e+01
1.601592552967261085e+01
1.641491442865703121e+01
1.564027247286696998e+01
1.549492185893824114e+01
1.634602606867511199e+01
1.623537294005475218e+01
1.545335325652532532e+01
1.590983057491480857e+01
1.560214366317101842e+01
1.577566393126751798e+01
1.560660127968709077e+01
1.581793419550454338e+01
1.582169680634449627e+01
1.635366204190950512e+01
1.569079525895185334e+01
1.585959051125530017e+01
1.526579495841894385e+01
1.546332245746423872e+01
1.562507353430695822e+01
1.658110343501597583e+01
1.633947570494518331e+01
1.594048359570554929e+01
1.641767767922518573e+01
1.655820047950612306e+01
1.564155404008693750e+01
1.574272945721934569e+01
1.562846238859293635e+01
1.614327538891558333e+01
1.635472038009014639e+01
1.575010483578060416e+01
1.580239941802570058e+01
1.543285497258398919e+01
1.565183768360504146e+01
1.594201577489475596e+01
1.626825606520181466e+01
1.586837388682179650e+01
1.634367339573827138e+01
1.628443610973308253e+01
1.584045557859657727e+01
1.618966465197552296e+01
1.630729364985992902e+01
1.642689365454280193e+01
1.589474875023621969e+01
1.634541060228669096e+01
1.588602967931734611e+01
1.591714672166077804e+01
1.588583318068841699e+01
1.545006234468792883e+01
1.603766103678498567e+01
1.595742958217384100e+01
1.551649941328283511e+01
1.594073952464229826e+01
1.551889898123184786e+01
1.608900649483796030e+01
1.599286965509224245e+01
1.557850598130800712e+01
1.586035007496556126e+01
1.612952406178544962e+01
1.592789512268244145e+01
1.560279181159713779e+01
1.625822553215866506e+01
1.609464248657294405e+01
1.612580599167916162e+01
1.655492925890079903e+01
1.615142169270600547e+01
1.597728737455835279e+01
1.609331785811182058e+01
1.561774632972004895e+01
1.593860326949268647e+01
1.596394736472997700e+01
1.605432516239295282e+01
1.557394821848968469e+01
1.584724588096858255e+01
1.578725681959411276e+01
1.549866880754205845e+01
1.601197507671730591e+01
1.583317722493116619e+01
1.620117590175208377e+01
1.635419198472790470e+01
1.548166011463107061e+01
1.561731729182344885e+01
1.583905061759773858e+01
1.626924962060157753e+01
1.620062671582309477e+01
1.616649204061594958e+01
1.573048942329928224e+01
1.527047044581139623e+01
1.605065947326989573e+01
1.607049278187199093e+01
1.574882757910751963e+01
1.593991807698085061e+01
1.656359434841506939e+01
1.597486703814090703e+01
1.607152889924501693e+01
1.599754368720939723e+01
1.577079091274800504e+01
1.618073979152606157e+01
1.547056161755975445e+01
1.618197225502462544e+01
1.581173464343550172e+01
1.610003170263260230e+01
1.595087815862162550e+01
1.643012079557577465e+01
1.670542096446815705e+01
1.591448873608103831e+01
1.613983897845152526e+01
1.607960234914770581e+01
1.599854882966929992e+01
1.621135242578936442e+01
1.550091139595077294e+01
1.548291532834030626e+01
1.607241781752757959e+01
1.605890493832683319e+01
1.602945075391284391e+01
1.652666999743713205e+01
1.592885945445355844e+01
1.641082752013534929e+01
1.620998157691376562e+01
1.540922694050144415e+01
1.619971802609584088e+01
1.588039154797984587e+01
1.619122853801784601e+01
1.612129855436218051e+01
1.552480664228947838e+01
1.607831376703585846e+01
1.596349174664180026e+01
1.583778734083224471e+01
1.609301853458814691e+01
1.638662743949704392e+01
1.571019965403709051e+01
1.582408374437350318e+01
1.551550625119346805e+01
1.665194451863759895e+01
1.641242459615968130e+01
1.605108606806483351e+01
1.635118085371592045e+01
1.580407136486274133e+01
1.608552661112946325e+01
1.616805202570151678e+01
1.574142576498219448e+01
1.625900958109436445e+01
1.603120034591941589e+01
1.612527350658636038e+01
1.627374151867413232e+01
1.572837157325960256e+01
1.658260399319783218e+01
1.588320381873728238e+01
1.526607809515636305e+01
1.627227123559459798e+01
1.608670426902344275e+01
1.588327065294844154e+01
1.536598521607870715e+01
1.593238826233066519e+01
1.576227476682725737e+01
1.579874066495421481e+01
1.607476523837652849e+01
1.582669361524512830e+01
1.636442112117032011e+01
1.636350557390122873e+01
1.618125854013069898e+01
1.642731938438176442e+01
1.649765615903070781e+01
1.591161173327899014e+01
1.640975620109863797e+01
1.575670572788639312e+01
1.647586511764192352e+01
1.634305942969291436e+01
1.587727761155427508e+01
1.608791160486207517e+01
1.612139287940357235e+01
1.611719948298095773e+01
1.575982146820271623e+01
1.576091981024875821e+01
1.591549613229051729e+01
1.620000304343080799e+01
1.574844228146450575e+01
1.565746311963596860e+01
1.583597647003145070e+01
1.640389076457690365e+01
1.578759655053597655e+01
1.544985041294868822e+01
1.606999230903582543e+01
1.619333642895336212e+01
1.546888888402924955e+01
1.600554272667556077e+01
1.598364195808886556e+01
1.592306802600345605e+01
1.602633744327220811e+01
1.674086402539332141e+01
1.625975542978565969e+01
1.640483926651162960e+01
1.610424515270355528e+01
1.550027010190104271e+01
1.603360992402594221e+01
1.597079317719859404e+01
1.610425961601362133e+01
1.610041648915641943e+01
1.592864007851754060e+01
1.610603682060725106e+01
1.562586524288379231e+01
1.598723755895384180e+01
1.611709281075590638e+01
1.602394466955103169e+01
1.582049727377323656e+01
1.660125015376404534e+01
1.620315080950584274e+01
1.634825544344417381e+01
1.592803916195153136e+01
1.554590431056457334e+01
1.613542098281239845e+01
1.604293362327326378e+01
1.560334971622180866e+01
1.648331207279612798e+01
1.641164132560392730e+01
1.593575734242356745e+01
1.593194214165631273e+01
1.579345577355963748e+01
1.626261324157274046e+01
1.621379809301561181e+01
1.602697545332477347e+01
1.557204001812540461e+01
1.657333451632666765e+01
1.576391883760522283e+01
1.574490353967916967e+01
1.676641865189873570e+01
1.640450669271203665e+01
1.552113617805795442e+01
1.589996466602060288e+01
1.592866830464486050e+01
1.599260663315655684e+01
1.583401281088926815e+01
1.593781123248142784e+01
1.588549066651284036e+01
1.582303072363803054e+01
1.629613717586112287e+01
1.685238021170618339e+01
1.575030668706950365e+01
1.627905720362078412e+01
1.602555403824168678e+01
1.617435952260194654e+01
1.607609199976656456e+01
1.574909308250025575e+01
1.572502945625454629e+01
1.564907719589074553e+01
1.580007553231469863e+01
1.598701799147793956e+01
1.568458109462223682e+01
1.602993794965765773e+01
1.564542155997561146e+01
1.588345206016505706e+01
1.621904270321159558e+01
1.589786373471321923e+01
1.541620618524027186e+01
1.614356184325308163e+01
1.568752673850183754e+01
1.593850507507165482e+01
1.622216423968200516e+01
1.611206605031363281e+01
1.663851082912499280e+01
1.631963193833735204e+01
1.564707240158102231e+01
1.612006196844437866e+01
1.614715978420447229e+01
1.565781776447610163e+01
1.574800262333268641e+01
1.633882086903396669e+01
1.614017837781723586e+01
1.585934446186707092e+01
1.610127344130294347e+01
1.547537051299690702e+01
1.598883118251279889e+01
1.596542626916791541e+01
1.599072944357075521e+01
1.668160948914272268e+01
1.554052614971966051e+01
1.664074497538495478e+01
1.607375316996958858e+01
1.550203710354168329e+01
1.547294292568046536e+01
1.536984311190308183e+01
1.649963345272603021e+01
1.583770467586511543e+01
1.635503734265069653e+01
1.598179354725302126e+01
1.539055656556035778e+01
1.561590182894928169e+01
1.550591832355862998e+01
1.565256811180248242e+01
1.549814693412343480e+01
1.619836640920206250e+01
1.649094404500512212e+01
1.625495659629178746e+01
1.573229956340468938e+01
1.586907429374207013e+01
1.672661553850656091e+01
1.524748624892836446e+01
1.589836772457173453e+01
1.669801624444928123e+01
1.616622684831790124e+01
1.673097655097694059e+01
1.577989209633622814e+01
1.599749891939974233e+01
1.573565370659040852e+01
1.635420990334330327e+01
1.595494235077812917e+01
1.617992190633080440e+01
1.684092490092701055e+01
1.594194897293756874e+01
1.592684133811286706e+01
1.589827955945176186e+01
1.625108591642228006e+01
1.567009864020801224e+01
1.649216021442811453e+01
1.561338068811642898e+01
1.623413778113912898e+01
1.616693561887579733e+01
1.609653464282344260e+01
1.557566428531515434e+01
1.583415032038623416e+01
1.581230841110802565e+01
1.619983711193625453e+01
1.508617348415881665e+01
1.632907111521396715e+01
1.691124149368802065e+01
1.551040610354572280e+01
1.615195758527134373e+01
1.580865284125254533e+01
1.630280062377584471e+01
1.599351163313923152e+01
1.631956989713486905e+01
1.629255822349776039e+01
1.565461567425820810e+01
1.510876928639389050e+01
1.596048343687067650e+01
1.608722158133548419e+01
1.570024543019334828e+01
1.618142228355383594e+01
1.544492264230811074e+01
1.572240346260991473e+01
1.607578682884019017e+01
1.607010807193151081e+01
1.613396243946811381e+01
1.591732284000954323e+01
1.601723617485389539e+01
1.532631600618239176e+01
1.577410122601741094e+01
1.676683915902062338e+01
1.684903150715276610e+01
1.608682295711630061e+01
1.576993454896925329e+01
1.583295633878960729e+01
1.627551499947711378e+01
1.610588188917892793e+01
1.602976805306954944e+01
1.579908161257504240e+01
1.591456610380224035e+01
1.581729647149904139e+01
1.579065251471014086e+01
1.621848543784924956e+01
1.568344940413349597e+01
1.613912628388254333e+01
1.585423514382947197e+01
1.647159773943523220e+01
1.600800138995947819e+01
1.581950827152902228e+01
1.535851394944193871e+01
1.662375526383170055e+01
1.587056709955047040e+01
1.503254796824450246e+01
1.541453510086604162e+01
1.580450384973387479e+01
1.646000773690290586e+01
1.570538347538693280e+01
1.606882495265924149e+01
1.608507573719313655e+01
1.589518604808965208e+01
1.561036940010572849e+01
1.657861336483941983e+01
1.630135535342490627e+01
1.583446978932551552e+01
1.603520897358105657e+01
1.561012735457034317e+01
1.591565445943924040e+01
1.570688774242207408e+01
1.559326544723812979e+01
1.557234481917204505e+01
1.669751121648119252e+01
1.657836682569663012e+01
1.609941366277467267e+01
1.548573020082063145e+01
1.561975893689207240e+01
1.657839874411662606e+01
1.534504816722407483e+01
1.562889865624828545e+01
1.606417749521096283e+01
1.659142954937913217e+01
1.592097316853877409e+01
1.565873465006822052e+01
1.646897939469972627e+01
1.577998391089234786e+01
1.609017242034886053e+01
1.592341435618675405e+01
1.550954503489907488e+01
1.614810922997374831e+01
1.536997400429422811e+01
1.624944492960504050e+01
1.578602790391254729e+01
1.580697603083752512e+01
1.586410842536534815e+01
1.613515359937716909e+01
1.625480137420748150e+01
1.596998995105833075e+01
1.572502635480530131e+01
1.664886399602788458e+01
1.656629621983902823e+01
1.622655756171428365e+01
1.644409771772424733e+01
1.579249977925033654e+01
1.605663525187760854e+01
1.600776876135531879e+01
1.601532816704305517e+01
1.685344223797778795e+01
1.602260028107891543e+01
1.586618937690245268e+01
1.554395606256689355e+01
1.602251628479952927e+01
1.649442271441883179e+01
1.667209630394204467e+01
1.567197525611242703e+01
1.668575480264308197e+01
1.599293013179259759e+01
1.605980707471393742e+01
1.619775655563294237e+01
1.595580860288699476e+01
1.563009539337114440e+01
1.526223509156069902e+01
1.572225188388853923e+01
1.609203289130095982e+01
1.620811693838552969e+01
1.528268483585516613e+01
1.590757879093317584e+01
1.610500942424772575e+01
1.607847123380550514e+01
1.668212796304774415e+01
1.603263609888253427e+01
1.598037571374299404e+01
1.569147978778536512e+01
1.588162054838227455e+01
1.589654177203411045e+01
1.617992150232032955e+01
1.582681969195594540e+01
1.598791694380669526e+01
1.650248989816244460e+01
1.643795857693250184e+01
1.566158947125983936e+01
1.614901576333987521e+01
1.643982477722017777e+01
1.575694049522014950e+01
1.594465067598196661e+01
1.546087905210398006e+01
1.667677113124041455e+01
1.629301541379414431e+01
1.692994387419664903e+01
1.666229867389120756e+01
1.588540711558990992e+01
1.572395707770444773e+01
1.580430814333065470e+01
1.659838648203596634e+01
1.574186004543093631e+01
1.632592869815148973e+01
1.603915481285338274e+01
1.596368405275975455e+01
1.577336669261170776e+01
1.579928992291314671e+01
1.611204582182361378e+01
1.593046338588349720e+01
1.633215885798610856e+01
1.594476614030180883e+01
1.646913915701144049e+01
1.591438099432802389e+01
1.604158947919820832e+01
1.562938649083488585e+01
1.578359655233367320e+01
1.562356331385351993e+01
1.596440536399227916e+01
1.595608311592086359e+01
1.669240149668765483e+01
1.594354973317781088e+01
1.556335539948700841e+01
1.588017575792774672e+01
1.716386845690431073e+01
1.560360980610737691e+01
1.559331580067311762e+01
1.586823068635991341e+01
1.564688883027757527e+01
1.632305862150473530e+01
1.611288878981472905e+01
1.619055394503478951e+01
1.547915784336767864e+01
1.593423867921849357e+01
1.576612225268462630e+01
1.591185558677470802e+01
1.531916759079820700e+01
1.602591346704738839e+01
1.596482485425427633e+01
1.546670295154088848e+01
1.572866563189787037e+01
1.592135624548469330e+01
1.591854367035722007e+01
1.558159152400303071e+01
1.558102640472709233e+01
1.576665893316858025e+01
1.601751718096792843e+01
1.611064568216818671e+01
1.582945727298034200e+01
1.608006978284827682e+01
1.664595862303865204e+01
1.603763832829933378e+01
1.609645114691040746e+01
1.560888990171888935e+01
1.586306694559516650e+01
1.640381358488410157e+01
1.626351049790799053e+01
1.639552413576586432e+01
1.605699678520847584e+01
1.619566764667683856e+01
1.577495697840809008e+01
1.566394571926014834e+01
1.562348360522069157e+01
1.572905756727671367e+01
1.642743827417061553e+01
1.601754677915084102e+01
1.633147086884737931e+01
1.614329577643345814e+01
1.617640137777542364e+01
1.564141488395495294e+01
1.584171312366265916e+01
1.510824586593130014e+01
1.587126227676569812e+01
1.612709989252419973e+01
1.588061394016455630e+01
1.611603544294753476e+01
1.656064978655195219e+01
1.593604191344083176e+01
1.608263947855376585e+01
1.624714031378261225e+01
1.662864883006904648e+01
1.624359829898718388e+01
1.597093134183641361e+01
1.647986161039165864e+01
1.583274985691590331e+01
1.628564946510305589e+01
1.607660126978228377e+01
1.523575209097158911e+01
1.622402341809833359e+01
1.615696335892467417e+01
1.569684771145544211e+01
1.614293282088508619e+01
1.589902946803604422e+01
1.597677861249138687e+01
1.635226271429091227e+01
1.609987933401863103e+01
1.651552380073752246e+01
1.592306685059288185e+01
1.587576175321172656e+01
1.613596639132348898e+01
1.561572391523522718e+01
1.600804321314826950e+01
1.562306120683227917e+01
1.636145569848381598e+01
1.535178394758789189e+01
1.587071379124617465e+01
1.613272790574112747e+01
1.551881211350948853e+01
1.632582457247223573e+01
1.600269229931663517e+01
1.586864583589794186e+01
1.622161962244465272e+01
1.640575191914703979e+01
1.556346446522495697e+01
1.652377895400908514e+01
1.655296505484117731e+01
1.575964001645375667e+01
1.648064397452577978e+01
1.609904599531515146e+01
1.600555928117435300e+01
1.555924357408089342e+01
1.622930153870515824e+01
1.638365039065223883e+01
1.580837576420490542e+01
1.583114332643529210e+01
1.554835777238552552e+01
1.597576299259788790e+01
1.555748175113550857e+01
1.559059081000201985e+01
1.564814325106662629e+01
1.604973783578308755e+01
1.594022896241808418e+01
1.635336802249232591e+01
1.593810111935966312e+01
1.589215519898395357e+01
1.616793873694050987e+01
1.601502683730814169e+01
1.559597666595208132e+01
1.566499745164972346e+01
1.567017104347195655e+01
1.574456137449601023e+01
1.641800817223973041e+01
1.567281194997749161e+01
1.557122326528253176e+01
1.582794749187503847e+01
1.581954257081642901e+01
1.583682674394907863e+01
1.587410452980707376e+01
1.591763182011002975e+01
1.606400700227931466e+01
1.643478674242442139e+01
1.614700223861770212e+01
1.627950294635932593e+01
1.596966613129095336e+01
1.588522295816625807e+01
1.614064766750854218e+01
1.611291409184795143e+01
1.563716287313193121e+01
1.627516020302426014e+01
1.609786143754124055e+01
1.532662458677995154e+01
1.593880286771902632e+01
1.606061536675029089e+01
1.613893035124920416e+01
1.601100808827630217e+01
1.561372114018151791e+01
1.590969151631275658e+01
1.570663896120483649e+01
1.562636558755175287e+01
1.608300194135630434e+01
1.589316807066908055e+01
1.650279336916051776e+01
1.640763884684620777e+01
1.615334513176883746e+01
1.637924379693832933e+01
1.589485931251434181e+01
1.609827478857902960e+01
1.589835537454152181e+01
1.531544422762457636e+01
1.628427826192953631e+01
1.592500329723920238e+01
1.570291669190805628e+01
1.584584771961086958e+01
1.606608962854735267e+01
1.549039777794424033e+01
1.580633253004686622e+01
1.669963662918828362e+01
1.639744341871264766e+01
1.575596585341428302e+01
1.571227025635346486e+01
1.545816365604755305e+01
1.609995455409885423e+01
1.600212830847978651e+01
1.596170652870783613e+01
1.541014213752148976e+01
1.655995184794712927e+01
1.616164016122932523e+01
1.593665803483560595e+01
1.627972666814846292e+01
1.607590464678169795e+01
1.661759385477833106e+01
1.601037439619083358e+01
1.614375338100529333e+01
1.634247214255598024e+01
1.607662236313515791e+01
1.609987501919831843e+01
1.573219606893917799e+01
1.565219357790350330e+01
1.629589046435195598e+01
1.533752763334434555e+01
1.622821386724609738e+01
1.647844093177490876e+01
1.631820965102512133e+01
1.614156993683831942e+01
1.631839501831970907e+01
1.588521573920896479e+01
1.564761493959466598e+01
1.534931360863870253e+01
1.637020256226308845e+01
1.612640152800552684e+01
1.585509857126682753e+01
1.570951735723332021e+01
1.596041460430748593e+01
1.630940096872533829e+01
1.590945069683930413e+01
1.554945412963895635e+01
1.634767061115349662e+01
1.642921498559641336e+01
1.655270508215003389e+01
1.569506022590940653e+01
1.649460590993005127e+01
1.577781400444216864e+01
1.602146816707919896e+01
1.621130157759018076e+01
1.621666992299659427e+01
1.637258718787696665e+01
1.590735011669318588e+01
1.598576698420724895e+01
1.612744475286294232e+01
1.608274665656330882e+01
1.619972669874527327e+01
1.510088568042412405e+01
1.569371715045959093e+01
1.576650944245475472e+01
1.623381887901813414e+01
1.605475660880393463e+01
1.543878469026751077e+01
1.654778024041101148e+01
1.607505594654845638e+01
1.637602350877521928e+01
1.578211660497943747e+01
1.578517727961841999e+01
1.597610911269524614e+01
1.571018054743426262e+01
1.595693370464952210e+01
1.575824345289328576e+01
1.612272503325039708e+01
1.610870881844778424e+01
1.635452528591365606e+01
1.561600810722872090e+01
1.585805275781588008e+01
1.625114820736984100e+01
1.591044693958034628e+01
1.627253875538567129e+01
1.674173566058388118e+01
1.569604414410466475e+01
1.611809587880451389e+01
1.650758623608841091e+01
1.572203040410623132e+01
1.612450859340109588e+01
1.588127712248365953e+01
1.573856702450145661e+01
1.624636276559035863e+01
1.627457236107339256e+01
1.557894391303107362e+01
1.591393231619674431e+01
1.620892193312503693e+01
1.613654174340625147e+01
1.622210331832810226e+01
1.568585816619111739e+01
1.605795403550804323e+01
1.615586832062499667e+01
1.608685386033882025e+01
1.568328753402821540e+01
1.606344399074412266e+01
1.628421840946665355e+01
1.597956693380019999e+01
1.629709813778491068e+01
1.695720866363861745e+01
1.622590408704422771e+01
1.640166114364679117e+01
1.622966882407359890e+01
1.640103414770337764e+01
1.624925159909956562e+01
1.597702095648015330e+01
1.554377939003900799e+01
1.614287092486791764e+01
1.556177368623317214e+01
1.576964790497990521e+01
1.587535419559138639e+01
1.673725878294116853e+01
1.579696292193733242e+01
1.576961532978839386e+01
1.591363474142759138e+01
1.608756675668271185e+01
1.566386986576242002e+01
1.572940064085069523e+01
1.617185265274069650e+01
1.605293519045294559e+01
1.600092703834662444e+01
1.602624819391735045e+01
1.608634365368819630e+01
1.622652833647821780e+01
1.630937766692815671e+01
1.639007091212624445e+01
1.578471630817577953e+01
1.571901944429278153e+01
1.591092215743724836e+01
1.611052350476448325e+01
1.581340980399737539e+01
1.596600175896214502e+01
1.564504133661389673e+01
1.573452129552756773e+01
1.583557959195419862e+01
1.629058957625988668e+01
1.533661279763253660e+01
1.580036571774657439e+01
1.612294824322131603e+01
1.582769954273612534e+01
1.645249541660399828e+01
1.552714762205078358e+01
1.637461105989689969e+01
1.592908508543491664e+01
1.655928285679565803e+01
1.588359356401606348e+01
1.588759493189973071e+01
1.597946105903726455e+01
1.578245259295917613e+01
1.603645688300620620e+01
1.628438076987454863e+01
1.627964178047241006e+01
1.584540677791771834e+01
1.603914529193413685e+01
1.656901810724188806e+01
1.576599459796302405e+01
1.617740778356552767e+01
1.602658508007100124e+01
1.604821533833711555e+01
1.541118795521620122e+01
1.630039007817009988e+01
1.613496383941690482e+01
1.607946758803593923e+01
1.623490340105269425e+01
1.585444432041042617e+01
1.598945270973243993e+01
1.623249209162012008e+01
1.576600524210629217e+01
1.648554050274740490e+01
1.582849606551960875e+01
1.588701196797730653e+01
1.593659883205103966e+01
1.606805254534107874e+01
1.628327985714667747e+01
1.627831863445393878e+01
1.634603054488292884e+01
1.542552386640133122e+01
1.603391402688921019e+01
1.576377623401645600e+01
1.579739950371345714e+01
1.634915037108374847e+01
1.525656209411506836e+01
1.589977017450470953e+01
1.608698324347749775e+01
1.584537559940193319e+01
1.574291442122664897e+01
1.604546448263917213e+01
1.559452377156894087e+01
1.609877527361883054e+01
1.536059515779131956e+01
1.582170954359717285e+01
1.603116196170348218e+01
1.534060026184305947e+01
1.578019099459282693e+01
1.622977673553431543e+01
1.611170196879784200e+01
1.590658720139922622e+01
1.644204315830134533e+01
1.568612020911023031e+01
1.634053265705463076e+01
1.616748491024812040e+01
1.602405680698261392e+01
1.598407230702382265e+01
1.610196228218809011e+01
1.616266803155730258e+01
1.640598113712939821e+01
1.645371267378465063e+01
1.603808547167734844e+01
1.550147215754049768e+01
1.617605813557514693e+01
1.591763328251668064e+01
1.585063999092958120e+01
1.608581881095565791e+01
1.613748161289146310e+01
1.595653396578611449e+01
1.638458651002748567e+01
1.576834697244740724e+01
1.564596951755062015e+01
1.610328604780139727e+01
1.617807160007096456e+01
1.593649558520901266e+01
1.629757482467734775e+01
1.594493347710478659e+01
1.574469107755607844e+01
1.612903024195188806e+01
1.584727301776204733e+01
1.640961941079424946e+01
1.648101995727157387e+01
1.545678527149557091e+01
1.531123499809920041e+01
1.591030348614329526e+01
1.587206954510888579e+01
1.582493880062598635e+01
1.633638732235652924e+01
1.603135845949305960e+01
1.549008728598430551e+01
1.642723689985639268e+01
1.558146400948023924e+01
1.673024819255893547e+01
1.522119491421633874e+01
1.573585225590892378e+01
1.646854496124290890e+01
1.609527608970062929e+01
1.617740121672141029e+01
1.561392499414103874e+01
1.638966463864597500e+01
1.643986803771769800e+01
1.602986686657500925e+01
1.582862851897207790e+01
1.614321640296937588e+01
1.638010523413186803e+01
1.595021190315188164e+01
1.565145583755761649e+01
1.604528111558405712e+01
1.569375644486536636e+01
1.551048567146450807e+01
1.535360183014170943e+01
1.563605027695128413e+01
1.575337263733914739e+01
1.626092306983299807e+01
1.582108173469366186e+01
1.603256137178992091e+01
1.633193767209723646e+01
1.615692858890584560e+01
1.639428853425544474e+01
1.629316016979422344e+01
1.584995068715690003e+01
1.631075187614541733e+01
1.628588129778911053e+01
1.592537218137536748e+01
1.551760813875024780e+01
1.620634767303588575e+01
1.560458451638496236e+01
1.585517499120813589e+01
1.607644122726471281e+01
1.632396816869458434e+01
1.598405455134053277e+01
1.585190323684985358e+01
1.569680063993262387e+01
1.610880146595591356e+01
1.620375481950551944e+01
1.621174245915455359e+01
1.630573502776172745e+01
1.615976078559160811e+01
1.642971241654647230e+01
1.580064781447410738e+01
1.612379174546982696e+01
1.540712968873018340e+01
1.582926723288510651e+01
1.654620329800365397e+01
1.612843478730563263e+01
1.682581242358098805e+01
1.537605560370677971e+01
1.604331096494546216e+01
1.619456374450446390e+01
1.610941903699254851e+01
1.626770176735951168e+01
1.632702995401779233e+01
1.529069406774608630e+01
1.574375764126436117e+01
1.580782523232131709e+01
1.618936735139471494e+01
1.596385978722598153e+01
1.558325465675406996e+01
1.615637942344413602e+01
1.549080836901080183e+01
1.605033725208843975e+01
1.584709709575301773e+01
1.586719104202900787e+01
1.613679296727929113e+01
1.623634131572178418e+01
1.576138403495490081e+01
1.601608650721225047e+01
1.582516476431541541e+01
1.619088989830345682e+01
1.563874866542790087e+01
1.589264685008260081e+01
1.620564835959635630e+01
1.548047597867470415e+01
1.614804244482676054e+01
1.627417252254317148e+01
1.613865350527373366e+01
1.638738552481300204e+01
1.548784121849170070e+01
1.618820620887570527e+01
1.588491167891467803e+01
1.582368527754397469e+01
1.643381598684236877e+01
1.553986699640551095e+01
1.630441380784272454e+01
1.522772406127993072e+01
1.615233225983001120e+01
1.584509479236920271e+01
1.610248345278314375e+01
1.605464489774491454e+01
1.586614650149690675e+01
1.613236929186125224e+01
1.580000988357162406e+01
1.587243096736157177e+01
1.639684454893920318e+01
1.591246611333937544e+01
1.586156994632284345e+01
1.618315879729469842e+01
1.602613747207387362e+01
1.640259709284233480e+01
1.585951270177760897e+01
1.575554783142242421e+01
1.642496840708633954e+01
1.555586506574672789e+01
1.611043204041150645e+01
1.609163826774941342e+01
1.581879685589176354e+01
1.642976532201170770e+01
1.626558539226202171e+01
1.629874028546295150e+01
1.594231507499986300e+01
1.609788571265312029e+01
1.631482452412651440e+01
1.655087009808645959e+01
1.559055039774900564e+01
1.600004375239493370e+01
1.631100367479266211e+01
1.541169500244794754e+01
1.563857583876844970e+01
1.587318865795293732e+01
1.596073605679772633e+01
1.592362954713907541e+01
1.539895701020883934e+01
1.592550083440206521e+01
1.553209205530848003e+01
1.581785986903811470e+01
1.580673029133908791e+01
1.623728544025223997e+01
1.605023019403085272e+01
1.604400542739377400e+01
1.623655263494582712e+01
1.584515191633782827e+01
1.627315942167564700e+01
1.615908621600111772e+01
1.611601552247853064e+01
1.533990874370112145e+01
1.569268417784323333e+01
1.540534215012602637e+01
1.620227008153263881e+01
1.560923376108839555e+01
1.549338089277794950e+01
1.595532786544115922e+01
1.556767834538207929e+01
1.594550440346186093e+01
1.645775957944639245e+01
1.617655517810693055e+01
1.578113999242263432e+01
1.647506667060662977e+01
1.615067764318066068e+01
1.593672928988370607e+01
1.585201519148921712e+01
1.574848975869142542e+01
1.591369109296405249e+01
1.588193645764574313e+01
1.569187006437344856e+01
1.615429452543578748e+01
1.637784256788085102e+01
1.621125334427778597e+01
1.600981559098377716e+01
1.575020098425715354e+01
1.604220882620224131e+01
1.599777330091192695e+01
1.634633381373817329e+01
1.584950066888400144e+01
1.598618025878558768e+01
1.609204600168216004e+01
1.630143994099887905e+01
1.620323988440030760e+01
1.560265023776303295e+01
1.603894689912317872e+01
1.579594058556240199e+01
1.620374203314059969e+01
1.625848524037417775e+01
1.628979471699482318e+01
1.600570950674221748e+01
1.618419997600395632e+01
1.577683162845754872e+01
1.592528054797467085e+01
1.581220168543782201e+01
1.624497954383576115e+01
1.617526856555783610e+01
1.587579847757588958e+01
1.640819417537748492e+01
1.632013087646365079e+01
1.618980119544869467e+01
1.625093684553272411e+01
1.645274234925112466e+01
1.548052182731451865e+01
1.598127675016067073e+01
1.626755642455314543e+01
1.615905570817362502e+01
1.596345114710611490e+01
1.546713920218020455e+01
1.615214927809309486e+01
1.619247018165937391e+01
1.592544527983982938e+01
1.583144786329716958e+01
1.615496781540984372e+01
1.524476897536724707e+01
1.534449974863072441e+01
1.630589707215709083e+01
1.561058197886143084e+01
1.571346607338895751e+01
1.644423346374109229e+01
1.602255729538166307e+01
1.621019586127398426e+01
1.538648555295010567e+01
1.621045400197926156e+01
1.561004517692368054e+01
1.571163346983255771e+01
1.592601905355866165e+01
1.663076051640978648e+01
1.577470585716774565e+01
1.643783453913228598e+01
1.630440896934912587e+01
1.639475533640091953e+01
1.584782932729786076e+01
1.626812373211845397e+01
1.597527893961994927e+01
1.620878795060830768e+01
1.609902278044419788e+01
1.635847401723201244e+01
1.635605660512926463e+01
1.605208783953743890e+01
1.580237590330783526e+01
1.603424144764026948e+01
1.555809650383084453e+01
1.579536440690792887e+01
1.670314087598353225e+01
1.597679398088174629e+01
1.595245699526366856e+01
1.643392505656171565e+01
1.607566624975774872e+01
1.577934929454683477e+01
1.718755362005973097e+01
1.565543053339919943e+01
1.619510378986305099e+01
1.637926370955543476e+01
1.593572366256105788e+01
1.704995383103954509e+01
1.593011478870008091e+01
1.648388088634329662e+01
1.560241817079124438e+01
1.578913980568756337e+01
1.602464898293134610e+01
1.660956171615910293e+01
1.565864696574145754e+01
1.609280927046849285e+01
1.576672384514798431e+01
1.630393045448916212e+01
1.597689735128139610e+01
1.592568066242148817e+01
1.618108880525076643e+01
1.600935190074728709e+01
1.592310199825489470e+01
1.629246634429686225e+01
1.606364984531371931e+01
1.587293879199100388e+01
1.602621062028331878e+01
1.632602841013639861e+01
1.617468836828884804e+01
1.586207577656077738e+01
1.575650907765795061e+01
1.561078168740954020e+01
1.594397220361625500e+01
1.572067035605104124e+01
1.630821928125377696e+01
1.560089976540963796e+01
1.597906838505270066e+01
1.597293560320602346e+01
1.625525039569977892e+01
1.635706808529068468e+01
1.532646983991272727e+01
1.616664150441726377e+01
1.570551085684269310e+01
1.653283501157644508e+01
1.660020791119421091e+01
1.636233745690892505e+01
1.639903129114865976e+01
1.610395250184594218e+01
1.615660317110170041e+01
1.627457689348451808e+01
1.665223875189799685e+01
1.595454241616395308e+01
1.587684208836467015e+01
1.694472557820173719e+01
1.590877363332788086e+01
1.585745252316805320e+01
1.614294890563020246e+01
1.585934049611180896e+01
1.633231995299988526e+01
1.620099503170394328e+01
1.605066043609253512e+01
1.608485059240939563e+01
1.541876085771367144e+01
1.595135375533498134e+01
1.606410840932527506e+01
1.543142130119576727e+01
1.706378208202584901e+01
1.683573526362437889e+01
1.646266486020647690e+01
1.639124698707558991e+01
1.621385766607243895e+01
1.622191811278089091e+01
1.664297524311321297e+01
1.585282055613328644e+01
1.572013452426962310e+01
1.579334420144105700e+01
1.597094553578432929e+01
1.562607285024114745e+01
1.619252790315903212e+01
1.578357288863930030e+01
1.558026386367432536e+01
1.589298138324252818e+01
1.623715049875852401e+01
1.572388320625829650e+01
1.593299088507898276e+01
1.596828624351195636e+01
1.618280079339139732e+01
1.682043603585201907e+01
1.596562039432386193e+01
1.582111936458800372e+01
1.624921788449491089e+01
1.592300210891227330e+01
1.586396075696594465e+01
1.622070504928949219e+01
1.663309667204532971e+01
1.548512845455433329e+01
1.591490956548674873e+01
1.584420754676767196e+01
1.686165652435945717e+01
1.589442212690706668e+01
1.598734914403921081e+01
1.587618853348495307e+01
1.611342370005453262e+01
1.590711061288578243e+01
1.605022629665630873e+01
1.583187645589685033e+01
1.552921753806296401e+01
1.570902470179280819e+01
1.502551320520349165e+01
1.548000451391854426e+01
1.577313855332733894e+01
1.659304576640466422e+01
1.594548281436285109e+01
1.663380761875861680e+01
1.580039018329692624e+01
1.594637194197602348e+01
1.558491578668709110e+01
1.602664268405247938e+01
1.607939121717256370e+01
1.579192118404822409e+01
1.680522584421084886e+01
1.621788247810460604e+01
1.552758072338981243e+01
1.600839480477383603e+01
1.584260908435588533e+01
1.586230478652867149e+01
1.614993570149205837e+01
1.564720939588885784e+01
1.598500001531138182e+01
1.547898009739343195e+01
1.652336310562873578e+01
1.593169721995599630e+01
1.608030784173356409e+01
1.594757780036888128e+01
1.619863392247250644e+01
1.558008919889035582e+01
1.573854289282900609e+01
1.485505171998485530e+01
1.553001449131351386e+01
1.627297733294052051e+01
1.574444991785925829e+01
1.581979520228832747e+01
1.649409866569518712e+01
1.632344334220487880e+01
1.636780868445848469e+01
1.613585952706321436e+01
1.608324616104637883e+01
1.674905557037233450e+01
1.642562151469489606e+01
1.498461647609740588e+01
1.547666838225282504e+01
1.647630225323275255e+01
1.579619079908984070e+01
1.560611094529655674e+01
1.521723140427707222e+01
1.640369110397260144e+01
1.630307825188545223e+01
1.621123465587642443e+01
1.570972469151600492e+01
1.513545797454722752e+01
1.582066463891287356e+01
1.552962571024396077e+01
1.621602153936986568e+01
1.611802676099936704e+01
1.535878339774219548e+01
1.624795655116988513e+01
1.622575948519238054e+01
1.577415087397913318e+01
1.544530948779107504e+01
1.628097853530161387e+01
1.601792698401506598e+01
1.645106222238622351e+01
1.587870088593665763e+01
1.560276692275688148e+01
1.664039950536321655e+01
1.592895282892351183e+01
1.634024912919346306e+01
1.604130822177097215e+01
1.518525361889123992e+01
1.591823509903688816e+01
1.637115396617919671e+01
1.625128911805101595e+01
1.570326881862153456e+01
1.555079327789943200e+01
1.608990125970052887e+01
1.616873983217743316e+01
1.630325061421094546e+01
1.555611422900709861e+01
1.595448800919955445e+01
1.624383278414350329e+01
1.049174616829025730e+01
