3.712463611761975102e+01
3.506320373246394695e+01
3.549780609625800309e+01
3.494057891685705641e+01
3.730547822623162091e+01
3.583856404364343717e+01
3.551310285630722063e+01
3.586474766107640022e+01
3.519707399428941130e+01
3.605892766075709943e+01
3.648095851689050306e+01
3.480023079156414667e+01
3.588724400193719788e+01
3.493326437293244169e+01
3.569667193863591592e+01
3.791853038870023340e+01
3.521953680631772698e+01
3.597359254438131160e+01
3.562269155412792543e+01
3.747281208862303004e+01
3.677419656054944852e+01
3.600765938218204809e+01
3.746310242195782081e+01
3.614342754461338814e+01
3.627934137951390881e+01
3.623615716256774277e+01
3.538747677685808668e+01
3.595690376152226264e+01
3.572267319847733802e+01
3.589517285556929238e+01
3.491212477257645475e+01
3.663381951099567857e+01
3.642711530825562960e+01
3.730976522212681346e+01
3.568564623124602520e+01
3.581274294527799640e+01
3.638430110378093474e+01
3.478704082153015520e+01
3.586012870095105143e+01
3.568401498518445436e+01
3.474549919102741313e+01
3.629694239493630192e+01
3.547743121579227932e+01
3.596165681062795727e+01
3.469852506860971886e+01
3.665309079869782494e+01
3.665895944325311007e+01
3.670027566854294321e+01
3.754402642398049750e+01
3.596328957010320693e+01
3.663362836287639368e+01
3.598683118805708148e+01
3.604055433417425292e+01
3.570752700190582374e+01
3.548700093112397269e+01
3.535761211334008181e+01
3.574256365076656294e+01
3.686900089705709149e+01
3.518112201653251248e+01
3.557502118838399241e+01
3.643349307092444178e+01
3.536142274648690176e+01
3.631635300431722158e+01
3.588060787256429052e+01
3.499337923766856306e+01
3.662836776083393175e+01
3.698050492323670824e+01
3.671128900452071520e+01
3.460251811784637255e+01
3.558467769499227273e+01
3.573317739689483119e+01
3.561497430754950244e+01
3.656520529082015258e+01
3.763097167317184244e+01
3.587250265486478185e+01
3.616359648705473973e+01
3.526797575804121010e+01
3.542046116707711434e+01
3.492362199897109321e+01
3.671338974008345701e+01
3.576726139163422857e+01
3.533789148910796740e+01
3.666572533831423186e+01
3.622675763045295128e+01
3.609146787444058191e+01
3.633902907960504081e+01
3.664918948535356691e+01
3.590588161834077852e+01
3.472095282923253734e+01
3.521279687869120778e+01
3.715082953811646149e+01
3.560993284918068014e+01
3.531201152540111110e+01
3.622946623248513021e+01
3.714191773908967775e+01
3.602175828503291655e+01
3.595168625674917706e+01
3.442779523681491582e+01
3.544534087712737147e+01
3.559380578249785287e+01
3.620594126026721682e+01
3.601984155373356344e+01
3.697565064010344571e+01
3.506310363169122013e+01
3.508930837520537693e+01
3.601425333598636058e+01
3.596582061309755574e+01
3.665343262207994002e+01
3.600153138701866595e+01
3.625974895440251089e+01
3.680231330445509741e+01
3.680871532633987897e+01
3.513729440655553304e+01
3.593644558626224494e+01
3.492743039723281839e+01
3.468776609027088398e+01
3.501540647870171341e+01
3.493978371852065834e+01
3.693275815772203430e+01
3.663368088585642113e+01
3.599999999999997158e+01
3.585983634890948935e+01
3.527225724017428377e+01
3.601013842833668122e+01
3.587495245147698597e+01
3.627858918048541881e+01
3.597215175985162006e+01
3.746262265447772677e+01
3.659029441723321696e+01
3.573650573744907177e+01
3.686484041126676203e+01
3.467911820426590452e+01
3.622140140755888638e+01
3.615521516293601678e+01
3.592014776492515438e+01
3.571301911492975734e+01
3.617577352859628093e+01
3.612084337295252823e+01
3.575142126343869364e+01
3.616064525574599742e+01
3.583017597951644717e+01
3.596915972652060844e+01
3.568150194159555610e+01
3.611821984541073505e+01
3.562275757482846927e+01
3.561863492798016750e+01
3.603954965737388960e+01
3.666285038733883539e+01
3.638022584382483871e+01
3.610067315580077008e+01
3.424652736303501399e+01
3.617608026554984946e+01
3.678518091648385280e+01
3.596532433013425134e+01
3.637315887901223022e+01
3.596168531719710160e+01
3.538445549437651749e+01
3.545004846197588932e+01
3.557806899149214530e+01
3.544711726474599800e+01
3.599873533508775125e+01
3.647129840370998011e+01
3.661296820713734945e+01
3.639992364497730648e+01
3.629245989093367797e+01
3.592497847763345220e+01
3.603987383015466861e+01
3.602475917246918868e+01
3.558978815232605797e+01
3.540195829587717213e+01
3.594859429637157433e+01
3.608541621193558058e+01
3.670395212831579101e+01
3.642470312086314976e+01
3.670320603239500912e+01
3.586903379760172328e+01
3.685018813883010580e+01
3.739249249519863127e+01
3.557483425675888355e+01
3.577617891030468655e+01
3.745962127428851574e+01
3.536314236007746103e+01
3.622139838906709031e+01
3.892293032717083889e+01
3.585263281842049565e+01
3.547796294620819424e+01
3.630334458689952015e+01
3.635779857342311061e+01
3.611500787406579605e+01
3.640984141553723674e+01
3.589258865859292769e+01
3.654428103023678176e+01
3.645823663434160977e+01
3.458049780326407330e+01
3.495626691771966676e+01
3.526331295364044394e+01
3.543114950900775995e+01
3.459250482135163196e+01
3.522393401675486047e+01
3.577224763989081424e+01
3.568940994646605702e+01
3.569113518079344516e+01
3.655505976848192518e+01
3.612395105228169001e+01
3.480171316796737813e+01
3.737035273767408938e+01
3.633341276233668538e+01
3.500807353945228328e+01
3.715936361994430115e+01
3.545962818009002859e+01
3.575436916829694667e+01
3.690381154166052369e+01
3.667259202770544135e+01
3.539452120578879857e+01
3.725531026937989054e+01
3.633733963581387627e+01
3.535316099029579107e+01
3.707515643734546984e+01
3.668317023683216860e+01
3.502196559780121277e+01
3.571729150803365371e+01
3.502544721324324684e+01
3.653518854084310163e+01
3.612637782804031872e+01
3.467214865716656647e+01
3.622766339007784353e+01
3.741425511682291472e+01
3.526664453018292988e+01
3.587445141981913110e+01
3.581869910612137176e+01
3.549567563565783246e+01
3.660429720718461510e+01
3.724354771405324271e+01
3.632626179248052267e+01
3.606840884120597224e+01
3.892957081552425080e+01
3.507878690282642253e+01
3.593448145550117090e+01
3.509938582983711086e+01
3.607947025469474056e+01
