4.871878475557513610e+01
4.927976354030363382e+01
5.030100701579070233e+01
4.820634916622896071e+01
4.903605000283732096e+01
4.985338537018201066e+01
4.759677607342452177e+01
4.969618289400787603e+01
4.932615658428476024e+01
5.067021858431230896e+01
4.759748233807654572e+01
4.885668307903164020e+01
5.167460321660872324e+01
4.797981176380683621e+01
4.748230612898154845e+01
4.941038097242048366e+01
4.938185015051591620e+01
4.865988777284781719e+01
4.866376918857538669e+01
4.764926906495875869e+01
5.058219172763099181e+01
4.925625830083829726e+01
4.925670883651098109e+01
5.034713615615125093e+01
4.857192135307533931e+01
4.899999999999997868e+01
4.738196601125010687e+01
4.900000000000000000e+01
4.738196601125010687e+01
4.767355246810255665e+01
5.132542139422221794e+01
4.943152718755877828e+01
5.177569861562876952e+01
4.853865801393710200e+01
4.944805672141909980e+01
5.095447310682137498e+01
4.932575672359786978e+01
4.888408208686114165e+01
4.841725070450069524e+01
5.005785574419557094e+01
4.873192520289425289e+01
4.926943525465281937e+01
4.949405973282937055e+01
4.956975342497214854e+01
4.770192434453951336e+01
5.086933549082807815e+01
5.135172090103149145e+01
4.903910515440203000e+01
4.719809630521698551e+01
4.892161398499666092e+01
4.947177361563102238e+01
5.022064456496172369e+01
4.910100943114747452e+01
4.838860992383641246e+01
4.743159557747807753e+01
4.748617299796311642e+01
4.910202526629520747e+01
