5.195056025849284254e+01
4.785406053956709371e+01
4.951671218467335223e+01
4.669474901402630707e+01
5.015363023063720505e+01
4.830706290130286362e+01
4.803134173050662525e+01
4.670310203274216576e+01
4.862223002181721654e+01
4.761497145101889572e+01
4.805414632942520115e+01
4.652302612568408335e+01
5.028686240519470374e+01
5.082624913531739708e+01
4.939102218484776330e+01
4.987828106292696617e+01
5.016915263119072677e+01
4.883797980081145340e+01
4.678664928696299796e+01
5.005849094396710086e+01
4.882540579956775417e+01
5.031274147929895690e+01
4.774087266769338100e+01
4.901538026689415517e+01
4.925054461632816327e+01
4.778477272143175014e+01
5.009195263100954065e+01
4.700000000000000000e+01
5.100000000000000000e+01
4.900000000000000000e+01
4.900000000000000000e+01
4.771212001823911919e+01
4.896822438197045813e+01
5.162686989591491482e+01
4.856551573510614617e+01
4.824633544417898179e+01
4.901450494367779953e+01
4.862985172458051153e+01
4.738630902416270629e+01
4.961177428446828230e+01
5.095642194352026877e+01
4.873082378955535177e+01
4.712980505133108267e+01
4.906072789651067723e+01
4.954635069008637061e+01
4.798488281729306237e+01
4.943341003327608973e+01
4.998514443816910102e+01
5.001123073001770791e+01
5.094932588600372014e+01
5.048322771186401070e+01
5.039483320225011909e+01
5.476243545698648063e+01
4.781935681742035626e+01
5.306361149272865418e+01
4.648436094720968015e+01
4.816059519014208945e+01
