1.588717323488363675e+01
1.605505610552612339e+01
1.548382756806259408e+01
1.657270373323074608e+01
1.685866057250087380e+01
1.558322887040193727e+01
1.588824106090638111e+01
1.560186352074655680e+01
1.560380613572746533e+01
1.642122555464303701e+01
1.612502516594766533e+01
1.673069260056994878e+01
1.670711661898051048e+01
1.679390916940035083e+01
1.628001366334217082e+01
1.587015615257465306e+01
1.601917943228534824e+01
1.635939604130084746e+01
1.694007100665742627e+01
1.569452819247048936e+01
1.572839007083757323e+01
1.584728361668186025e+01
1.592492034495269770e+01
1.590116163022264573e+01
1.603859830406635112e+01
1.706749977545296204e+01
1.611520515914065044e+01
1.682497097552237975e+01
1.605878409885500346e+01
1.591656675245685548e+01
1.543222423848912506e+01
1.655297698202231516e+01
1.584729667645030915e+01
1.603718197764083442e+01
1.603844417063462657e+01
1.635409907789553685e+01
1.704625476853972899e+01
1.672799502895642831e+01
1.610316849015397622e+01
1.624465873582688502e+01
1.588650829182038926e+01
1.558315809417488218e+01
1.615954145135549425e+01
1.597228775881473695e+01
1.571784132641036535e+01
1.636914320181153926e+01
1.569934057204246258e+01
1.605679166876944564e+01
1.574025689708769882e+01
1.574617848300189848e+01
1.625040490505100976e+01
1.576279208482016259e+01
1.584445223964916138e+01
1.583130198464503557e+01
1.604901521847462931e+01
1.600624022359790288e+01
1.609838783173835708e+01
1.618465280067506384e+01
1.613945925692552308e+01
1.558191998751260066e+01
1.616545691507667115e+01
1.566029479249360890e+01
1.608069795219974907e+01
1.604455124283909839e+01
1.597041872415929475e+01
1.692056656470809628e+01
1.604105372611105551e+01
1.641350622509276391e+01
1.542491006213146854e+01
1.565642552220551664e+01
1.692346381874251904e+01
1.641093790595087754e+01
1.574366055716569690e+01
1.582120183375776534e+01
1.580216543028358345e+01
1.630642903449366088e+01
1.579185914338475349e+01
1.605561716922248294e+01
1.567289648627168397e+01
1.598145567798229472e+01
1.633043111057718022e+01
1.635854748310674012e+01
1.666514771756597924e+01
1.652246168283311079e+01
1.543328794676219395e+01
1.606149933952822195e+01
1.627968523467758999e+01
1.601825793645451768e+01
1.584011359768056337e+01
1.612971803106544755e+01
1.597913982714144865e+01
1.569202433211937020e+01
1.585098927142010616e+01
1.598277789794525994e+01
1.571484902054337418e+01
1.621670135088091058e+01
1.564521424043961062e+01
1.614302377499840802e+01
1.539116094587205730e+01
1.585511298983601947e+01
1.610882230621503908e+01
1.599271050973613839e+01
1.623274742447353347e+01
1.607740882031863805e+01
1.623977955868774714e+01
1.574018741409695998e+01
1.649304666627847737e+01
1.611831861359464568e+01
1.540622779691591759e+01
1.591936074044946459e+01
1.599178810679503471e+01
1.582911914030333200e+01
1.667174234512150832e+01
1.583015665041613929e+01
1.667899928503929274e+01
1.644322702027422878e+01
1.600675814143171038e+01
1.596640980523959996e+01
1.583263425471772301e+01
1.573070500689856566e+01
1.628559290784366098e+01
1.547323260347892138e+01
1.615889914527816629e+01
1.572071757746444121e+01
1.619033773228094120e+01
1.545606672109087221e+01
1.610662845490007911e+01
1.585581302375813983e+01
1.606216613018721873e+01
1.558725325338193457e+01
1.610687189007364140e+01
1.576108536764446200e+01
1.579320736883803633e+01
1.584800857044790590e+01
1.522836306731793066e+01
1.542430643388358291e+01
1.626745516461466678e+01
1.598711462303629283e+01
1.584672284154962441e+01
1.516116843699644257e+01
1.600424840619147915e+01
1.571782776664626802e+01
1.584802565446691602e+01
1.611065158769692474e+01
1.580900240563988923e+01
1.669343916911219949e+01
1.581679853428128624e+01
1.596302654927498921e+01
1.552451623334302688e+01
1.590511143673695038e+01
1.560775610524768453e+01
1.562345341072104965e+01
1.576319271249529308e+01
1.614879415321697920e+01
1.629859562552079666e+01
1.638166543545420240e+01
1.622207802914755703e+01
1.642607316098094472e+01
1.568048021656691304e+01
1.584927212773662042e+01
1.564034060398301129e+01
1.615703805930307979e+01
1.565565890297766138e+01
1.580067962044828889e+01
1.605508231041451950e+01
1.532920177522115068e+01
1.584800979979486613e+01
1.638022753422825772e+01
1.647423870264634616e+01
1.582949886770628112e+01
1.553032925308615297e+01
1.566894592430506528e+01
1.589549300145726107e+01
1.619566653542399592e+01
1.569410901521173329e+01
1.677499977686429844e+01
1.607102083403913539e+01
1.587449639964769865e+01
1.603887134015840132e+01
1.582654716207480838e+01
1.610916493752117162e+01
1.609951259978114635e+01
1.581717988724456880e+01
1.595751796808827017e+01
1.629688609070709759e+01
1.608718595161680653e+01
1.571098588917142536e+01
1.627895018872264288e+01
1.632078706486761277e+01
1.577792214293999429e+01
1.566608144029524397e+01
1.574411959039111331e+01
1.658168111105680964e+01
1.616713115445388382e+01
1.614011688912610865e+01
1.638851483604010895e+01
1.568728122361194899e+01
1.629680145208885378e+01
1.673495019944428108e+01
1.610967426203799135e+01
1.587382974785704626e+01
1.593879754203555343e+01
1.584056964313581162e+01
1.608962312012637952e+01
1.646645701557045527e+01
1.587702287437369719e+01
1.607344992853072796e+01
1.602467773235125392e+01
1.599413812508059607e+01
1.591971051857657038e+01
1.622834620902794711e+01
1.559423220248016584e+01
1.584085378373879927e+01
1.578908658618931327e+01
1.597937610609373671e+01
1.612790800398157387e+01
1.569969324790708498e+01
1.602652118805782777e+01
1.607562619249670988e+01
1.591807240789930056e+01
1.584060293517257989e+01
1.609689359382425877e+01
1.582724078188775430e+01
1.597877671341559136e+01
1.603091182248221003e+01
1.641435603940976051e+01
1.636752920649304599e+01
1.615997292109704375e+01
1.605061135125199456e+01
1.598223061725658845e+01
1.575826949609034244e+01
1.547542849146606869e+01
1.606862333740721027e+01
1.691744703033051067e+01
1.610693928481666504e+01
1.631817915334804070e+01
1.598633183788549061e+01
1.631088299541255537e+01
1.592655039351575041e+01
1.573366480432301806e+01
1.616021487243267885e+01
1.566209764446417196e+01
1.598666047505254539e+01
1.601460382777584357e+01
1.611636666445624755e+01
1.578882496181311978e+01
1.614378563357819019e+01
1.581820659093559378e+01
1.636226526405760850e+01
1.639173256167957859e+01
1.614551547307450363e+01
1.622385387419091174e+01
1.573729082032742532e+01
1.598568156837511545e+01
1.594068090591625442e+01
1.601290664077248138e+01
1.591498435534704470e+01
1.642276401048472678e+01
1.610892856774858473e+01
1.630489925928555905e+01
1.623035355712099204e+01
1.553647070621403259e+01
1.624678140052988695e+01
1.596398756969993293e+01
1.638402346233394269e+01
1.608268433022603006e+01
1.613659303479260743e+01
1.620401021206869885e+01
1.523110871653770104e+01
1.617355805454439732e+01
1.585156620054595500e+01
1.591676792542797436e+01
1.620604218394883489e+01
1.579812438800585284e+01
1.611706556961384962e+01
1.564100927798982354e+01
1.575941552626688846e+01
1.625882034862356562e+01
1.578091634614836991e+01
1.586920213577079153e+01
1.625192282622351669e+01
1.568327250730439992e+01
1.655728682670769558e+01
1.629186712067401999e+01
1.605473403001471766e+01
1.549283883632620373e+01
1.582428739621879288e+01
1.629909651416445371e+01
1.592049464532463077e+01
1.581071817271535807e+01
1.588828938015584136e+01
1.605765705335489102e+01
1.609723670434231124e+01
1.611508452657377433e+01
1.556459943500853349e+01
1.601447680549166463e+01
1.609943680488147777e+01
1.594273444893696023e+01
1.626304021721330173e+01
1.628690168975572305e+01
1.580139878773572093e+01
1.572371281823461509e+01
1.621274269130119450e+01
1.589395342236925046e+01
1.625088487596498865e+01
1.553832246366832237e+01
1.630424851058186775e+01
1.597168263173868219e+01
1.606618699140519624e+01
1.592763299802069987e+01
1.570251193728071648e+01
1.652547939350925432e+01
1.601092477167762951e+01
1.606913807101513925e+01
1.588790598172096935e+01
1.606203299432169374e+01
1.606215784371280009e+01
1.617584066460628733e+01
1.646642564220465488e+01
1.579191761182359421e+01
1.609821847968619224e+01
1.666580924090268567e+01
1.604349864254506386e+01
1.597391593190890724e+01
1.602147391414012034e+01
1.582199212812600031e+01
1.535472606561418729e+01
1.589028595289107493e+01
1.614141770580282298e+01
1.618015989687147282e+01
1.549021671524080013e+01
1.587177331920717549e+01
1.564278267741141981e+01
1.595797680029268761e+01
1.651985899189669382e+01
1.567280160203135608e+01
1.614460141255190706e+01
1.581933086521233633e+01
1.625011366272434188e+01
1.619258188345451899e+01
1.585918289870725850e+01
1.616877317926251933e+01
1.640699886003131880e+01
1.555282025499393583e+01
1.640556342553840707e+01
1.677202357992379333e+01
1.590203875982296289e+01
1.653943367847742607e+01
1.554210146977692197e+01
1.567444128055397812e+01
1.624222293230729974e+01
1.598449300753070368e+01
1.616476065423246311e+01
1.614476142532924641e+01
1.638601044489228542e+01
1.542197299302578983e+01
1.607516230312463179e+01
1.595054775136503800e+01
1.622280971749752609e+01
1.585979116869055439e+01
1.601044249145138565e+01
1.595294265715933335e+01
1.636314948659799740e+01
1.594267113482830744e+01
1.698536958053941603e+01
1.654317992740023868e+01
1.604670647986981891e+01
1.603463621951877016e+01
1.600863814446275413e+01
1.608107263797264608e+01
1.604025324233005279e+01
1.564129169175261502e+01
1.683682084005627289e+01
1.592578192502869427e+01
1.621271119423422746e+01
1.589476930101164243e+01
1.593954616512446343e+01
1.550683608932343382e+01
1.596155298269608203e+01
1.566972857788152318e+01
1.624749051883886253e+01
1.568653442131319409e+01
1.599549857227710703e+01
1.620929317069087361e+01
1.600432412363752022e+01
1.600246175193803211e+01
1.604888153846478360e+01
1.571899181697015813e+01
1.576261292529286706e+01
1.600032012363991996e+01
1.583322656762630487e+01
1.606023475020176505e+01
1.628653993477614748e+01
1.614247854149007111e+01
1.569139870991338270e+01
1.610552542347351945e+01
1.646411378196486552e+01
1.630829610197967483e+01
1.621547185829279059e+01
1.595993257242453645e+01
1.596381289724016739e+01
1.607230902654678317e+01
1.577379421386283376e+01
1.667239852794030597e+01
1.575892505087537820e+01
1.603147960255736848e+01
1.658100680292771045e+01
1.574131256019742331e+01
1.554678955534339835e+01
1.585481948628655324e+01
1.613601950985999878e+01
1.594963929547852111e+01
1.589860790582007688e+01
1.630650141188039726e+01
1.545903958917640786e+01
1.615124902066454737e+01
1.584837515673551600e+01
1.575000634943923217e+01
1.585238591307560263e+01
1.563155728837244496e+01
1.527974879710842870e+01
1.556435743827345419e+01
1.601890497968283711e+01
1.638897310826415321e+01
1.560889616701160953e+01
1.611521517785385882e+01
1.647371634861183054e+01
1.660784598700324111e+01
1.583786432584228621e+01
1.585350337857320291e+01
1.628363449462980839e+01
1.570375445793986025e+01
1.583044677004620127e+01
1.597604026308815151e+01
1.594892423243478241e+01
1.586923227271468839e+01
1.555489813163602619e+01
1.618944044449107267e+01
1.575663204011979879e+01
1.598285815135641919e+01
1.573919631897963534e+01
1.567025705179883310e+01
1.578982169908078959e+01
1.598520628181779379e+01
1.589243516331447381e+01
1.621385746371102243e+01
1.541086193597231535e+01
1.556842794332786895e+01
1.640888293162392486e+01
1.559801894015106782e+01
1.612503369230304884e+01
1.599052187142681092e+01
1.641207796347892511e+01
1.636526445222984449e+01
1.625425658338780366e+01
1.586309657803730033e+01
1.636700273645815429e+01
1.612781337369236567e+01
1.554181946954874149e+01
1.645831754973772121e+01
1.558066698297585262e+01
1.662425250166066348e+01
1.590483981867956764e+01
1.639915795069669713e+01
1.633136029588482785e+01
1.565116926142629872e+01
1.627078291280938771e+01
1.622565916367675243e+01
1.604519495166891119e+01
1.597901176683520319e+01
1.626675790630174134e+01
1.593719363393772959e+01
1.569027087379064866e+01
1.593993698287211380e+01
1.595280870266156015e+01
1.620354818756363358e+01
1.601714248639268945e+01
1.560139663658443610e+01
1.638734293310471557e+01
1.592246439421984583e+01
1.610090290733229779e+01
1.587199002715425955e+01
1.643982440119692612e+01
1.629008367794275358e+01
1.600371049832200043e+01
1.676236564160725351e+01
1.576489643883264868e+01
1.621092873738414397e+01
1.639378115732063179e+01
1.641792311550076988e+01
1.559693549732269702e+01
1.574854542715987549e+01
1.585205660590922605e+01
1.597521602060424328e+01
1.599310566778478915e+01
1.689512831224471157e+01
1.590570247095643097e+01
1.615712136342329686e+01
1.592015901557605595e+01
1.601187358797405125e+01
1.553250434240920086e+01
1.600330487612182395e+01
1.561953608043333652e+01
1.597039359994437824e+01
1.591343258084028278e+01
1.592556355473199048e+01
1.591948176676620541e+01
1.591860731852225719e+01
1.622911322518503141e+01
1.616693790643610029e+01
1.607665937649629839e+01
1.588440589833428618e+01
1.613983874418579489e+01
1.605528821884342250e+01
1.624574410858393136e+01
1.595464755757889819e+01
1.607806648629081536e+01
1.590793098327585575e+01
1.577827291610262961e+01
1.616295274994460129e+01
1.647865081463427472e+01
1.576387000283778406e+01
1.615428472608193999e+01
1.549761953357055511e+01
1.578345985520258665e+01
1.570595131299743841e+01
1.628993366682407640e+01
1.628278222181135959e+01
1.563159903552321239e+01
1.612869727922167584e+01
1.607438338281960810e+01
1.635558851719680717e+01
1.599341914943230769e+01
1.641104522401196419e+01
1.597303626835605428e+01
1.625628928216798030e+01
1.595719598405779749e+01
1.564781017347907977e+01
1.602126603994171461e+01
1.557154996286829096e+01
1.592245568811996925e+01
1.671811462036383134e+01
1.610744308793321267e+01
1.626161287649272680e+01
1.672188555996406478e+01
1.623313570731710698e+01
1.606892571229859001e+01
1.592988412870297488e+01
1.613189378446904243e+01
1.611737267732343071e+01
1.580381001867359814e+01
1.579894007918659682e+01
1.580817447197735603e+01
1.618684418572273387e+01
1.587541806376449749e+01
1.627108680849527644e+01
1.599917992855725934e+01
1.620993593417890111e+01
1.586621774109978844e+01
1.644011496043462373e+01
1.628242381884598444e+01
1.643551063361437414e+01
1.597176324720861906e+01
1.620399754710955520e+01
1.559961487423591819e+01
1.564996678121624640e+01
1.541030137214122853e+01
1.601312000104980982e+01
1.608343840602370278e+01
1.564997440143952900e+01
1.568077287098411077e+01
1.580368276377061321e+01
1.572574451869664713e+01
1.622326902732923060e+01
1.620075680118494077e+01
1.615079819478025414e+01
1.590558089863430880e+01
1.517413538536517770e+01
1.611671044704160138e+01
1.610378648714051408e+01
1.603665226653711784e+01
1.655144843126734600e+01
1.635937370508571931e+01
1.598515708583388673e+01
1.570130075285058346e+01
1.622903208231750938e+01
1.612463773787854748e+01
1.618350084050725712e+01
1.610190474452130616e+01
1.610203749046004162e+01
1.674554776107780185e+01
1.602732324767201533e+01
1.578392553860668457e+01
1.634738682300722346e+01
1.618442277904178539e+01
1.547611829653380866e+01
1.608052504819169926e+01
1.660332531497111219e+01
1.611180961391818656e+01
1.604200387678665507e+01
1.597718332633690430e+01
1.610894456523919160e+01
1.608547832855073878e+01
1.592821736606834193e+01
1.546957089674342534e+01
1.618329779292524861e+01
1.588648937166311725e+01
1.604347129914536652e+01
1.626727902024726546e+01
1.571257142373882587e+01
1.615543280551777627e+01
1.596764999753422920e+01
1.552116262565699678e+01
1.592317276387810665e+01
1.634880144944879987e+01
1.590935389504419817e+01
1.600757722033758412e+01
1.574050745570412246e+01
1.602720339903103763e+01
1.594877982757111212e+01
1.588080949245452977e+01
1.546555166295811468e+01
1.670831173910951506e+01
1.643034335817151259e+01
1.619199537160866242e+01
1.581994380922008148e+01
1.555274718263395606e+01
1.607077631287912922e+01
1.587235314064210456e+01
1.562584394908669161e+01
1.604137142302448282e+01
1.616838996003291129e+01
1.559005403875911711e+01
1.607612557344676318e+01
1.586730502425153588e+01
1.555994489855103424e+01
1.663874190278057341e+01
1.622229011466054516e+01
1.550824368551042376e+01
1.616680393801650695e+01
1.612104288002106500e+01
1.599333197654515182e+01
1.585453979583230044e+01
1.659384664255995290e+01
1.587761564393052005e+01
1.618811742409397780e+01
1.580491885545539077e+01
1.554115618894987882e+01
1.619360787408303892e+01
1.586153631842451972e+01
1.642779135590513562e+01
1.615585610464388111e+01
1.632046871723224868e+01
1.629337740633473786e+01
1.525325071316567715e+01
1.572147755842261319e+01
1.590193488896547080e+01
1.591525081108077977e+01
1.589029180144489573e+01
1.601014594642819588e+01
1.627267302654254166e+01
1.582251093201802838e+01
1.562152332466127902e+01
1.619422397793136170e+01
1.597973551429900319e+01
1.594683342233290269e+01
1.580286591994778611e+01
1.577946402036905127e+01
1.593216966776582133e+01
1.632852952579485617e+01
1.576224270683085038e+01
1.598043790399053776e+01
1.597388559197430702e+01
1.610066553509236087e+01
1.577347389986897852e+01
1.557442044829853423e+01
1.589810522889087352e+01
1.648107430926775407e+01
1.596592396581084294e+01
1.597949404496644021e+01
1.590399651136352333e+01
1.573321120518245486e+01
1.612265950562003169e+01
1.595142384177872685e+01
1.576742246378709389e+01
1.576253783975890421e+01
1.629907459524840618e+01
1.529615082913721835e+01
1.664044046442497304e+01
1.588429688979567089e+01
1.620004131706082617e+01
1.597352623329939370e+01
1.628978756507277126e+01
1.590549746757148064e+01
1.615740637151779069e+01
1.658765897418204815e+01
1.613870624319436331e+01
1.640896006485151304e+01
1.603608958050284627e+01
1.595922749071390889e+01
1.601055163692921468e+01
1.571386928192154464e+01
1.559085844702016210e+01
1.620250131108963032e+01
1.578787785552698608e+01
1.618772129823417671e+01
1.600362485464911799e+01
1.563116226417697874e+01
1.547162448763875275e+01
1.607946770422235261e+01
1.569436599510003560e+01
1.587690902623343980e+01
1.627678775323829896e+01
1.547475049825753324e+01
1.582127898849507552e+01
1.606905701987649593e+01
1.593103843368489692e+01
1.562159475771673023e+01
1.578220241128136614e+01
1.570987837981874335e+01
1.599372702736153151e+01
1.608083787255025499e+01
1.625112160508358627e+01
1.647391586117600681e+01
1.567985654693370456e+01
1.567819887978506266e+01
1.585789762366906430e+01
1.631419796718876469e+01
1.614330094241791613e+01
1.607987066922646946e+01
1.580864467063267220e+01
1.613664348999451548e+01
1.606687664014654260e+01
1.547715708651753630e+01
1.590309574235424783e+01
1.600412405974898533e+01
1.609170568678349511e+01
1.550207217690378592e+01
1.623240396882979297e+01
1.586939494625402780e+01
1.635460733987116555e+01
1.599198793980031574e+01
1.636146571247651238e+01
1.633316469906593227e+01
1.631147253526960128e+01
1.585835558984253701e+01
1.597970297768014269e+01
1.579498318033568971e+01
1.575446446662032685e+01
1.662285018286376470e+01
1.599926385539367146e+01
1.613442561071953563e+01
1.671845334899434121e+01
1.616728598368911562e+01
1.586859206133086708e+01
1.579336962863588489e+01
1.580777999720998217e+01
1.601595338653978473e+01
1.617968528910134296e+01
1.608131622144196982e+01
1.624782587226801311e+01
1.611452052907752730e+01
1.630901824865696526e+01
1.617880675161917736e+01
1.599417180046065567e+01
1.588712616491567609e+01
1.574999873481717394e+01
1.653681599703726945e+01
1.605513463116384898e+01
1.617078583634167899e+01
1.611977013385734736e+01
1.655772760691770529e+01
1.627273870650661891e+01
1.604393888608259999e+01
1.585211675996645475e+01
1.615658137092830771e+01
1.557799122964182992e+01
1.666047757467158519e+01
1.605902620396270208e+01
1.612293414705298744e+01
1.596864057581327678e+01
1.614848361176802527e+01
1.622297796003557124e+01
1.553392636888040812e+01
1.604725006842923563e+01
1.605939769813478790e+01
1.564550647665153171e+01
1.617144728152299749e+01
1.619193836372295436e+01
1.593236689546007945e+01
1.599386496129307211e+01
1.595693519007013705e+01
1.605928159690641621e+01
1.596578278805064244e+01
1.578701156832900487e+01
1.588143048442714012e+01
1.623183081771009739e+01
1.595605066055829724e+01
1.679892913428747647e+01
1.618712491875863790e+01
1.672046102670367418e+01
1.609391389867426270e+01
1.581729549556435366e+01
1.547327646575220861e+01
1.553117713801037958e+01
1.541368398801643380e+01
1.559398627757281375e+01
1.606504362498189309e+01
1.668949328728397674e+01
1.591630237249509605e+01
1.621820437426969264e+01
1.632442578177581893e+01
1.622465902364178447e+01
1.594055210396061995e+01
1.578619274789151916e+01
1.618004170567972722e+01
1.597941900483395727e+01
1.628385181503187695e+01
1.584080118263304904e+01
1.593390901404630533e+01
1.606629766685339433e+01
1.616928260000400641e+01
1.648478449353615716e+01
1.584791430938173207e+01
1.556301399755816028e+01
1.599614930590320938e+01
1.595379595724155664e+01
1.573990219911298105e+01
1.576161124324201879e+01
1.632210053821163953e+01
1.595775624175543683e+01
1.615036402662157045e+01
1.673876437837027353e+01
1.593354737134297494e+01
1.597226205657954701e+01
1.567140616356094895e+01
1.585895868307297718e+01
1.622309012503838233e+01
1.590727286086682213e+01
1.596768096328318087e+01
1.597237387011659138e+01
1.540015533742222864e+01
1.631922318110315828e+01
1.581045215113771718e+01
1.626515083663768735e+01
1.557500925502749567e+01
1.565642663589114569e+01
1.546884598712283143e+01
1.568963595022589708e+01
1.645828845672403062e+01
1.563034247114993036e+01
1.591082423784039612e+01
1.580455917940808774e+01
1.603496014647940271e+01
1.537208653104210399e+01
1.648307818122948376e+01
1.621897103366671544e+01
1.656070908965713429e+01
1.638387519672791015e+01
1.619242085273024401e+01
1.569566019099776177e+01
1.600535435587699240e+01
1.561457552942305682e+01
1.638454747122622734e+01
1.597908295211654028e+01
1.561522167965715724e+01
1.569700950686369723e+01
1.559897436880928545e+01
1.574909251672428212e+01
1.590096901025172826e+01
1.559258632534736755e+01
1.585341735677940456e+01
1.586709715995529812e+01
1.553053147506521547e+01
1.574757131895087170e+01
1.629565921786645788e+01
1.623724513203386977e+01
1.627542066784460673e+01
1.545090746945296090e+01
1.627292601130407945e+01
1.605355133252740174e+01
1.670084339746126290e+01
1.654322733374904786e+01
1.635271947949422966e+01
1.617377374734230244e+01
1.542593526754142808e+01
1.547316647775868681e+01
1.617025934716952662e+01
1.619117862183694356e+01
1.603143765165685863e+01
1.630530737812877362e+01
1.549412933700861927e+01
1.632663839482994561e+01
1.613642769044430025e+01
1.635739387303114611e+01
1.612833560213188733e+01
1.649404170090598143e+01
1.622335092561837655e+01
1.591245778880854367e+01
1.598858498122329586e+01
1.660205585426615471e+01
1.555666693946707113e+01
1.655201257734546871e+01
1.612453813286684579e+01
1.619461062705098442e+01
1.605043946809454880e+01
1.548552089464082826e+01
1.636053050136286657e+01
1.596320246088570194e+01
1.574130727091833926e+01
1.632518132109223075e+01
1.562433995976518908e+01
1.589507339135182562e+01
1.606425139911790367e+01
1.581335404205228201e+01
1.654900494700053315e+01
1.668954757748995021e+01
1.607987591602525512e+01
1.572588516317829033e+01
1.573767373389283186e+01
1.604238737193673003e+01
1.642397220089526400e+01
1.570190533237558839e+01
1.637292774651623617e+01
1.595154992004024841e+01
1.527863346745151851e+01
1.578206046306851640e+01
1.615481480261992786e+01
1.548342044303059239e+01
1.613160107447913205e+01
1.621757617720067302e+01
1.597927805339586982e+01
1.574493710799984036e+01
1.592612586506759875e+01
1.688247257842033733e+01
1.560390921868018843e+01
1.595488404052631992e+01
1.652122153333947807e+01
1.539823271841293995e+01
1.592481381627224479e+01
1.539388377083689541e+01
1.631361298317429842e+01
1.607298434468080472e+01
1.586118193668901100e+01
1.616498417975585156e+01
1.629170868023193108e+01
1.652875994150835837e+01
1.556074751362940312e+01
1.661103943376512149e+01
1.565364506511010489e+01
1.572308940943108624e+01
1.595658469148231262e+01
1.644616130205235649e+01
1.701582147724285576e+01
1.604800614070548903e+01
1.647141628330577134e+01
1.577497310603209080e+01
1.576116267822533246e+01
1.617715521110223520e+01
1.653790683707298115e+01
1.619822843612682917e+01
1.585798216072141820e+01
1.556024999533976150e+01
1.607116115569019499e+01
1.593072573695978278e+01
1.624860274947450378e+01
1.621623319701975063e+01
1.595582065645672643e+01
1.608205119741007749e+01
1.682598765724805645e+01
1.626961282212197091e+01
1.578711795183326494e+01
1.592329731506237422e+01
1.607288364121696844e+01
1.635312050949687901e+01
1.559500019654544367e+01
1.623442985685015927e+01
1.602554072085454706e+01
1.586042767372158124e+01
1.617908673601978720e+01
1.616740250401711165e+01
1.661243496551131216e+01
1.609680815530876785e+01
1.631077112923035344e+01
1.626494063758618225e+01
1.652954355241026718e+01
1.575312040752566212e+01
1.514910785235120194e+01
1.602753138286829682e+01
1.576627201372404308e+01
1.567525659050048858e+01
1.585772216658377154e+01
1.579252090489395677e+01
1.605928631201726020e+01
1.653008625441996671e+01
1.569728263182048345e+01
1.563291087433857385e+01
1.591647163058046921e+01
1.638691568964265954e+01
1.607752593666184637e+01
1.534019261092420194e+01
1.634032767062653946e+01
1.650813982279681724e+01
1.555280786520737024e+01
1.611347417525013626e+01
1.625661537257178324e+01
1.617947916830160437e+01
1.581175953614966012e+01
1.647548074452760503e+01
1.608896119027043525e+01
1.575557047217744255e+01
1.593266678069054265e+01
1.569497684773991431e+01
1.562151368924903849e+01
1.643439190861310806e+01
1.609622471431871915e+01
1.600881164708387772e+01
1.615769507319938114e+01
1.617647995714890641e+01
1.550279776961602529e+01
1.625272970747980139e+01
1.634468076846783546e+01
1.604699430431190166e+01
1.667022450961310653e+01
1.561072256385255841e+01
1.588696974961818853e+01
1.575086622298005068e+01
1.574849581462559200e+01
1.632538716640969056e+01
1.550840200995846807e+01
1.564427211139626017e+01
1.569957319548573693e+01
1.598291267956863848e+01
1.621062726744421667e+01
1.594016323230782461e+01
1.597994200995460012e+01
1.623209718535796497e+01
1.600684909950377488e+01
1.605858919311729238e+01
1.596653077542934795e+01
1.585512097708282653e+01
1.600958427612344792e+01
1.615537709727831484e+01
1.608415768492047704e+01
1.578961192741621566e+01
1.611388991351231326e+01
1.611656815249240893e+01
1.603260277645899734e+01
1.556223078371490232e+01
1.611853774003970585e+01
1.678587425785072185e+01
1.587345947480072539e+01
1.557447746443922831e+01
1.556745181721539062e+01
1.576289938082138598e+01
1.666645876823829653e+01
1.565008004800884756e+01
1.616865599315479329e+01
1.612015855157837052e+01
1.568478617321082424e+01
1.577566537782771050e+01
1.599851163933436382e+01
1.618427594052338847e+01
1.634797587928109763e+01
1.619810897720481435e+01
1.592860434270567360e+01
1.597987273887235382e+01
1.615512045485306203e+01
1.620698857132849824e+01
1.520276502977477762e+01
1.578773336516755066e+01
1.583917569487041810e+01
1.609613032175950309e+01
1.577146807554359320e+01
1.642742567317586122e+01
1.600843512863658091e+01
1.586200212543181998e+01
1.591173722958279413e+01
1.619881880321395329e+01
1.571551706203142373e+01
1.556877183109220297e+01
1.574116593052874968e+01
1.580495135630463466e+01
1.622097630120638456e+01
1.624850452584546545e+01
1.600859687943422927e+01
1.558785489136922386e+01
1.621314428122123985e+01
1.557002526696891209e+01
1.585621249160817925e+01
1.564193059283924292e+01
1.627817040607104104e+01
1.599533204362582239e+01
1.574589824084517176e+01
1.612134712019004823e+01
1.548019603293218616e+01
1.546256029592488979e+01
1.594899860288440863e+01
1.651201988406337762e+01
1.556440790685478071e+01
1.623733984558132803e+01
1.578025725218819808e+01
1.626387398604097356e+01
1.580316484805306665e+01
1.602497677932569076e+01
1.631932497145485783e+01
1.612532623234539031e+01
1.584346405211582542e+01
1.593745637580170715e+01
1.585491969879963037e+01
1.534390316741388283e+01
1.583320251257893396e+01
1.603027822450426854e+01
1.575741378745527221e+01
1.600475561723143514e+01
1.615479096570723172e+01
1.571943137167341931e+01
1.592708730818054619e+01
1.573653124395596592e+01
1.590769513433672522e+01
1.588821734016127607e+01
1.627017106118963241e+01
1.551200161626462837e+01
1.571193270989667212e+01
1.638331604498419836e+01
1.598427127249507684e+01
1.582259277636678441e+01
1.593853670256065413e+01
1.607100019183734219e+01
1.558501971785165807e+01
1.606446640714031915e+01
1.595845051223446553e+01
1.565182576630977707e+01
1.577739413585007711e+01
1.627206945398312143e+01
1.596162690349608937e+01
1.640715680418874101e+01
1.609920043175226212e+01
1.651434216135331212e+01
1.556295301365732087e+01
1.529242160423362762e+01
1.598635045529510279e+01
1.582156538840718873e+01
1.604496984733526332e+01
1.552698262553418118e+01
1.607867348531813079e+01
1.552786911343927834e+01
1.617696752861660414e+01
1.595207059044651565e+01
1.559879747590764865e+01
1.555431690636669195e+01
1.592674853777491961e+01
1.585522747969972635e+01
1.595509308062653631e+01
1.567490830599516194e+01
1.629797060059125613e+01
1.624929071961707905e+01
1.565502941788337132e+01
1.590231153259267138e+01
1.583197687700910450e+01
1.611737870506606640e+01
1.656034378865578205e+01
1.644529574343475886e+01
1.636402131110672187e+01
1.612659915041127334e+01
1.625098375921616167e+01
1.584528435397577617e+01
1.616585828266455849e+01
1.635644351627993487e+01
1.571699019432892186e+01
1.557304437513779760e+01
1.589400588448789975e+01
1.612964642427231965e+01
1.609644464658009966e+01
1.562910109794072255e+01
1.597869257280720312e+01
1.569052736779409685e+01
1.614576504083942865e+01
1.598845580882740514e+01
1.590781275404250650e+01
1.550255827528935626e+01
1.561581192651580707e+01
1.556692809188130155e+01
1.589727746384306428e+01
1.583463664161810591e+01
1.539423665206828318e+01
1.579679674299706527e+01
1.579769692307204210e+01
1.555009718034434485e+01
1.586789174971558580e+01
1.584149500209968764e+01
1.602571051423291593e+01
1.597164180028446623e+01
1.610579822655370918e+01
1.557933934466850623e+01
1.606421814933394998e+01
1.596483018886089411e+01
1.633103349809564975e+01
1.567888659809359098e+01
1.629527163964687730e+01
1.619788864663232886e+01
1.624360184741995283e+01
1.565820994700754554e+01
1.557838534785498297e+01
1.575038873825696051e+01
1.596623459027195402e+01
1.627122957376898782e+01
1.608140444833823324e+01
1.640230007784091271e+01
1.623393292656084697e+01
1.625355888289850270e+01
1.550114790548806987e+01
1.565103074578182252e+01
1.584633792928305951e+01
1.561993404121483486e+01
1.608179629982919678e+01
1.565394438504734254e+01
1.590624197436500786e+01
1.591379514980950027e+01
1.587179999951003317e+01
1.500071797803427032e+01
1.537899107145758748e+01
1.593866531591270785e+01
1.579967069018320558e+01
1.553980752091032080e+01
1.643538352312611650e+01
1.619971063978826109e+01
1.585293324888121447e+01
1.576704893406467356e+01
1.608117477754091240e+01
1.579827112439335224e+01
1.581294673763684600e+01
1.571706063687852684e+01
1.597550625442194594e+01
1.588771608443008887e+01
1.647873037469555868e+01
1.637857271442527818e+01
1.656223940124493765e+01
1.592904054893226018e+01
1.554201899720615643e+01
1.599537321968663228e+01
1.684703555251205032e+01
1.577029249612134798e+01
1.548489919222724254e+01
1.644336960785341972e+01
1.562591582442431992e+01
1.566760984738948359e+01
1.593165182510208666e+01
1.642446426412415761e+01
1.586821893981136178e+01
1.607184291827673306e+01
1.555894131271983483e+01
1.608500875989251000e+01
1.612745067016463096e+01
1.564648489531442088e+01
1.544391020389109315e+01
1.603846814527032194e+01
1.587977697007616662e+01
1.597758868007162469e+01
1.632849899482140188e+01
1.605123081600963175e+01
1.569449684121937416e+01
1.621514137406205336e+01
1.594564804289774784e+01
1.646101642706142343e+01
1.663667528247312788e+01
1.611265428878410333e+01
1.622942779636062838e+01
1.628444655131646357e+01
1.621386249899483190e+01
1.562257904256886576e+01
1.583857927719741276e+01
1.584065777819351695e+01
1.624286550325378187e+01
1.578689990590082104e+01
1.638775308353549320e+01
1.595979334187958898e+01
1.563271138034112617e+01
1.570430748448827529e+01
1.574057649251178681e+01
1.581102503994941522e+01
1.599951087650112491e+01
1.573402663474988294e+01
1.647776787672011523e+01
1.589912106987899243e+01
1.611630928325169876e+01
1.615595991701202294e+01
1.631094333068183744e+01
1.582638224055791731e+01
1.567925348338648739e+01
1.626240142565453439e+01
1.553248916870841967e+01
1.657631233983089203e+01
1.575210401298372176e+01
1.589916840210487869e+01
1.568190148387468774e+01
1.602232379949221652e+01
1.624567547871266981e+01
1.553128517376497797e+01
1.558769760762437784e+01
1.590441323006416674e+01
1.607317491078922345e+01
1.538495120258268933e+01
1.642840545043603839e+01
1.633414791215933448e+01
1.604513989589823453e+01
1.616750810561247675e+01
1.637471208565396097e+01
1.575870367621508450e+01
1.606936233563671124e+01
1.556246863740932440e+01
1.613296250184456682e+01
1.593437386495058306e+01
1.699697527193388069e+01
1.602759213608295141e+01
1.644542992944686688e+01
1.564875920502252882e+01
1.606261332084200788e+01
1.654759147676545794e+01
1.623719600028357490e+01
1.660439553065044649e+01
1.629506889571722184e+01
1.562702845587618583e+01
1.567177926659375764e+01
1.603055668516389431e+01
1.598876876142843173e+01
1.633492458899257116e+01
1.616986029450981732e+01
1.600017223017219692e+01
1.627087659703224531e+01
1.593752904488644440e+01
1.624190818656983382e+01
1.608604265949358947e+01
1.611639801925507953e+01
1.591946629185769879e+01
1.611811875014133832e+01
1.594089219555231907e+01
1.633024864701020462e+01
1.608991368025675683e+01
1.666937575159161611e+01
1.577650906918166385e+01
1.603428751944293396e+01
1.613770959398246418e+01
1.620945127447587808e+01
1.609867002976493211e+01
1.625977175625988380e+01
1.579437122877437716e+01
1.570155700268620436e+01
1.642504601752085946e+01
1.582512186336351157e+01
1.574518852167640937e+01
1.581753320944229735e+01
1.661598193196824980e+01
1.652946949066869564e+01
1.558776317563925140e+01
1.560289200138140941e+01
1.606157001246466010e+01
1.630129438808989661e+01
1.569404555331061424e+01
1.564058646805094277e+01
1.591082368662608282e+01
1.641879350875503363e+01
1.597535325328479772e+01
1.591482425109306931e+01
1.562014512130526001e+01
1.615316276114406691e+01
1.577184882549744849e+01
1.668054782881792519e+01
1.591325577580554373e+01
1.543366215463263558e+01
1.585785155373184274e+01
1.653268651924153687e+01
1.592989815085078575e+01
1.566665346154612237e+01
1.567232089043565502e+01
1.601087940572537605e+01
1.569209103904701585e+01
1.630188822156922157e+01
1.585484731309435169e+01
1.617987802679604314e+01
1.605443530972255317e+01
1.585346866834178492e+01
1.627684014950635216e+01
1.571729442626762285e+01
1.604997794997087013e+01
1.633528376830624040e+01
1.571280825723355790e+01
1.593872511934076996e+01
1.579695479581081408e+01
1.563709111024427045e+01
1.639375984520961538e+01
1.588865851792063211e+01
1.585804322624324492e+01
1.584857445293588185e+01
1.585110637222707908e+01
1.559325689878848564e+01
1.527771345700041294e+01
1.598238732121032335e+01
1.569993162775130280e+01
1.644012629390733693e+01
1.633017597444503011e+01
1.623892939173267180e+01
1.578900749721097618e+01
1.672013982277724864e+01
1.681632033432072504e+01
1.586086876876567864e+01
1.620531890936454289e+01
1.547874728068193484e+01
1.546215348944020462e+01
1.592950975572900418e+01
1.587412042735442874e+01
1.572837316924893614e+01
1.583779996188271433e+01
1.616797446289449880e+01
1.593694493804120960e+01
1.644812476292453951e+01
1.579872059050896560e+01
1.691763649056776941e+01
1.608962493054382037e+01
1.566539495208861155e+01
1.635158490744819559e+01
1.614279534658783177e+01
1.553738483431297723e+01
1.597808533276652199e+01
1.679500801769785667e+01
1.535217391062546177e+01
1.625819900547688590e+01
1.640263804396875713e+01
1.588386878287758819e+01
1.545385874185077135e+01
1.581050341885713983e+01
1.602002430334161076e+01
1.585328879484366382e+01
1.558203564885101322e+01
1.695011037047244429e+01
1.590608581220392281e+01
1.580160244823072446e+01
1.557760728218375945e+01
1.580591190979023608e+01
1.567821725454108162e+01
1.615918859869068314e+01
1.582180675698851857e+01
1.579329374192733404e+01
1.598110894447432884e+01
1.554090446148496518e+01
1.576303540833847983e+01
1.587004716372345214e+01
1.573002948800252199e+01
1.546057777704282188e+01
1.596167663937381320e+01
1.594322101666402780e+01
1.647885297096337709e+01
1.680022966811814555e+01
1.603938879988242050e+01
1.592111358607858662e+01
1.615305783421742092e+01
1.545109382836889012e+01
1.598787647889341557e+01
1.604284062010250622e+01
1.579329352826187360e+01
1.575318691505105484e+01
1.638505969704610266e+01
1.603042140967878026e+01
1.556831787983294113e+01
1.616186903848582190e+01
1.579934496938252941e+01
1.634083378038002721e+01
1.604716837850018152e+01
1.592004071656234387e+01
1.592650714686998548e+01
1.570523344595612691e+01
1.578814101107059642e+01
1.602364606716508177e+01
1.571262509982618027e+01
1.576095695294470822e+01
1.646708571947340971e+01
1.580472797229620241e+01
1.649929446249273113e+01
1.659162370642366113e+01
1.586948563364749099e+01
1.627691339822390404e+01
1.615181249938971320e+01
1.573794612903706280e+01
1.574684138392207622e+01
1.597426837292640300e+01
1.625390462906513633e+01
1.613069711686351582e+01
1.626133752254940390e+01
1.654265163565013452e+01
1.559790784973897892e+01
1.565741110431592631e+01
1.624492250652749803e+01
1.555246739718175597e+01
1.586624844197645245e+01
1.664071805256685721e+01
1.613939526072662289e+01
1.591268526718043397e+01
1.637091470818856109e+01
1.560029647937109942e+01
1.566423538475646282e+01
1.615868753030710181e+01
1.663432775967536159e+01
1.574995747043262817e+01
1.628022300845739423e+01
1.564242924609744634e+01
1.587504203152129811e+01
1.583168701774167531e+01
1.617045049727091310e+01
1.616254571797204775e+01
1.517329972567100427e+01
1.672371492097469314e+01
1.570456697936463542e+01
1.557429982940968394e+01
1.584100132187463039e+01
1.572467564684026975e+01
1.551898912513225781e+01
1.592484706624184909e+01
1.585655238936573497e+01
1.623229388921252081e+01
1.593109935786608844e+01
1.582200815257477622e+01
1.586118125648436283e+01
1.576109086483387145e+01
1.580206323728408258e+01
1.561606033848061870e+01
1.618462003007650196e+01
1.612493518933506209e+01
1.596395055872652158e+01
1.592268372817973265e+01
1.587558763517589888e+01
1.589352623611425486e+01
1.651056890097589758e+01
1.562914904282735407e+01
1.568563380129024942e+01
1.657358900312411620e+01
1.584888394681254731e+01
1.581890763657666099e+01
1.670608981848436514e+01
1.590674945914230953e+01
1.633723319921834971e+01
1.593699431358134433e+01
1.580390066076028610e+01
1.593086671546487310e+01
1.546735108741117948e+01
1.571067994225733244e+01
1.550817158893156034e+01
1.641848714814933174e+01
1.565477535566025757e+01
1.615365052197898166e+01
1.584497406706445410e+01
1.576451978180703328e+01
1.627734236528645084e+01
1.622802605200116588e+01
1.614896899169551503e+01
1.607650559715404270e+01
1.584099133292465744e+01
1.645876036155078381e+01
1.590523836129371205e+01
1.626892689942458148e+01
1.576598296383903808e+01
1.646031196353565917e+01
1.579765039518426839e+01
1.641128444527262786e+01
1.634603144136301722e+01
1.629902317731056982e+01
1.575881232863926584e+01
1.578700975748365742e+01
1.620308782771136791e+01
1.588615020341086215e+01
1.588219496016526833e+01
1.638263666630656346e+01
1.601805979821394388e+01
1.551045548707804400e+01
1.632414278037403932e+01
1.636770365037092745e+01
1.603509775163261963e+01
1.579400320942035840e+01
1.652083285579930561e+01
1.638484288693948088e+01
1.621291468861925722e+01
1.554290056078169791e+01
1.606597235677786983e+01
1.585725407092264838e+01
1.544675891605148621e+01
1.613104774068256830e+01
1.593661214981216290e+01
1.663560708068995098e+01
1.636880061274337805e+01
1.641979132840911504e+01
1.589953115655065119e+01
1.657094063084903013e+01
1.615644800546024484e+01
1.652862144329477090e+01
1.561819341893401791e+01
1.604158356932007834e+01
1.614609806313790230e+01
1.553609961521156713e+01
1.630716033802848841e+01
1.586587581668793590e+01
1.571670168703516879e+01
1.604126609096872258e+01
1.655487033267015917e+01
1.541574922282699589e+01
1.639190538792741236e+01
1.670570256196429426e+01
1.594762349088167497e+01
1.594836482743722605e+01
1.632736134295637953e+01
1.644454763896524696e+01
1.619605159371459990e+01
1.608396582846715717e+01
1.563524126949881499e+01
1.549125118727650907e+01
1.640343362983981734e+01
1.588353893720909404e+01
1.632746179757936034e+01
1.603699465422015180e+01
1.631538959069554551e+01
1.547176200898827858e+01
1.592002841502571364e+01
1.596597017226148019e+01
1.636218777776616662e+01
1.561838789886415668e+01
1.605971813842133855e+01
1.604802840736492087e+01
1.603546491491390924e+01
1.570678281973976631e+01
1.632938786221317429e+01
1.598972326161526780e+01
1.649485083862334633e+01
1.585664590010790143e+01
1.562421133547307228e+01
1.569098121173722404e+01
1.667027423292430655e+01
1.555468707789603755e+01
1.574763147771336058e+01
1.597550784001038338e+01
1.615305533409036443e+01
1.645223877099324383e+01
1.655279346694367604e+01
1.629866559349453325e+01
1.625644545484677650e+01
1.602368424004057346e+01
1.612493607326434031e+01
1.589383386322748493e+01
1.571133308108225002e+01
1.604269625239603059e+01
1.582005302319174334e+01
1.584444157395475550e+01
1.598979640768136967e+01
1.595004167985319121e+01
1.580283831525390781e+01
1.591498598724301594e+01
1.594512159069077484e+01
1.626307894528864040e+01
1.596267048983709991e+01
1.564657390605569631e+01
1.580402276291583163e+01
1.584694060890138090e+01
1.536485480615217014e+01
1.581446084369149574e+01
1.604301928231299001e+01
1.594877882207582864e+01
1.611201676592782306e+01
1.645537545425637305e+01
1.580572102954672609e+01
1.603762762446188006e+01
1.616499651610499200e+01
1.602687523198431307e+01
1.617554699902001047e+01
1.597574872366215359e+01
1.578070333986098817e+01
1.556293831206768985e+01
1.550778224010272943e+01
1.632650848675149291e+01
1.627981803278031947e+01
1.565311642557641569e+01
1.607688364552253191e+01
1.606692468847128197e+01
1.569711213327394894e+01
1.575558850643128572e+01
1.590204690190921433e+01
1.587424075285329295e+01
1.622137144575903278e+01
1.589534689840322557e+01
1.654108918821123098e+01
1.581122389715281429e+01
1.556024306411933189e+01
1.623776771365751870e+01
1.580338706690371176e+01
1.582031909989783536e+01
1.592408415771774877e+01
1.575506957041726430e+01
1.575703958159479257e+01
1.565442243289066049e+01
1.597178881850164700e+01
1.579614777169482132e+01
1.542815556322288373e+01
1.601666344773138917e+01
1.618193860839587828e+01
1.559010046674414518e+01
1.632808274275477700e+01
1.508658417129110774e+01
1.560824565126996433e+01
1.592366085878721904e+01
1.554299402323662527e+01
1.552112737476799786e+01
1.601399579772241921e+01
1.584952376055946566e+01
1.608534070783500525e+01
1.616245032661725745e+01
1.605066404631473276e+01
1.599903421838922490e+01
1.652322120176524223e+01
1.636963684745433056e+01
1.569658510042466304e+01
1.561711392201977588e+01
1.680656862619487768e+01
1.535040147152681556e+01
1.617614324661590786e+01
1.613123437101479141e+01
1.648662603619852263e+01
1.594149974736313347e+01
1.589940051576635938e+01
1.552844502834246754e+01
1.591956811901893509e+01
1.610596558408667889e+01
1.658329719765369603e+01
1.584615946120982244e+01
1.581751504496692284e+01
1.607492584890884757e+01
1.632510830537600555e+01
1.598803371106905402e+01
1.587792887624017624e+01
1.658612240893587142e+01
1.634288808169410245e+01
1.588158259040848286e+01
1.654212970442555175e+01
1.658726695636918436e+01
1.590494375179453002e+01
1.608938705144439396e+01
1.577342843895536006e+01
1.592867938007367101e+01
1.650785161553145386e+01
1.585798503960676342e+01
1.600341822719643758e+01
1.622073712085906649e+01
1.637037618946108353e+01
1.631157122167208939e+01
1.576976958079171354e+01
1.563530993443980144e+01
1.576520652806754619e+01
1.570640090818454304e+01
1.585455962545093556e+01
1.592352389033554338e+01
1.580776430545280675e+01
1.601828572736300060e+01
1.631755869474278953e+01
1.560324131344072107e+01
1.600467451134811725e+01
1.635794318845904272e+01
1.609237800746182856e+01
1.574954454280963922e+01
1.583440966742098865e+01
1.567665434528348989e+01
1.630964722265960276e+01
1.624488926597707916e+01
1.592045713580908739e+01
1.603078143540372480e+01
1.573136885217888370e+01
1.553271911636541169e+01
1.557047876837138745e+01
1.619029109672671041e+01
1.553189995849300153e+01
1.614038217779599904e+01
1.588293151635113531e+01
1.572599422872156261e+01
1.565185547998434323e+01
1.612062492229499000e+01
1.625936933604273804e+01
1.615766342510773868e+01
1.621553322063825320e+01
1.536413558725860184e+01
1.625452944104999276e+01
1.547089127203188319e+01
1.623233617604750734e+01
1.599827839633690374e+01
1.595455882442555584e+01
1.570038906642403553e+01
1.595602579754196881e+01
1.610267536694958324e+01
1.572119838106714340e+01
1.640309460944299502e+01
1.576438690497587913e+01
1.581254959119575254e+01
1.595426436559415251e+01
1.598863219109519029e+01
1.580147372618382207e+01
1.564718217423512492e+01
1.566525425510209679e+01
1.609384076794786722e+01
1.590298126556865910e+01
1.513465424860658182e+01
1.587566703297067328e+01
1.703348172710989417e+01
1.580784652842988791e+01
1.584653342286375022e+01
1.538481765134899604e+01
1.661218840104519501e+01
1.654304118906409116e+01
1.622860535215273359e+01
1.627616194937035488e+01
1.662052738368196358e+01
1.516748018530272191e+01
1.592171635882224479e+01
1.610930678529505400e+01
1.617466797216726349e+01
1.546435039887189866e+01
1.563228195190503733e+01
1.622663890024723088e+01
1.619384339694250485e+01
1.585404417394271626e+01
1.604053977325125047e+01
1.605602545437646711e+01
1.571450040156050143e+01
1.601597398780095105e+01
1.599595933215828047e+01
1.617725328984074196e+01
1.564150267270800931e+01
1.626238432181433069e+01
1.614378983821383073e+01
1.538503925775514425e+01
1.583646732103516896e+01
1.619317054917091170e+01
1.624770555803367600e+01
1.668878878756885342e+01
1.570344915447176071e+01
1.531829615977044590e+01
1.639091959792354203e+01
1.568735948580758865e+01
1.568471672189787292e+01
1.544304501876261959e+01
1.613834431736834318e+01
1.619996320357298103e+01
1.589359030364694547e+01
1.650407297219245351e+01
1.631168610981375622e+01
1.652879434614476040e+01
1.660513777962533410e+01
1.597435379635205344e+01
1.584268610310872560e+01
1.594755378957894898e+01
1.647294560345410375e+01
1.571901639758323910e+01
1.583555304982850132e+01
1.622846345176448324e+01
1.595665761634746183e+01
1.596179112441760672e+01
1.594667805987986320e+01
1.569201085961267061e+01
1.612697841505239538e+01
1.589012501368646291e+01
1.663968963094280795e+01
1.584992652887460096e+01
1.632541486160815936e+01
1.590916338423090259e+01
1.564917716495238231e+01
1.595084058850639153e+01
1.548083049632168162e+01
1.578707539438478591e+01
1.598094102179907239e+01
1.670630091822766161e+01
1.651880754356546177e+01
1.593288921517553547e+01
1.637810494077742618e+01
1.617220608223628986e+01
1.538682816611958515e+01
1.636530226546657474e+01
1.511740188825208264e+01
1.573428921887905219e+01
1.586260642207223981e+01
1.594285219852869240e+01
1.632573320314495646e+01
1.693902926335861281e+01
1.593351037620058896e+01
1.576240285351643244e+01
1.604000972609322773e+01
1.517671796596268230e+01
1.602118349869563474e+01
1.595310306156762792e+01
1.569966124771316984e+01
1.571458245119538688e+01
1.591166312712875097e+01
1.554331609169174655e+01
1.590220983647489206e+01
1.595421628976274597e+01
1.611234860891441656e+01
1.617795036608238490e+01
1.588653748525910459e+01
1.587605762514846752e+01
1.525604435657053060e+01
1.536042308488903174e+01
1.624716099520659895e+01
1.569390590426310439e+01
1.524478785695696992e+01
1.591735692333511665e+01
1.629992506330245661e+01
1.575328367189790590e+01
1.561365790349255889e+01
1.590710309323266003e+01
1.618777081424078546e+01
1.594978344386321290e+01
1.564491895326236914e+01
1.581698828824572090e+01
1.608408034335503700e+01
1.613445837350934653e+01
1.549087933356226898e+01
1.686166254027311595e+01
1.577579825491780241e+01
1.536969264530445400e+01
1.560362593600382652e+01
1.598530804536614447e+01
1.622484593600593072e+01
1.552072184603897753e+01
1.670405372339947903e+01
1.612381240998240628e+01
1.610740570941533178e+01
1.554258333380296797e+01
1.541393171055252154e+01
1.605026121567135888e+01
1.536722150301021905e+01
1.507279840115615066e+01
1.632087317221532530e+01
1.629135453464191485e+01
1.590474120971528649e+01
1.646632860315382274e+01
1.503763885170047843e+01
1.604976110606750339e+01
1.536877273201021588e+01
1.573206004083331244e+01
1.566840293739145729e+01
1.511617520736691489e+01
1.609653730748040346e+01
1.243315650281047091e+01
