8.839634430754614414e+00
8.406939765940251164e+00
8.869951136879164366e+00
9.241369228816427750e+00
8.674145586140271647e+00
8.811980122742205879e+00
8.840899035832496367e+00
9.097478995535901447e+00
9.215688977461905296e+00
8.704478760671870319e+00
9.394145570153989766e+00
9.397407893354252195e+00
9.077269487802173131e+00
9.173564067102921271e+00
9.403427428903105678e+00
9.523827319782895984e+00
9.218473809133545416e+00
8.985031354901751754e+00
9.366885998428914561e+00
9.700294282339466889e+00
8.799672591413866485e+00
9.067812987350755805e+00
9.072628212258930347e+00
8.871657167720179871e+00
9.464617528931325907e+00
9.094379022420337577e+00
8.715248860318029145e+00
8.397839256897954741e+00
9.105481917431051286e+00
9.710888580108530732e+00
9.518125542937960759e+00
8.856299616107138561e+00
9.236003351417386042e+00
9.054443936738469034e+00
8.753934859486326658e+00
8.366371092624756756e+00
9.032843442604082895e+00
9.116931366986930740e+00
9.328347629945646702e+00
9.470351960601787411e+00
9.790767902509960763e+00
9.377892876121038057e+00
9.471163792421457117e+00
8.857530561247422440e+00
9.591492509046940285e+00
9.243396060547398818e+00
9.139018585341647238e+00
9.412123388408433655e+00
9.236816013400339642e+00
9.462281946599109261e+00
9.094399949856541099e+00
8.816355892689148988e+00
9.420708561222792099e+00
8.751412098938089912e+00
8.848511751892822019e+00
9.052021391101595427e+00
8.880680085176228644e+00
9.076534930544836399e+00
9.034122322365494284e+00
9.819817528264985995e+00
9.277233530948544526e+00
8.981534563305766383e+00
8.711606387785669980e+00
8.963410299678702842e+00
8.665935062843734826e+00
9.434667063243709961e+00
9.586096773785007130e+00
9.153760738115993334e+00
9.072761440898007734e+00
8.852281615483786226e+00
8.977228211367508592e+00
9.544335320515481058e+00
9.041036034294462453e+00
9.144295267968038488e+00
9.478042257018600480e+00
8.312354587987798027e+00
8.509182856652486748e+00
8.921300099933322514e+00
8.508872763075601142e+00
9.619306022797218247e+00
8.924174178878764963e+00
9.272967047985808620e+00
8.726156789337629505e+00
8.611487385560140595e+00
8.815262937746236815e+00
8.762470924391417171e+00
9.029812732069242287e+00
8.989600646610162116e+00
9.169592338692559963e+00
8.770450825666959105e+00
8.937910715730483346e+00
9.566800348350838590e+00
9.224484805258658326e+00
8.687329489183451159e+00
8.666595490520494494e+00
8.263898056275577275e+00
8.551169066319824097e+00
8.840038796077445582e+00
9.208784574303216175e+00
8.820851535874778548e+00
8.945430567063683114e+00
8.591905395805605750e+00
8.844953892237262139e+00
8.568244819323261652e+00
9.263378206248958691e+00
9.575450482974861899e+00
9.059782952184400884e+00
8.813721026097221412e+00
9.234314111115550006e+00
9.267774282875910430e+00
9.104763364292503880e+00
9.000246719598072431e+00
8.899762524810691744e+00
9.176711632260195373e+00
9.392780642146728809e+00
8.681386741855176226e+00
9.443664917607867082e+00
9.132174925884060102e+00
9.415011265419035880e+00
9.061473111357173593e+00
9.004531810005605763e+00
9.462933473284525832e+00
9.087599795761084565e+00
8.778141373059803243e+00
9.395027388438595750e+00
9.428595532944196833e+00
9.145981560430698210e+00
9.191935538151456697e+00
8.998972918451743297e+00
9.478550966247953014e+00
8.796770544846250317e+00
9.155216478848512196e+00
9.111122764011513553e+00
8.721396697035704193e+00
9.156951507523194422e+00
8.929942777182548141e+00
9.462675329228012799e+00
9.017986876325167600e+00
8.982820194310658479e+00
9.226876676399998090e+00
8.856756302049536345e+00
9.149216674438767072e+00
9.177225798007743407e+00
9.183770407036988104e+00
9.131182318413786803e+00
9.630542682750364847e+00
8.967536540621651397e+00
8.895838115012416836e+00
8.980533690816551839e+00
9.063901590783089546e+00
8.821898456456692017e+00
8.786719553431707297e+00
8.828472738486384586e+00
8.782970711311648415e+00
9.198690150893252593e+00
8.608258887561168748e+00
8.817478921664523739e+00
9.321027797217050548e+00
8.675453513427804353e+00
8.848650948191350452e+00
8.972974241681509255e+00
8.489607918169465250e+00
8.717327999139927286e+00
8.839667590818146792e+00
9.023326935500486812e+00
9.118621554269704887e+00
9.212854265377499630e+00
9.145083466679691853e+00
9.398505077597691937e+00
8.976679735987074693e+00
8.855389783925335934e+00
9.293477585110641925e+00
8.793809880681333624e+00
8.839984621952396537e+00
9.388063502777862723e+00
9.086705197690040592e+00
8.730281609471578719e+00
8.881708890688379654e+00
9.477282464556969543e+00
8.911674601437571397e+00
9.016060419382611713e+00
9.041678256734995145e+00
9.120139872808721293e+00
9.444328365896529576e+00
9.250024066010219315e+00
9.145147201952742222e+00
8.891117009983652508e+00
8.907435380614614928e+00
8.932314068875543356e+00
9.359174007014990693e+00
9.186244985288425369e+00
9.183934163843542109e+00
8.997940629459815653e+00
8.797762891054537349e+00
9.760701227765116172e+00
9.335939120856581397e+00
8.726455418551102738e+00
8.987581093441345814e+00
9.419333676396009380e+00
9.243276215783009064e+00
9.100700894395279406e+00
8.878906131503091714e+00
8.581773762558583485e+00
9.440556651113432451e+00
9.387718765027340595e+00
9.415988879389647792e+00
8.990944756590673492e+00
8.843597456384806321e+00
8.909725418161979604e+00
8.873610915471074279e+00
9.132896388826193146e+00
8.955328505016014518e+00
8.883378870039390307e+00
9.010466504621303940e+00
8.921886730800519416e+00
8.594141138962443804e+00
8.980752536231326744e+00
9.160394800095120971e+00
9.289253763754043547e+00
8.878777360064592727e+00
8.997055967847202851e+00
8.679324842655228522e+00
9.080314342567035624e+00
9.111655998015262270e+00
9.012174532821189743e+00
9.389078256052567184e+00
9.063572685199659418e+00
8.827829752510519157e+00
8.971452652486938462e+00
9.101584892655232295e+00
8.958178275475875196e+00
9.356545311355962014e+00
9.125929603204511409e+00
8.793210321229478765e+00
9.210497428117040641e+00
9.305428350569950879e+00
8.883456426216483237e+00
9.335939419725457711e+00
9.264714666111139252e+00
9.225084982548011681e+00
8.724105913667463241e+00
8.609358104198959083e+00
8.948264050866912456e+00
8.988796636298694409e+00
8.888221729705115592e+00
9.293642719528074636e+00
9.049835138892161623e+00
8.768779604499318481e+00
9.247738973480201352e+00
9.068227948877778388e+00
9.143798314122870252e+00
9.020443718772384045e+00
9.071492938813063844e+00
9.307409714236939635e+00
9.000156560520292004e+00
8.747764385532782683e+00
9.098415134090297229e+00
8.785483691728178002e+00
9.173387125886936388e+00
9.034513814219318206e+00
9.272169932628958833e+00
9.142703051562856231e+00
8.662904297028653389e+00
8.835664186324549974e+00
9.268316509295544847e+00
8.947260778750326438e+00
8.902732830729243929e+00
9.804731429287123490e+00
8.873284032510127872e+00
9.081306110450404034e+00
9.080167653905009573e+00
8.921363370324435493e+00
8.580074289030788393e+00
8.810150756641965231e+00
8.971385690190400553e+00
8.885352248311304990e+00
8.730402559374070393e+00
9.131847494002270693e+00
9.373170675172445954e+00
9.059556479846248678e+00
9.230837093628080581e+00
9.075114239697724017e+00
9.053382958684402126e+00
8.922740454217713335e+00
9.256472991069061962e+00
9.437977558013933788e+00
8.760819253840432808e+00
9.169477967120872819e+00
9.092731151133969902e+00
8.598492195246393521e+00
8.705181964447039178e+00
8.950895666406855966e+00
9.362440406990883091e+00
9.076450205588297848e+00
9.140052388858030952e+00
9.148700151695894789e+00
8.974072159621124811e+00
9.594771108621449329e+00
8.981193424114630730e+00
9.132868169134114922e+00
9.213974259007100542e+00
9.038038538031946345e+00
8.973387644239677385e+00
9.239980767796629024e+00
9.241852075191291149e+00
8.873872299644290251e+00
9.020322353820551697e+00
8.618134002441140140e+00
8.720756430958124028e+00
9.515784131028969028e+00
8.790636550260140680e+00
8.336269819435631945e+00
8.986561815940804721e+00
9.079594494930367077e+00
8.795176731466071374e+00
9.224339398914235488e+00
9.224349242746663791e+00
8.579734905509418752e+00
8.947860991524233754e+00
8.844624595812872414e+00
8.847345369279365102e+00
8.971673131501384901e+00
9.338410806676833431e+00
9.123724372911141245e+00
9.027098722910100292e+00
8.779470290375085639e+00
9.033127525856441409e+00
8.965882620678453208e+00
9.000813610884948801e+00
8.864578236050334681e+00
9.051334068495869190e+00
8.918350332876974207e+00
9.307922228069752890e+00
9.136899499496660582e+00
8.728222641361444545e+00
9.059177283196738983e+00
8.930935915938864156e+00
8.741260331049501175e+00
8.961765030295113732e+00
9.410231975491077705e+00
9.085480363377035573e+00
8.836409424069588070e+00
8.804647380850038729e+00
9.117849106342635679e+00
8.793598712602660683e+00
9.421108642662129995e+00
9.280863419091989641e+00
9.555220512929595955e+00
9.173056002145708376e+00
8.838247582549545456e+00
9.057715882270327867e+00
8.686404009910857482e+00
8.811627887402845971e+00
9.480501211875939305e+00
9.176687270361700399e+00
8.918614954883222978e+00
8.698347401942184476e+00
8.653725851723907070e+00
9.101140193785290933e+00
8.976109485376031927e+00
8.696527785881446704e+00
9.149943585517025468e+00
9.056754255507673435e+00
8.983352110444894123e+00
9.311940578474553476e+00
8.895253761302974738e+00
8.955182219615366535e+00
8.641510245971090853e+00
8.929081750475486245e+00
8.705533163012830755e+00
8.775806137727938605e+00
9.344699118594240517e+00
8.645644841770247169e+00
9.010506574050271666e+00
8.901317268934990423e+00
9.115253472010891755e+00
8.903697880646687324e+00
9.276126238950958225e+00
8.920657916140992683e+00
8.900711018753547421e+00
9.335683451017704471e+00
8.927307247912912302e+00
9.018095933231920824e+00
8.461875529085938652e+00
9.363861575805620063e+00
8.964887973436205471e+00
9.602650235305745241e+00
9.199543362562614846e+00
9.242828187835179676e+00
9.305648239304440850e+00
8.885430875446584054e+00
8.818462432693477737e+00
9.161763178417944076e+00
8.816416814202684193e+00
9.453717012907850048e+00
8.921130405405284236e+00
9.016361754554575114e+00
8.774011879756589138e+00
9.260763411842985349e+00
8.980441591558316006e+00
9.190562244407377790e+00
9.158984246444896726e+00
9.745620223675066640e+00
8.958459464208591072e+00
8.961718046250652492e+00
9.183098563026595329e+00
8.848577118181754741e+00
9.505441065939981726e+00
9.303633234269469199e+00
9.723531195339438327e+00
8.755351432084093943e+00
8.974973380010903057e+00
8.791053506924175309e+00
9.234710126244779715e+00
8.810892110433103497e+00
9.132525204079186665e+00
9.248642100036057911e+00
8.885910471910827724e+00
8.955642991689758858e+00
8.801520249735508727e+00
8.869014267289315967e+00
9.120927565344077337e+00
9.047959991629914711e+00
9.203436501358902788e+00
9.395645164987751485e+00
9.056172152412434784e+00
8.712913115837995548e+00
9.006733014799005232e+00
9.571707017453762845e+00
9.110392491909525603e+00
8.762200647175255597e+00
8.992583917710957664e+00
8.901799852446961481e+00
8.809707913541183544e+00
9.270595594293027375e+00
8.769688960433217773e+00
9.108607133928778410e+00
9.032055368227545955e+00
8.672644884545800181e+00
9.148112127067030031e+00
8.798701371742824406e+00
8.747843100620716683e+00
8.849173185513727447e+00
9.115930858210024468e+00
8.677155373138866423e+00
9.101816825025554891e+00
8.817373473108506943e+00
9.175467924688492261e+00
8.954194439007265416e+00
9.158214941830344458e+00
9.316325430847888001e+00
8.896329806694343034e+00
8.694696870852315129e+00
8.882590192692077835e+00
9.027357554582978949e+00
8.982985642819297567e+00
9.127269035279828913e+00
9.111200859764942095e+00
9.167675625911515525e+00
9.220764672122751193e+00
8.626576751460566683e+00
9.258294724679778653e+00
9.079645481072995850e+00
9.110265349121171141e+00
8.875443764441124372e+00
8.793554432644294039e+00
8.840630911018751092e+00
8.837269023534654266e+00
9.160830746652282031e+00
9.313605537300702508e+00
9.301598911078359677e+00
8.719957161331706175e+00
9.109370249433979438e+00
9.093513947606084002e+00
8.752102296168180473e+00
8.891977147462641895e+00
8.548288330837189974e+00
8.961662223665863181e+00
8.581368441056451246e+00
9.445761045913208420e+00
9.073687411150718418e+00
9.315869264745485268e+00
9.064605539309077642e+00
9.040651123724840588e+00
9.336291883597770180e+00
8.755633147470094357e+00
9.126288172093083517e+00
8.813219429667924487e+00
8.929934405002798670e+00
9.445211609360878668e+00
9.538041217263316440e+00
8.563712203665042821e+00
8.755949627232947563e+00
9.189849410849131317e+00
8.873249538842410189e+00
9.051369127866973230e+00
9.070264336118093240e+00
9.587853175627452984e+00
9.189789260041814956e+00
8.768523354486116972e+00
9.083779630117353676e+00
9.177896964625075427e+00
9.237048187774512087e+00
9.238161264655966320e+00
9.209262916432605195e+00
9.366507242735965022e+00
8.646535483256258203e+00
9.000852922156019176e+00
8.582689982409636542e+00
9.039718104907553453e+00
9.020965754259034242e+00
8.843537009910555469e+00
8.907993938106965714e+00
9.461514685012407000e+00
9.060989231787681675e+00
9.266502944136428610e+00
9.449935539382167349e+00
8.811581138964539761e+00
9.156801767120231972e+00
9.335334139759265071e+00
9.509920006281594951e+00
9.126639811871356756e+00
8.797912012641100787e+00
9.372654050125905911e+00
8.884001547627320861e+00
9.037632769203680638e+00
8.716215116762628057e+00
8.956305489546895870e+00
9.058921787988877483e+00
8.993345257938061721e+00
8.649364689675437035e+00
9.025315710952741100e+00
8.868541960848618899e+00
9.080148266811892910e+00
9.749444324413182983e+00
8.725459692566747805e+00
9.222420492497411360e+00
8.994786551374366113e+00
9.211250467352833482e+00
8.884623367003610994e+00
9.093302919132371542e+00
9.307366077091419498e+00
8.942677846671386988e+00
9.127881877362327145e+00
9.077475865326871229e+00
9.117783253432866886e+00
9.661116312597334499e+00
9.123631060883440114e+00
8.685169769878500645e+00
9.122698907824910108e+00
8.953672614471424041e+00
9.306556951985278658e+00
8.681498747176075170e+00
9.241361977862931454e+00
8.971751051777550501e+00
9.057091903470141148e+00
9.280062949799404493e+00
9.045583911217613959e+00
8.830717557683378516e+00
9.116847504925083001e+00
8.747068487581682206e+00
9.263518621071876069e+00
9.177294314228705119e+00
9.249722605789504115e+00
8.734098512658396984e+00
9.110739820139128753e+00
8.935788278313642863e+00
9.212240374150404421e+00
9.214579569392753911e+00
9.052705423510161609e+00
9.510450710296288079e+00
8.688595525669770225e+00
8.909041843982500097e+00
8.734202722402452324e+00
9.344848072507337733e+00
9.098310236973393472e+00
9.094008901766994057e+00
8.939509505510692122e+00
9.082071937992322930e+00
9.105450354582389494e+00
8.758273879836615095e+00
9.121002360013950039e+00
9.254458567853298234e+00
8.926235118568969895e+00
8.998527759709375573e+00
8.629521122397369126e+00
9.153330237171790174e+00
9.177248714513313033e+00
8.924762401139867407e+00
9.006527000975747654e+00
8.887457655312637428e+00
9.327021424763351831e+00
9.275932989731995093e+00
9.291359195369627955e+00
9.529375628585619040e+00
8.818297561595588974e+00
9.152643971351215768e+00
8.956772225040486646e+00
8.855999737381370807e+00
9.411446350597863386e+00
8.869479966140540128e+00
8.944129091919617025e+00
9.070959798529992568e+00
8.891885201928342752e+00
8.842129343002000041e+00
8.611716440396524064e+00
9.096983218585465991e+00
9.193528553828494765e+00
8.946663810311722642e+00
8.967605601675943561e+00
8.760536107932155758e+00
8.957027963334301290e+00
8.699162921063617659e+00
8.931011981929474430e+00
8.979816154585103405e+00
9.634870938517478223e+00
9.347147424227236101e+00
9.307954475086750890e+00
9.052771887332102807e+00
8.729954499139822133e+00
8.811821046098778254e+00
9.010000464367431405e+00
9.333902876330506970e+00
9.279586774520071302e+00
9.048565921732755868e+00
8.853642881048857660e+00
9.211123382082353928e+00
9.330573192794190618e+00
8.988820176236002268e+00
8.790264136578697318e+00
8.831594641482160668e+00
9.268657823308622312e+00
9.046828066914322619e+00
9.093845206476006027e+00
9.027930544208141228e+00
8.765043842515474637e+00
8.786952744364034729e+00
8.866807320196892661e+00
8.857124068566486486e+00
9.355848674862508929e+00
9.088963047209777102e+00
8.981697719114015044e+00
8.649936242260547914e+00
9.259723384639132249e+00
8.843249650147043894e+00
8.812262490089819877e+00
9.003962447082431098e+00
8.668448836133450186e+00
9.262992574087165920e+00
9.190827635192508893e+00
8.837532652110240861e+00
8.867252192114266407e+00
9.090966785761590785e+00
9.128439035098049104e+00
9.560409479447294245e+00
9.058828066502869092e+00
8.853853159079168478e+00
8.898658685500860699e+00
9.319851158876785391e+00
8.821989351133403545e+00
9.206209512975684461e+00
9.069159883426321400e+00
8.996932111469142512e+00
9.082124058628391339e+00
9.199485811394977119e+00
8.767607331085160993e+00
8.633232567346267317e+00
8.992987280896326041e+00
9.189078051096359445e+00
8.687020097688796127e+00
9.423633566230419589e+00
8.992386192369600906e+00
8.899591993536621004e+00
8.722337798359079741e+00
9.061673499977180413e+00
9.253992534408965298e+00
9.399993627849134725e+00
9.050361175457098284e+00
9.066841159841001030e+00
8.998863530356192797e+00
9.213796708614644615e+00
8.847996739111984255e+00
9.080216421955245920e+00
9.159243627366011609e+00
8.996523652858883224e+00
8.916641817255909430e+00
8.946087594232402296e+00
9.117116926340353089e+00
9.137585749805348101e+00
8.898611403018124477e+00
8.836995071965356274e+00
9.140613686491724010e+00
8.751056042533356560e+00
9.448118534153923775e+00
8.738014368314130920e+00
8.949011548351228029e+00
9.492838016600385842e+00
8.800353741663204943e+00
9.306074294083513720e+00
9.249416500636487015e+00
8.953242147627731740e+00
9.041910674045526619e+00
8.993072317758951328e+00
8.706065935127284661e+00
9.122109105841650134e+00
9.047471053487635473e+00
9.023601395155878890e+00
9.090543219752417414e+00
8.916705709189059803e+00
9.153128262280224803e+00
8.992763466440175435e+00
9.045292985056510915e+00
9.101406466976671439e+00
9.000843126653739645e+00
8.915875750570485536e+00
9.170665321148993243e+00
8.795302186051381810e+00
9.332347838780352234e+00
8.923679975631712225e+00
8.788698814463863584e+00
9.348948107225698578e+00
8.984154448982476282e+00
8.812587120400454666e+00
8.897229292341547691e+00
8.803794057900953263e+00
9.508767262012309374e+00
9.157295760597621737e+00
9.028782463930866697e+00
8.994097288511561317e+00
9.076882955313083201e+00
9.024671555274039747e+00
8.873785126950034297e+00
9.039452009583330394e+00
9.071152574872240137e+00
9.124111881345392305e+00
8.973083351189245604e+00
8.965117308159463505e+00
8.898796854481233254e+00
8.707276293281118740e+00
8.649650661025527043e+00
9.153027812832037924e+00
9.257556336186571144e+00
9.174715578568662266e+00
9.384284680664075395e+00
9.183944171009926549e+00
8.982382758908249443e+00
8.484460693262237285e+00
9.156036665755824089e+00
9.203008517979149872e+00
9.381774107717699707e+00
8.905381497781615252e+00
8.864224571236837491e+00
9.076863502545187146e+00
9.201863617459391520e+00
9.266539435843597516e+00
8.867537766787320308e+00
9.674217330106626989e+00
8.577310191463986655e+00
8.821419505625112123e+00
9.270669537208345190e+00
9.036911996243517819e+00
9.042452565064273529e+00
9.016814823714378591e+00
8.739351383645468374e+00
9.026657826862784617e+00
9.245821627835546508e+00
9.161779148670259332e+00
8.833498393129925574e+00
9.279790127835093827e+00
9.357873219620280736e+00
8.915218337005867966e+00
8.820460409136881452e+00
9.000456864219495756e+00
9.261727403965418048e+00
9.163673043066516755e+00
8.538201521864973387e+00
8.596791257326213298e+00
9.425723556326950359e+00
8.706683662921768985e+00
8.693898589594597937e+00
8.837960045960624456e+00
9.053332512361366824e+00
9.132311896606912782e+00
9.159762814990795476e+00
9.147575190499194875e+00
9.014794957774210360e+00
9.037232628714482630e+00
9.252974127293224882e+00
9.070472771786915800e+00
8.980195468808865655e+00
8.938072041911953036e+00
9.217146313106232114e+00
9.296270969749381052e+00
9.187253738342693765e+00
8.966100377687878265e+00
9.155474809837510719e+00
8.994716072840795107e+00
8.869749942825357891e+00
9.080034334542757435e+00
8.929082717535585800e+00
8.919742089458711831e+00
9.104527851336690958e+00
8.962496927617012332e+00
9.088289227449656948e+00
9.422418786966415993e+00
8.757381939388755754e+00
9.122613992645034031e+00
9.088372132385559965e+00
9.033036517199358073e+00
8.890756199147542560e+00
9.405395202793956244e+00
8.776318052882896126e+00
8.786792927450418844e+00
8.653552891775833089e+00
9.285064806237931734e+00
9.648797326096888227e+00
8.970509031471005201e+00
8.821260311359461426e+00
8.829955844055298542e+00
8.722781578439823491e+00
9.357739779393652313e+00
8.987456305802618672e+00
8.737234151756856804e+00
9.027221882344168336e+00
9.135548382555155555e+00
8.861370901905651465e+00
9.215213553828597526e+00
8.926388145042027489e+00
8.956606763860907705e+00
8.952695005897272296e+00
8.928539801854265434e+00
9.238348086947000937e+00
9.214376506614318174e+00
9.353593748183335777e+00
8.979221067999477057e+00
8.692497420321840806e+00
9.725377870178732564e+00
8.994117834221897922e+00
9.104522704309097492e+00
8.502994925329110387e+00
9.231604153149826075e+00
8.657438752075508503e+00
9.032166713056907881e+00
9.601735763436494153e+00
8.950021419420526314e+00
8.756382122893509035e+00
9.730704449989056926e+00
8.919167456494395907e+00
8.535009872156175348e+00
9.189678293124702080e+00
9.240440009446070135e+00
9.319755965594543667e+00
9.281653706060239983e+00
8.730643597611811302e+00
8.910982505862033776e+00
9.148190719154127848e+00
8.678486072388572836e+00
8.972352589743486817e+00
8.996416894545536280e+00
8.858532738347880908e+00
8.755366496721869396e+00
9.143803245618572717e+00
9.029651311649141476e+00
8.837255743604293556e+00
8.526805468593165571e+00
9.018164721774128978e+00
8.974413062607402125e+00
9.121974110903526167e+00
8.821395616838188403e+00
9.387582078955475140e+00
8.892601967497093085e+00
9.162094501714554085e+00
8.931984218677955667e+00
9.185305672347389816e+00
9.025819240168642565e+00
8.867992146626002992e+00
8.993638193633168854e+00
9.356590656610077161e+00
9.298175965130962339e+00
9.097822266327060703e+00
9.076327875720343386e+00
9.181872986049459229e+00
8.870969959071235422e+00
8.723570267692444702e+00
9.060549226066665796e+00
8.958218471970999630e+00
9.079996461979588318e+00
8.905277107812764825e+00
8.764185495153727246e+00
8.999849843127444515e+00
9.190002562489883786e+00
9.221439004774707016e+00
8.893287104441203184e+00
8.662058672070084953e+00
9.049316504717626941e+00
8.918387095868835601e+00
8.926641203200258445e+00
8.647622694706678104e+00
8.800918452471272246e+00
9.023945924456238998e+00
9.009908062384608840e+00
9.130052783519657211e+00
8.894424617054946580e+00
9.124319634529001632e+00
9.114314866506440183e+00
8.803129726454255177e+00
9.455738758189765392e+00
9.115214505379329424e+00
8.871967975439984500e+00
9.327599205626107448e+00
9.150549593576293717e+00
8.840697823803857602e+00
9.192246648373048501e+00
9.048174394016621491e+00
9.324390990894114495e+00
9.439672841729214170e+00
8.955132181341646458e+00
8.879937491940346206e+00
8.940448988558994614e+00
8.969054493045874210e+00
9.064140488196375856e+00
9.192094899203629765e+00
8.952770483494450815e+00
9.401469696477613880e+00
8.786184410138433876e+00
8.765678226874591417e+00
9.080020287991834138e+00
8.930949790313558623e+00
9.266759382787153498e+00
9.183088766341025888e+00
8.816207317637356766e+00
9.061127961374202400e+00
8.881107681470236770e+00
8.865858554448607265e+00
9.129410490575791570e+00
9.011681307914894745e+00
9.070899737162402943e+00
8.888168077181425986e+00
9.386281645571443732e+00
9.297639270542857659e+00
8.931584728082556879e+00
9.161168638915915707e+00
9.014808461126529338e+00
9.396117447498035347e+00
8.740252744273762531e+00
8.919751267458464028e+00
9.148679497421809970e+00
8.654726437414119289e+00
9.097903722795377846e+00
8.406009336243837282e+00
8.843045512441475964e+00
8.965575919198595756e+00
8.813313614849233701e+00
8.982325029536495364e+00
8.790523189995539610e+00
8.999550174466140362e+00
9.265034219547649386e+00
9.272130561370511614e+00
9.177412863266459553e+00
8.780077483036185626e+00
9.475957642080837573e+00
8.960546259488255671e+00
8.908597414960768290e+00
9.302666528411423386e+00
9.314025963742290415e+00
9.153913623235524710e+00
8.621724967588084709e+00
9.228726327385690098e+00
9.060345481759732422e+00
9.016747851576630168e+00
9.112246077527339949e+00
9.032652210786910274e+00
9.083611579596217567e+00
8.941281262930656837e+00
9.420792342891493476e+00
8.449041677335733525e+00
9.088553229158456759e+00
8.875056226604531417e+00
8.788055136462148198e+00
9.136869266883172358e+00
9.177013886114522734e+00
8.660053969480870251e+00
9.406243632996650561e+00
8.729720632961603499e+00
9.141605803052664569e+00
8.789015588070576257e+00
9.132759385828471466e+00
9.097032252159381827e+00
9.042478954525455137e+00
9.018505715304270254e+00
9.025601846382485860e+00
9.231580750757560239e+00
8.669701221981556571e+00
9.129718163630379024e+00
9.238089360487704127e+00
9.203600944736237466e+00
9.075487720898243182e+00
8.875663479351722174e+00
8.717717444747837163e+00
9.116125738326045891e+00
8.854063581218509782e+00
8.771196308566841182e+00
9.499713673240712808e+00
9.273761179062027793e+00
8.887497884741451415e+00
8.944717492066468267e+00
9.122950012235770956e+00
9.354468625321199937e+00
9.091528721572013083e+00
8.852963675962854495e+00
9.145006569334274360e+00
8.774140623628552405e+00
8.831234899894747414e+00
8.719749553285812027e+00
9.219308987931677635e+00
8.864903886592307103e+00
9.127018065239926869e+00
8.843647744614886008e+00
9.092621788979268871e+00
8.709904183618549567e+00
9.133732144978306877e+00
9.281344440542486751e+00
9.389315115002210277e+00
8.648625321371000041e+00
9.145838830182832169e+00
9.105012689103785917e+00
8.798557011570165898e+00
8.937906363136731258e+00
8.931376779614874195e+00
8.934117199355988248e+00
9.122941879076142513e+00
8.735444225623915315e+00
8.823742083850289575e+00
8.992995093446458199e+00
9.283426328671612993e+00
8.940612141878560237e+00
9.002156146444024287e+00
8.738023573365836683e+00
8.754373753771378830e+00
9.203786432450320021e+00
8.997050771784621759e+00
9.162082747457404253e+00
8.815639873291672757e+00
8.709203082376060223e+00
9.218379367324411433e+00
9.044662961404226209e+00
8.828180924985874256e+00
8.862128210051087862e+00
8.705000942219434990e+00
8.621526402762926367e+00
9.337328900655418096e+00
9.304074007018757086e+00
8.784105758523731211e+00
8.793424333644004776e+00
9.029901951470352017e+00
9.058137562593147507e+00
8.834387486288239444e+00
8.807804339016657380e+00
9.097254508242324178e+00
8.987206350023310364e+00
9.196098146855199218e+00
8.821634793616428993e+00
9.177491434282229577e+00
8.858387880340441001e+00
8.746076591873965356e+00
8.825830604844309590e+00
9.234600390526523483e+00
8.740486761164250495e+00
9.323869458657851439e+00
9.295106716628950494e+00
8.976791077450867462e+00
8.999585567440240297e+00
9.002022331506170261e+00
8.982222980836604975e+00
9.038340500813569989e+00
9.202666095825955850e+00
8.727469134330233302e+00
9.192854982117440343e+00
8.848084116362521456e+00
9.070093035742820220e+00
8.994717667076860934e+00
9.300222436423871031e+00
8.907152354935721661e+00
8.602327228754745647e+00
9.075193273434111418e+00
8.670898174364680244e+00
9.090414161309121610e+00
8.617232935841810715e+00
8.890166782631043318e+00
8.990284843228184997e+00
8.898306146970206498e+00
9.182118019184997593e+00
8.574383352282692883e+00
8.577670672136044061e+00
9.195536131067068908e+00
9.002314814825096434e+00
9.077503875776226749e+00
8.999776813558915123e+00
9.019325072830273626e+00
9.217757221407563151e+00
9.013266816779628599e+00
9.204497553953753908e+00
8.717450125825859431e+00
9.157718947094162232e+00
8.878010717460067980e+00
9.201559357070683731e+00
9.119112610426494570e+00
8.985298510451412923e+00
9.166872232735785886e+00
8.716350131576158233e+00
8.995883797733982945e+00
9.170328258704946833e+00
8.877752172663404551e+00
9.071395904145177269e+00
9.184748167283432352e+00
9.099079716492783021e+00
9.038921001718527748e+00
8.872795491638983734e+00
8.518803273146495769e+00
9.184273504630406038e+00
8.804071037689839230e+00
9.192463832004648339e+00
8.908626795124799713e+00
9.013888328901170865e+00
8.923123583127695824e+00
9.065071196604520765e+00
8.557594347560673498e+00
9.082907373717658217e+00
8.833661898475858365e+00
9.190806724795407945e+00
9.093082564984783289e+00
9.386028740665329551e+00
9.016866458310962784e+00
9.263923327469610669e+00
8.806162485571405796e+00
9.535654318884098757e+00
8.965431032085399821e+00
8.970050463463538293e+00
8.985745294633554536e+00
8.785894021731419201e+00
9.173422951317881768e+00
9.079898475419545534e+00
9.184705284360839883e+00
9.068568693580969509e+00
9.206437651088014817e+00
8.692473562639145612e+00
8.982846018363517260e+00
8.782561667219262347e+00
9.048856471063842832e+00
9.249217184824427562e+00
9.021393842127087837e+00
9.109487939667728185e+00
8.893691376136199978e+00
9.285717695169516617e+00
8.871661278088716074e+00
8.697902714168934679e+00
9.474142514195955656e+00
9.255761411284906259e+00
8.394335101288429968e+00
9.460920978258245739e+00
8.873537576049084663e+00
8.984864572696171336e+00
9.475027105612719325e+00
8.788556855741671114e+00
8.876678905664403985e+00
8.653346664305967550e+00
8.677310584463597820e+00
8.999848471699891661e+00
8.884066411116471329e+00
8.758102589960703455e+00
8.425148235485295345e+00
9.318618932664046284e+00
9.249714709925552114e+00
8.954799444863960289e+00
9.244927865635760966e+00
9.359419948420104163e+00
9.097111804963761372e+00
8.974621468566102322e+00
8.986267150862467190e+00
8.861107868217652950e+00
9.085044733520783566e+00
9.085737050612644694e+00
8.515958951847750313e+00
8.982579592336294994e+00
9.062644828810373809e+00
8.922458601247598153e+00
9.250512219913201051e+00
9.190442001170662678e+00
9.036349969100085033e+00
8.935731617835218188e+00
9.127373416963230568e+00
9.086014524491060840e+00
8.826103699634387567e+00
8.915937635973619990e+00
8.842919242547251812e+00
8.800910893033636384e+00
9.328476970705493088e+00
9.028801040077093276e+00
9.056856059791838831e+00
9.263463800756545297e+00
9.536506815479059540e+00
8.631611973164671880e+00
9.236595227906862604e+00
8.681591253446661938e+00
8.873239194599729984e+00
9.046274431867391996e+00
8.964733679308151792e+00
9.085177831871058984e+00
8.616198801960280207e+00
8.765241030538955869e+00
8.958727357143924763e+00
8.836641803202732959e+00
9.107893265518086423e+00
8.617219122515333396e+00
8.795387259735749197e+00
9.088494101141112225e+00
8.497331776960828975e+00
8.840656071878052913e+00
9.186830011334654600e+00
8.917248579864153868e+00
8.847774197164801180e+00
8.893732518166544310e+00
8.685493935583872727e+00
8.995566524764758043e+00
9.037330404611253698e+00
9.287806451617532488e+00
8.904205948591126685e+00
8.610799411631955280e+00
9.193340608188041330e+00
9.065232147276143237e+00
8.701029950230486421e+00
9.151082987042991945e+00
9.058288927225781606e+00
9.340576894121683793e+00
9.066484645023571431e+00
8.958701725972638030e+00
8.571831868581149649e+00
9.414198208589207084e+00
8.899814535103862667e+00
8.782504415539289511e+00
9.052728987516687198e+00
8.628285823427102486e+00
9.196291098545051668e+00
8.809303975356675309e+00
9.260685059307764533e+00
8.963588264229308322e+00
9.215829485799014620e+00
8.956298795737041019e+00
9.478708969297022335e+00
9.081080368243265255e+00
9.012834660875666870e+00
9.013044558648280358e+00
9.088170651475810047e+00
9.359815920392250632e+00
9.161070546234677536e+00
9.344909830083334867e+00
8.938015172178713996e+00
9.112082083731920079e+00
9.297131592414132228e+00
8.837106311813917259e+00
8.899901622974896398e+00
8.852687073129322570e+00
8.921870837877161620e+00
9.230474707853153049e+00
9.050060123894841269e+00
8.725866585646366858e+00
9.058138105461196687e+00
9.092305826676152947e+00
8.996818373776761746e+00
8.864465321535739406e+00
9.134107840957920388e+00
8.644862513071819521e+00
9.166836715807207270e+00
8.971626284463093626e+00
8.820662513650093572e+00
9.018281376393765925e+00
8.851312335309458490e+00
8.894055332816810377e+00
9.357655175872345410e+00
8.913243230366253655e+00
9.086452814801686984e+00
8.903746190774310065e+00
8.970173040512907647e+00
9.062149125374805436e+00
9.132515760324583454e+00
8.948581518028204229e+00
8.670746324736708033e+00
9.067292730789231925e+00
9.113569304268921201e+00
9.437098772361826704e+00
8.849422626667731606e+00
9.256526798202264317e+00
9.160466010494399569e+00
9.042215280518387743e+00
9.135880383223668133e+00
8.516488498939082774e+00
9.227004984415883015e+00
8.909942281224276783e+00
9.160920842351318427e+00
9.121764958175718974e+00
9.292569919285346813e+00
9.097261288413903912e+00
8.880429759718024840e+00
8.866742565582644175e+00
9.084378116821227422e+00
8.925808664371814416e+00
9.043382425624479026e+00
8.874986861476523714e+00
9.238387281927995076e+00
8.766280196561993421e+00
9.343956738844454435e+00
9.008845983043213934e+00
9.229571853421154159e+00
9.404350397157449137e+00
9.223924451038545413e+00
8.630591174651982556e+00
8.932026046967932231e+00
8.626766446221138196e+00
9.107181001700393352e+00
9.001595261919815627e+00
9.266985397216197740e+00
8.849228373955886795e+00
9.110448417712701641e+00
8.566754494498063366e+00
9.099424117072294038e+00
8.837550584745219595e+00
9.233575014917697388e+00
8.960035212304353180e+00
8.610534398393047795e+00
9.297513299826649202e+00
8.862567998552972171e+00
9.265088827184175813e+00
8.973086879696465346e+00
8.761159226773983733e+00
8.821955580000459207e+00
9.765211614828027464e+00
9.081017328627119412e+00
9.017893805743948832e+00
9.082781140327709224e+00
8.715761408737234817e+00
8.992660526920095876e+00
8.904003484887768494e+00
9.248521360850991968e+00
8.901702846297897764e+00
8.921376690124782627e+00
8.916290871573558263e+00
9.308022755192988384e+00
9.205325790775050976e+00
9.107016456642634594e+00
9.197038035895614527e+00
9.269467376318864638e+00
9.052793900394684457e+00
9.148191936764270338e+00
8.990326993856445625e+00
8.774732831295654734e+00
8.777154161903375496e+00
9.308775059354651660e+00
9.071708584294698952e+00
9.261835511797295695e+00
8.204044433740952158e+00
8.874023418573056432e+00
8.949124583373183839e+00
9.037794378548580809e+00
8.818435590426291881e+00
9.168653417627290025e+00
8.834432474458056461e+00
8.916714068554872696e+00
9.367796846776686337e+00
9.060547397409260739e+00
9.174404022880601417e+00
9.029981275081352621e+00
9.077121588489513115e+00
9.122426517140119984e+00
9.254218822890788232e+00
9.284521367488062893e+00
9.343266447255519580e+00
8.879688364844822601e+00
9.131409648963700221e+00
9.267536927164526261e+00
9.077330022474324522e+00
8.847134204358976461e+00
8.795485210726978309e+00
8.823475252450528217e+00
8.868446831956640963e+00
8.728866631625235684e+00
8.819468016492068685e+00
8.654712937845312481e+00
8.941487259780494412e+00
9.089407984352435577e+00
9.037882907368336660e+00
8.848028123746644269e+00
8.806832961459500453e+00
9.012431142600910050e+00
9.069101365335342280e+00
9.274650300968772854e+00
9.116530294856703520e+00
9.067569776534257997e+00
9.279866967380486997e+00
9.000466373000817200e+00
8.983316696820114799e+00
9.208395425667886158e+00
8.610296256144252425e+00
9.261933095993269305e+00
9.124019318559856373e+00
8.969548171175834028e+00
8.874735004106073077e+00
9.082431662180463050e+00
8.366271529565880272e+00
8.766236708327520333e+00
9.213873894278846066e+00
9.005883914095925036e+00
8.999537511914210697e+00
8.802166604010238871e+00
9.103906126472205429e+00
9.387151087106291314e+00
8.980496659278816907e+00
9.023052347290137831e+00
8.765764532857518887e+00
9.102269304853624732e+00
9.201920786128379603e+00
9.283811811925685831e+00
8.929396062759408892e+00
8.976483975394884851e+00
8.910746124978306426e+00
9.094919569483241872e+00
9.021248914439672362e+00
8.427147189985053188e+00
9.112226747374014835e+00
9.050477635132331500e+00
8.904761172335545538e+00
9.394823657752247925e+00
9.125631604327820057e+00
9.331032864420873096e+00
9.036825867947964497e+00
9.233087526254257327e+00
8.870642964769245964e+00
8.633846987534925077e+00
8.870704200185270949e+00
9.201431028702776516e+00
8.722523567519949950e+00
8.842823193460302988e+00
9.508101619272187222e+00
9.086816050962875480e+00
8.552913592638047291e+00
8.842319182303169711e+00
9.176473278144012369e+00
8.964444959341360430e+00
9.137591848445586251e+00
8.704388571393884888e+00
8.866760829995705251e+00
8.988851629245861119e+00
9.309278822782061980e+00
8.955105489245266170e+00
8.650520703919180932e+00
8.632114818885208152e+00
8.949845756097465355e+00
8.957287620862976141e+00
8.624454566562533842e+00
8.748915400763518591e+00
9.200344135095720688e+00
9.037450714157785114e+00
9.072896786908701827e+00
9.070933473961027005e+00
8.891352958343427204e+00
9.074881823702442674e+00
9.154853120125867605e+00
9.257265543298698773e+00
9.049909556936736266e+00
9.253203564639022716e+00
8.886067964786064977e+00
8.886545838414576792e+00
9.029678015861438922e+00
9.153794610340032278e+00
8.906574737993416591e+00
9.025862955139833943e+00
8.867149630443293518e+00
9.058878575171529945e+00
9.257664758586177101e+00
9.076745029951979404e+00
9.092941592502535642e+00
8.930246253561628933e+00
9.108351141445329091e+00
9.083559860077494719e+00
9.162171169842658003e+00
9.110973849421126758e+00
8.754763001242871212e+00
9.145437588680405128e+00
8.964618654459867386e+00
9.422763789843626725e+00
8.739403595736362718e+00
9.149321400286716255e+00
8.942220733193602555e+00
9.135400770104853407e+00
9.060712813728097004e+00
9.040850030931324000e+00
9.014504339680318168e+00
9.178934854377304831e+00
8.684902691471732439e+00
9.164979839064507416e+00
9.048275297782158333e+00
8.627149965398999143e+00
8.942338468187521983e+00
8.991082308021175251e+00
8.938784907189608830e+00
9.045945900693247665e+00
8.517057901251085639e+00
8.981915226964026999e+00
8.784551828672492846e+00
8.990123000750164906e+00
8.586024121034892431e+00
8.754930331256648657e+00
9.059037467527693011e+00
9.187870100182353283e+00
9.486197575517826053e+00
9.207124753879906365e+00
8.709893175425735379e+00
8.711428910922228042e+00
9.069962291267035681e+00
9.005694821899222546e+00
9.012515139857276480e+00
8.836928504891016445e+00
9.155668429013571696e+00
9.309120777805782510e+00
8.790763568490929103e+00
8.906361990103013326e+00
8.910195791751522876e+00
9.325353186449291343e+00
9.222892462024967486e+00
9.108220633832988966e+00
9.083030417707876225e+00
9.203821701364024221e+00
9.039069387591705862e+00
8.921490256587702561e+00
8.442783564197918977e+00
9.002214731441528173e+00
9.109322796508571685e+00
9.313487311579322636e+00
9.002806349307874711e+00
9.236695167534426432e+00
8.805579834267366124e+00
9.219590162973643643e+00
8.895633006750760075e+00
8.853926438708302982e+00
8.860597156303990474e+00
9.212524188619603649e+00
9.404881542216950052e+00
9.301659205973169975e+00
9.116991856010271178e+00
9.506087718900749550e+00
8.724547157253265794e+00
8.650055035610710874e+00
8.611935590799946638e+00
9.289462779519858771e+00
9.181596318722291983e+00
8.696398359962493885e+00
8.962827339668464788e+00
8.936185494391045481e+00
9.282898434397049314e+00
9.034081390664159272e+00
8.576073858553144191e+00
9.151257059305352826e+00
9.286986298313149035e+00
9.124817611507962667e+00
8.941498814961047259e+00
9.599717937611044860e+00
8.937215398953709311e+00
8.755707672013771870e+00
9.015042147929390737e+00
9.132607912497871183e+00
9.007506970762367615e+00
8.969565184173942995e+00
9.039771677649515169e+00
9.055865510905670490e+00
8.703112748619439287e+00
9.048232636988668531e+00
8.741024273202523176e+00
9.229050781903437084e+00
8.681705855813159900e+00
9.192326127807879388e+00
8.803805728086338434e+00
9.179409954324558640e+00
9.294776731340220977e+00
8.803592668759742779e+00
8.925702931486190650e+00
8.785971717711786866e+00
8.923688461558951346e+00
9.637049828916259386e+00
8.753519064517501391e+00
8.820999689889340800e+00
8.936903816916979437e+00
8.772120557152549125e+00
9.305868656197709754e+00
8.974613444793682504e+00
8.924511371505467139e+00
9.206769435446968686e+00
8.950496304050304275e+00
9.261292276563365178e+00
9.300475515421867456e+00
8.754153722993542885e+00
8.871098197526329443e+00
9.097275250815211933e+00
9.164965774149202105e+00
9.071514535779639843e+00
8.841465128353252823e+00
8.909365474912309679e+00
9.360695436448649431e+00
8.495582639294404714e+00
9.464133441043362183e+00
9.055763452144487857e+00
9.052255584047644632e+00
8.940322566066852161e+00
8.923086207959356031e+00
9.270765585544754828e+00
9.421371518426218117e+00
8.928702730051092828e+00
9.278743766785988001e+00
9.111453151627769032e+00
8.948911619916536608e+00
9.223331182509340920e+00
9.226920500451061713e+00
8.717269155463142738e+00
8.672081780493064329e+00
9.401324506114313806e+00
8.987566540645206103e+00
9.165005102771681678e+00
8.797358896090424096e+00
8.953897874293936354e+00
8.880137305803513570e+00
9.083182612384540278e+00
8.695569306324214764e+00
8.887153944892817847e+00
8.687014720275053392e+00
9.556620854283906397e+00
9.526517430039850964e+00
9.465578582119839268e+00
9.014400751372660281e+00
9.254981413092284726e+00
8.858242966643963712e+00
9.007819513790392918e+00
9.269718337712347989e+00
8.699291237150653444e+00
8.976792157221114010e+00
8.956473628720655000e+00
8.635142683821815268e+00
9.265200189514906981e+00
9.247136419823673847e+00
9.101330600877084009e+00
9.103884299162096738e+00
8.927400373822520052e+00
9.218392249249678372e+00
9.304720416520956050e+00
9.247288245296918063e+00
9.537150397567168980e+00
8.915908628478481646e+00
9.058610882999836633e+00
8.940926878562303060e+00
8.568489142801039904e+00
8.574740021132848611e+00
8.676061644888102720e+00
9.440280940015995270e+00
9.153751484729186316e+00
9.165788347723099250e+00
8.655091327897133979e+00
9.158667739991505741e+00
9.271201513576418307e+00
8.670370878137445558e+00
8.849738210613239175e+00
8.562782361125039543e+00
9.105179542142698423e+00
9.129972524487280694e+00
9.329646571639278463e+00
8.995478935912153418e+00
8.894444139890543610e+00
8.976086359017401151e+00
8.805932340029718475e+00
8.767842704034370271e+00
8.476006477103412706e+00
9.050979630935943376e+00
9.140106520379605470e+00
8.732167558973744192e+00
8.925396056529937283e+00
9.051107931241180182e+00
8.682404548330733718e+00
9.091578124603408639e+00
8.885239890131041207e+00
8.500963029317553321e+00
8.945659522535553521e+00
8.764317611649959261e+00
8.815616499545985363e+00
8.921793533272964538e+00
8.952104307516316695e+00
8.862342876491492660e+00
8.934065875487767983e+00
9.241770645284628216e+00
9.435016467989445488e+00
9.283537244423254009e+00
9.039323868114252036e+00
8.614124545047427972e+00
8.631572275645625680e+00
9.126281394504310640e+00
8.822215280953685124e+00
9.102857623741121174e+00
8.666289066961082810e+00
9.275631570771675882e+00
9.166746333901272692e+00
9.049910129418297089e+00
9.147072603800802781e+00
8.530639892299323179e+00
9.255420209453799174e+00
9.068571943017538217e+00
9.428779075897367079e+00
9.510603500760488771e+00
9.026262406118700454e+00
8.969658771153397936e+00
9.218182968858654291e+00
8.842593485591352831e+00
8.957102032769423516e+00
8.913123301124294073e+00
8.987167987260050950e+00
9.343584300170402202e+00
8.757026630508295995e+00
9.044383008086869680e+00
9.345603135109106674e+00
9.010379959549618789e+00
8.872452243614615597e+00
8.566590552437325812e+00
9.010810020670625420e+00
8.580213203219296147e+00
9.289502862992232934e+00
8.610932181396837137e+00
8.687024047381381564e+00
8.836626341838547560e+00
8.714462682207010147e+00
8.869109902972891035e+00
8.836333544468352841e+00
9.003946117373951452e+00
8.881940897136928470e+00
8.992286761501027570e+00
9.042921853136009602e+00
9.197700789039346958e+00
9.289280179256293124e+00
9.061908955377798947e+00
8.601773921326850925e+00
8.647946016413898818e+00
9.016477699815279578e+00
8.997398335433794969e+00
8.777472433994237377e+00
8.666163985124443414e+00
9.561059024333134815e+00
9.128105586464759114e+00
8.901066787307037487e+00
8.657824766615275891e+00
8.758654486159111130e+00
9.525681381178545237e+00
8.669836239907958486e+00
9.370482025110542068e+00
8.610138770266305031e+00
9.101085112424936341e+00
8.945558397447420873e+00
9.028273863883640615e+00
8.779483123590914317e+00
9.269959418685079555e+00
9.410322121056946543e+00
9.657263328742784481e+00
9.161887275722603974e+00
8.752757413918436313e+00
9.036947742050003285e+00
9.201352490335098722e+00
8.914721847005679933e+00
8.858740777945609324e+00
8.985575713749950566e+00
8.774634380727459160e+00
9.153985170618804901e+00
9.006582137495531271e+00
8.828231586301011902e+00
8.607282897972556412e+00
9.318045267107025964e+00
9.190463399285299317e+00
9.189999834835049342e+00
8.950700376975783357e+00
9.083223022184020223e+00
8.884411703996320853e+00
9.505122869961475374e+00
9.484405144287213929e+00
8.670744638795916615e+00
8.705836090304796215e+00
8.698269956912405121e+00
8.867899221620792360e+00
9.151862474855544605e+00
9.240672450329624255e+00
9.083603033394480164e+00
9.218237436313483357e+00
8.961125155070025272e+00
9.331306132466073322e+00
8.913191691571540787e+00
9.098342238838121432e+00
9.021184619203593158e+00
9.419635140610079560e+00
8.465169960580018582e+00
9.508058219847109527e+00
9.309605830189783049e+00
8.850701019602272623e+00
8.472382828929953646e+00
8.812980292496094492e+00
9.372408783020283352e+00
8.888157919252785533e+00
9.065936781081571638e+00
9.246972095004725389e+00
8.864450927327558460e+00
8.742638689817338715e+00
8.450725584579998895e+00
9.345985483174406028e+00
9.298108530771875380e+00
9.046261308251041910e+00
8.906050663811953427e+00
8.702079014474636054e+00
9.252863620771197617e+00
9.194258522149443280e+00
9.034262916359880435e+00
9.304398338649647826e+00
8.834873402831542322e+00
9.060668818907013033e+00
9.122899478885184266e+00
8.924608149549632330e+00
8.905027816306558819e+00
9.019902231394260284e+00
9.094087254053970781e+00
8.560843168845529760e+00
9.400872634701441299e+00
8.773654703688379186e+00
9.213605417673173648e+00
9.037489516782381216e+00
9.152486211093881607e+00
8.655164240283756527e+00
9.716097002377658498e+00
8.634244410539752224e+00
9.299764521628103964e+00
8.989477161415878825e+00
8.924566094026184615e+00
9.180733117884479100e+00
9.148032822439789769e+00
9.574599993569160361e+00
8.799906936110893696e+00
9.490560226002548561e+00
9.317797889646627141e+00
9.680120919411178804e+00
8.756973439245225421e+00
9.328174858772930733e+00
9.009116311305621849e+00
8.773655438427249820e+00
9.700521448805908165e+00
8.509134012846427453e+00
8.743798852546378342e+00
9.478273082423644524e+00
9.243168655601692763e+00
8.399356178895290626e+00
8.776256014386623505e+00
9.184934120984491912e+00
8.713211194391547565e+00
9.463420600416265316e+00
8.768949811301068209e+00
9.360019442638876086e+00
9.026556939237332600e+00
9.922584236464755847e+00
9.428389775900013703e+00
9.306283342037835027e+00
9.053889265485642213e+00
9.459417293602568222e+00
9.065669814715523245e+00
9.157311949637618298e+00
9.140072698572415888e+00
9.014988431350269948e+00
9.094887262620341417e+00
8.816790759197106198e+00
9.495538437758650474e+00
8.941545365531116119e+00
9.338216594257087166e+00
9.249910882088917319e+00
8.752957653863258969e+00
9.233559161060293619e+00
9.018194095027016743e+00
8.569516664444620346e+00
9.476283562985317488e+00
9.068397384079242229e+00
9.246645318399334457e+00
9.318322630067006784e+00
8.808029135418150801e+00
8.926261949234490345e+00
9.162280084151843695e+00
8.774149955973276960e+00
8.937494686265313959e+00
8.727626022001071959e+00
9.067585618848992723e+00
9.272484253334331683e+00
8.822371265778883753e+00
8.847175961964239832e+00
9.202061835922254573e+00
9.143350507728975174e+00
9.195460593429324092e+00
8.866412925493454722e+00
9.359412257483427311e+00
8.738327728492210511e+00
8.732987702440862421e+00
8.751034053169924221e+00
8.872290390489615319e+00
8.662205691049603473e+00
8.832139768261583868e+00
9.088250649968900419e+00
9.375724884782531632e+00
8.951988933107763557e+00
8.585807877385965625e+00
9.039199687466588529e+00
9.533111951136389095e+00
8.679232911404890061e+00
8.961204192158319870e+00
9.235178689109680761e+00
8.531260346678754658e+00
9.250520350489461308e+00
8.798940276730213839e+00
8.617718349299417824e+00
9.515761691381140253e+00
8.766852447396043857e+00
9.142719974237188296e+00
9.555422278988549678e+00
8.921071133255132679e+00
8.961060576119869836e+00
8.775740913268295529e+00
8.860035715331433082e+00
9.329107454006074107e+00
9.260157057741608355e+00
8.685793644094298216e+00
9.031500050496298115e+00
8.834242144006610786e+00
9.244297091773898245e+00
8.971470107214045697e+00
8.803334384825493686e+00
8.720945480367547020e+00
9.559809123926710228e+00
9.186333266312662005e+00
8.875622152663424913e+00
9.238422830434380728e+00
9.003353736201679780e+00
8.746959777845576767e+00
9.165197865250874543e+00
9.382784671895821660e+00
8.198029133562716453e+00
9.365834668080701420e+00
9.301369915727592641e+00
9.169172098955932881e+00
9.308535765032772247e+00
8.727664350702067253e+00
8.596312015169386811e+00
9.368715518263661224e+00
9.334844885354618427e+00
9.299647599991036628e+00
9.344019935624713113e+00
8.885142915931973917e+00
8.353605117142787861e+00
9.280738779917516723e+00
9.055844955153062870e+00
8.465014238619463782e+00
8.866296976493861948e+00
8.806886054301656941e+00
8.693950658403219123e+00
8.657366656601622523e+00
9.196721002348823504e+00
8.820290799729324505e+00
9.241349765637941971e+00
9.035217811741492966e+00
8.970202657572949434e+00
9.131534561560568974e+00
9.131746995335111805e+00
8.898531675943960551e+00
8.981434719029683933e+00
9.239061333803302745e+00
8.967399474302688134e+00
9.198464077506720571e+00
9.240998163354152695e+00
9.096055826471065586e+00
9.072482600173460199e+00
8.561788409230809194e+00
9.162387928315663288e+00
8.949551338425678182e+00
9.382237837048855056e+00
8.946559969247324773e+00
8.746923890280914549e+00
9.001780325492763524e+00
9.329668558229975872e+00
9.544212227230110202e+00
8.884339637054837979e+00
9.054545577483892771e+00
9.298101678895655198e+00
8.933507092154316709e+00
9.342698469527478622e+00
9.402002298635229849e+00
8.973117956596540878e+00
9.423759625380794702e+00
8.874205469602054919e+00
9.332157847747470925e+00
9.007539714013518051e+00
8.706970310464418716e+00
9.947325979396522300e+00
8.834630459929314839e+00
9.469243404750898208e+00
9.048611040064518107e+00
8.998791841131716041e+00
9.330651361100324337e+00
9.131724272353075378e+00
9.037934054518222737e+00
9.459187028152301835e+00
9.287991919060173629e+00
9.483620374416275922e+00
8.958714167419419283e+00
9.300482150794417535e+00
9.210772136686243172e+00
8.767325366148838839e+00
8.596529549913949353e+00
8.951888988276422765e+00
8.850038207529996370e+00
9.617561196634346388e+00
9.040445934589380172e+00
9.206511378545075175e+00
9.303070726509094612e+00
9.187202400009777392e+00
8.832335728642938477e+00
9.130082124081663864e+00
8.903872346448777009e+00
9.152881399628064685e+00
9.031290061212905229e+00
9.150666477931473253e+00
8.855801939669616374e+00
9.068303627593721217e+00
9.236064579209013914e+00
9.000952484430161604e+00
8.981998818491767622e+00
8.894257684647516982e+00
8.750662673241246026e+00
8.999759016207773854e+00
8.816352540421700468e+00
8.830078619556905650e+00
9.203314649360434530e+00
8.997723744386362910e+00
9.459445190026999128e+00
9.429144970263902081e+00
8.904755369534219867e+00
8.915840533551852687e+00
8.942852033503125853e+00
9.260666536718655806e+00
9.085224745889368236e+00
8.956614240687850170e+00
9.078762891663261669e+00
9.212061152372532646e+00
9.143674837697508551e+00
8.847548616992371606e+00
9.285855726852762615e+00
8.789030863908395830e+00
8.680391254081675001e+00
8.971708646554718669e+00
9.111583886143291622e+00
9.101907440277690498e+00
8.510225509374500064e+00
9.474709407495000235e+00
9.202515051463494800e+00
8.686351769060445704e+00
8.748980257991835430e+00
8.371791130895600119e+00
9.287070217548025752e+00
9.034368597034871939e+00
9.121039049375536223e+00
9.890592231382290933e+00
8.594362966317417474e+00
9.381758880139848600e+00
9.160789799367911712e+00
9.183135428177401138e+00
9.151505706225657732e+00
9.263664776083590624e+00
9.207889670308357921e+00
9.528610782483236008e+00
8.726328273420259407e+00
8.937584397184057394e+00
8.793852371028675563e+00
9.105032557090938283e+00
9.435717864717087622e+00
8.884449461619007948e+00
8.753214516284971936e+00
8.540850742869702472e+00
8.962236559903546507e+00
8.982700558230453325e+00
8.628551954942732749e+00
9.118000328845075941e+00
8.732474893927768989e+00
9.112786751982744349e+00
9.648370010134669883e+00
9.214916866450602484e+00
8.481805364526099567e+00
8.590930311077089598e+00
9.286289401152235001e+00
9.144154827657521523e+00
9.274014449507191671e+00
9.164407952587467321e+00
9.016409259870332704e+00
9.282177760425369684e+00
8.811206713937036028e+00
9.015152568245742515e+00
9.082217144109231199e+00
8.890221051347134917e+00
8.585684560760935113e+00
9.666704167345955057e+00
8.998080116961922670e+00
9.012589411027933650e+00
8.707779375284465218e+00
8.828566752002233287e+00
9.089828884055370040e+00
9.234319220325247102e+00
9.142750222588240661e+00
8.862897101315839521e+00
9.242544632078011801e+00
8.629671957134446458e+00
8.792573362875941712e+00
9.048586659943666177e+00
9.513009861497936370e+00
8.750936800454102382e+00
8.937166838689265091e+00
8.702681705882264751e+00
9.193807932414410189e+00
8.917824624555054314e+00
9.698850419277793122e+00
8.621942011386433791e+00
8.857298260648729382e+00
8.663619541622200160e+00
8.885960940745960102e+00
9.184605122773595198e+00
8.710546851242128241e+00
8.714214525188181071e+00
9.560895028556183561e+00
9.045865860613448106e+00
9.378659676100070897e+00
9.186389861414628655e+00
8.837901920060410532e+00
9.164950546160854472e+00
8.974245667521254077e+00
8.917542420876845455e+00
8.994417561275646733e+00
9.077920549328323929e+00
9.326717056273620798e+00
9.437306022289877916e+00
9.214266948963768300e+00
8.731346872718386720e+00
8.935651837847823131e+00
9.197997373607259775e+00
9.025343932825947491e+00
8.730187833383999063e+00
8.719043389811735878e+00
8.967894875451401404e+00
9.193437559159809425e+00
8.769133814135132710e+00
9.094709738156481649e+00
8.981681048291909164e+00
9.470035776777439906e+00
9.313474121993067456e+00
9.129168130547657967e+00
8.988731525046423698e+00
9.168795078705025858e+00
8.653930110814433974e+00
8.569621450598017276e+00
9.311564314729128711e+00
8.941793802231513766e+00
8.825038032875397676e+00
9.547504112025778866e+00
8.998895808920091000e+00
8.822911771665753022e+00
9.128323627289987030e+00
8.801781860211159270e+00
8.963971756741132779e+00
9.421045101583688464e+00
9.389738176914260492e+00
8.794304076434567463e+00
8.968495276635508162e+00
8.706250987358405524e+00
9.003687058476764093e+00
8.913502488045601524e+00
9.429602243405954098e+00
8.942783276559371330e+00
8.591755677179738981e+00
9.368613070603942106e+00
8.963975086526424718e+00
9.200498116158764006e+00
9.003921136283834059e+00
8.868941694153708255e+00
9.034861727999349057e+00
8.870094152011107624e+00
9.040999079763890833e+00
9.003399031481777115e+00
8.426868846975420269e+00
8.862835303469672965e+00
9.374877694602229639e+00
8.969257356434990669e+00
8.994740756316117469e+00
9.170117953118145593e+00
9.409250692754270062e+00
9.078696117739577076e+00
8.689172967326930674e+00
9.275377565147438830e+00
8.729071286314248113e+00
9.145489459517079922e+00
9.576765322905098188e+00
9.304720735050203473e+00
8.767956081772439347e+00
9.164051437598175198e+00
9.222482847685757434e+00
8.732627338604133982e+00
8.964107091468481059e+00
8.810755775972671344e+00
8.876988754788476044e+00
9.556211219361182785e+00
8.780168193880715677e+00
9.027092539358665846e+00
9.023295075540707089e+00
8.797259839409209192e+00
8.825369957052348724e+00
8.973269579386158767e+00
9.180269895365444910e+00
9.688957790029835593e+00
9.168913861402153032e+00
9.148341311510449714e+00
9.118530329653609101e+00
8.306989276498029540e+00
8.825957102619655714e+00
9.172852577840831856e+00
9.007598878817942634e+00
8.942149370555853238e+00
9.366946769626387947e+00
9.021610862404955355e+00
8.698740668247964436e+00
9.316509557675129116e+00
9.005673755299035577e+00
9.331383829125575957e+00
9.155984144290743032e+00
9.070012384940659089e+00
9.067006546402234690e+00
9.183236575788210843e+00
8.758454871805176012e+00
9.122568665131669974e+00
8.774145684760075170e+00
9.175373194827317391e+00
8.833030540912901074e+00
9.005048578326775299e+00
9.131999167225110625e+00
9.146710550886187008e+00
8.702431854908427411e+00
8.975604478673721687e+00
9.151926863656168365e+00
8.816734673530357114e+00
9.065677481842808305e+00
9.027743869051993997e+00
9.261327389651047071e+00
8.907152012381549966e+00
9.085769741850217684e+00
8.709996027601107471e+00
9.223021134572213953e+00
8.948695284351719792e+00
8.832301315336229308e+00
9.467597641458112889e+00
9.145207875408186027e+00
8.914616661966993760e+00
8.877384035989205557e+00
9.505900142791320562e+00
8.892848340841368326e+00
8.809866012159263349e+00
9.080437582074251779e+00
9.066712206718138489e+00
9.312254318788241392e+00
8.860458448232645168e+00
9.183991763551579979e+00
9.351849794766863511e+00
9.694570673756409462e+00
9.428257564491499210e+00
9.180313649208393656e+00
8.833084494027232836e+00
8.885056406202791024e+00
8.637428520455902259e+00
8.886664138254674938e+00
9.534977859787160170e+00
9.210760451642279634e+00
9.123925604700664493e+00
8.964064625454756907e+00
8.996551861708336872e+00
8.829208564216630251e+00
8.991517564281696906e+00
9.190971523676537913e+00
8.679407564354463034e+00
9.159334253417872773e+00
8.782292493888503415e+00
9.079045285457745251e+00
8.866409752642855580e+00
9.027183778985930829e+00
9.027546916691054690e+00
8.553096231777230329e+00
8.732926639692712101e+00
9.059717854626985201e+00
9.223211632064209908e+00
8.556611090513472462e+00
9.160212209326031640e+00
9.019332272623271862e+00
9.302139546368495715e+00
9.433122349848627408e+00
8.914510341803227433e+00
9.044425954911417875e+00
9.276270039166272241e+00
8.700917147463801626e+00
8.796086295740821015e+00
9.397110361409007240e+00
9.069131592590338187e+00
9.116738093540163845e+00
8.909341776945735702e+00
8.706146204138340394e+00
8.942757535996321394e+00
9.480066294222972090e+00
8.973556097757604988e+00
8.742875500109281717e+00
8.653510283928108393e+00
9.286848698173100658e+00
9.143121404624796611e+00
8.980051388648060851e+00
9.189309173128647146e+00
9.085380112756585191e+00
8.998656354506858079e+00
8.696733027926148552e+00
9.024274356429767607e+00
8.827746896442077329e+00
8.639807561125511626e+00
8.976293194565890587e+00
9.203093680055751236e+00
8.714514301058970958e+00
9.129039885234204732e+00
9.104276370339691837e+00
8.932439875759582648e+00
9.206606565068728543e+00
9.582195229929292069e+00
9.311904474298961176e+00
9.208846461249848403e+00
9.252075324165042858e+00
9.073412862354365060e+00
9.033361357447123652e+00
9.199373407033670347e+00
8.848741488171874892e+00
8.759672927701222633e+00
9.506259373929138334e+00
9.215685622869813187e+00
9.117931669488104518e+00
9.200189129184282777e+00
9.001575304462985372e+00
8.964974085636308487e+00
8.615801378752664164e+00
8.713458537612355670e+00
9.311529028536432051e+00
8.917556961774799618e+00
9.367384213772771417e+00
9.306631793867557789e+00
8.971130638549139391e+00
9.306809911630926635e+00
9.235346616679304788e+00
9.019932252627002711e+00
9.216424781082038109e+00
9.401064585344597546e+00
8.869238780553999391e+00
8.917732292007620742e+00
8.849956503222857762e+00
9.448296665338672184e+00
9.492347134295416211e+00
8.709307865122440262e+00
8.965386744088631232e+00
9.248418255546038580e+00
8.896126853129963763e+00
8.882469574999223738e+00
8.901174758854935476e+00
8.834767065664829389e+00
9.129773804437874674e+00
8.707240430854731983e+00
8.983315424275826189e+00
8.889915156221125159e+00
8.788443628061861190e+00
9.079527553356268044e+00
8.702453791316411724e+00
8.953728867504466393e+00
9.184184748937195053e+00
9.273037370502962062e+00
8.930623924640180178e+00
8.858741780655819298e+00
9.528516276484630509e+00
9.049845816871275872e+00
9.097046514047791632e+00
9.235338316702128125e+00
8.539060909480042483e+00
8.988504030056182259e+00
9.209525693141891622e+00
8.886064911187531834e+00
8.726537871787034106e+00
8.923475881056729619e+00
9.089506757522634928e+00
8.618512925078272602e+00
8.793337816038986787e+00
9.063041792041223843e+00
9.189106188991667423e+00
9.055713143152406275e+00
8.977290575573968923e+00
8.782442776084636193e+00
8.977120406124772245e+00
8.886713477799057515e+00
9.054465385438975389e+00
8.536176424893499259e+00
8.944626542120722945e+00
9.182960796763623534e+00
9.494239827192009429e+00
8.942943945681591345e+00
8.957449416299082756e+00
9.048931442492616384e+00
8.628340910850917922e+00
9.530790952590869836e+00
9.270343404297761936e+00
8.866289357338457577e+00
9.179271502167077657e+00
9.731966076227593021e+00
8.476634421550103937e+00
9.078401758095454355e+00
9.153924739736394756e+00
9.093299979401235689e+00
9.188891856151146342e+00
8.867383689657851065e+00
9.002186779805693817e+00
9.139012249686167877e+00
9.033606090218299300e+00
8.991189128784219164e+00
9.056133367665102796e+00
8.887354490274251617e+00
9.115082112900545042e+00
8.851022592810219081e+00
9.195120930196186038e+00
9.365719112762310061e+00
8.976657755333746991e+00
8.967401169279355599e+00
8.826828572665668560e+00
8.988135056789898769e+00
9.210150907723251734e+00
8.891829457975852335e+00
9.185766626989455119e+00
9.132428452194902846e+00
9.315102812572513713e+00
9.027309452532978895e+00
9.293260155213042495e+00
9.060405948306682333e+00
8.860500027057527817e+00
9.148162364493741094e+00
9.268474386742852289e+00
8.815094664247997258e+00
9.245728532176002545e+00
8.729159865371533655e+00
9.016931017477597621e+00
8.803344653680701626e+00
8.866444680501816222e+00
9.279841996755033406e+00
8.895054770174148473e+00
9.218223355937176677e+00
9.065463946997248001e+00
8.851924794719836953e+00
9.040718118672915082e+00
9.044457570568647853e+00
9.239946470704637704e+00
9.166048289395373416e+00
8.765437150392184407e+00
8.940564086746887185e+00
8.898092069394781589e+00
8.987896542940299938e+00
8.999364633592900731e+00
9.240003607589354573e+00
8.650803281966036096e+00
8.525041760479370012e+00
9.095060357698592668e+00
9.043746493966811073e+00
9.191323405039357297e+00
8.803524872075831453e+00
9.257590475819558407e+00
9.032862954948649659e+00
9.288713009937003662e+00
8.887202335315008028e+00
9.059235526105915426e+00
8.918021321775080779e+00
9.182408679135495078e+00
8.675591383693037173e+00
8.816008034538358018e+00
8.816166782877116859e+00
9.722768703087178110e+00
8.963353848473037289e+00
9.411037233521133416e+00
9.294579754173323494e+00
9.034274066362291578e+00
9.013416966335929814e+00
8.719321914330441459e+00
8.786521921295802784e+00
9.058179953975008303e+00
9.245557589093237993e+00
9.115229538739251680e+00
9.146440200772239848e+00
9.409341994911104123e+00
9.315044622359778259e+00
9.071809020663126333e+00
8.959408928921304138e+00
9.126073055682336843e+00
9.035943419279043098e+00
8.406385881660382253e+00
8.940774922075110709e+00
9.189194933173080670e+00
9.195647237059466406e+00
9.101192548077747801e+00
8.996238235827906493e+00
8.972019122427676407e+00
9.217011773146808196e+00
8.926476879019563881e+00
9.160953822962655480e+00
8.787999948834936959e+00
9.019874751822301917e+00
9.058977263071891883e+00
9.175742470006664320e+00
8.882651099168585418e+00
8.733681539295128360e+00
8.980883077528897473e+00
9.065484388707176322e+00
8.915079286884928678e+00
9.168207840304061662e+00
8.860883981303935286e+00
9.007626968280190383e+00
9.264700629310537394e+00
8.982948526414945789e+00
8.854661052590881098e+00
8.941649569933405317e+00
8.980814510764124847e+00
8.755402512110579849e+00
8.947524480338682196e+00
9.125384684261577561e+00
9.051726877972182450e+00
8.701608910105724348e+00
8.967948421612724985e+00
9.049280816173585151e+00
9.428002747340904932e+00
9.055398401694414900e+00
8.969794608888896903e+00
9.230631467583846117e+00
8.891673223254725755e+00
8.482459789374606984e+00
9.069026198750373524e+00
9.110940726179499904e+00
9.035957461203931729e+00
8.588307841782306440e+00
8.842957721849199260e+00
8.999393722806845020e+00
8.882983130646133318e+00
9.164133576103374423e+00
9.066063829560029319e+00
8.873101477061933196e+00
9.047710524444704916e+00
9.176785682345776962e+00
8.882139579286379316e+00
8.899282909463314795e+00
8.760398806794439608e+00
8.871191127121301534e+00
9.136511950481112976e+00
9.271834751041145850e+00
8.924610657322688212e+00
8.516073639097095693e+00
8.885761428801473016e+00
9.367079635522166825e+00
8.756744258651080415e+00
8.752754422591753070e+00
9.166448825246241938e+00
9.014758206745659308e+00
8.942360851645899444e+00
8.740895402803749548e+00
8.744333284959516561e+00
9.136229369194078131e+00
8.808644099809290751e+00
9.049723877174688624e+00
8.931487024641299399e+00
8.843618881935212173e+00
9.256497659408887912e+00
8.748701888674178306e+00
8.813999079222838873e+00
8.798431586022573470e+00
8.801617984974628328e+00
8.882142702219313790e+00
8.917628762458416958e+00
8.773837895137903686e+00
9.432998093682765983e+00
9.216196193817332016e+00
8.802058490533049451e+00
9.128930356409385993e+00
8.702583307159683201e+00
8.808813830406107215e+00
9.379576346932532616e+00
9.074902514611556725e+00
9.735522544184691540e+00
8.948862747273915730e+00
8.875458438679554973e+00
9.126247117395358543e+00
9.303784052539521454e+00
8.941401188155847279e+00
8.744165229494344160e+00
9.210906378056547439e+00
9.042652275981282628e+00
9.154103577266488045e+00
9.209003222960596702e+00
9.065766976439798341e+00
9.178523131137902524e+00
8.576704965016485716e+00
8.946014616009884790e+00
9.203143148248912553e+00
9.107174872490055861e+00
9.451461392773573778e+00
8.545443412740372224e+00
9.059369324023023751e+00
8.891769995277424954e+00
9.079314834261559497e+00
8.680500557121225924e+00
9.613632726324192745e+00
8.928666446107772714e+00
9.203576799717827939e+00
8.601690278843273418e+00
9.016484083815516470e+00
8.938760917479202206e+00
9.010954002222394621e+00
8.907789205691102552e+00
9.010364272976049804e+00
9.011864161837479514e+00
9.188221553331977987e+00
8.802228871593426263e+00
8.905350697701516438e+00
8.984955385177959997e+00
9.325934578870468172e+00
9.060930831681622166e+00
9.134108572879593879e+00
8.883604606639167400e+00
8.815684429066136474e+00
9.180404756104909580e+00
8.811150633334383642e+00
8.899011496674019028e+00
8.889088453071058993e+00
8.999582603535770886e+00
8.696107407234196174e+00
9.183961104828707533e+00
9.004513624103976710e+00
8.946114644246399905e+00
8.930404139538310915e+00
8.799737080586885085e+00
9.107354521627543775e+00
9.476415864591254845e+00
8.913648645934804549e+00
9.083383417291315709e+00
8.995425791393410364e+00
8.591024785644419737e+00
8.974391136208978992e+00
8.741698602199969415e+00
8.983632393683540940e+00
9.255904250614008788e+00
8.651379207953919348e+00
8.758596074499577000e+00
9.209599753254622101e+00
9.192481499861651528e+00
8.849400302255256534e+00
8.904907477284371708e+00
8.971115405072508153e+00
8.881077026964552701e+00
8.794988458300476708e+00
9.177692592730020138e+00
8.904540672942848900e+00
9.312241733227963891e+00
9.184911984179164435e+00
9.424031471844649843e+00
8.886987340906488342e+00
8.746390883964430429e+00
8.633382290690139627e+00
9.000271486821384670e+00
8.804308578357510129e+00
8.853728111660210232e+00
9.076329971474979885e+00
8.909843308860049049e+00
8.995134514254646163e+00
8.838360826337693155e+00
9.307669811660513659e+00
9.208205334280439303e+00
9.147113066316677532e+00
9.044997205942127749e+00
8.940663657146634691e+00
8.790806888360112481e+00
8.870604241886940855e+00
9.452105873214080134e+00
9.178552609341565471e+00
8.526931301569515398e+00
9.106082890756994175e+00
8.952560610399686425e+00
8.857215225091772837e+00
8.780658247956734996e+00
8.888391931273655899e+00
8.991308111817744475e+00
9.026997075991442188e+00
9.503416912023968877e+00
8.826433694623187165e+00
8.423609843529934693e+00
9.313291217151844492e+00
9.008112556586214126e+00
9.493145928311980342e+00
8.617975343346870432e+00
8.874999450275010915e+00
8.860067283924013992e+00
8.760180375174945411e+00
8.849624040500758682e+00
8.545932940637865016e+00
8.995684644378336259e+00
9.443005790836583202e+00
9.268087313402352478e+00
9.312527468892048077e+00
8.845314580746370225e+00
9.251780474621195793e+00
9.121213198520212728e+00
8.614148377465705053e+00
9.163335263911468687e+00
8.915072081144174376e+00
9.014257236627230441e+00
9.697962452349825568e+00
8.839587112942258074e+00
8.925386946644135122e+00
9.260723132069275110e+00
8.837548027925823391e+00
8.926273670640490820e+00
8.614692666844030455e+00
9.150856274298527993e+00
9.410333838975189380e+00
9.567023751157405442e+00
9.128197541975248797e+00
8.683276155745916824e+00
9.192667591644022806e+00
8.973988946981853232e+00
9.360771349601034075e+00
8.819763563576245247e+00
9.018963573655627286e+00
9.037117542368212852e+00
8.974027907925322012e+00
8.765335140692286586e+00
8.883049429666344921e+00
9.178763962443188262e+00
8.771529021591637942e+00
8.952509307840267994e+00
9.057503340433738614e+00
8.814692662754172403e+00
8.777491749519132469e+00
8.663087707103317214e+00
9.090443449633852424e+00
8.953649978747526106e+00
9.222745319182370949e+00
8.612800722869550896e+00
9.302103441883465607e+00
9.081575171318643669e+00
9.480330858336646571e+00
8.921749543316279230e+00
8.981752342765970454e+00
9.045192666604041420e+00
9.141476834818178077e+00
8.995908969838612990e+00
8.785129958038364606e+00
9.346389847084022762e+00
9.086406049078155078e+00
8.866152274379446752e+00
8.894655487904113755e+00
9.468955878479009769e+00
8.955192438690025014e+00
8.482499427856378560e+00
8.921855554626519691e+00
9.009262149564877475e+00
9.141278081595038074e+00
9.332240717955334830e+00
9.050251298058224592e+00
9.155405855821356909e+00
9.168478865070198935e+00
8.672729589464671207e+00
9.001079707610855962e+00
8.833381762415857708e+00
8.499163651950921050e+00
9.174574324046254503e+00
8.815331536460089268e+00
9.005598517435995376e+00
8.954941402525591343e+00
8.940780369214666123e+00
8.861078836518370139e+00
8.870894788591506597e+00
9.236150448264472956e+00
9.608285936123369453e+00
8.840935187968295139e+00
9.170915542178967428e+00
9.129512523859281359e+00
8.905873115124544270e+00
8.882886512087281972e+00
8.881553550193629576e+00
9.301288610188590766e+00
9.320093328779842423e+00
8.951161411279960234e+00
9.190271054646009574e+00
8.984993510881958301e+00
8.972505187697970896e+00
8.782020021512050079e+00
9.063899012634546892e+00
9.006574683102039458e+00
8.702386282012691154e+00
8.851422590834413739e+00
8.879338089104289011e+00
8.972996367669317408e+00
9.016833585022888897e+00
9.238437074062266774e+00
9.137248157675635696e+00
8.944320346608204630e+00
9.316677244621761389e+00
9.035582451333540988e+00
9.069569044674052449e+00
9.323392354037347118e+00
8.658246120930458645e+00
8.883960599574770356e+00
8.836260727062494880e+00
8.936431167685316979e+00
8.747573430742358269e+00
9.301011818187655322e+00
8.900967117166272757e+00
8.794094156826204767e+00
9.394084142692864958e+00
9.244908763879822189e+00
9.044740700780728559e+00
9.336927863816990580e+00
9.135394677976657718e+00
9.612907368504512107e+00
9.086542811452297030e+00
8.744522561341643296e+00
9.295108688334982716e+00
9.539904890609786747e+00
8.887593287370885164e+00
8.895957064303642525e+00
9.220679220935394937e+00
8.859718018832186459e+00
8.841893453772838640e+00
8.995311453597036433e+00
9.142939157492607549e+00
8.728982076210861862e+00
8.885684542827664956e+00
8.982960523873016356e+00
9.062525341301746806e+00
9.155886591826467580e+00
9.179137480963543538e+00
8.883036200661083015e+00
8.774971526206130079e+00
8.616391583674666066e+00
9.494829358098844097e+00
9.171437745991120494e+00
8.843056872550548064e+00
8.814654835240355979e+00
9.111951983375039532e+00
9.027660994928508487e+00
9.154044378258216597e+00
9.208901692165211372e+00
8.806374623568935078e+00
8.918988617386098383e+00
8.750073008968616506e+00
8.927072836420746782e+00
8.990094980822373572e+00
9.152790645505241685e+00
8.819826720734699421e+00
8.863025818656494081e+00
9.469067381121424987e+00
9.326766549189656530e+00
8.896369228460518030e+00
9.093418172472919281e+00
8.541670747754420034e+00
9.121651180482096777e+00
9.171832934817670591e+00
9.197895481305598864e+00
9.100423786232381573e+00
8.749968667255631161e+00
9.191816190151071098e+00
9.302640643834536149e+00
8.934011092759275741e+00
9.264429532432490788e+00
9.004023010821724071e+00
9.061210182417681835e+00
8.914650239024929590e+00
9.060827400983566093e+00
9.037773975641819391e+00
9.116622527918968544e+00
9.408552968602448274e+00
8.672561502347420515e+00
9.659360176088991778e+00
8.492809080844976322e+00
9.365285627247741829e+00
8.951228506585300337e+00
8.784559405153412825e+00
8.808100793105145598e+00
8.785558569689481345e+00
9.542342622641188044e+00
9.075130613185013573e+00
8.577137578966283371e+00
8.865634098554680875e+00
9.072254649785735481e+00
8.601317538181378453e+00
9.589284526284858501e+00
8.914401685615894522e+00
9.261246179929731426e+00
9.255408704716199253e+00
9.130060198710243213e+00
9.111379345037208921e+00
8.653926639318143543e+00
8.985780816679167060e+00
9.210844043740783249e+00
9.088234633976549404e+00
8.929880386761379185e+00
8.598845519216860467e+00
8.865830282314048461e+00
8.774138986107862692e+00
9.374621283635907076e+00
9.160271685093142935e+00
8.657294293115690209e+00
9.327624621833374263e+00
9.140806069073089901e+00
9.005653914623163558e+00
8.751518444774150751e+00
8.816757345124475620e+00
8.459655854134464192e+00
9.387902081552061517e+00
8.960851091521316647e+00
8.803367188992657688e+00
8.942512776176757328e+00
9.039675481546883162e+00
8.702112009273358595e+00
8.876499803235281760e+00
8.721656517789025287e+00
9.144202073716478196e+00
9.144594825403753902e+00
9.011288899269390029e+00
9.016986479953093436e+00
8.970222812091577680e+00
8.794686078589055711e+00
8.973028168745276645e+00
8.858567802189577733e+00
9.229821076031807792e+00
8.971967641352632583e+00
9.025168419965620359e+00
9.207501027556808992e+00
8.903644124797837733e+00
8.944065399404108163e+00
8.899301496752237028e+00
8.580047872011165921e+00
9.626738315841548044e+00
9.279759340318204153e+00
9.286856838524997215e+00
8.889616076130939959e+00
9.138971333695986132e+00
8.957420701928009876e+00
9.019582642745909595e+00
9.312515017595101696e+00
9.100597722423866998e+00
8.791423591209357014e+00
9.118364289947111345e+00
8.870848059443110500e+00
8.950662685608705260e+00
9.125202065338871904e+00
9.112021285766109813e+00
9.451885697089393190e+00
8.661441063875818358e+00
8.589919380330396592e+00
8.692424513190442070e+00
9.214178410642936967e+00
9.177250743779968190e+00
9.119688463622539487e+00
9.696237790623762010e+00
8.579747628238976631e+00
9.086451262068479195e+00
9.039797960239379648e+00
9.081238739671462668e+00
8.643187658094131365e+00
9.445705774922259934e+00
9.181317108132807547e+00
9.020970539923794718e+00
8.896356588792361464e+00
8.879957941788765297e+00
9.127271868735078897e+00
9.625281280971227815e+00
9.159455062039995710e+00
9.057919239431315717e+00
9.183733599884858378e+00
9.275902084923563606e+00
8.645455622569965470e+00
9.136794025688303122e+00
8.888600727859392592e+00
8.847450444181749418e+00
8.979715636442781701e+00
8.857269863660523157e+00
9.255463236865052679e+00
9.217219319560216562e+00
9.012584433200332867e+00
9.052593735399241837e+00
9.000004860473515222e+00
8.724372309549430327e+00
9.069319134482711320e+00
8.751296308990884398e+00
9.052809663636013582e+00
8.913669264098803779e+00
9.070351259176232972e+00
8.696081447040993950e+00
9.044033785492134214e+00
8.717455940224516198e+00
9.188289855453291466e+00
9.177390104937378723e+00
9.502597874778313525e+00
9.214242054838598150e+00
9.105673244392384902e+00
9.123548412379632211e+00
9.098522571958969962e+00
9.120132431305549403e+00
9.434541662066331824e+00
9.606806314495059951e+00
8.845238508486293227e+00
9.024533395915517175e+00
8.845532565257853364e+00
9.396427774920960374e+00
9.117219278235554114e+00
9.166274615767342482e+00
9.102179568387546382e+00
8.657061215229999718e+00
8.851097426139929780e+00
8.800862999037523338e+00
8.942613515707673599e+00
8.731535891853862807e+00
9.021408799331430473e+00
9.427561334800047987e+00
8.923563020823063852e+00
9.052248543438215833e+00
8.842023389675876643e+00
9.041372743103405440e+00
8.914429001911528871e+00
9.062545238977339324e+00
9.099609524059717458e+00
8.986333029108143577e+00
9.255458416881360506e+00
9.133750096914301508e+00
8.978310084869361773e+00
9.006638824490108775e+00
8.895129983370017257e+00
8.705427079343239782e+00
9.126619540910979822e+00
8.929899770072609044e+00
8.811232069601816264e+00
8.598786362665581606e+00
8.834434401325294672e+00
9.489253770542829258e+00
8.940885055431852635e+00
8.584858087273937954e+00
9.069841753240323712e+00
8.985992200113178896e+00
8.801976766553272213e+00
9.287408332328482174e+00
9.151379950847715605e+00
9.319640839402303811e+00
8.744344484558356001e+00
8.843163926645779327e+00
9.225785785248652004e+00
9.120081023840192813e+00
8.723206591636046170e+00
8.962732942545402537e+00
9.149006290741629854e+00
8.597949349415838327e+00
8.951772595954130551e+00
8.744187768816599871e+00
8.795032286799001398e+00
9.134843822057977292e+00
8.991585434740366978e+00
9.007790825671808221e+00
8.981444881226710919e+00
9.131225019538730336e+00
9.035127586927252707e+00
9.004313357526520178e+00
9.252260874831392812e+00
9.086008250673232922e+00
8.958777085770636361e+00
9.343952688512338511e+00
9.125664415758544479e+00
8.857755893530759650e+00
9.040432232885041941e+00
9.175988391084805684e+00
8.867082248817105494e+00
8.924501790892028552e+00
8.767036704875769360e+00
9.055038504028283697e+00
9.135574462224148817e+00
8.998324867154861906e+00
8.569452198095547146e+00
9.265298283549327607e+00
8.881181675041545986e+00
9.213396577008747812e+00
9.034400759181460572e+00
9.170064542967157450e+00
9.166453312476930293e+00
8.866343844098720339e+00
9.201116786976914597e+00
8.727186931503389644e+00
9.012265415205272134e+00
8.965643729148837338e+00
8.954426212322763590e+00
9.166944818485282198e+00
9.050561511538635528e+00
8.899152568639504324e+00
9.127700672439313934e+00
8.711581371313043221e+00
9.087792338876402809e+00
9.064782947598621021e+00
8.888753011386077318e+00
9.082575820218854901e+00
8.844460055907005014e+00
9.330823546055460938e+00
8.997100947945700256e+00
8.776690271482172179e+00
9.013226130859216312e+00
8.876006530085380319e+00
9.055892463562003059e+00
9.250335589877556330e+00
9.182063424384145023e+00
9.059432735154144822e+00
8.955263885285178915e+00
9.219519341777075994e+00
8.869965577789324485e+00
8.895605025107261810e+00
9.061483623416641819e+00
9.313193211069034305e+00
9.236328301130615870e+00
8.732393015428259631e+00
8.692866773427791571e+00
8.860066552257970685e+00
8.958679067549766728e+00
9.473712972749384065e+00
8.801660841065221064e+00
8.966118740061270742e+00
9.071781094976397952e+00
9.147035659639014327e+00
8.887484347810143959e+00
8.895815737556992175e+00
8.988287709922706981e+00
8.849922194049355539e+00
9.017664520907622716e+00
9.052659238912733386e+00
8.868904166559726576e+00
9.014514086212797039e+00
9.032323921977495118e+00
9.465200619324324549e+00
8.995297160266945369e+00
8.771769089481184167e+00
8.959800178444568886e+00
8.829896501686704369e+00
9.034614239084303833e+00
9.261018633207555695e+00
8.923429421697246511e+00
9.405950336465769723e+00
8.813698686260972082e+00
8.903778371809632830e+00
9.534828838242384919e+00
8.730861859616581455e+00
8.847103380042744547e+00
9.140751501767917730e+00
9.154282320346624147e+00
9.021366714229307249e+00
8.962323245932418914e+00
9.061573121121313079e+00
9.177781373216649996e+00
9.259866523471133704e+00
8.998516191766515959e+00
9.039355527002740587e+00
8.743642832648983898e+00
9.373424854243221915e+00
9.158428797303336921e+00
9.382630781431974043e+00
9.061736143873153182e+00
9.062613669000002758e+00
9.370071391735729449e+00
8.861829183346337402e+00
8.990497186718522826e+00
8.809158650554749670e+00
8.994136749571318035e+00
9.126217532227512308e+00
9.048706159095747381e+00
8.824484886554904151e+00
9.235028604590254986e+00
9.211513637189886694e+00
9.095478202780945765e+00
9.186405682729509081e+00
9.323008941317453946e+00
8.979018203413275501e+00
9.093758344672410843e+00
8.912336530647689159e+00
8.783470319045076025e+00
8.864440904763485563e+00
9.152489389483127624e+00
9.052972413678675778e+00
8.890061080403873106e+00
9.165632706375673067e+00
9.161512966046345241e+00
9.186658794740726108e+00
8.980297702025184847e+00
8.853618494555661300e+00
8.926186519416624776e+00
9.108439572147581487e+00
8.929958886115617389e+00
9.181983170317769449e+00
9.095698485299765323e+00
9.059503388208421271e+00
8.696439440680945765e+00
8.839552956740263312e+00
9.388140021613528674e+00
8.994612555987545832e+00
8.719125288348873681e+00
9.096717737111559288e+00
8.636800754786079892e+00
9.017307256769340640e+00
9.147145833739736887e+00
9.117498435694955106e+00
8.868835975922500836e+00
9.240436447130981890e+00
8.954091257331985076e+00
8.954623320994626212e+00
8.753231325976457811e+00
9.017512040246961291e+00
8.884271619753773663e+00
9.081058542933297062e+00
9.338263075776259470e+00
9.041483062695437667e+00
8.701578801745348812e+00
8.962446816618925283e+00
8.938445023851775417e+00
8.927134438207332323e+00
9.158918221870603560e+00
8.772511161525047285e+00
9.285539739933327041e+00
9.023134474012534767e+00
8.900629347346130871e+00
9.196618412564181000e+00
8.880086199459416463e+00
8.808680746057230948e+00
8.975533434454398218e+00
9.051807204171545607e+00
9.163979761744657893e+00
8.912956816566378393e+00
9.416216339412217806e+00
9.068681220512278429e+00
8.892111973678508363e+00
9.059559611965646297e+00
9.527372065797168332e+00
8.817872371894450723e+00
9.180444623006453142e+00
8.337399311090571530e+00
9.017117894982851212e+00
8.744735816740396572e+00
8.371569019854899096e+00
8.856529794138792155e+00
8.679609744433266272e+00
9.188240777267015602e+00
9.275419427641518055e+00
8.949493675168731954e+00
8.770040609769845119e+00
8.597926479882628925e+00
8.844776437348361497e+00
9.098505420045578163e+00
9.270736942972726879e+00
9.441635430387242067e+00
8.900833287918224812e+00
8.737521289298342708e+00
8.883381126371402203e+00
9.351096393589934053e+00
9.474916870980136352e+00
9.126236570097818301e+00
9.002120344368629290e+00
8.833633077764075026e+00
8.925745947859185847e+00
8.710896330609795513e+00
9.141645000584736280e+00
8.845599049086226628e+00
8.849616276102834078e+00
8.835371467691309988e+00
9.211791422047335587e+00
9.002499131922588660e+00
9.189875408833170667e+00
9.015624534461842643e+00
8.755234098394918618e+00
9.382953681144389435e+00
8.906627998001642510e+00
9.004601391024998236e+00
8.899964224990055683e+00
9.131769394806802609e+00
8.769975648429349846e+00
9.241878260567553127e+00
9.393950638252585250e+00
8.969858414470024854e+00
8.933851946144871548e+00
9.127779808949490814e+00
8.963134611780327887e+00
8.651339814545062623e+00
9.493596283732019359e+00
8.873702058755462474e+00
8.824246983253233978e+00
9.681619889236996457e+00
8.952118629268845496e+00
8.887734076429079977e+00
8.805139774004622666e+00
8.890009235640722096e+00
9.135793004123668126e+00
9.242302043121979338e+00
9.279045061160028141e+00
8.970689018477452592e+00
8.879069917396417821e+00
9.271954463034788319e+00
9.023706530395765313e+00
8.846966940518107947e+00
8.863638941856484266e+00
9.094942972113535973e+00
8.989894325992953128e+00
9.001233997853493207e+00
8.590153714135057683e+00
9.073474599648241323e+00
9.309390661957120727e+00
9.058133675611198754e+00
9.834448689504602825e+00
9.033409313985913514e+00
9.236307273330533363e+00
8.975333100661520902e+00
9.074855983433192108e+00
9.020866217282431876e+00
9.271009348439770648e+00
9.270704290898329702e+00
9.108341123205887513e+00
8.979917763695340227e+00
9.361222960412499461e+00
9.031031641709317270e+00
9.201584678143971630e+00
9.278636842855989997e+00
9.036772116057386839e+00
8.625815755021381648e+00
9.410685200474697254e+00
8.786659177733223913e+00
8.880375177815079013e+00
9.259453133655497936e+00
9.199406787470355340e+00
8.587526570722410213e+00
8.842112047982375600e+00
9.232991169207359405e+00
8.838411298941998950e+00
8.973922225018997167e+00
9.270212060102528184e+00
9.743100549111828101e+00
8.913919958557578127e+00
9.049982693816891910e+00
8.803689627756218883e+00
8.898843596418924307e+00
9.072696123354219822e+00
8.956655334519631140e+00
9.139527008777113437e+00
8.946974408377540655e+00
9.249735539026195497e+00
8.627910936054636437e+00
9.089437407499532995e+00
8.976708383868471586e+00
8.718827606127453222e+00
8.640319040304962783e+00
9.038809805560358512e+00
8.985108254908567460e+00
9.234074079435362847e+00
9.065851490667396817e+00
8.817788163129666401e+00
9.325519970176035400e+00
8.695326542166460726e+00
8.888994938101010490e+00
9.363672198498655064e+00
8.640291160229971013e+00
9.145274768214692429e+00
8.765673188626850632e+00
8.991555796282204582e+00
8.454489653842186314e+00
9.280044205273123126e+00
8.754135857653240649e+00
9.171210583516108628e+00
9.084607734238092647e+00
8.833420773305467932e+00
8.806262440744866637e+00
8.663919311914241916e+00
9.080519877819012819e+00
9.045757198778961339e+00
9.360350851708973963e+00
9.139143792394465393e+00
8.722917722356042347e+00
8.846710095344400671e+00
8.874562751544592842e+00
9.131587238143728413e+00
9.039779545292002894e+00
8.901643269774458744e+00
8.930213687309281667e+00
9.220093085036301872e+00
8.885605182760189180e+00
9.074556503973246535e+00
8.834260583020201452e+00
8.817418737934946904e+00
8.666731786649707558e+00
9.429177961978334466e+00
9.126833190657809070e+00
9.512566462195151118e+00
8.947817387863729266e+00
9.068142783303251520e+00
8.751673978793689912e+00
8.575751609148733579e+00
9.212022093411235346e+00
9.160616002674199621e+00
9.306968325652524854e+00
8.996476534008239767e+00
8.531769453365589229e+00
9.019510384983634665e+00
9.330313977193979369e+00
9.265959843366109894e+00
8.578754173498321478e+00
8.848332165874259303e+00
9.361334300724641011e+00
9.125479094766335564e+00
9.235712767543677870e+00
9.159690526935669652e+00
9.099686485457654683e+00
9.520411706194620294e+00
9.322777974866044204e+00
8.631660474720490583e+00
8.843814196226023938e+00
8.970210308790637299e+00
9.205679219249907064e+00
9.107146992265173324e+00
9.305835073348225350e+00
8.866699257104384557e+00
8.827137326862080968e+00
8.431317550174332709e+00
8.945323479457227833e+00
9.230879400764433029e+00
8.773217969805788385e+00
9.298973728567464292e+00
8.813127856272913618e+00
8.986559244717529538e+00
9.056886386327226646e+00
9.053635633594719678e+00
9.041038015144359008e+00
8.988454187817861651e+00
8.767999693748876666e+00
8.853530619027386805e+00
9.173584489510799855e+00
8.973850171557947064e+00
9.008404724790608498e+00
8.811549817910327320e+00
9.038474842516462715e+00
9.152613846799901864e+00
8.953408745835465865e+00
9.223883498064488151e+00
8.904961219228066938e+00
8.674784602338602824e+00
9.304128751830729627e+00
8.959168500004921043e+00
9.295053714559845304e+00
8.874466337937636951e+00
8.944227835219592748e+00
9.129137647778319931e+00
8.976894988963934452e+00
8.842287209550033111e+00
9.504149003590038447e+00
9.034520171447589121e+00
8.847631889498881463e+00
9.404154396179087883e+00
8.908048734054807127e+00
9.185810430506935020e+00
9.180076661013480077e+00
9.225114102814506722e+00
8.921483504178333135e+00
9.200364855925775132e+00
8.916646332116309637e+00
9.104518316938991163e+00
9.140244261539828940e+00
9.408540475822453786e+00
8.841260823871325059e+00
9.117319535800096020e+00
9.021691934444332261e+00
9.005594744438946364e+00
9.004611436900683330e+00
8.896576860331274261e+00
9.137244733856599410e+00
8.901494946354752358e+00
8.961189176488197461e+00
9.073085576835049793e+00
8.841791691072508286e+00
9.123592202994473155e+00
8.862890227764847140e+00
8.729392025633785579e+00
8.726276982267696880e+00
8.926995662521992614e+00
9.226425528825519251e+00
8.980305375134893353e+00
8.965066374155076900e+00
9.332209923569843468e+00
9.019349986951556986e+00
9.410021857391921429e+00
9.236882867931223373e+00
8.923939674389435694e+00
8.945907471248759180e+00
9.076356035325778393e+00
8.955364751551343261e+00
9.198330019127547885e+00
8.886341065240694448e+00
8.879429475509265757e+00
9.414367853728553115e+00
8.960258464348324736e+00
9.113680024181121553e+00
9.202198135171975935e+00
9.228615233469326995e+00
9.113709937433664976e+00
8.730991268855234466e+00
9.143456272493333259e+00
8.850847785688930713e+00
9.254568360837879482e+00
9.222116760768125587e+00
8.637138037645895494e+00
8.790976890917280073e+00
8.858612055220286052e+00
9.140950538387700774e+00
9.406485255375450549e+00
9.419286886135106229e+00
8.753635145814735452e+00
9.095562190920846390e+00
8.705943814078153764e+00
8.593613139517312760e+00
8.822031400228887321e+00
9.179312720874836629e+00
9.141053080873012604e+00
8.973614736522886659e+00
8.793701818574060525e+00
9.014116791460100586e+00
9.082946361739489660e+00
8.976641319294051513e+00
8.854209701922599152e+00
8.840604503503982414e+00
9.031002011379078098e+00
9.160213346177894067e+00
9.543959554659663169e+00
8.905200468734465247e+00
8.840202762379782087e+00
9.263400821568206212e+00
8.674350796518821127e+00
9.023588538914621537e+00
9.028960160147056158e+00
9.268628915145317393e+00
9.224344255991836050e+00
8.944071968384365690e+00
9.238040432124780210e+00
8.842072429970883718e+00
9.163200508748332140e+00
9.155743112046216936e+00
8.799274137223223491e+00
8.890324373079668163e+00
8.797854359011608949e+00
9.144436012399124181e+00
9.501795399668244713e+00
9.164849429522922364e+00
9.042039649223180930e+00
9.127103963267003905e+00
8.952048559756452306e+00
9.190685382484833355e+00
8.756371542322499479e+00
8.870715032788149657e+00
9.054000196087786279e+00
8.821394182598217171e+00
9.289861171333640755e+00
9.038500671231959771e+00
9.264892396940815900e+00
9.246871992369525728e+00
8.942436377062584540e+00
8.781488508407335303e+00
8.800513179420185850e+00
8.765211707364562344e+00
9.235611581547209070e+00
8.597765453925509505e+00
9.249018685193220790e+00
9.269102967163716400e+00
8.755571739494854455e+00
9.263177351981164875e+00
9.316292668188564718e+00
8.841827290238359893e+00
9.333303105243624387e+00
9.523626253752572879e+00
9.278917295852657787e+00
9.008208593160448530e+00
8.865416509381566001e+00
9.084138933669871463e+00
9.005708866616361163e+00
8.645187700309017842e+00
8.906749407160139853e+00
8.949660188674016581e+00
9.173334177777348941e+00
8.873280746970781507e+00
9.239272381925090372e+00
9.060684429208276214e+00
8.962954131239133204e+00
9.215202532804534385e+00
9.130672073535375688e+00
8.838296952791610650e+00
9.223364042966347043e+00
8.931320445278368325e+00
9.031160966018433101e+00
8.993095886851467213e+00
8.908213658394842582e+00
9.041198701346139899e+00
8.408057750621109605e+00
8.962063489113621273e+00
9.215576386082569016e+00
9.308362600209672877e+00
9.134591662104408982e+00
8.685392379251897665e+00
9.083385497089421889e+00
9.567135703674539471e+00
9.168143521842415211e+00
9.203138007687131861e+00
9.067858821491970645e+00
9.203020727978845628e+00
9.667714985824851226e+00
8.700564757881096511e+00
9.276277538671362066e+00
9.103708206850601670e+00
9.334622128040402700e+00
8.984432982031982817e+00
9.219379722189772863e+00
9.051839624617333158e+00
8.856111553946657722e+00
9.053950958948094652e+00
8.686373981687600221e+00
8.924851855438513226e+00
9.095746134498607915e+00
8.917793241020280703e+00
8.688556519249805987e+00
9.155925733831375979e+00
8.792703161172765292e+00
8.725949097610287808e+00
8.621654799734525199e+00
9.207918587845316694e+00
9.031851186965560885e+00
9.032897523701734599e+00
9.182826169613448997e+00
8.739879539079668191e+00
9.312300085668788086e+00
8.906809164129700918e+00
8.713000916094191695e+00
9.390077545731262632e+00
8.818707191012583380e+00
8.863009183498142818e+00
8.441091641339424356e+00
8.801328210248110295e+00
8.930643572148246889e+00
9.024351971383612891e+00
8.864584951658711631e+00
9.099287961755267773e+00
8.917903127525818263e+00
9.167408118572296871e+00
9.397880764046368185e+00
9.151283690838864615e+00
9.219216146315275751e+00
9.308826050341751923e+00
9.109029224188619267e+00
9.077892968466233725e+00
8.751067863633585020e+00
9.271100290671322242e+00
8.824216201667287152e+00
8.941211867793601442e+00
8.877390094247163077e+00
8.937294645274821647e+00
9.014224537396994918e+00
9.458614148964285206e+00
8.912261604982498753e+00
9.155610174700413495e+00
8.769407398550786326e+00
8.607759194969650807e+00
8.782560816647526636e+00
8.563637831574654413e+00
8.649707915261659608e+00
8.963648930589622310e+00
9.467495047705414279e+00
8.614535655222740118e+00
8.750629502889273326e+00
8.951027693415859687e+00
9.100214499587746531e+00
8.767093491281606532e+00
9.061313421859292561e+00
9.415458782009146432e+00
8.831659048254570266e+00
8.608478324034264162e+00
9.272700036555898251e+00
9.062650674612399371e+00
9.066945863114643345e+00
8.740281538092435909e+00
8.458578861362454404e+00
9.309837566734266545e+00
8.575267286631881092e+00
9.231235895463045793e+00
9.314432668051679798e+00
8.845876862120084283e+00
8.930349855314419827e+00
9.587116412401554655e+00
8.934266073134965680e+00
9.246842748536202805e+00
8.938311850812009851e+00
8.464634966323961507e+00
9.374300253906334035e+00
8.843196598706802192e+00
9.025604787255662842e+00
9.278948400069554125e+00
8.750183641603168638e+00
9.439683223060955086e+00
9.025651873594167540e+00
9.123225120455757065e+00
9.098300144199006567e+00
9.197106143965937619e+00
8.774873329978131409e+00
8.793451685937615281e+00
9.009212861033358166e+00
8.791500077206741537e+00
9.091670628305760005e+00
8.351843057325469388e+00
9.162257812951745350e+00
8.928444967726177239e+00
9.223641632665589896e+00
8.941955509642168565e+00
8.942233300353851888e+00
9.069619370708201345e+00
8.954703510389405707e+00
9.016915558872190317e+00
9.275784343425973688e+00
8.910875984796991389e+00
9.463562816449609727e+00
9.210733986826335595e+00
8.763611294386800310e+00
8.842021473018617073e+00
8.831022947563795356e+00
9.313517651117988905e+00
8.961756449304976613e+00
8.808096033182165385e+00
8.963013388295054895e+00
9.201030070308997111e+00
9.347649099048577881e+00
9.910230167221982356e+00
9.580375791866224233e+00
9.469046351243440185e+00
8.938488616398354125e+00
8.880702091140785015e+00
8.890156318301153604e+00
8.949596336079730818e+00
9.128782263022237942e+00
9.301820623783168429e+00
8.941362512340525370e+00
8.557826419165182941e+00
8.758294836049328680e+00
9.410647394819445566e+00
8.869768181970920651e+00
8.841980973185682657e+00
8.958682494378260586e+00
8.947696738468145838e+00
8.662792388329785709e+00
9.156323912293423462e+00
8.844236649780032877e+00
8.632296383376660387e+00
9.161500971552333894e+00
9.295997672902933218e+00
9.167313132288841260e+00
8.818368379866045714e+00
8.298762847106758045e+00
8.630618622967421771e+00
7.887833990738741363e+00
8.966301998984947730e+00
9.019745722682641187e+00
9.237548617613532187e+00
9.104451686454876125e+00
8.768323684294594855e+00
8.768430450939002085e+00
9.150052392364775855e+00
9.117056881935491575e+00
8.795806812724119794e+00
9.669431577159519620e+00
8.834602702297143395e+00
9.077465750656799059e+00
9.149123082015339747e+00
8.970456632065852531e+00
8.949317185673331565e+00
8.619865196402580310e+00
9.224516887203712656e+00
9.100266240399159656e+00
9.303625012301514730e+00
8.483538415619996442e+00
8.998866424731627234e+00
9.268527245532723668e+00
8.163363786818676360e+00
9.131650332440557349e+00
9.028390551349827930e+00
8.901896557235586371e+00
8.734311192752805653e+00
8.783707945786497717e+00
9.629252445271683669e+00
8.666635164792472423e+00
8.686660451264669902e+00
9.015552867326039888e+00
8.755391269619899219e+00
8.846833674083326216e+00
9.373569776084915262e+00
8.918651689313351838e+00
9.017731125588642982e+00
8.861337872769958324e+00
8.778294595370896403e+00
9.017530970738707907e+00
8.917184714647243382e+00
8.779126441973918560e+00
8.781846054872366025e+00
8.916455409270700017e+00
9.162792393041121031e+00
8.919095147038136773e+00
8.799204789907220103e+00
9.035369909294944435e+00
8.525799783891388373e+00
9.528708413283693446e+00
9.389600825469459622e+00
9.153484996461022760e+00
8.900322154057608515e+00
8.978082038722270397e+00
8.805456572795986148e+00
8.662378645927278242e+00
9.380322308022574163e+00
9.092421995410278512e+00
8.876189106548002528e+00
8.943129850620112009e+00
8.235055786073345985e+00
9.131837618446867921e+00
8.884822246430308823e+00
8.333955395179062364e+00
9.387754250398163691e+00
9.350747244337602737e+00
9.078131209566841164e+00
8.866670916380932965e+00
9.081714945688432294e+00
8.927435539450128132e+00
8.895749327363528636e+00
9.035622932544230324e+00
8.654102847973144108e+00
8.530267479434638034e+00
9.467052982229272828e+00
8.881091119755284424e+00
7.922359889244990683e+00
8.923737871772228658e+00
8.360419100905627232e+00
8.954606802877284721e+00
9.598255813343458343e+00
8.707000427085205274e+00
9.267190133808050234e+00
1.009569718447049347e+01
8.619935276268385849e+00
9.395769034976712675e+00
9.148292991962753362e+00
8.925419592913428346e+00
8.635931489166232211e+00
8.907163090653105186e+00
8.708694893277394655e+00
9.117567852926562466e+00
8.495274742194185436e+00
9.066497009559506992e+00
5.077395341080179314e+00
9.597041499191012903e+00
2.352780624872194970e+00
