3.555827340895652355e+01
3.703766825434352228e+01
3.674161918904220414e+01
3.641075306822519053e+01
3.608238707315581451e+01
3.630725642601587566e+01
3.660586399104601441e+01
3.652601216002691586e+01
3.572567781620658423e+01
3.513163312796390869e+01
3.579788517189224706e+01
3.540045995496466702e+01
3.637617069349956012e+01
3.613273804859128546e+01
3.640904959609113689e+01
3.579393076794281114e+01
3.574599135468665168e+01
3.715010906388590683e+01
3.702133025093773000e+01
3.608267349396294321e+01
3.646481154882641817e+01
3.642396356683833147e+01
3.607103453443826879e+01
3.451629912907635855e+01
3.650331117815993309e+01
3.433422682977950302e+01
3.572832813293987186e+01
3.503386075092093677e+01
3.652839938753589166e+01
3.550034709247319142e+01
3.756502436278557155e+01
3.609335975243669026e+01
3.622530050442643557e+01
3.599651948827677472e+01
3.607785620582849617e+01
3.724656064983165038e+01
3.731324740305858967e+01
3.666754165436828572e+01
3.617251611579904136e+01
3.567461086941939641e+01
3.530934562130454424e+01
3.544409737371940849e+01
3.603915434130808393e+01
3.683019971255436786e+01
3.647479930379974178e+01
3.536784259116975448e+01
3.688113075997080159e+01
3.551750991006411340e+01
3.469960536835343134e+01
3.653594594031017095e+01
3.580527464863082798e+01
3.769931188831371571e+01
3.566243142967641688e+01
3.609684757447190862e+01
3.521572979404045611e+01
3.751874567991794862e+01
3.562512617534681425e+01
3.699788808486056979e+01
3.503537859633926388e+01
3.669401282095995498e+01
3.590612458896201531e+01
3.661798673603455967e+01
3.543377201407228938e+01
3.512338080974687671e+01
3.516387439652218916e+01
3.672139485683457139e+01
3.690974207785040306e+01
3.558837466783913328e+01
3.536484903124009804e+01
3.589179904322078585e+01
3.483591357043447800e+01
3.520857958485250805e+01
3.824298605904303372e+01
3.586068123870008151e+01
3.613686335628613477e+01
3.598069592135873762e+01
3.554234083531144961e+01
3.621129786698285358e+01
3.589468937604448939e+01
3.581518558171828914e+01
3.572615016939432309e+01
3.469617120066676108e+01
3.613402666437695387e+01
3.688038476948516120e+01
3.616967654149286915e+01
3.536427108697577637e+01
3.541832496631390370e+01
3.610983673517613113e+01
3.498276165790685610e+01
3.594937560515245423e+01
3.752967322069655154e+01
3.588362801633288512e+01
3.651415439002227714e+01
3.648507490811797993e+01
3.682706997961874862e+01
3.634533565197144611e+01
3.592202058345714732e+01
3.634444449814705536e+01
3.596833150041835125e+01
3.575612483915081441e+01
3.577210970028113479e+01
3.713749282654553241e+01
3.651765853971978260e+01
3.591157892474383573e+01
3.555698431762583311e+01
3.600972576648369738e+01
3.572199230809162884e+01
3.629263016976552336e+01
3.593682683291646640e+01
3.692999193365407962e+01
3.611213628863406200e+01
3.541689363914485256e+01
3.561188290282462532e+01
3.512454882112331234e+01
3.545851796694434910e+01
3.695350201388908573e+01
3.638769373853990885e+01
3.602290074650062479e+01
3.574938228166938359e+01
3.562489162928492448e+01
3.600000000000000000e+01
3.504615796836289832e+01
3.552514260420594638e+01
3.764589300188173837e+01
3.809059892477054632e+01
3.617163378421829378e+01
3.637764924431270686e+01
3.652121167530886225e+01
3.577643921635601032e+01
3.741118247539174035e+01
3.599106530511227930e+01
3.611158019499252703e+01
3.470459598879131846e+01
3.600893334464146278e+01
3.656739129534589239e+01
3.590780016081551906e+01
3.542654364976817050e+01
3.538364419771624370e+01
3.462342032675390868e+01
3.510193075508725968e+01
3.594589378563745186e+01
3.624901072223354959e+01
3.628491414633485590e+01
3.592863758591521872e+01
3.511535468746549782e+01
3.587799008597773565e+01
3.595912861568049124e+01
3.682431698499205908e+01
3.560023073084158796e+01
3.593293571168332079e+01
3.438627978939028651e+01
3.585923511621605542e+01
3.514348662809862844e+01
3.550557810919244872e+01
3.530997114919745172e+01
3.596793130122289739e+01
3.719536647082996694e+01
3.728718108044421342e+01
3.471313718529403758e+01
3.631798384197089291e+01
3.627692773834414197e+01
3.644040554975994439e+01
3.592736766575590934e+01
3.643973808887133714e+01
3.543955559317364390e+01
3.668815850451566263e+01
3.490969252990803540e+01
3.525883336096054421e+01
3.561667068353432342e+01
3.568753562966062276e+01
3.691923734691488335e+01
3.606505896451343318e+01
3.521641917145090872e+01
3.764082267186440589e+01
3.501851040802859671e+01
3.502754045026402707e+01
3.702506528114411566e+01
3.528405329580639460e+01
3.582784789769498701e+01
3.583832954714670649e+01
3.629635421371822446e+01
3.642175868718206999e+01
3.693691061542416065e+01
3.674759096048264695e+01
3.663893853960639291e+01
3.547573438896855436e+01
3.555731827895883157e+01
3.526258238455588412e+01
3.613263846618271202e+01
3.668663619632384609e+01
3.653435054246498481e+01
3.545699687438211356e+01
3.551923050344098698e+01
3.572248265066050266e+01
3.613852423023546834e+01
3.624694039728125006e+01
3.476613176247048642e+01
3.648169951155507817e+01
3.575819642926227004e+01
3.504547844090271269e+01
3.676758836333040392e+01
3.709614602731638655e+01
3.504106387992226246e+01
3.565672010449240048e+01
3.589993910034140612e+01
3.660488409011094291e+01
3.708106973436846943e+01
3.509924339505808888e+01
3.549269950924904293e+01
3.529097383661508758e+01
3.543354920516921425e+01
3.614761115370551892e+01
3.731696301775558311e+01
3.629854126852885798e+01
3.598813198406588043e+01
3.535635896061310035e+01
3.638465451468702838e+01
3.561473991990492038e+01
3.551392852532472943e+01
3.563205308312413422e+01
3.662191425258212973e+01
3.520020302769898279e+01
3.565185818677198171e+01
3.571547333761434118e+01
3.470627916106053590e+01
3.617249388298172619e+01
3.521333494377268636e+01
3.552138210567652266e+01
3.493231165548250061e+01
3.507211217907752854e+01
3.569261292834344346e+01
3.641478756036232056e+01
3.573540021899697905e+01
3.746746294812896139e+01
3.667646396899041861e+01
3.561939781209162703e+01
3.586272156517027554e+01
3.617375717150974879e+01
3.559206629660760512e+01
3.673777519749116749e+01
