2.586302641442369676e+01
2.381936217354889251e+01
2.526396063838499728e+01
2.472621632012142712e+01
2.435014440425333859e+01
2.383489420115858692e+01
2.569833464035590964e+01
2.469441420713258850e+01
2.500143789991395238e+01
2.515614918511360187e+01
2.475579391833932519e+01
2.524712813185814042e+01
2.490269602041218633e+01
2.529038606864273930e+01
2.482897627404444663e+01
2.471067796653403903e+01
2.471911675079615733e+01
2.429741963799599347e+01
2.583419482689035362e+01
2.479693132842559322e+01
2.471093235862888449e+01
2.517072796372506360e+01
2.474049004087888903e+01
2.530098673278386201e+01
2.418504107205605891e+01
2.578844104060916465e+01
2.451996972209563452e+01
2.714766622735311685e+01
2.475349922589913376e+01
2.563806224382626908e+01
2.568389885582831056e+01
2.525306118413965706e+01
2.439608825732720021e+01
2.553745326488554923e+01
2.549766731400925934e+01
2.527929970207178911e+01
2.515177195249244235e+01
2.480791007236817691e+01
2.444515734621472447e+01
2.539302671057928862e+01
2.480260596715560339e+01
2.572527201745146996e+01
2.558531519225151740e+01
2.566871629505429908e+01
2.606681049401192851e+01
2.438613546491659534e+01
2.567515203492604670e+01
2.446644788570874951e+01
2.551555634092304103e+01
2.544374197594461506e+01
2.476480944535858342e+01
2.595526065228163759e+01
2.492211026838132426e+01
2.409322340302545129e+01
2.438268129003961349e+01
2.608807108620992565e+01
2.504024741631370432e+01
2.406030337924049434e+01
2.543889415576550306e+01
2.397186894115982980e+01
2.508641468104091388e+01
2.458607301006128765e+01
2.489106966266182397e+01
2.506621613389741299e+01
2.369616700716113300e+01
2.530813083885568915e+01
2.568020322973118397e+01
2.472592786035362522e+01
2.396293124583928602e+01
2.455007015354006228e+01
2.554821135234140783e+01
2.377790433651249558e+01
2.619292867942860426e+01
2.531139840347766068e+01
2.351108275289033145e+01
2.417098288925567573e+01
2.378418639862141859e+01
2.437521448582786476e+01
2.449604667964411320e+01
2.481752062515698043e+01
2.417240606775945366e+01
2.428565664221886422e+01
2.609035621769394098e+01
2.472743423353334080e+01
2.423884453932983973e+01
2.639592912096782129e+01
2.520577526519668510e+01
2.504483458390279083e+01
2.527374130990130396e+01
2.419539714897094740e+01
2.426010993437614260e+01
2.439103755700784504e+01
2.468912148012289975e+01
2.611062748982240578e+01
2.475308941388200878e+01
2.493589456939725224e+01
2.471033256131926237e+01
2.610836383939740557e+01
2.452723975666433631e+01
2.534684304016001022e+01
2.519855142894489930e+01
2.577246734628061731e+01
2.597890617916615241e+01
2.527391523195306888e+01
2.412517505734527390e+01
2.473468549144156725e+01
2.427641430311548021e+01
2.621313206868029155e+01
2.608942708324331505e+01
2.513638191066056748e+01
2.479404034343070862e+01
2.544501411218896791e+01
2.477116522597027881e+01
2.466602778130140550e+01
2.588675488268568259e+01
2.460558538333367906e+01
2.464114858156328225e+01
2.640312098386917583e+01
2.561329085002385142e+01
2.460468320936529452e+01
2.518741565076180677e+01
2.663728599109914796e+01
2.510645719873596704e+01
2.538858594411590985e+01
2.468082053662683961e+01
2.664488676048011584e+01
2.604605218921068044e+01
2.483573939394244334e+01
2.458921102612480070e+01
2.463818281474537741e+01
2.470065822978802572e+01
2.388113407375720598e+01
2.531750770731122913e+01
2.521293057278650451e+01
2.477177459891840883e+01
2.612945675287433289e+01
2.539539143035373669e+01
2.464476474898632574e+01
2.520185053061253555e+01
2.456879334756421684e+01
2.631790273087601406e+01
2.457548869573880168e+01
2.576297786215132035e+01
2.465577738423076681e+01
2.509722816435611392e+01
2.599829957249974299e+01
2.451738360707944153e+01
2.569812690319108128e+01
2.450174605489536361e+01
2.561315133324821502e+01
2.599024470257174002e+01
2.507012820106310613e+01
2.422494445124621976e+01
2.478435801480067013e+01
2.558383706363925114e+01
2.402132411691135871e+01
2.515327506351984255e+01
2.458789383270949358e+01
2.606119242929540647e+01
2.552657964857373685e+01
2.594575240350606649e+01
2.452738179552019915e+01
2.570561695060277785e+01
2.599391400218165415e+01
2.512498721634788978e+01
2.422882057769903952e+01
2.594264454539653642e+01
2.504658870063502363e+01
2.460005425023153336e+01
2.552021989407235836e+01
2.422020078351209804e+01
2.518094325578809389e+01
2.457898720110357615e+01
2.540807361521305552e+01
2.601410667267946408e+01
2.661637899751041658e+01
2.460939100172912575e+01
2.450983704439861910e+01
2.541614366121664403e+01
2.502297206198143442e+01
2.460676913238064856e+01
2.617807210484815883e+01
2.368500993304351709e+01
2.547162614065079822e+01
2.489159881007376995e+01
2.450440927048594375e+01
2.526332219696922365e+01
2.451769002631939642e+01
2.424734951902646074e+01
2.477682996788487557e+01
2.522661671612467771e+01
2.497023686524378405e+01
2.593444230593217981e+01
2.406516604169430096e+01
2.548841075713059823e+01
2.514887439506653877e+01
2.454397869604693483e+01
2.489154058069042463e+01
2.481864441295101997e+01
2.464601723152087231e+01
2.458944254374211980e+01
2.464221115803085738e+01
2.486071513390291443e+01
2.608159848902694833e+01
2.506234538163975500e+01
2.473829514869918356e+01
2.453036215607162518e+01
2.469500657291007784e+01
2.449027589550268047e+01
2.541550957990151360e+01
2.511936800475657705e+01
2.447078458935520828e+01
2.515266824161880876e+01
2.478384363388525102e+01
2.537121958974196545e+01
2.543779367275198311e+01
2.461317385067867747e+01
2.503894430805621241e+01
2.430950620603557155e+01
2.556167901799212672e+01
2.545286768912923492e+01
2.464750339940887258e+01
2.651265473353831581e+01
2.474525349233345040e+01
2.473978163983539247e+01
2.607573343035761226e+01
2.497490136276343264e+01
2.485887939391274415e+01
2.490556893899616497e+01
2.548200696735685966e+01
2.569291757251174602e+01
2.480143556006803962e+01
2.565304893759532234e+01
2.546703130726962883e+01
2.555917981250434678e+01
2.593276474843973389e+01
2.393753505091092393e+01
2.546963963896363481e+01
2.553234650959400298e+01
2.457342850815283697e+01
2.420578442876104219e+01
2.511724725118680368e+01
2.635720677738348172e+01
2.463380028138411859e+01
2.547057428946440183e+01
2.556223565018784072e+01
2.596811183854715921e+01
2.443691298079834695e+01
2.490358062027749142e+01
2.453848448883652367e+01
2.451466431963559245e+01
2.512382371435431239e+01
2.515774953925810209e+01
2.579216111189145977e+01
2.550962198877459031e+01
2.479602511928375819e+01
2.443013796288996531e+01
2.553438958542531978e+01
2.620234794753986662e+01
2.672165202369692949e+01
2.517614572182197108e+01
2.575311645156822138e+01
2.512203659676287515e+01
2.489792222177106851e+01
2.443558979189641178e+01
2.444782854141784512e+01
2.573527438116262900e+01
2.421609604315277053e+01
2.527683322657897236e+01
2.478441526015496876e+01
2.591324773338362775e+01
2.526233876683353330e+01
2.611916764028028126e+01
2.463408756944063427e+01
2.434327755701550444e+01
2.455463117509904336e+01
2.357062572891939922e+01
2.505088421069824989e+01
2.410993190817680443e+01
2.540958507214682172e+01
2.455928814600357057e+01
2.583542347188980770e+01
2.470426932384946284e+01
2.473355808425505842e+01
2.589535488023173215e+01
2.433582281184034102e+01
2.516193331088775409e+01
2.501702335860921877e+01
2.562396481318224772e+01
2.404177132546278273e+01
2.443928398036067406e+01
2.390715857783212428e+01
2.571131622553667029e+01
2.443221398540317324e+01
2.630573881272399461e+01
2.473415075118952799e+01
2.514191583674638863e+01
2.514246964687260899e+01
2.470017188852240508e+01
2.469296836512922866e+01
2.539709663932197969e+01
2.459401836063620195e+01
2.541508685057367600e+01
2.570724143029164566e+01
2.560858447436371677e+01
2.542630050605331959e+01
2.436592070523230547e+01
2.437643075802017378e+01
2.454177684057632547e+01
2.498836303072772580e+01
2.498760332412129159e+01
2.669023959308789529e+01
2.532779040773460721e+01
2.528310441417650622e+01
2.483408058767205873e+01
2.483570625241441476e+01
2.534726555263531367e+01
2.417213954624888217e+01
2.572851299275875547e+01
2.557872076705606190e+01
2.567223437299973554e+01
2.371683858347262586e+01
2.560733057155483294e+01
2.487522609900745252e+01
2.512730067563913394e+01
2.483484058481402101e+01
2.400771678769706341e+01
2.417304338454712820e+01
2.480717621092469471e+01
2.543106501704193079e+01
2.385162853486067647e+01
2.469013742145899926e+01
2.527467042849547596e+01
2.502724490889176678e+01
2.484675547376125593e+01
2.522724057370693629e+01
2.399654823370437384e+01
2.592558098176688475e+01
2.372404093679432435e+01
2.539814696871891542e+01
2.531081411226019284e+01
2.428752934375127026e+01
2.568565097982752121e+01
2.476698468510797824e+01
2.376310985178985291e+01
2.455978428602613306e+01
2.516777280431238495e+01
2.548253242186443046e+01
2.490851505707788149e+01
2.367134679036177047e+01
2.534724031044339299e+01
2.570050135886538456e+01
2.767679053948277712e+01
2.492808668514292236e+01
2.555216026952446740e+01
2.475016167638623088e+01
2.553705921813791946e+01
2.479444006719934634e+01
2.510277707578040918e+01
2.631977021436690478e+01
2.506708239296823493e+01
2.584874847749902571e+01
2.517470901543797268e+01
2.489149489384110225e+01
2.445737847237985108e+01
2.415055513421962985e+01
2.403293469433701901e+01
2.432586585617778141e+01
2.447290591979259133e+01
2.430544115804742944e+01
2.423455852565074764e+01
2.486857307495890623e+01
2.402189185290887607e+01
2.451106404937527117e+01
2.516038178065447539e+01
2.432459494933963384e+01
2.433281276385635650e+01
2.486567323460681678e+01
2.465076268467941389e+01
2.550017416307244034e+01
2.443991021512910322e+01
2.599291442341406366e+01
2.659390602153882455e+01
2.589033319383544907e+01
2.503901714627461317e+01
2.544019680732893107e+01
2.503046191829768929e+01
2.300000000000000000e+01
2.529494165683094309e+01
2.441301285628905049e+01
2.377170400123655014e+01
2.511446111965066663e+01
2.411763245304349113e+01
2.603628592438824896e+01
2.511308395520847725e+01
2.433100658380816483e+01
2.515561350928407691e+01
2.504669435437963543e+01
2.480328689167407319e+01
2.426907970446212559e+01
2.439714181826169082e+01
2.588526705859225530e+01
2.360379532026051308e+01
2.361327156544423289e+01
2.467813437510748642e+01
2.528176073243043831e+01
2.616168892919410638e+01
2.517088436857118339e+01
2.539098447604190767e+01
2.554592714502483020e+01
2.467178255321258717e+01
2.409421980239449468e+01
2.521302509433285266e+01
2.405242513227489098e+01
2.493353427310301029e+01
2.551703983317442592e+01
2.475292280730380057e+01
2.534096891069506796e+01
2.448719848843838420e+01
2.480005966540455020e+01
2.487143301825382835e+01
2.591524131451285484e+01
2.393448485669465597e+01
2.512121861247965171e+01
2.647869394743905858e+01
2.543306955732985841e+01
2.500075587299791025e+01
2.537447369636242911e+01
2.489008729748379167e+01
2.533519046812762809e+01
2.543036511365347607e+01
2.601762547859306096e+01
2.383159651256791634e+01
2.532641106543011844e+01
2.468295406873470554e+01
2.554795568885248258e+01
2.402926813863426858e+01
2.401217559635621512e+01
2.635739428680408736e+01
2.450014364086332108e+01
2.357827881405461312e+01
2.498552224666699928e+01
2.547541305719825999e+01
2.499396294666589924e+01
2.514316749687079522e+01
2.417164851226762323e+01
2.525780372502577720e+01
2.490164872372375271e+01
2.426540741819195190e+01
2.557808594999865193e+01
2.492377619000571443e+01
2.434204023902904623e+01
2.500980074932894581e+01
2.432320832420710488e+01
2.506629105512589817e+01
2.452464418458412254e+01
2.531853839055141719e+01
2.515614478560098632e+01
2.453606332908805143e+01
2.488424903234487928e+01
2.503468001093863293e+01
2.506694222603991307e+01
2.495708159824228289e+01
2.551183021829374553e+01
2.486960239439375897e+01
2.547985459923020102e+01
2.524816112237803978e+01
2.537082629595592564e+01
2.400558568977500329e+01
2.454519347489441472e+01
2.469295917982834254e+01
2.576681399401871531e+01
2.633286990785197190e+01
2.444820057592080786e+01
2.681378624966770374e+01
2.530669276273736656e+01
2.570284523711420732e+01
2.599568884202296459e+01
2.511258207014476440e+01
2.476126246009290099e+01
2.488577681097580552e+01
2.503772088719739486e+01
2.466860300743217493e+01
2.439526215363385120e+01
2.598609151197820211e+01
2.458136451711990134e+01
2.493975118530594770e+01
2.479431417779064262e+01
2.510415946545565191e+01
2.489082065510888242e+01
2.500325454599360242e+01
2.559637036574713775e+01
2.486054667719675493e+01
2.476513933559196801e+01
2.481799330092704992e+01
2.398537925395193326e+01
2.388311481768012001e+01
2.646775266140465277e+01
2.526800220255611507e+01
2.539927239928474023e+01
2.459575919513240905e+01
2.533070281924479161e+01
2.502599715923734180e+01
2.532151132764515822e+01
2.453191016715228301e+01
2.456886727693627748e+01
2.419038974439890666e+01
2.532911982542367468e+01
2.525395140637249369e+01
2.386456955870920993e+01
2.577962007858376126e+01
2.656201777748617587e+01
2.475263351068127449e+01
2.529517679815918640e+01
2.564114925219995911e+01
2.500561923641947359e+01
2.494825892785326715e+01
2.503448062054709666e+01
2.441160084381269613e+01
2.710846854054705091e+01
2.465128882059905990e+01
2.452870434983652004e+01
2.510788947560190465e+01
2.441411243334228587e+01
2.449960486005316440e+01
2.518786572924666345e+01
2.505034050186148420e+01
2.517038105480420640e+01
2.546084194489516861e+01
2.430921624691187688e+01
2.587754533911102683e+01
2.514099557344603042e+01
2.431108623054543116e+01
2.518281982016925724e+01
2.464617809714906471e+01
2.589849266487882673e+01
2.461691811671930807e+01
2.486482552932676171e+01
2.691600479725983774e+01
2.565979448153349907e+01
2.437979403904699538e+01
2.435756650916655630e+01
2.478675971279509582e+01
2.618879643853932748e+01
2.489646072810235111e+01
2.471997987196140656e+01
2.498537628416331557e+01
2.459438742420253021e+01
2.547098680405310489e+01
2.540859603770115882e+01
2.489288154680473752e+01
2.536774645862173116e+01
2.398157797827346016e+01
2.546981812206412599e+01
2.482247585410949853e+01
2.492481800964834804e+01
2.508729034592622043e+01
2.461787024547159675e+01
2.595374222729911295e+01
2.537743101399298951e+01
2.529340136175870057e+01
2.430028438848691863e+01
2.392316515581064351e+01
2.475951377203946180e+01
2.602146046024224191e+01
2.455324628270275866e+01
2.465475258268508441e+01
2.594349847832478773e+01
2.616840665520969722e+01
2.512468522119926106e+01
2.543007039385404155e+01
2.449448577069073707e+01
2.494834779122020407e+01
2.548748480789739190e+01
2.576746933101254555e+01
2.551651216227785923e+01
2.534086054853341707e+01
2.507245062571184846e+01
2.525659684540495320e+01
2.553736594010878491e+01
2.514363049421540452e+01
2.404699774116434696e+01
2.517590186281417175e+01
2.545913824643886159e+01
2.494884145489558591e+01
2.580622206991019851e+01
2.526764206238233612e+01
2.489633864411495168e+01
2.439454984895947121e+01
2.473243991898542049e+01
2.478296679491904797e+01
2.561260167752444517e+01
2.480997165965691309e+01
2.427022806017309264e+01
2.480781585991426041e+01
2.519407386649277569e+01
2.527499481703314643e+01
2.509461424985818212e+01
2.369028255931894478e+01
2.486837135424784506e+01
2.416739556124845834e+01
2.528475927793977007e+01
2.362888297812887117e+01
2.481348595633927090e+01
2.496223064985902340e+01
2.369015850009045110e+01
2.523324931408979310e+01
2.566292310114708997e+01
2.350987483060720606e+01
2.446123738845691165e+01
2.576821637096457351e+01
2.572358045650761937e+01
2.577323676030801636e+01
2.422259732669669319e+01
2.358502658747740455e+01
2.591732078658108662e+01
2.470761429295035327e+01
2.482030323935752847e+01
2.427059594529341524e+01
2.493675652382144747e+01
2.531676869548305575e+01
2.455889390236226433e+01
2.525788603123064746e+01
2.514308899624415972e+01
2.638759969909999370e+01
2.528715069353706824e+01
2.472764298599914312e+01
2.566349470397173960e+01
2.557293114995476557e+01
2.485105525760247147e+01
2.572164099644455248e+01
2.421958562211798238e+01
2.390238965356174461e+01
2.452336843825641921e+01
2.421847671440066918e+01
2.472059269013515959e+01
2.446926490842629676e+01
2.535687112974565594e+01
2.628304693396722769e+01
2.467814318003616236e+01
2.538081302100185965e+01
2.534220033791954307e+01
2.601112754042710051e+01
2.406750330935284055e+01
2.490326025560997536e+01
2.469514163630799786e+01
2.561274156735225915e+01
2.485387633981398992e+01
2.540303222962584684e+01
2.389898182179049257e+01
2.585067112884581064e+01
2.526216359979704507e+01
2.448991742616355793e+01
2.517450294738336325e+01
2.572273781085419131e+01
2.533124094053854236e+01
2.405753631784363833e+01
2.426774419153960238e+01
2.433218626971918752e+01
2.647090070748208390e+01
2.451696738786857210e+01
2.526458985315052530e+01
2.655417476478217509e+01
2.475901622240482425e+01
2.498331789910820788e+01
2.452379448944676810e+01
2.492328104393172339e+01
2.617067987204814017e+01
2.436536721953912377e+01
2.445107612905211880e+01
2.525129906339572727e+01
2.497990613967570539e+01
2.508861204908536280e+01
2.526725762631665617e+01
2.426685176400273747e+01
2.484925799915906097e+01
2.541227103060051817e+01
2.545981163830890992e+01
2.491488101659964371e+01
2.431052655927078732e+01
2.480662967397618601e+01
2.464040952011938046e+01
2.652768744950194701e+01
2.535550595805748841e+01
2.657378618344256793e+01
2.447693540620650055e+01
2.386785589370311200e+01
2.530813639260956904e+01
2.606668378100538774e+01
2.520422073758271608e+01
2.587341976828859913e+01
2.500429240426041133e+01
2.516158338696880747e+01
2.564042320233820149e+01
2.435393142037512959e+01
2.530947735097903717e+01
2.556863145386850533e+01
2.460114237002997939e+01
2.513659861921196992e+01
2.452126903165681426e+01
2.424422892678439823e+01
2.484943884128059111e+01
2.514009858109741558e+01
2.449164108414777985e+01
2.450730771350251302e+01
2.416485142001215891e+01
2.570573067887531238e+01
2.505609781844528428e+01
2.455331928241886175e+01
2.535828853598616561e+01
2.612555203892449285e+01
2.480404884365311347e+01
2.645663080855690907e+01
2.486588416512160293e+01
2.367338403687743664e+01
2.552191195291164050e+01
2.500432841063218703e+01
2.537061699310894980e+01
2.505499476372382972e+01
2.514045861688171613e+01
2.526706626116175869e+01
2.524611337305058711e+01
2.472041890186246249e+01
2.622939366804640926e+01
2.477348690282365951e+01
2.475128978699545002e+01
2.548017389475737104e+01
2.708142955420319353e+01
2.457514825855058049e+01
2.484265748079904412e+01
2.605197019605970965e+01
2.615499712416865563e+01
2.555931943273623475e+01
2.398186847081613138e+01
2.499834116941550022e+01
2.408429912041628285e+01
2.498014259926189951e+01
2.496287026806578524e+01
2.592853880196757999e+01
2.633983064355226134e+01
2.449689190771742275e+01
2.435757131500503192e+01
2.365513156511564574e+01
2.428068200426007905e+01
2.627601645145905707e+01
2.475153658819910873e+01
2.640320779841154319e+01
2.505576864306890883e+01
2.575048851448528353e+01
2.459569094698212055e+01
2.461463685420017811e+01
2.552560119172469655e+01
2.527779105030936080e+01
2.572795201645344321e+01
2.582617110072860100e+01
2.624231081751720396e+01
2.466848790633011745e+01
2.477823714530827104e+01
2.502215796719022833e+01
2.574177849098569482e+01
2.483403121130616142e+01
2.386495311037997880e+01
2.427184540441517058e+01
2.424686834023847837e+01
2.764544411585521644e+01
2.646224027933010703e+01
2.521338926691728233e+01
2.516538471763716345e+01
2.467440085005572215e+01
2.383358889598998331e+01
2.451019106038458162e+01
2.531146049082287774e+01
2.527039733706060076e+01
2.427433912727464715e+01
2.553951293845953074e+01
2.002422549221681436e+01
