4.914291341870774232e+01
4.799795310676913118e+01
5.172158537933069056e+01
4.957872909683964480e+01
4.954025518604019851e+01
4.955569747899144772e+01
4.730000731697600713e+01
5.152886595578050333e+01
4.894160592469172144e+01
4.894160575228809051e+01
4.845894846354122620e+01
4.864493019939083496e+01
4.817934547270957779e+01
4.756901956226590045e+01
4.871418780648951952e+01
4.793827924228664727e+01
5.067607304500441501e+01
5.020104033361475615e+01
4.785674901720135921e+01
4.937796966904593887e+01
4.759585469590838613e+01
4.817458283454807599e+01
4.756785937935137554e+01
4.838071242188226506e+01
4.899999124630118530e+01
4.851839483884138815e+01
4.737850136492264852e+01
4.800225625866263357e+01
4.899774374133738775e+01
5.017557050458493961e+01
5.061803398874988602e+01
4.900000000000002842e+01
4.702505733583873848e+01
4.946002121402246132e+01
4.786137428574659225e+01
4.844580159673723330e+01
4.844941095493525296e+01
4.975286333927602556e+01
4.851347709937805064e+01
4.950163880814164230e+01
4.875650274670054074e+01
4.838790385749684475e+01
4.925983556958343001e+01
4.850615478726526675e+01
4.856135919980735594e+01
5.053706180824578809e+01
4.824035961438040943e+01
4.894160598277588292e+01
4.894160569420392193e+01
4.871018193203421731e+01
4.864238919924055438e+01
4.925830976976462239e+01
4.917653589134010161e+01
4.991578893892667423e+01
4.722215389099397953e+01
4.901079634472913682e+01
4.764654743537933967e+01
