4.871965929916551374e+01
4.827172684496737531e+01
4.719849492822009296e+01
5.272687304015114762e+01
4.954792785682208489e+01
4.845630147158029644e+01
4.740349607517877928e+01
5.172624742395859698e+01
4.811860080006720608e+01
4.811860067794708584e+01
4.735655628027073050e+01
5.190678719449673650e+01
4.815481011625804086e+01
4.814252234481644166e+01
5.034264846026565010e+01
5.016780440365792515e+01
4.880428720322675673e+01
4.842803278820840518e+01
4.788726978551413538e+01
4.883144130866519816e+01
5.084957489797583463e+01
5.033957691872375761e+01
4.994600600176783445e+01
5.030059200028897948e+01
4.853163745090513004e+01
4.862791663149441490e+01
5.061803398874989313e+01
4.738196601125010687e+01
4.899999999999998579e+01
4.898068161025204148e+01
4.801931838974795141e+01
4.769213731144207458e+01
5.059792794193365495e+01
4.946425024217245436e+01
4.899973388456698586e+01
4.774963253020015230e+01
5.051974607681421503e+01
4.773289769981386144e+01
5.097571504865350533e+01
4.856799028561567866e+01
4.872646558423897289e+01
4.876898812222973589e+01
4.829708735861890290e+01
4.672483422153268151e+01
5.214590657298875698e+01
4.828616055295759679e+01
4.982064372585243461e+01
4.999818762258252036e+01
4.999818754544352828e+01
4.876753443890761730e+01
4.994281555466740485e+01
4.688176720676096920e+01
4.773552891410680132e+01
4.760838863128262943e+01
5.020826210827615199e+01
5.176053420986743703e+01
4.912328440387921802e+01
