4.959768349453653258e+01
4.849136346019896848e+01
4.862254712530636880e+01
4.812800857739628668e+01
5.062835402383250027e+01
4.925231819351902374e+01
5.250024123238284801e+01
4.701082415689507599e+01
4.999818760025910791e+01
4.999818756817208509e+01
4.937765541593432772e+01
4.837785823701751298e+01
4.888113370043965489e+01
4.692772706060574706e+01
5.077329208318056430e+01
4.923794109853225365e+01
4.779068710346949445e+01
5.196537547862565276e+01
4.974906368989975647e+01
4.897390164003669355e+01
5.042522857592633301e+01
5.182199420902842490e+01
4.780565410298518714e+01
4.982995269544958461e+01
5.099972979211099755e+01
4.872677798627196921e+01
4.921901745954105678e+01
4.900000000000000711e+01
4.961803398874989313e+01
4.961803398874988602e+01
5.178098254045897875e+01
4.959243227270847143e+01
4.929909410624593846e+01
4.899999982913278984e+01
4.878784302422968722e+01
4.871448523382376550e+01
4.931637854150288547e+01
4.849073823938265093e+01
4.963255667494966872e+01
4.987781737851914698e+01
4.825782114697645397e+01
4.812162359879092577e+01
4.860801871613978875e+01
5.228408085000391026e+01
5.010547797739033626e+01
4.707467097130044920e+01
4.753454635258138694e+01
4.811860073985710784e+01
4.811860072510507536e+01
4.699513929779815413e+01
4.789773916026371126e+01
4.670528870072751459e+01
4.993877652960811275e+01
4.865529919676583859e+01
4.793454572778760081e+01
4.808172232012505276e+01
4.772894640877050421e+01
