8.722284085069205162e+00
8.504583255150427235e+00
9.679290388638355225e+00
9.213499357025465741e+00
8.726641236805173563e+00
9.408606650679544714e+00
8.511646438036182261e+00
9.372560104833024042e+00
8.849605340076823978e+00
8.412958477002026925e+00
9.509309722050263147e+00
9.087479319720197068e+00
8.998271275291914506e+00
8.861240888072059008e+00
8.573075085113492477e+00
8.748317853900436702e+00
9.673670748977203360e+00
9.259672788072133898e+00
9.164985585141309343e+00
9.414102883219372941e+00
9.691463794690802658e+00
9.562266838955762793e+00
9.169921988007198266e+00
9.264938207981501250e+00
8.681693687404269610e+00
8.887271664829199835e+00
8.719165983125648722e+00
9.267316120148938907e+00
8.884723507210640747e+00
8.918348851491913365e+00
8.818619197783926111e+00
9.462491013202942725e+00
9.057109233128009862e+00
8.689230259369372433e+00
9.207655102769113142e+00
9.086334688663706416e+00
9.321831844959897140e+00
9.033164692939685381e+00
8.825801936701848760e+00
9.154838569772781653e+00
9.054180742012873040e+00
8.868248509293620074e+00
8.555701754900617573e+00
8.927815103850750944e+00
8.727704115685684272e+00
9.238849713679732290e+00
9.785387072348099124e+00
8.570546098574524763e+00
8.519383805557449563e+00
9.087468786916049979e+00
9.461342258812443617e+00
8.889943802617059632e+00
9.581220318714986917e+00
9.185781794275143852e+00
9.235608595476026750e+00
9.434506567902761986e+00
9.085340366022050418e+00
8.995976239250616402e+00
8.937368511259027315e+00
9.510530564382472463e+00
9.034223998372647557e+00
9.129320492512190910e+00
8.961966280347910541e+00
8.935507215178539298e+00
9.147895807034483795e+00
9.497843235613494528e+00
8.627299760072933310e+00
8.969568923191937770e+00
9.262926566679773543e+00
8.772200483813644922e+00
9.144996332672507222e+00
9.285425063973335114e+00
9.471276652910251670e+00
9.284492273424598707e+00
8.891137480307561347e+00
9.168154729110810308e+00
8.949649619268745582e+00
9.564286289369118066e+00
9.041522791962567140e+00
9.110428600565503743e+00
9.130100080277669505e+00
8.667686361701131048e+00
8.512470442514834090e+00
8.485321243717056205e+00
8.580500068729380203e+00
9.151190902198786503e+00
8.785932299936135337e+00
9.064250467044521642e+00
8.593721824666717524e+00
9.098886964050118209e+00
9.040992394134239163e+00
9.103840036630094446e+00
9.336861449963695492e+00
9.386125872389046165e+00
9.420484145960797306e+00
9.329371274943651926e+00
8.888656306698853982e+00
8.710354169875490271e+00
9.337433808788691891e+00
8.822406159873164455e+00
9.280763219063986824e+00
8.950287584880371128e+00
9.006920923550209679e+00
8.943452762810405687e+00
9.068367711329887726e+00
8.864003648335014418e+00
8.989965157586665256e+00
9.277198816937012538e+00
9.517490971269657152e+00
9.261357223155032514e+00
8.955144813258653969e+00
9.019818614027489190e+00
9.032088843893028240e+00
9.028372288836253645e+00
8.964473682341383309e+00
9.538055360993341836e+00
9.390403045477222932e+00
8.861011395381142464e+00
9.001573137704848904e+00
9.056957471080353983e+00
8.781564554909559561e+00
9.195521277773504920e+00
8.956904139046601543e+00
8.894253400068988569e+00
9.171356731368019766e+00
9.154955507878201004e+00
8.744030828180905601e+00
8.697485070989266376e+00
8.704857291787803319e+00
9.254943378422488820e+00
8.962882720983538221e+00
9.203893881818796530e+00
9.358161851848516122e+00
8.861921863043233927e+00
8.988344578747483382e+00
8.959862421558337786e+00
9.199010698834452882e+00
8.543970021246632740e+00
8.771554403806398170e+00
9.093136568358007210e+00
9.357431904857863358e+00
9.201445596749957545e+00
9.228843510277394913e+00
9.376838103666941038e+00
9.658317307854346723e+00
8.991677185492225277e+00
9.225780488019150738e+00
9.334501080577297216e+00
8.664158648692616538e+00
9.673849704837973462e+00
9.201632693343837488e+00
9.101948642601632500e+00
8.949969438283831735e+00
8.584294357227973293e+00
9.371190917065256087e+00
8.561218491064071401e+00
9.171185906398086729e+00
8.526733816307038083e+00
8.574024292878446474e+00
9.029265572301463649e+00
9.154421177299775891e+00
9.570028234186677807e+00
9.445569571531725828e+00
9.148735471772228678e+00
8.980770885141762250e+00
8.997827130297501697e+00
9.406573393864398724e+00
9.031274444897084308e+00
9.097489684609683991e+00
8.930624000958845343e+00
8.914750032810040636e+00
9.274497414693923858e+00
8.673000165301765207e+00
8.968856150976121100e+00
8.635776620923362401e+00
9.231653067673072144e+00
9.317329440575162991e+00
9.013493296473564342e+00
9.113846704347450256e+00
8.649449417204360557e+00
9.007640622643533490e+00
9.252127446065534500e+00
9.286042545357462430e+00
8.826249223517461218e+00
8.656087240540836447e+00
9.039915635143847439e+00
8.985293740629121118e+00
9.341230289455088709e+00
8.972687989412991172e+00
8.689443074106790732e+00
9.193493860331741985e+00
8.824054816266404089e+00
9.277516486503605719e+00
8.782943283277298008e+00
9.137196833934307705e+00
8.968320771022577631e+00
9.051099247977388629e+00
9.107270007884148200e+00
9.233467368144374632e+00
9.164197684911504993e+00
8.994174636670084766e+00
9.175606086569516151e+00
9.061988246519065981e+00
9.197658798087561038e+00
8.702170921262160519e+00
8.796970281200664488e+00
9.100088113274201973e+00
8.871966107815595137e+00
9.186950985531398217e+00
9.166697630210002501e+00
9.231671298230139655e+00
9.192010633066114877e+00
8.716599912660408123e+00
8.919138798664086210e+00
9.016165154572904683e+00
8.960579605531917124e+00
8.973701290206385295e+00
8.910416719901828486e+00
8.771798584981706171e+00
9.559152662424972746e+00
9.478079522985208172e+00
9.385718970457407551e+00
9.199757713739989740e+00
9.000014623869359909e+00
9.058092432386626314e+00
8.882633987912155860e+00
8.626882657399692178e+00
9.528682409956363841e+00
9.169542669808340207e+00
9.206523459258578512e+00
8.955331378801083986e+00
9.266053143994497532e+00
9.151401570756554804e+00
8.835274802149237772e+00
8.872941747029924997e+00
8.875193794275279657e+00
9.206875492158973273e+00
9.420637923389023172e+00
9.033774277611451353e+00
9.610833618395309585e+00
9.096026620605559998e+00
8.736227693631487767e+00
9.221682788058723546e+00
9.391861586417833863e+00
8.834461739515020895e+00
9.269244167818703417e+00
9.151122116326819267e+00
8.959725254783837300e+00
8.964734529430701926e+00
8.844931938201820998e+00
9.059524559061724602e+00
9.519760928408814493e+00
9.191291195052269103e+00
9.408492750609063648e+00
9.173730491587738456e+00
8.893943682746790813e+00
9.132551444702288634e+00
9.126084839614570399e+00
9.007921944550307813e+00
8.950559338695709855e+00
8.746651624488698928e+00
8.792399664857857289e+00
8.929051620427413738e+00
9.248042090894113443e+00
9.163052425127242273e+00
9.231383343376370121e+00
9.243854035843060757e+00
8.782802499655801398e+00
9.096597829286150017e+00
9.300955438188239555e+00
8.603747973434764162e+00
8.885773286949593341e+00
8.923320086973072662e+00
8.977034730674356311e+00
9.007980246630628685e+00
9.103458140282935318e+00
9.278589502037640102e+00
8.714634091334943378e+00
9.273147447981122227e+00
9.174196969803841029e+00
8.816180938742229856e+00
9.042154267316924177e+00
9.291599680408525685e+00
9.218655432918625436e+00
9.032392543740536794e+00
8.959745995841410959e+00
8.697576029108981643e+00
8.754817429305120413e+00
8.737614040032552154e+00
9.034674851995971423e+00
8.851068304243005613e+00
9.157297680958597752e+00
9.230230489421135331e+00
8.806625152253975131e+00
9.524890193659039994e+00
8.718570786302780817e+00
9.294684525953051946e+00
9.363966711056686876e+00
9.591833889443893923e+00
9.228787533122135400e+00
8.858279372199202584e+00
8.999399146480953959e+00
8.939954840655143897e+00
8.824425580406066061e+00
8.838229525476174686e+00
9.050042033220224269e+00
9.070465272767874509e+00
9.445771207806219039e+00
8.776543624566237156e+00
9.372167795223621312e+00
9.105095799080643815e+00
8.894420171039300271e+00
8.788948183981498019e+00
9.319356005454086045e+00
9.438153540491915905e+00
9.045874469949591656e+00
9.303547973308360142e+00
9.138130703873100558e+00
9.040603601812225776e+00
9.757383875475195367e+00
8.864271123455385037e+00
9.502591089453462203e+00
8.876728753451443410e+00
9.329101476224352041e+00
9.279679979039103799e+00
8.583458236928645846e+00
9.643008379164182742e+00
9.174314432137455455e+00
8.826524337835788714e+00
9.221116246693293661e+00
9.235036084966129266e+00
9.181205492121307543e+00
9.526262160207053853e+00
9.131303098919335781e+00
8.815089108598666456e+00
8.940115909773828307e+00
8.805172006705628718e+00
8.831074104957229665e+00
9.269040215456843868e+00
8.889651321812776175e+00
9.019456682048746288e+00
9.054827432736434645e+00
9.153980353698628392e+00
8.896788331182071019e+00
9.046015562389268183e+00
9.264877578649494794e+00
8.993823506618129571e+00
9.101593909184108711e+00
9.065915945538149501e+00
8.918116399707892938e+00
9.131854383955449350e+00
9.494963002074754854e+00
9.329863742140904748e+00
9.002297649648063782e+00
9.061403814407501756e+00
8.637453871659468874e+00
9.434583576641740521e+00
9.277190638935001843e+00
8.831627881150520665e+00
8.794129720474314738e+00
8.634866264173654216e+00
8.811182518677350473e+00
9.199654393428778221e+00
9.072899292519299053e+00
8.911236249865819303e+00
8.916558163902374545e+00
8.713366173683821714e+00
9.135461796146797653e+00
9.034886495674848916e+00
9.168082997656714639e+00
8.935776618928342074e+00
8.979669323016064908e+00
9.022854217179276048e+00
8.890943925979149398e+00
8.678663619191787859e+00
8.942698596373295672e+00
9.154445131068261077e+00
8.599150461380236976e+00
8.574912724474199166e+00
9.219586305624668299e+00
9.398670080224597712e+00
9.206337871918941929e+00
9.159721377244144591e+00
9.405320581800880930e+00
8.898014065042975318e+00
9.060877094518721364e+00
9.134426035444970893e+00
8.463845535579883617e+00
8.738669761112415557e+00
9.008951876591780206e+00
9.256469786727837601e+00
8.957559287816541982e+00
8.552553719371662311e+00
8.749373554882364346e+00
9.156502379011827841e+00
9.062583331204455916e+00
9.018999040361194375e+00
9.078491710271215709e+00
9.138866174108798646e+00
9.543881888563495508e+00
9.068446458342416250e+00
9.084855580497618988e+00
9.149635710181065917e+00
9.143239331412436499e+00
9.270657750377507611e+00
9.127100370310953892e+00
8.822205419819804106e+00
8.942721538776607915e+00
9.172366322149741791e+00
9.085594488770183830e+00
9.198324449322361929e+00
9.244612343330473436e+00
8.858990065702574412e+00
8.962014925862190395e+00
9.544954976074309982e+00
9.172226475775422827e+00
9.723802929994169730e+00
9.360824608041939499e+00
8.920288506822782182e+00
8.578760121104750169e+00
9.293271269504975507e+00
9.067246300606871756e+00
8.835978882693552805e+00
9.406121720131622510e+00
8.946183188096719974e+00
9.387925212435149547e+00
8.732863007988019177e+00
8.944271105092504115e+00
8.977167387230272411e+00
9.505874907369820548e+00
8.837555263411033479e+00
8.895735932462143225e+00
8.570335062010295601e+00
9.018603263721747254e+00
8.861149319741079111e+00
8.806829595604984462e+00
8.935742191969531234e+00
8.908862363636821158e+00
9.093511169137835637e+00
9.024000202246016400e+00
9.059188639244354135e+00
9.292963793441932907e+00
9.264171323227136767e+00
9.186793688547448156e+00
8.421927968623226235e+00
9.340067874065139719e+00
9.426890745626712587e+00
9.280356439335648133e+00
9.274793711118514139e+00
8.714784825312481331e+00
9.029565895266500775e+00
9.083324105440507168e+00
9.155467826802356157e+00
8.475773174657623699e+00
8.981626665859112180e+00
9.073712914308748267e+00
8.718102146251055728e+00
9.058154574702420803e+00
8.904603490475400562e+00
9.385823542703327860e+00
8.511101740065255328e+00
9.012325901263759320e+00
8.849128628565019028e+00
9.232500144115352469e+00
8.851698998397333540e+00
9.262612462102035593e+00
9.099101335403451785e+00
9.250602669041235515e+00
8.863725838457803263e+00
8.932884739870981861e+00
8.979907623360075419e+00
9.035671395073409329e+00
9.146067466149574443e+00
8.863784797830540185e+00
9.358913945836317083e+00
8.896882954949301592e+00
8.898477064638729672e+00
8.968445982257501115e+00
9.234501984632020211e+00
9.015203725556572678e+00
9.130969969533376585e+00
9.186233806154705306e+00
8.947642763643957053e+00
9.312426533795724382e+00
9.112290641159368931e+00
8.698522504636727604e+00
8.847652185800381375e+00
8.831173607188897989e+00
8.885946669613970172e+00
8.654772610646700670e+00
8.612456759812829432e+00
8.671097286565219164e+00
8.761417292061038253e+00
8.690786241616399010e+00
8.808384033863626783e+00
8.923032694923087149e+00
8.860567725884568091e+00
9.341943554567960106e+00
9.013802137637352274e+00
9.011663365145977878e+00
8.726916255423295965e+00
8.846902841267953121e+00
9.029390377327187522e+00
8.727347115290719159e+00
9.360327134791212700e+00
9.302722417428318735e+00
9.004550000878580818e+00
8.965330896154434015e+00
9.552764295049170684e+00
8.634031809853237149e+00
9.085715379597989028e+00
9.259579165444890236e+00
8.630592517434433120e+00
8.941051448628101639e+00
9.284398221490095082e+00
8.900663616541638845e+00
8.940791216477027348e+00
8.959941063526327909e+00
9.137198098820348946e+00
8.972756177067209293e+00
9.167971171515477025e+00
8.833422783852622473e+00
9.426339696922566347e+00
8.856903666401757746e+00
8.938564545563428609e+00
9.069777155647097189e+00
9.147545517649360747e+00
8.755246706203218210e+00
9.176348584811934828e+00
9.219864407202621237e+00
9.037532068161379328e+00
9.221623603491456933e+00
9.217852950792215339e+00
8.900301376693882105e+00
9.071674570498755585e+00
8.890155195498412155e+00
9.003017084611647292e+00
8.875579290377544339e+00
9.047341416964936656e+00
9.209378270856680260e+00
9.052099471774470274e+00
8.948667966391827377e+00
8.916691910033810231e+00
9.090709152420837214e+00
9.436418484326168254e+00
9.095760791322959449e+00
8.855361850821418912e+00
9.267266777693679458e+00
9.290427527406063035e+00
9.162469067109544341e+00
9.092644732778405015e+00
9.093413300767904772e+00
8.737107354174623808e+00
9.310847171459256444e+00
9.259840015917596645e+00
8.834550060462900589e+00
9.125032600768729907e+00
8.734241097995852243e+00
9.174485808197248460e+00
9.013961736194138652e+00
8.525349886534057120e+00
8.973227812003440107e+00
9.016009613418212609e+00
8.818635586383663849e+00
9.027654004766070273e+00
8.981098403992170631e+00
9.028308825187739473e+00
8.781677815005782151e+00
9.403710246952281082e+00
9.343150340916475116e+00
9.069147137271661663e+00
8.961283578400866645e+00
9.000518164935350285e+00
9.109577582648071825e+00
8.966887967419747696e+00
8.924745279291915523e+00
9.046891219646495230e+00
9.069581394999980617e+00
8.952969706845276932e+00
8.588884275874130836e+00
8.913722461207012060e+00
8.891920075507776744e+00
8.958114937320978299e+00
8.737887059163897518e+00
8.686656785489033084e+00
9.290467696445670498e+00
9.156907993973685933e+00
9.332183703721081969e+00
8.698787629372528585e+00
8.849332969433771012e+00
9.281643293471876888e+00
9.110008640921925860e+00
9.342817918860164994e+00
9.001776297948035577e+00
8.998953458069117062e+00
8.836082039869326721e+00
9.068263577201058467e+00
9.027497962400991227e+00
9.036519171390365202e+00
9.305830290684641071e+00
9.183948761645483572e+00
8.970145466668062895e+00
9.143693076730357916e+00
8.896400015694494456e+00
9.446209868728381309e+00
8.933813020076224021e+00
8.649214743907780445e+00
8.875993582327538434e+00
9.060797002511870701e+00
9.373812476243314151e+00
9.004403479071616090e+00
8.952850515963801215e+00
9.273908318391823613e+00
9.195025570076003518e+00
9.062072126032690633e+00
9.048156038185236838e+00
9.113729897625253429e+00
8.718261626440787282e+00
9.149081497223464865e+00
8.870117526114508877e+00
9.246356251176168328e+00
8.836393994805531449e+00
9.080680139851162735e+00
8.974168438519845026e+00
8.772051430350080281e+00
9.226416181923525528e+00
8.873878566571496762e+00
9.270791819289183167e+00
9.181740903680196908e+00
9.302681308944331207e+00
9.112894311123829638e+00
8.953587210511358307e+00
9.031238688070265752e+00
8.795168215676289591e+00
8.998347218621100652e+00
9.647578144573541792e+00
8.848619801893363501e+00
9.330140242365754233e+00
9.168348243815769294e+00
9.210939862098419084e+00
9.214862462393334397e+00
9.276788752218124046e+00
9.121072852295114330e+00
8.657414873151422441e+00
9.004746672946874142e+00
9.075211252930619921e+00
9.019472515843407479e+00
8.927961191542225450e+00
8.870569749503877333e+00
8.891326688341056439e+00
8.942848821916500768e+00
9.054194360456648383e+00
9.122286617226023964e+00
8.926274278615032642e+00
9.176560155280272468e+00
8.416226359868991480e+00
8.840101951386793999e+00
9.190803386894762284e+00
9.140095996728407002e+00
9.200539973907009283e+00
8.887399944451253475e+00
8.610628671791141997e+00
9.195612273215671095e+00
8.914444389292530246e+00
9.373768726689672093e+00
8.777219925982942428e+00
8.740704715624614707e+00
8.781331888937042862e+00
8.707919830956342366e+00
9.034757734995903178e+00
9.030280144998632963e+00
8.937727916119657223e+00
9.093594958198405465e+00
8.616166569387241125e+00
9.515501025212527608e+00
8.833747253939279176e+00
9.199027081786825377e+00
9.196541894583646126e+00
8.801289175739409387e+00
9.163267800327160373e+00
8.862286208132553966e+00
8.895635899249743517e+00
8.598436985838226576e+00
8.803682926043833845e+00
8.937948524760820135e+00
8.867354164156113328e+00
9.382658054413305138e+00
9.191546547277726020e+00
8.882486143279983537e+00
9.155321968885917983e+00
8.901230562493600118e+00
9.282002201135085784e+00
8.763473298401207146e+00
8.977244343337968502e+00
9.353794724454530751e+00
9.230418177715753458e+00
8.960379520512297802e+00
9.294213748478728832e+00
9.100091887631110765e+00
8.848046107400179494e+00
8.818382806818760855e+00
9.171869395633901689e+00
8.968899859217904336e+00
9.397915597138279509e+00
8.738626596398113122e+00
8.881740350226449365e+00
9.349561170402330035e+00
9.096764920760030293e+00
8.720407024939818896e+00
8.929490746196714568e+00
9.110668758504191445e+00
9.296391252461589261e+00
9.192774973559648899e+00
9.096975707916270082e+00
8.936375016277013472e+00
8.887513003416161794e+00
9.206354804612862708e+00
8.727815137770789988e+00
8.950602056904385151e+00
9.136743171784727835e+00
9.459079775097627873e+00
9.230576433097416711e+00
9.269004973261548486e+00
8.881022783988321123e+00
8.856826737578959552e+00
9.261520237292637958e+00
8.871564885253192756e+00
9.067879802354163132e+00
8.960831253455088685e+00
9.294530419128660625e+00
8.972967309283202297e+00
8.704556789040056586e+00
8.987948098995586221e+00
9.176988934984690260e+00
9.347669231601932083e+00
8.895771774530677689e+00
8.743892290420488322e+00
9.231120817801004463e+00
8.719108562087836134e+00
9.053398134439426315e+00
9.095970307897506046e+00
8.871498875364212111e+00
8.825148597364737668e+00
8.977459615999464404e+00
9.429801464382981280e+00
8.584264608552295783e+00
8.860806659727655799e+00
8.974452004617354817e+00
9.269779036912133563e+00
8.822762599634343061e+00
9.079816421463704046e+00
9.134338571728417122e+00
8.614959911506041124e+00
8.932184357114195450e+00
9.084878186610341189e+00
9.300133748076037321e+00
8.694840815862024286e+00
8.832421954293897315e+00
9.234643076481461321e+00
8.981740830284229204e+00
9.051270415043005002e+00
8.876865201727573762e+00
9.001110455184607062e+00
8.808730629189614802e+00
9.362180184416123652e+00
8.924821795035301264e+00
9.078910767848920926e+00
9.202677773127589944e+00
9.208145699609497470e+00
8.913954725353601560e+00
9.337826431630043444e+00
8.858389933506737535e+00
8.786974756176961776e+00
9.182676018822085950e+00
8.742663453639250903e+00
9.257578082891198434e+00
9.674521789491915769e+00
9.057829949474440312e+00
9.287208753378076054e+00
9.484534194025631137e+00
8.727438112824795979e+00
8.823042524979294754e+00
8.942754621366733048e+00
9.065367318312459233e+00
8.979544049968888331e+00
8.953801787941145562e+00
9.043705148691056905e+00
8.862935707935076124e+00
8.988704136684356527e+00
8.831156718106740300e+00
9.319435937195008179e+00
8.651245443258964940e+00
8.778712181869581244e+00
8.813988046411751043e+00
9.152768769835542884e+00
8.908398221712209519e+00
9.140459165112137185e+00
9.376839070737956305e+00
8.968066206347323543e+00
8.666375790721962957e+00
8.899950179944628559e+00
9.405954454942936138e+00
9.057812535608457338e+00
8.808156531796756283e+00
8.883553829086213938e+00
8.719104945024612974e+00
8.701261253144814134e+00
8.732868609437549168e+00
8.933617732167347114e+00
9.320230071596155241e+00
8.867397377913476930e+00
8.841832462864353204e+00
8.861430950181716781e+00
8.555267713984401112e+00
9.056529368122252066e+00
8.829189313897325420e+00
9.077022211357530068e+00
9.391263618642458511e+00
9.202691156551384921e+00
9.019749290409009745e+00
8.691938498687605374e+00
8.880401586540214609e+00
9.174955715551908142e+00
9.318824261077681470e+00
9.276268614910620158e+00
9.034864493553376619e+00
8.817115289962448088e+00
8.579537484961283766e+00
9.078591352890610366e+00
9.131464006841220282e+00
8.464126629516162126e+00
8.716702717911795517e+00
8.760136797190183344e+00
9.025901969469893871e+00
9.072303423668415689e+00
9.199438537162537344e+00
8.920364937154372953e+00
8.990393810925764839e+00
9.046535150379947154e+00
9.130657677240154868e+00
9.293096651898352434e+00
8.795937723274620978e+00
9.174431064536683778e+00
8.755639852154457614e+00
8.968953206806149936e+00
9.417811641866926209e+00
9.451801644159923299e+00
9.315407386327420269e+00
9.212070927420073829e+00
9.005541702002442861e+00
9.065356181830606985e+00
8.867935052268506979e+00
9.187859304377802516e+00
9.020247909065915337e+00
9.039416881677812654e+00
9.132946342186750499e+00
9.440514607939940461e+00
8.982225585058479567e+00
8.853705965192087746e+00
8.998425831748356529e+00
9.222741061303389998e+00
9.391784092609986700e+00
8.971374844819591132e+00
8.896763650650955313e+00
9.131767726676764951e+00
9.083411124654812596e+00
8.436935904666940544e+00
8.776690431791090319e+00
8.981869322701106384e+00
8.946631395189339031e+00
8.989480115320107600e+00
8.885275151694235873e+00
9.160711718460468944e+00
8.893117564471648251e+00
8.860041919334950222e+00
9.423395984222757704e+00
9.137646857449940541e+00
9.127404444559665819e+00
9.067681704059792125e+00
8.823581449748010286e+00
8.916277886693574573e+00
8.933540226344167223e+00
9.195457584149266950e+00
8.612759356944112099e+00
8.984822383361789733e+00
8.790243281706876743e+00
8.795838417957657640e+00
9.315480307516837755e+00
9.433792036649100154e+00
9.184471224937665212e+00
9.034477823609886826e+00
9.068294454962439133e+00
9.510392852655822793e+00
8.843111487408663152e+00
9.137922209314659483e+00
8.755506282551198893e+00
8.896434102396069576e+00
9.020926082891810083e+00
8.702162920710367899e+00
8.988782718907705416e+00
8.765676056368231883e+00
9.043176161124325318e+00
9.212511293731644457e+00
8.724043173994616041e+00
9.141554039117282926e+00
9.240199763450933190e+00
9.293007791392343009e+00
9.228688835528970458e+00
9.176955177052933621e+00
8.996218010903184847e+00
8.783856543677154960e+00
8.906523446316555237e+00
9.142130252759406162e+00
9.044844606458365632e+00
9.313842995958372839e+00
8.977282304233318300e+00
8.897335006825313641e+00
8.978655948813711873e+00
9.058303746722836891e+00
8.968085342586551434e+00
9.260683066923572682e+00
9.188683741844016595e+00
9.083038179947207524e+00
9.385628296374497026e+00
9.255336518131905166e+00
9.315071433792429190e+00
9.157437300014819925e+00
8.874902111176405484e+00
9.199788964987169138e+00
9.212335357222091403e+00
8.723930823794786349e+00
8.777666140238167714e+00
8.878791935459162232e+00
9.018903279763538450e+00
8.826036028546578649e+00
8.802220544789687295e+00
9.086043886697058980e+00
8.708641925789827098e+00
8.722216991651505325e+00
8.785267226173589350e+00
8.924070901183325688e+00
8.987044942160290262e+00
8.585438170956702919e+00
8.617294856613469278e+00
8.720417294663331376e+00
9.147413615367060657e+00
9.298539662580612486e+00
9.076137746778536908e+00
9.143640448680777411e+00
9.247095080554714741e+00
8.923249799094783441e+00
8.524986892245005166e+00
9.101507903957536172e+00
9.172656140714847695e+00
9.026034070949345178e+00
9.119119736559239797e+00
8.928842466857231486e+00
9.088712059395092524e+00
9.310289499501582355e+00
9.159358736989974048e+00
9.148771639309901005e+00
8.990850500121593925e+00
9.123732396160280089e+00
8.984002759396123139e+00
8.916033036751763063e+00
9.232435914822699985e+00
9.356835842090866606e+00
9.164712475510821577e+00
9.366113642085913682e+00
9.278218764441964694e+00
9.086288876399311931e+00
9.351924975263415263e+00
8.989992485850173409e+00
8.868026524148120870e+00
8.961039911985325901e+00
8.792949068271175506e+00
8.933767433697173743e+00
8.867750093884787077e+00
9.115344371536643564e+00
9.283169226662474571e+00
8.884414024390034470e+00
8.700349200180394149e+00
9.184556678537052932e+00
9.064210894274767227e+00
9.183371418179421042e+00
9.012586458669089140e+00
9.018294718715463176e+00
8.942209426388592064e+00
8.889204215998891101e+00
9.395094832076006597e+00
9.039692251127798173e+00
8.912264031527774577e+00
9.065419078813603093e+00
9.096651661203056349e+00
9.186777140012065246e+00
8.992691643816737468e+00
9.037061922459304952e+00
8.715170106105231795e+00
9.151633855880842106e+00
8.967994723082597375e+00
8.803410950255676326e+00
9.182914445573581830e+00
8.766133072367434664e+00
9.434845324266957434e+00
8.948800722108362748e+00
9.289421556997021767e+00
8.890167552455698896e+00
9.138935162098364984e+00
8.912619127233675442e+00
8.983867244939354180e+00
8.987675826412328206e+00
9.035841598454133816e+00
8.812464283926860986e+00
9.215200134592830494e+00
8.738278272250752821e+00
9.405313078877092892e+00
8.424623937345231184e+00
9.127707749115854696e+00
9.112677086833450346e+00
8.962903595081778363e+00
8.968808741121231165e+00
9.154976338075432096e+00
9.473920001352308162e+00
9.099842346849513319e+00
9.170312819373160451e+00
9.098203378995879831e+00
9.269759777590099503e+00
9.218361901210856857e+00
9.340949163322495252e+00
8.832456459137446814e+00
9.250985787317841158e+00
8.833556701027637459e+00
8.835016497166593652e+00
9.239612383247722605e+00
9.112504962340395309e+00
8.815135496776923318e+00
8.916448988140823317e+00
8.708072993448061183e+00
8.691308009107110877e+00
8.907839267490805568e+00
8.977555507474695773e+00
8.869559444863307718e+00
9.211262821856678329e+00
9.371778231850717233e+00
9.172198813763941416e+00
9.070344082063440894e+00
9.255244154467920481e+00
8.929927958485677664e+00
9.080366361642223438e+00
9.421612969796376191e+00
8.906579637689068463e+00
8.722038790245866480e+00
8.688517298213021434e+00
8.361763280024316458e+00
8.656344549520294862e+00
9.002695274788521829e+00
9.069668977117729014e+00
8.791650929340431020e+00
9.051743164517070284e+00
9.338236911944967744e+00
8.870117376752700622e+00
9.135182869985431608e+00
9.087763102123080472e+00
8.873916824035706696e+00
8.826025395024611697e+00
9.412538453499703195e+00
9.047009412788122873e+00
8.890292425239143981e+00
8.919578726708540017e+00
8.896803994364860912e+00
9.211795822892712593e+00
9.091357954007245112e+00
8.796207414802381663e+00
8.888962469309207748e+00
9.110991156123587231e+00
9.429579738225889685e+00
8.775772385458420644e+00
9.448756295133986072e+00
8.806106313951865161e+00
9.417882714126372790e+00
9.126646989271652188e+00
9.074815482143295142e+00
9.010418013076780142e+00
8.970119333101749248e+00
8.705369372458697796e+00
9.099635009073482550e+00
9.102267241257340658e+00
9.110840435980479768e+00
8.803045563923513228e+00
9.015585964764712301e+00
9.575906748343758323e+00
9.056855183631537187e+00
9.229815937772519518e+00
8.815246318523426439e+00
9.193566165936060131e+00
8.825510823567585206e+00
8.836270446274562929e+00
8.903724535986849986e+00
8.840023251057395726e+00
8.541088316948934889e+00
8.461401560984349146e+00
9.193085242816088964e+00
8.689428675142858438e+00
9.579793743920427929e+00
9.039644093622770882e+00
8.990711474102552003e+00
8.763090968816333870e+00
9.143293315887076389e+00
8.976185037986592619e+00
9.092322090077518126e+00
8.926693530067410620e+00
9.196025644131442078e+00
8.853264889689389960e+00
9.142469441722470336e+00
9.050918135984209911e+00
8.599303276941913765e+00
9.090535165868708134e+00
9.502052828021414044e+00
8.845791766901326625e+00
8.866143663974360933e+00
9.236551444724842241e+00
9.347919684698235088e+00
8.911374274703225851e+00
8.753021475472330337e+00
9.157294663357754771e+00
8.591170245345988832e+00
9.213034624620807023e+00
8.994883865645451948e+00
8.752730344545195607e+00
8.839455975386565356e+00
9.114511293858951646e+00
9.140647907570853548e+00
9.244984999338164755e+00
9.439791438537005419e+00
9.236603082751374316e+00
8.931479113945345105e+00
9.716492340028571206e+00
9.265040749924365215e+00
9.208782332921824576e+00
9.347958100644822466e+00
8.829891672423464399e+00
9.044916589286140507e+00
9.112043149459896796e+00
8.907128432033166732e+00
9.069443046028682787e+00
8.798566070215445123e+00
9.210144065062143781e+00
9.235065531124682536e+00
9.579594021812354754e+00
9.254941381385048516e+00
9.287757893018467215e+00
9.334793398556437083e+00
9.152763514229512509e+00
9.194450473422831394e+00
8.996816828670894495e+00
9.018871116225570361e+00
8.908387212915695130e+00
8.953590480834760612e+00
9.187847064253318763e+00
8.801810656671301913e+00
8.953410117683549885e+00
9.427992855280532325e+00
9.289014785875501445e+00
9.219891881818327306e+00
9.331910024918734337e+00
8.982412508021472064e+00
9.264538521694962725e+00
9.528592998853403273e+00
9.026752950430489975e+00
9.299403322303559705e+00
8.843650391994131610e+00
9.113031686274387866e+00
9.544692084730089121e+00
9.171739626920890842e+00
8.938164870192229827e+00
9.096765692125460490e+00
8.859399425481576884e+00
9.283748455248593601e+00
9.162810176874524259e+00
8.668687194101773130e+00
9.127419896224795437e+00
9.078375361527134757e+00
8.869396631320551450e+00
8.985082175442295593e+00
8.802625553540533332e+00
8.571721820682242310e+00
8.904376644150364228e+00
8.753518463234804869e+00
8.965704507824733938e+00
9.063299842832636344e+00
8.860320431097123972e+00
8.990413587309843635e+00
9.046708307993991838e+00
8.985085278501335537e+00
8.986001652845423848e+00
8.818994068149830667e+00
9.323748010391856411e+00
9.153000600794419128e+00
8.761947877190825906e+00
9.164647488538038900e+00
9.265816766319503017e+00
9.060001680122599765e+00
8.814432118866333710e+00
8.699032797762230373e+00
8.791196645058782622e+00
9.012889299764559325e+00
9.062113672252570140e+00
9.251180506090877387e+00
8.785560468544860058e+00
9.002337917843716397e+00
9.238116933495165384e+00
8.811958779065635738e+00
9.260230281292230359e+00
9.092865322102440473e+00
8.776679023886256203e+00
9.202715988044197104e+00
8.986485672837513761e+00
9.076863316604361742e+00
9.263667330395401578e+00
9.161128643510179970e+00
9.015246782885899535e+00
8.809360828290934364e+00
8.666327101926581733e+00
9.255353067126907973e+00
9.020757520246750261e+00
8.795108775020731073e+00
9.065754360217686880e+00
8.896523699516315276e+00
8.936805580302040752e+00
8.602661534303015500e+00
9.718694805061838693e+00
9.156080908616674563e+00
9.318309424712898803e+00
8.910981627045783782e+00
8.688300717520535343e+00
8.396359880245274354e+00
9.146313441039094272e+00
9.406824181091442583e+00
9.351611367538506414e+00
8.677741743341782055e+00
9.204555462153981793e+00
9.243893922773944283e+00
9.039866622632592552e+00
8.992245966916192046e+00
9.018785191478647434e+00
9.125387597464369449e+00
8.930852613545342322e+00
9.419170594964111132e+00
9.213008206014595913e+00
9.197196122838777299e+00
8.919178504834436083e+00
8.850950884226310933e+00
8.842804768396643311e+00
8.804315098619369451e+00
8.949982153353660763e+00
9.010860354754148815e+00
9.274195063663302818e+00
8.568318513581342444e+00
9.486625674070829461e+00
9.213192947129115851e+00
9.189957253780319135e+00
8.826549986038656925e+00
9.142855518394016556e+00
8.749956925381816575e+00
8.898353207281449073e+00
8.988053511903281390e+00
9.381947766421026458e+00
9.204748888223505787e+00
9.314840251651991920e+00
9.463091973392721457e+00
9.165279696431550605e+00
9.214021317009230216e+00
8.770443135411138513e+00
9.054670816548716417e+00
8.571763434817773586e+00
8.641863344629372889e+00
8.943107431446602362e+00
8.847543416875865319e+00
9.158127276623329038e+00
9.312702525138305987e+00
9.072354107165987003e+00
8.541671222883467252e+00
8.926266191533789751e+00
8.890173901222665265e+00
8.880771423313994717e+00
9.250578110697045275e+00
8.819280431639695550e+00
8.913418885170644401e+00
8.392960206737800632e+00
9.033887183256583242e+00
9.266830579276735591e+00
9.309771698156742659e+00
8.921581949567249481e+00
8.640178897486949339e+00
9.027839730442629218e+00
9.155484391075759731e+00
9.044574337992488111e+00
8.879951613136366717e+00
8.970036481236700610e+00
8.761854269660798167e+00
9.512851079656000408e+00
8.738683768320347767e+00
8.937764979175675251e+00
8.850017853329184447e+00
8.839390614564383242e+00
8.920120783796109620e+00
9.461183352000956504e+00
9.106639922370220575e+00
8.950425548551878663e+00
8.964593935594027840e+00
9.115194012321037320e+00
9.386552308454296778e+00
8.605353206333598237e+00
8.698974982705140135e+00
8.902263795139838010e+00
9.068059996728138117e+00
8.811299846837286509e+00
9.338511336048782141e+00
8.972008694840837961e+00
8.858229382154563680e+00
9.032956632817635167e+00
8.903512025110906336e+00
8.865719321318364265e+00
8.837027809269153877e+00
8.878195669735484685e+00
8.858087866918138431e+00
8.966687572477990642e+00
8.968355824649647090e+00
9.240031974754080224e+00
8.995731032229729252e+00
9.100997261151633211e+00
9.190398763807683835e+00
8.897035933706122890e+00
9.019766599373511440e+00
9.078154037408097565e+00
9.015597020826275454e+00
8.985558995293542850e+00
9.217478464519723858e+00
8.459499609753743599e+00
8.985593017376096725e+00
9.599347221702815958e+00
9.155093828536582379e+00
8.833699151727241627e+00
8.809553416643224111e+00
8.988801467258792144e+00
8.972420159237923798e+00
9.032901025018485797e+00
8.847013395886381915e+00
9.375827191527868365e+00
8.822881687474177781e+00
9.110267134997295457e+00
9.002960701733179860e+00
8.914484681021358270e+00
8.680048013598305801e+00
8.900245302293606997e+00
9.628853823607512297e+00
9.348774580792708733e+00
8.676199050862310358e+00
8.888558862334543065e+00
8.808959784981002628e+00
9.249747858785339005e+00
9.256053415940154849e+00
9.391575780395834627e+00
9.191086160925312498e+00
8.950773881083126327e+00
8.743612630324804513e+00
9.065797153125306096e+00
8.985982187894668627e+00
8.985322496947031112e+00
9.161978437480756909e+00
8.859792736760805809e+00
9.280437770239336359e+00
9.142931173093430175e+00
9.383041642173893138e+00
8.884572934404573630e+00
8.853191398004671697e+00
9.267107453325492017e+00
9.041533011726299307e+00
8.851707682616691386e+00
9.449567434720387737e+00
8.859444085008735925e+00
9.025143228278428964e+00
9.094099661140475632e+00
8.981713717968835553e+00
8.897875024621212603e+00
9.616238607232082458e+00
9.025899135764451131e+00
8.524973748980228194e+00
8.902942020701248182e+00
8.981517140841720703e+00
9.347856218552946572e+00
9.132051589975663575e+00
9.313473780688767079e+00
9.054784622587220611e+00
9.074979460508354023e+00
9.128902644342515416e+00
9.378691571300530327e+00
8.884220438989046897e+00
9.117150852166121311e+00
9.030791257541666894e+00
8.908824654545442812e+00
9.007805437369968971e+00
9.395446228328205862e+00
8.736206439061769302e+00
8.970363886569066025e+00
9.141235097263288978e+00
9.191917974272138636e+00
9.235914801200467039e+00
8.745907548359369343e+00
8.953349294787798840e+00
9.131144311527732427e+00
8.944550610537538304e+00
9.058922662939149717e+00
8.875155454962367685e+00
9.047672908843564343e+00
8.542015442654403046e+00
9.081731684288811834e+00
8.937228811306484388e+00
9.079969440239089806e+00
9.106381493702885521e+00
9.077633263017764520e+00
9.212652463165763805e+00
8.761912078253178748e+00
9.101737461924976458e+00
9.699874857216569168e+00
9.061555761870847547e+00
8.540567528909095429e+00
9.158559131245688434e+00
9.173344891022276570e+00
9.309014145543832441e+00
9.054831729901470894e+00
8.914210546455658246e+00
8.970012095969385868e+00
9.167334100552473330e+00
9.090646841603085448e+00
8.847486760986221555e+00
9.148696965709998352e+00
9.027890294063674048e+00
9.039251181419110992e+00
8.770057610767683087e+00
9.409729297973052908e+00
9.020383990604846858e+00
9.473257665715188125e+00
8.998334170154306477e+00
9.213502297760676640e+00
9.252621935315058721e+00
8.877599459405441706e+00
9.073869861196351749e+00
8.974785524597608699e+00
9.316123247016752984e+00
8.693813303366315637e+00
9.180840932807587507e+00
8.638647394623774289e+00
9.127722998605285909e+00
8.979196962045474351e+00
9.015136955409740693e+00
9.099274766987463181e+00
8.528535325598689099e+00
9.157739689928535043e+00
8.728792979051743117e+00
8.821924306191670340e+00
8.925519537751265275e+00
8.891441116606106476e+00
9.377754514872913560e+00
8.989488912898847772e+00
8.628754667179487470e+00
9.132962260842086621e+00
8.826934195728453503e+00
9.308310097350576129e+00
8.897269928589587096e+00
8.972199450584808389e+00
9.004423945923822004e+00
8.709953764462337489e+00
9.215019262252994281e+00
9.159965124762193156e+00
9.172160557004476189e+00
8.738929905846442026e+00
8.631571803391880238e+00
9.034486881129035751e+00
8.680655642149236684e+00
8.900513406004218808e+00
8.610044871011623968e+00
9.030207047971215317e+00
8.965988758687993609e+00
8.874723064172034270e+00
8.975430556593275710e+00
8.809586422628525426e+00
9.085673220928116578e+00
8.815057577230360764e+00
9.302167147597371510e+00
8.846544520197850758e+00
9.185490640185600242e+00
9.401100145254259743e+00
8.857243981665304133e+00
8.985695559984808511e+00
9.220137302129113976e+00
8.647957243132164962e+00
9.306576926371803893e+00
9.134460318241810484e+00
8.932279146085921440e+00
8.787995298118522314e+00
8.991625445405873052e+00
8.946884641209019051e+00
9.048789888195589270e+00
8.800606930040492770e+00
8.972041298561004297e+00
9.225232715001057571e+00
9.274982530413398152e+00
9.114571123846413769e+00
9.452385080414975604e+00
9.416185371996153464e+00
8.775849945416764442e+00
9.295313109907240801e+00
9.235166977803237032e+00
8.879519552024985884e+00
8.712109123893094775e+00
9.079889661349524133e+00
9.123310733278383822e+00
8.739609596605207642e+00
9.011744781086505895e+00
8.770238539586141968e+00
8.224585804029777236e+00
9.188692509682685028e+00
8.970274495921271907e+00
9.096081577754759451e+00
9.041345321487304076e+00
8.648736505128351126e+00
8.868951672955585508e+00
8.873491131532974308e+00
9.358238481124383057e+00
9.239014835562697314e+00
8.651293727266567757e+00
8.953575657618568329e+00
8.672567751681885539e+00
8.816787731918589444e+00
9.252948598967879690e+00
9.074526199182185948e+00
8.981815821617979978e+00
8.762778127207393908e+00
9.015801638921354666e+00
8.705866799837172820e+00
8.593646954295252272e+00
8.603013328871853105e+00
8.899746982416646190e+00
9.265849288978108333e+00
9.369645921073635364e+00
8.889390385666528616e+00
9.301194915330571078e+00
8.826920947254929928e+00
9.192522424871318876e+00
9.138133775295194994e+00
8.899291811283745801e+00
9.117796722945412213e+00
8.909543412024691023e+00
9.728494416958044511e+00
9.412035100167042145e+00
8.845144507365525044e+00
9.264789716854110679e+00
9.295263933903255449e+00
8.807900220671710301e+00
9.215752672223352704e+00
8.984529979223312424e+00
8.966058443405408696e+00
8.811344703423692692e+00
8.912954371929247444e+00
8.990713301888593634e+00
8.881900919920651560e+00
9.071660884074471909e+00
9.062078292759977671e+00
8.555365808196160771e+00
8.980359102219814815e+00
9.292448272019786515e+00
9.442569865717743482e+00
9.163645090234203039e+00
8.580671939912713597e+00
9.095800488078436885e+00
9.423459632449750600e+00
9.052284157360450223e+00
9.413729270025067208e+00
8.805213370004411289e+00
8.745009870583949407e+00
9.434558861417251308e+00
8.802493829077283394e+00
9.093829673851370643e+00
9.174482424146663817e+00
8.723074104677730034e+00
9.282056804484334123e+00
8.955677161699171052e+00
9.707051549716650740e+00
8.929465632039740086e+00
8.882839816808315803e+00
8.773665658772049625e+00
8.511472374051397338e+00
9.169059669111607747e+00
9.217345731179280577e+00
9.437068921052350845e+00
8.976910267357839146e+00
8.791658354395014641e+00
9.060879870141471670e+00
8.699334266495922563e+00
9.362930029760599737e+00
8.703782005780423603e+00
9.143845013010624356e+00
9.185083480572275860e+00
9.473224089662894087e+00
8.840569542870246877e+00
9.265863569107731124e+00
8.673876455433180865e+00
9.091849652458586561e+00
9.225227428157761977e+00
9.294256035313932074e+00
8.534481469364873618e+00
9.127831042866564104e+00
8.960641993629488766e+00
9.195981194246655832e+00
8.577129148025056438e+00
8.958922510574378606e+00
9.264992796340383308e+00
8.588772113710938072e+00
9.116311416572377979e+00
9.020607416809642842e+00
8.591254055501707398e+00
8.909005971872197449e+00
9.401576973395666670e+00
9.270675322300338195e+00
9.365983307394619928e+00
8.813399661099879268e+00
9.096428924690487250e+00
8.687703567117562642e+00
9.029488767319918452e+00
9.319762640883997307e+00
8.680517260188789663e+00
8.661608842325261293e+00
9.253490922475203107e+00
9.080131239878232563e+00
9.381019190081836712e+00
8.839476261683632430e+00
9.051800461996222680e+00
9.259698181706614406e+00
8.680558583378584103e+00
9.169677381014972539e+00
8.923495975095011801e+00
8.641271257999537880e+00
9.486856752330073306e+00
9.043175874308730045e+00
8.921945440643959557e+00
8.976762872626633083e+00
8.805510320785705503e+00
9.037382147031214785e+00
8.942209907848658546e+00
8.836299101303040970e+00
9.020762398646759550e+00
8.960485609726488221e+00
9.188418706070200059e+00
9.137633784416694382e+00
8.646954525635715427e+00
9.182235014850009591e+00
8.808912458182245331e+00
9.167784896977199338e+00
9.023165395795498256e+00
8.918552116634673510e+00
8.854500145923035248e+00
8.796324072996963395e+00
9.108811803836054821e+00
8.960628110924822920e+00
8.741469971613586409e+00
9.011505053357595330e+00
9.008653276442972313e+00
8.925412423279912133e+00
9.068584762446237235e+00
9.250730590680300125e+00
9.191533574646518545e+00
9.419244001713401815e+00
9.414393724734299695e+00
9.017367565772948623e+00
9.517068263050168397e+00
9.059863998380963679e+00
8.887299530725638164e+00
9.070789420955717830e+00
8.910808003886495854e+00
9.247868248242991029e+00
8.620969659536173779e+00
9.358598833844926190e+00
9.165361594428253156e+00
9.014033915238849559e+00
9.256251721897683638e+00
8.963710067601217801e+00
8.671628992255609347e+00
8.166785615135008669e+00
8.913086278524238182e+00
9.302183874180483869e+00
9.218293840302534292e+00
9.104484257886131360e+00
9.114076232512175579e+00
9.013274673808741255e+00
8.592540825753751221e+00
9.432938192935830912e+00
9.307084428872370196e+00
9.342076056682559582e+00
9.289084594976593223e+00
9.007810898964846658e+00
8.997795551603969599e+00
8.888966492562175858e+00
8.979555677994280671e+00
9.224057954127012238e+00
8.843892235138230973e+00
8.778585172980154283e+00
8.828337809668550307e+00
9.271987485726619127e+00
9.152113846779871054e+00
9.208800596014411255e+00
8.671328636287730873e+00
8.909387191190889510e+00
8.605218846271402100e+00
9.094879782449106997e+00
8.662030598381114999e+00
9.563391992000539688e+00
9.521709694223629228e+00
8.908054034953199363e+00
8.938968651279902033e+00
9.326799985362576706e+00
9.182033630253377154e+00
9.083213244668185027e+00
9.060567123135010448e+00
8.711138295614491156e+00
8.754069646169396535e+00
8.622648409852072149e+00
8.769865703008235869e+00
9.064964034440613716e+00
8.986061607595871692e+00
9.347406818108357385e+00
8.956565597602093476e+00
8.675251405147895056e+00
8.797634356566236491e+00
9.334118257622716186e+00
8.554019220976440963e+00
8.298558776506615331e+00
8.976518145923348513e+00
8.854014243706071596e+00
8.671793920760496377e+00
9.602361082398156000e+00
9.184066659294046531e+00
8.948468785559981598e+00
8.868207804257739468e+00
8.655082176918691417e+00
8.739113143316139087e+00
9.115446179794560067e+00
9.047814128930539823e+00
9.116569793025123047e+00
8.901324277331534418e+00
9.076882585575834383e+00
9.127606526662983555e+00
9.012682155224213787e+00
9.025321020425561613e+00
8.967378709137943105e+00
8.856641649054674659e+00
9.303859481595891268e+00
8.916963599292925480e+00
8.926426772909145768e+00
8.887276235913354583e+00
8.960229960200839727e+00
9.123872370332820836e+00
9.623378198066813383e+00
8.972452917287055740e+00
9.107357357606032267e+00
9.084588289838224640e+00
9.198683166730091898e+00
9.048518463315353699e+00
8.821323013472143870e+00
9.330684652883009633e+00
9.411650318903435064e+00
8.954921262885953581e+00
8.760798602977892813e+00
9.108001329015976921e+00
8.693416156482404844e+00
9.073009019482201509e+00
9.140385982584010804e+00
9.657684070407157151e+00
9.508983561910692828e+00
8.899419444931634615e+00
9.032618310557921859e+00
9.179912137338275713e+00
9.003997296094375713e+00
9.179810469056523203e+00
8.820095576098800905e+00
8.430663260690486993e+00
8.763539047096662316e+00
8.822530916861563099e+00
9.168142863229332917e+00
9.122114360533247535e+00
8.932151548864958102e+00
9.112320277402718105e+00
8.796714646789926206e+00
9.331681089034683296e+00
9.164705998220043170e+00
8.528189077516397987e+00
9.058104892105873773e+00
8.932216578291596321e+00
8.901510655421720486e+00
9.411308144122658703e+00
9.223667616901650490e+00
9.484809100003412041e+00
9.369172753651159979e+00
8.886464001116493705e+00
9.298402212215915341e+00
9.276108728824063121e+00
8.540380250591892874e+00
8.783851112099968717e+00
9.196673417479289014e+00
8.777023482715289759e+00
8.750067381816561962e+00
9.713071157757214635e+00
8.750582536758441776e+00
8.998218804931619630e+00
9.113214452451602554e+00
8.927050441614937881e+00
8.976221666722070225e+00
9.357955180483360280e+00
9.402429062876132448e+00
8.801396860539535183e+00
8.848564038899294104e+00
9.602933479922418414e+00
9.115654208808040337e+00
9.299453501379142395e+00
9.300338376770570292e+00
8.879009486855974131e+00
9.024119920204260126e+00
8.925648993639967443e+00
9.077057553558917746e+00
9.313409178741148153e+00
9.042919010045105566e+00
8.853929383999551206e+00
8.523829947825957376e+00
8.581786032680838616e+00
8.926869750903273726e+00
9.148374882080982928e+00
9.262885956687497924e+00
8.956331730233134891e+00
9.032286880156256359e+00
8.934184556969055890e+00
9.162750974298523587e+00
8.860124556731257428e+00
8.854170184937393273e+00
8.943118304705672372e+00
8.942965678096399529e+00
8.850134627636618845e+00
9.179839421988578607e+00
8.988720240886285850e+00
9.214314223907113188e+00
8.804088937101385071e+00
9.390140456022352922e+00
9.240003585371979966e+00
9.217204617343353945e+00
8.815801029513099962e+00
9.050630136910980283e+00
8.904793988724952314e+00
8.946856750854998097e+00
8.782118385565974350e+00
9.147654615943924483e+00
9.102566078924077431e+00
9.464721231080892139e+00
9.045533654419871894e+00
8.640845532799994899e+00
8.819576272039054032e+00
8.883767539851117334e+00
9.193381097445490369e+00
9.039051473537782044e+00
9.374470676019910798e+00
8.708626989654561612e+00
9.573120351283447960e+00
9.063149891548832215e+00
8.886919184137436645e+00
8.460334018022081182e+00
8.898622484328628346e+00
9.022085244542095595e+00
9.267459809695912654e+00
8.709015570783810389e+00
8.771267913397222671e+00
8.943072769360666641e+00
9.470040147045750700e+00
8.990957999909483078e+00
8.738793705366562747e+00
8.823855670143796459e+00
8.868258917409100661e+00
8.832703559420457040e+00
9.129907904839619448e+00
9.214388551528582383e+00
9.616466125632424422e+00
8.991548421050955753e+00
9.056993207722594974e+00
9.034329970774557239e+00
9.162230507348827047e+00
9.172025705822806074e+00
9.186769145551686222e+00
9.513409475694075468e+00
9.062366477099411455e+00
8.728918322624579673e+00
9.108132928566892161e+00
9.035539774826899517e+00
9.260548270569238127e+00
8.754737439844980429e+00
9.233345255505023275e+00
8.724915728018492800e+00
9.724512607198034786e+00
9.063706396465443405e+00
9.115665175699968259e+00
9.381810602467000493e+00
8.684995048981186017e+00
8.919102668168417125e+00
8.160771617832164537e+00
8.537479413547279350e+00
8.941238702626895574e+00
9.320116920072937461e+00
8.797686351015986617e+00
8.923568424597256410e+00
9.537242025400058054e+00
9.178408409873631157e+00
8.743152039416280275e+00
8.542320424068940099e+00
8.474070751843729710e+00
9.640279118138906256e+00
8.932741811760699591e+00
8.799090329141444400e+00
9.227380277437038814e+00
8.711677440122018723e+00
9.260482837431732506e+00
8.716589857990557633e+00
9.039563798644000059e+00
9.219985940526745694e+00
8.797661235458768658e+00
8.785654767134943199e+00
8.838586621252694897e+00
8.992470366551819083e+00
8.800577032263104726e+00
9.450220399287806217e+00
9.091778607448521399e+00
8.751053522344584223e+00
8.773770432915073414e+00
8.954682303044284808e+00
8.598789361934699116e+00
9.094827211967908553e+00
9.590578634962373172e+00
9.811088070351136281e+00
9.132600814221399688e+00
9.161143915535079785e+00
8.499637393503201466e+00
9.370178274479849634e+00
8.479673870955805270e+00
9.014526968554141817e+00
9.012692345205962852e+00
9.171638714611747289e+00
8.870489132504038921e+00
8.850000011723921034e+00
8.896914057313871638e+00
8.531180411500747240e+00
9.041143100549765776e+00
8.685832130501301762e+00
8.577547793277656041e+00
9.482377366148607933e+00
8.967588697362652184e+00
8.468241833532720975e+00
9.175194221414896489e+00
8.776981841635624448e+00
9.391688603770216304e+00
9.016901096448270536e+00
9.182376938886429585e+00
8.993023403154682072e+00
8.790223880970394532e+00
8.817821075197670666e+00
9.387262340113133874e+00
9.348903435720366417e+00
9.155854962748133374e+00
9.501533597833226708e+00
9.442062797338037328e+00
8.437592650436858577e+00
9.042629278055089870e+00
9.355985334218763327e+00
9.511067054877102578e+00
9.033367176098300533e+00
9.195677331437819291e+00
8.889278223925689559e+00
9.534422202859387241e+00
8.807160545569931998e+00
9.383527311568331086e+00
9.187803633153379224e+00
9.213285298322421824e+00
9.252773095683185289e+00
8.627200363543842343e+00
9.104219605744336974e+00
9.143835980809450703e+00
8.848942004915306470e+00
8.316475084888367064e+00
9.292236683844922851e+00
9.133672378750423704e+00
8.986527025513062483e+00
8.757336757477144573e+00
8.814517369365233890e+00
9.255641267252281423e+00
8.580201344850102885e+00
9.245834577785618791e+00
9.003350886490553151e+00
9.420361126382070793e+00
9.263382294655130522e+00
9.091223982565560746e+00
8.771493612489923208e+00
9.101149528708305070e+00
8.732259646771444395e+00
8.837384858563837042e+00
9.300983680406949006e+00
8.969731192973172895e+00
8.740425572152229705e+00
9.405574194886023420e+00
9.313169084749526760e+00
9.256484687975834902e+00
9.217416171331480612e+00
8.899107147047864430e+00
8.733180155737640504e+00
9.017238444077751325e+00
9.251156551610886680e+00
8.979058925663588653e+00
9.615435508083381322e+00
9.002721345929074914e+00
8.923681741654679200e+00
8.756169094048734891e+00
9.416758324878559350e+00
9.149840531022420009e+00
9.335363709974103585e+00
9.307305760631642499e+00
8.903865206355616735e+00
9.353419118037306745e+00
8.979189082845332237e+00
8.359935003220002159e+00
9.100167567607202912e+00
8.682247134716920556e+00
9.009238287800958034e+00
9.133396009839005458e+00
9.127191685669593824e+00
8.946798336096867033e+00
8.781106012602160504e+00
8.842856252921713178e+00
9.160666430050586229e+00
8.897436746855897027e+00
8.535644226427614001e+00
9.171495104891141281e+00
9.500301599319820767e+00
9.174307703766256594e+00
8.848683623516990338e+00
8.613111400208023127e+00
8.842242077386035959e+00
8.932493507598657345e+00
8.617612984427440281e+00
8.934968819184469169e+00
8.878531975420854039e+00
8.811679408248082268e+00
9.088748047033604394e+00
9.181992442427526768e+00
9.338369756031802638e+00
9.210131002625308483e+00
9.076991524175241466e+00
8.691955056478605002e+00
9.041949225007806845e+00
8.387864678182033629e+00
9.304367709357089566e+00
9.327918372364965904e+00
8.747197668048400487e+00
8.786294639992529909e+00
8.713575090827067271e+00
9.597516060234443813e+00
9.150149628499407939e+00
8.906552202992726208e+00
9.537984181513060378e+00
8.764726326578673010e+00
9.372984424951239291e+00
9.224700062370770226e+00
9.426890491850178577e+00
9.159063865708198193e+00
8.698337273475864606e+00
8.808087557173859494e+00
8.856326598592481503e+00
9.050065423455778912e+00
8.804822342781116973e+00
9.106897116101386302e+00
9.434733886566119665e+00
9.289979368468179288e+00
8.992352885435851206e+00
8.351802284198480919e+00
8.570371642534055923e+00
9.006403514968589263e+00
9.294514462120726961e+00
9.631461239376704953e+00
9.396207313170872766e+00
9.119726041019154295e+00
8.735917724491226721e+00
8.826068065088609416e+00
9.650983409635820465e+00
9.179684569834305918e+00
9.023242890335362532e+00
8.984290705004084998e+00
9.066134095436202855e+00
8.495092881366305804e+00
9.229011075565471955e+00
8.952775212293841989e+00
8.853546116619172679e+00
8.903806919362509120e+00
9.064185013138578384e+00
9.005313575967759832e+00
8.783932626538391020e+00
8.854635194193845038e+00
9.530557573378624525e+00
8.619989343287953076e+00
8.832598010807545919e+00
9.441979274565960978e+00
9.501280771994736085e+00
9.067934955508043515e+00
8.963423773501784098e+00
8.974579400525744433e+00
9.207067074129110296e+00
8.769033155646475564e+00
9.303006213768219013e+00
9.074204447765341186e+00
8.798099364171678261e+00
8.839046211869026948e+00
9.080577659718295891e+00
9.426077991943285994e+00
8.920710547838368143e+00
9.084092118682839612e+00
9.135583838375465504e+00
9.388916638710599116e+00
8.933178265608846758e+00
8.728568774407399644e+00
9.069042983017736148e+00
8.936420673646058077e+00
9.294620298134976366e+00
8.714242690766493382e+00
9.796788568297182920e+00
8.908082165639058303e+00
9.124003364016500583e+00
8.878470583539670002e+00
9.012660198831095926e+00
8.747845772492967242e+00
8.756438673707849674e+00
8.749415973345085362e+00
8.834897976643754092e+00
8.988487015238128208e+00
9.444193952870797659e+00
9.588442586208786977e+00
9.001861222362173010e+00
9.256199770301360985e+00
9.207227276329181365e+00
8.900908713190423427e+00
8.827155859683964323e+00
8.675404941554685223e+00
9.158401457377093990e+00
8.864336691866641971e+00
9.077653111622266735e+00
9.470990257587267536e+00
8.640635282682525897e+00
8.913659583056567470e+00
8.882298542071525915e+00
9.179097721545838695e+00
8.941282867605419682e+00
8.761278892940110197e+00
9.235566559723084268e+00
8.986918242118909106e+00
9.468901352229085688e+00
8.701777775034056361e+00
9.498778155710800419e+00
8.947263922639395517e+00
8.590403783137404048e+00
9.746255677562352560e+00
9.230368734015511833e+00
9.408142113446457344e+00
9.249574500675830535e+00
9.130267943317020851e+00
9.130802980005922720e+00
9.532456509979249759e+00
9.109318273978173508e+00
8.580764438742118472e+00
9.211340460779956274e+00
9.196506602243593065e+00
9.191937809282876515e+00
8.907081813948426685e+00
8.830956170428423846e+00
9.285309226011118966e+00
9.125069639888291562e+00
9.194438217171212457e+00
9.182679739718000889e+00
9.204356928666923565e+00
9.004064869860741283e+00
9.217643859637725257e+00
9.098372822250885505e+00
9.034200203999478873e+00
8.712914737748075567e+00
9.014516319685268897e+00
8.822454169724284867e+00
8.516495356431413200e+00
8.587507757958402266e+00
8.976989707455647505e+00
9.288654781991690257e+00
9.183302038724594496e+00
9.059892999531479418e+00
9.269307574395636351e+00
8.811649578185258846e+00
8.675925198013990425e+00
9.214475948919227832e+00
9.292510427500413783e+00
8.910327307364454441e+00
9.225443950435957774e+00
8.760866020144398192e+00
9.138865514256556466e+00
8.840719349373131308e+00
8.818864271031026547e+00
9.287919045048022681e+00
9.327372803211781971e+00
9.080066335788387732e+00
8.713275670381996463e+00
8.954393552770376630e+00
8.941511082465849469e+00
8.974866968796991529e+00
9.116284624000378756e+00
9.401948313636689036e+00
8.997566376017122280e+00
8.850335354846777136e+00
9.053945554604714729e+00
9.094525133405433337e+00
8.553692943939383397e+00
9.027485049458693567e+00
9.081134298897822532e+00
8.706526909285788207e+00
8.837707750152580033e+00
9.006371336135241989e+00
8.976424945110046849e+00
8.925450579259804229e+00
8.694376484024473939e+00
8.895659194314774254e+00
9.030633163964724375e+00
8.887456448321920277e+00
9.101665917412860907e+00
8.659594337227245475e+00
8.837353037554388280e+00
9.489934757659378661e+00
8.797078331824121022e+00
8.615598405368769974e+00
9.427117968371993229e+00
9.041910547232362205e+00
8.991072249682581230e+00
9.297033120982906240e+00
8.949171159790617835e+00
8.874537262263418214e+00
8.635678193785567558e+00
8.922872030690985667e+00
9.494933572623564189e+00
9.018872694479346919e+00
9.077966312466200449e+00
8.848734751778925656e+00
8.760434024948899889e+00
8.652422550950264579e+00
9.097529000976589231e+00
8.957292166100316422e+00
9.039437098209479160e+00
8.443763634751146441e+00
8.659887780054162931e+00
8.823167245478964915e+00
8.863925791615969274e+00
9.329901791212353857e+00
9.172202136763340619e+00
9.081827213114278763e+00
9.754347147121977812e+00
9.182280357345041111e+00
9.021533490477029460e+00
9.057005060811309960e+00
9.021956309089906867e+00
9.437360742786363943e+00
9.388274805441186643e+00
9.419615145147593793e+00
8.983690011488038252e+00
9.325353010204024073e+00
8.718697926055222425e+00
9.326815821682030716e+00
8.859600326870166853e+00
8.881390749588659261e+00
8.735369984690848355e+00
8.712070196062319027e+00
9.108322138768048859e+00
9.092143042091020533e+00
9.144441733742942446e+00
9.045088764077361176e+00
9.091558956374555578e+00
9.094752835821438453e+00
8.990640215828948456e+00
8.845314921029830302e+00
9.279637537326490104e+00
8.579761483650006682e+00
8.654477227211053503e+00
8.371024446204105018e+00
9.604717218950472812e+00
8.930509165954273243e+00
9.279074973065950971e+00
9.003086291332637714e+00
9.178690964757599602e+00
9.256865095490805828e+00
9.013169381954506676e+00
9.022617013859978385e+00
8.619501393293926839e+00
9.186399229528014132e+00
8.695028309046012538e+00
8.727131844660483750e+00
8.928663231717131055e+00
8.790475156173000570e+00
9.017362979712764570e+00
9.272265109120294113e+00
9.124038649083688668e+00
9.268714130070094370e+00
8.852469147534453242e+00
8.935337512124000625e+00
8.979265459655763948e+00
8.984599206082748424e+00
8.677596058558858516e+00
9.317948738002490572e+00
8.868186821724407309e+00
8.972946046019142585e+00
8.653935775988264467e+00
8.993749401406102351e+00
9.169886006366331443e+00
9.416613737258927586e+00
8.718638464745366079e+00
9.043907650306966417e+00
9.252860082666906294e+00
8.609564381220756957e+00
9.014768431186009678e+00
8.582685893264546451e+00
8.785750479561105664e+00
9.268083654062619914e+00
9.109849907939761238e+00
9.310570499824795121e+00
8.624273257718011010e+00
9.131837414204694525e+00
8.851636032684027100e+00
9.144219127701177285e+00
8.991927691126134548e+00
9.084295467009701142e+00
8.789363848642187449e+00
8.965266973910125614e+00
8.630487125381982594e+00
8.887768669689233292e+00
8.689210270925242341e+00
8.936640061697188386e+00
8.811402664141100516e+00
9.382182379764730129e+00
8.873439210144596245e+00
8.965497870590391827e+00
8.938867044040254228e+00
8.940865096272586854e+00
9.017735375585960611e+00
9.329169622055472288e+00
8.939660062646462180e+00
8.966240778243113496e+00
8.679611404471415881e+00
9.112368230239299649e+00
9.164287416509196760e+00
9.005778622080201856e+00
9.228694806908793069e+00
8.960872098400372465e+00
8.811324020611987606e+00
9.021180909461623543e+00
9.128062670551248203e+00
8.950934329482137741e+00
8.798781415231529124e+00
8.984886873074147573e+00
8.858945472354294637e+00
9.212177389730454635e+00
8.866524023134930488e+00
8.758582153969962647e+00
9.027369043919483360e+00
9.117373745031354559e+00
9.196828279329096745e+00
8.924976436779637368e+00
9.116211611489381639e+00
8.761780448590689829e+00
8.814668485558179611e+00
8.936454692367512109e+00
8.882954809562352949e+00
9.253723027790380584e+00
8.918475864676466358e+00
9.002723053441297196e+00
9.001158360140186332e+00
9.180475803541970237e+00
8.721959959172579602e+00
9.268256633394413413e+00
8.838433935166284172e+00
8.893860631465249966e+00
8.924650225499688005e+00
9.271414840064817753e+00
9.077385043811654342e+00
9.148596542448538926e+00
8.760847430045711093e+00
9.120508592914456258e+00
9.346135702134898082e+00
8.937809865375056617e+00
9.550156579837787874e+00
8.696569342353097198e+00
9.378460230951505494e+00
9.427491144658212363e+00
9.043013465433917375e+00
9.065371286914283289e+00
8.638046359712097555e+00
9.136024640761348792e+00
8.594700197819049592e+00
8.959335457542957570e+00
9.131624626392703448e+00
8.918693490208006835e+00
9.419317432728178119e+00
9.088458070729370064e+00
8.589312726009591614e+00
8.858838851709332829e+00
9.021780029183846139e+00
9.203292749648392501e+00
9.140570948324288736e+00
9.037510400840563562e+00
8.854668544644116679e+00
8.845015115546182471e+00
9.119377771830368573e+00
8.641703271543683229e+00
8.804495218390687938e+00
9.153349051442399187e+00
9.271861869104224496e+00
9.275061790802737960e+00
8.879995404199156894e+00
8.999261225020990906e+00
9.100080616406380329e+00
9.075705125143246121e+00
9.169185418259777620e+00
8.661207960815660911e+00
9.011872119823246763e+00
8.664434939181491657e+00
8.794646222650191802e+00
9.072479789818185480e+00
9.331610609481870711e+00
9.091801546205239504e+00
9.290076827673301452e+00
8.683369716943754923e+00
8.885515091860032300e+00
8.711833425665634678e+00
8.750406618278969262e+00
8.750584956029145545e+00
8.889121618249770762e+00
8.836266328970530992e+00
9.148957192660404303e+00
8.784962646237277184e+00
8.979837346847597601e+00
9.146201543812338741e+00
9.221784029852164721e+00
9.133891080764081849e+00
8.689327054596224897e+00
9.088784846088266534e+00
8.723626638683743550e+00
9.025570599531564042e+00
8.840427896112107220e+00
9.190716156479885157e+00
9.042318759529655026e+00
8.752378374563976493e+00
9.453515815546566614e+00
8.824534017573512301e+00
9.305277505082946377e+00
9.163233302467451935e+00
8.821030135630236302e+00
8.930639449852789014e+00
8.907718551960885023e+00
9.490138620783692858e+00
9.152953051296471187e+00
8.918162959751182228e+00
9.239944312777261359e+00
8.848318348182234061e+00
8.934963331747930226e+00
8.843123172201979187e+00
8.870119668114258005e+00
8.831185345018090160e+00
8.585747831122565898e+00
9.309492773969216373e+00
9.002861846568160686e+00
9.336887959930528780e+00
9.276174760735329983e+00
9.205465613496427224e+00
9.385822873597600591e+00
9.165942324440125688e+00
9.250086509243121924e+00
9.068065766585373666e+00
9.024178391876588989e+00
9.207022341833212664e+00
8.987884013504734426e+00
9.087618523670885295e+00
8.692198006096120366e+00
8.983192238049833023e+00
8.762781798436931169e+00
8.984604595100641689e+00
8.854441669394246262e+00
9.151266367042660832e+00
8.797850320602561780e+00
9.079628956836229392e+00
9.114957849197431017e+00
9.223222220272594640e+00
8.705818766098824213e+00
8.935081330676235112e+00
9.055336559132685537e+00
8.926574892944419304e+00
9.299753888865154750e+00
9.211744938729250265e+00
9.132290662623917754e+00
9.457618203760368658e+00
9.212972935854402579e+00
9.482763913518152066e+00
8.665511795084045232e+00
8.915695256901923216e+00
9.357977923733145076e+00
8.799944718957215528e+00
9.163084568843379074e+00
8.978548423417759494e+00
9.006635654601218732e+00
8.644923241825676286e+00
9.021337163141140536e+00
8.605258534255712632e+00
9.487972797991286455e+00
8.830679998293769373e+00
8.848922778422375401e+00
9.133309458928881241e+00
8.545246245641433092e+00
9.036284665000028582e+00
9.150470028151167057e+00
8.803373778913071490e+00
9.055557720501232311e+00
8.863344876946280593e+00
9.207389450163411482e+00
9.430204597166371272e+00
9.490361471532747117e+00
9.106028096298507180e+00
9.087067713541276959e+00
8.542161563435751503e+00
9.092553920927592515e+00
9.323771727600277615e+00
9.389081992818736566e+00
9.181057376562119288e+00
9.553315444289605551e+00
9.045109264784548131e+00
8.988752715022569006e+00
8.966435012681923666e+00
9.112960683840409359e+00
9.176749511216248933e+00
9.064499139859334420e+00
8.847597995382493252e+00
9.187218895602910607e+00
9.021103766284666037e+00
9.166514381155161928e+00
8.749800801683745632e+00
9.313724330927295014e+00
8.963206548994959277e+00
9.565634967666783339e+00
8.895325058095693294e+00
8.902754010895328918e+00
9.178909366003257020e+00
9.131271950342579657e+00
9.321024064757549965e+00
8.731323277204186439e+00
8.846740735314163828e+00
9.073216475098247358e+00
9.046170938118301308e+00
9.001602228605873890e+00
9.082411743588858499e+00
8.918098456497894233e+00
9.015816372622520447e+00
8.936837521659537487e+00
8.945271232668471129e+00
9.003418856969593875e+00
9.108600466407756002e+00
8.561220882737210047e+00
9.168201315481880442e+00
9.059255771419735481e+00
9.225675112924276888e+00
8.831133994712649482e+00
9.101617519585039062e+00
9.158074880195963274e+00
9.181870774972175298e+00
9.186592066724962535e+00
8.789212113115638658e+00
9.009953355298966571e+00
8.964287023310502533e+00
9.240575562429393486e+00
9.371498132171018014e+00
8.796745514062243032e+00
9.047549300321579224e+00
9.235483214514731642e+00
9.126555871460501734e+00
9.244222707586496668e+00
8.674195786924078888e+00
8.900319632566093375e+00
9.166312488226360244e+00
9.166221636008240026e+00
8.899998175898645059e+00
8.607172860009791648e+00
9.014748853921901173e+00
9.239663522384502059e+00
9.192943374764789510e+00
8.824821687635282075e+00
8.655760873273179001e+00
9.171218680266980172e+00
8.496301658156321324e+00
8.629192659575670277e+00
8.648433956950441370e+00
8.951464386596326150e+00
8.726209654214969191e+00
8.807459261604572376e+00
9.039540970379439599e+00
8.878658140657902820e+00
9.091735209863966105e+00
9.395179070188119042e+00
9.102605437738210625e+00
8.926246165774674779e+00
9.105596716039091376e+00
8.822472689828604331e+00
8.907245646259923433e+00
9.048984778701059994e+00
8.940773104639232471e+00
9.307273775320739517e+00
9.263199138586777792e+00
9.400332402422268530e+00
9.103854672979911911e+00
8.923447165254529523e+00
8.594992214251814033e+00
8.797359974918670389e+00
9.062552349795375051e+00
9.038424047759578528e+00
9.172193934004477356e+00
8.921847980345036788e+00
9.028560976012332873e+00
9.083934579311588209e+00
8.972213467439281942e+00
8.738975200647757902e+00
9.121274763625967452e+00
9.236258269617971806e+00
8.947723131120937978e+00
9.038287857984773410e+00
9.129366650150492646e+00
8.823786788304849082e+00
8.923192323995282393e+00
9.163356114377663175e+00
9.220805747532150320e+00
8.870648277504566082e+00
8.569751834516758038e+00
9.234681879093104229e+00
9.054049851759222278e+00
8.646964148531067096e+00
9.143774058717676567e+00
9.247195304752960254e+00
9.096579981301054829e+00
9.290276963170130742e+00
8.966155971801272884e+00
9.028018982065669107e+00
8.955157642657955108e+00
8.650976056079224819e+00
9.001413938608500587e+00
9.116359873045800200e+00
8.771643710470645061e+00
8.802372671179810482e+00
8.930960389595034243e+00
8.601195650592964981e+00
9.331874877609202201e+00
9.104854596345509421e+00
8.836036058470263299e+00
8.865495993091775162e+00
8.814805456568290509e+00
8.587367574573066875e+00
9.079899493935840837e+00
9.319610721441851098e+00
9.196064317337834026e+00
9.097629730523859592e+00
8.802611130683944296e+00
8.797354832953340420e+00
8.813361868269417698e+00
8.714917239164307716e+00
9.278846177084567159e+00
8.980747020572311001e+00
8.961132030974530593e+00
8.990057587897654301e+00
9.022143718637799736e+00
8.759264125933773570e+00
8.918324331082477130e+00
9.443268917650046390e+00
9.017411747000949163e+00
9.172927015939837503e+00
9.173003571139446422e+00
8.962228969689965297e+00
8.604122805229815540e+00
8.955861999979255472e+00
8.745403396214614489e+00
9.278224078663241059e+00
9.203232990116251955e+00
9.266709606305504110e+00
8.962091629776750779e+00
9.055735805103511282e+00
8.684887910965583657e+00
8.862574545266001635e+00
8.985212755803164697e+00
9.663992162993439550e+00
8.845695386909838476e+00
9.188453638343602847e+00
9.019721376752663389e+00
8.800456974238375807e+00
8.745771498230457297e+00
8.797695963515399953e+00
9.098463969898585191e+00
8.689448734808209451e+00
8.618129885615561037e+00
9.039679540039832872e+00
9.269164998434298752e+00
9.308450689319439419e+00
9.348080177949906755e+00
8.863515306112004666e+00
9.034920933718384006e+00
8.834370179967214298e+00
8.964531560937533783e+00
9.229250331197283330e+00
8.980403817510238085e+00
9.134438747537178216e+00
9.126495269310835212e+00
9.004859931801822981e+00
8.819475924833067637e+00
9.015397953048957191e+00
8.529241882276490827e+00
9.123008416879024196e+00
8.830717375663459379e+00
9.052982352337290095e+00
8.965272293704352080e+00
9.094130968287860384e+00
8.973546601246308541e+00
9.433172794892966451e+00
9.250131676804514314e+00
8.827476061574282440e+00
8.957753638049194223e+00
9.659576799823081927e+00
8.730201544544833325e+00
9.120149430376512711e+00
9.028136855443417375e+00
8.785760374913207826e+00
8.796329837593502177e+00
9.139165901178877505e+00
9.458458400461324800e+00
8.595114269203989465e+00
8.904103245565757163e+00
8.692398112837592450e+00
8.911061329928953612e+00
8.821978346027625761e+00
9.067438782174782830e+00
9.107482033523119469e+00
9.206294292481908670e+00
9.125177024632042944e+00
9.142380464854975131e+00
9.011854211924514857e+00
8.811980700308019721e+00
8.811618620630545351e+00
8.800842659796435541e+00
9.004687575946990208e+00
8.911936131479771817e+00
9.001340520574771631e+00
8.833672680046998238e+00
8.901301937939287257e+00
9.134386956671475488e+00
9.197393129507387854e+00
9.455251873957877251e+00
9.152061332636325375e+00
9.071042318121582682e+00
8.708567702750940498e+00
8.813609662660367050e+00
9.048612995241015255e+00
9.172470184628215506e+00
8.999550070694379400e+00
9.125379342648608727e+00
9.067653645710082699e+00
8.970310383129257659e+00
8.801010034801105775e+00
8.938629271222326977e+00
9.095404049854797890e+00
9.143626896884825328e+00
9.022897929442759590e+00
9.188381501180137079e+00
9.108621776535480663e+00
9.044399719400544768e+00
8.766478589426951018e+00
8.993179143511664364e+00
8.859237075939011774e+00
8.897122590136502751e+00
9.229607570669331906e+00
8.950519342309741333e+00
9.030403086420609071e+00
8.646099963291051793e+00
9.167395568338973177e+00
8.938958552896561827e+00
8.947648329692274416e+00
8.854224330144683464e+00
8.579024999761191594e+00
9.283340670138588990e+00
9.175784482012149468e+00
9.102270044566395768e+00
8.666151013784782364e+00
8.869234787327304304e+00
9.233868473682365519e+00
8.939393759706995013e+00
8.861189404034940154e+00
9.026665180255976750e+00
9.248611766226702002e+00
9.101661619456230312e+00
8.821329592867316549e+00
9.374389140692777289e+00
8.873808375552060923e+00
9.130281948221421473e+00
8.576298035227861050e+00
9.093838547287445451e+00
8.813643183778806289e+00
8.942165754194190797e+00
8.893644027187407985e+00
8.799781872440044950e+00
8.708407802983538559e+00
9.522773792076199229e+00
8.824883052011943008e+00
8.938459094052751297e+00
9.373819447700524776e+00
8.885582431476274579e+00
8.817709752309434990e+00
8.807543957963233083e+00
8.896809920043985187e+00
8.919610516288226876e+00
9.107308883824487111e+00
9.194224991848281903e+00
9.230067981205911209e+00
8.750913726758676958e+00
9.143282694512935294e+00
8.986342484431830258e+00
9.040602557926668226e+00
8.827311308122013145e+00
8.876926675715790083e+00
8.930097445122552102e+00
9.273720955156001367e+00
8.840402907576621061e+00
9.212162895359819359e+00
8.712685259579066255e+00
9.350142557515040309e+00
9.152610758334700947e+00
8.625390851680963422e+00
9.319140361588784671e+00
9.451778790573204247e+00
8.998553844488482056e+00
8.932067623280111945e+00
8.649889310876453408e+00
8.831924445972264337e+00
9.075859313784537363e+00
9.260919444573035619e+00
9.052709179989925303e+00
8.887766500051395013e+00
8.920899387685052417e+00
9.110524994733124160e+00
8.538146987862216264e+00
8.833751322599461275e+00
9.116690634899869750e+00
9.216189059918232118e+00
9.038131950005846349e+00
9.049107525776268091e+00
9.010456636428632038e+00
8.782454978004947677e+00
8.502783308144000074e+00
9.039318011423324251e+00
8.955625217262474180e+00
8.905992223534315855e+00
9.137052528875392099e+00
9.383210249780585599e+00
8.965521980380595224e+00
9.068023502989156270e+00
9.086930450839618700e+00
8.975425780451150359e+00
9.191232628992128895e+00
8.881183002038813612e+00
9.285965614381776589e+00
8.840994983909357785e+00
8.994264577393764171e+00
8.758827285556519016e+00
9.314818919943368414e+00
9.497798814056896077e+00
8.803844843269667209e+00
9.341416265413712949e+00
9.254850777824188413e+00
9.036093945236155278e+00
9.441973059758526077e+00
8.988627440734692442e+00
8.854897460406158771e+00
8.773162799708298820e+00
8.971965781500271575e+00
8.822933673220457962e+00
8.954860480514462040e+00
9.409918599424166530e+00
8.770183818264431608e+00
9.064964411569533809e+00
8.901385037357391283e+00
9.348805699814581871e+00
8.609429199248351594e+00
8.919553325263805732e+00
8.578214688109660813e+00
8.962943188761755664e+00
9.026130901671850282e+00
8.754084471445171545e+00
9.101270178780946907e+00
9.318239370497106933e+00
9.114634043023082555e+00
9.280924186287775157e+00
8.755153649830811347e+00
9.047133930694005954e+00
9.007941468402796303e+00
9.143493167650934339e+00
9.004277984281012337e+00
9.040512504680878081e+00
9.180678767570226384e+00
9.048430592011497353e+00
9.102604566404098207e+00
9.064976042407824508e+00
9.385070731701903313e+00
8.877591766478069246e+00
8.954540865648596082e+00
9.140429580263848663e+00
8.816882000733505365e+00
8.691909940677724933e+00
8.917711193448651485e+00
9.001890467946939367e+00
8.915619604414363408e+00
9.122910991085875665e+00
9.049338959414995998e+00
8.973067880066833979e+00
9.317109134353614763e+00
9.150739010718073274e+00
8.834065008096546379e+00
8.711558065435427878e+00
9.366564976478167992e+00
8.812348644234722528e+00
9.058001652610890631e+00
9.225164825444357675e+00
9.230717556279177671e+00
9.003720875156409065e+00
9.083675052827189234e+00
8.942360546242701602e+00
8.878683268401530881e+00
8.965266673712608991e+00
9.005775057713991671e+00
8.952217841058413228e+00
8.938568261188404307e+00
9.141760897315545975e+00
9.082625526568646634e+00
9.241010147689081577e+00
9.015837329598344496e+00
8.780791047320295917e+00
8.962288188457199212e+00
8.827563794824930810e+00
9.054119350610982053e+00
9.088912852193864467e+00
9.033993116904161624e+00
9.085492621002115854e+00
8.946048983907957108e+00
9.050236049175753195e+00
8.701236786746537888e+00
9.164855505824382575e+00
9.103962276740125148e+00
9.168040751991158643e+00
9.289768604052675016e+00
8.946779147541253252e+00
8.912283449012377901e+00
8.969320772238365436e+00
9.306295106775131387e+00
8.772067747549698424e+00
9.133273816289118940e+00
8.913083945510846817e+00
9.010519822100572895e+00
9.242573372269889731e+00
8.913296265576533983e+00
8.919653099723392486e+00
9.382296673495186923e+00
9.423725801463236351e+00
8.882525827712825617e+00
9.176408446876667568e+00
8.640044949084561665e+00
8.885751656032972789e+00
9.269316878669153326e+00
8.945628557273149539e+00
9.428156095616357035e+00
8.988800128712561843e+00
8.933678179847268197e+00
9.198885220184322975e+00
9.132760713460649882e+00
9.122980134744475222e+00
8.800441726293419364e+00
9.122360016540369543e+00
8.867942372770755810e+00
9.220774688783492934e+00
8.774513981339506330e+00
9.079166092369032270e+00
9.026403563520984719e+00
9.319067465782964632e+00
9.193879610928457069e+00
8.648552998751007692e+00
9.238420018847163462e+00
9.508690434405757230e+00
8.968661967291209791e+00
9.012881480909973320e+00
8.960016688438546595e+00
8.954921082905164198e+00
9.161577009950118367e+00
9.234929225703538691e+00
9.179610869905303616e+00
9.207195383591994187e+00
9.009380192346558403e+00
8.755729679792304765e+00
8.914814825238398299e+00
8.896528232357043819e+00
9.118703651817362754e+00
8.759431550914330344e+00
8.749654145520311843e+00
8.728739559024262462e+00
9.167005570012522142e+00
8.891592184485837436e+00
9.178104502597218328e+00
9.100194695634447939e+00
8.686622458932834689e+00
8.916580995574841850e+00
9.009464891925079044e+00
8.889895124500826640e+00
8.730664297421448339e+00
9.029859345638417523e+00
8.896345755143997280e+00
8.901633037642216806e+00
8.868422702644943811e+00
9.400472267838930307e+00
8.829902552427732587e+00
9.052627708556444830e+00
9.161507348693454844e+00
8.999949600313193798e+00
8.643823936187059687e+00
8.511352561860910271e+00
9.128391197686514857e+00
9.127230611742882971e+00
8.733493951619543338e+00
9.148834488357262984e+00
8.771787333162981426e+00
9.087150358919032556e+00
8.890042848345377280e+00
9.049865101837482939e+00
8.992017239672135176e+00
9.031725733018044266e+00
8.983146670895092001e+00
9.015064053093347241e+00
9.252625146665829803e+00
9.107192037100587001e+00
8.859028054283896836e+00
9.172953700601858884e+00
9.186027857260908647e+00
9.386346538833960196e+00
8.633315457125830150e+00
9.020144905849839745e+00
8.894186797630091235e+00
9.024110954805744100e+00
9.076101553284374290e+00
9.029761549801300191e+00
8.630510502854138011e+00
9.158172131901460844e+00
8.866379357645355341e+00
9.144316346909574733e+00
8.975992675410900290e+00
8.814770372468451853e+00
8.929882594420632813e+00
8.968817579900537851e+00
9.128440132075176905e+00
9.165572570216703241e+00
8.807016023753323708e+00
9.117285622422167890e+00
9.003239828026144309e+00
9.376439210468587859e+00
8.654312848012652992e+00
9.227026289141875282e+00
8.624166803730608066e+00
9.441466009374984480e+00
8.899703106493349836e+00
8.536203262470921871e+00
8.974989319627701079e+00
9.070731021467477007e+00
8.894799340902901363e+00
9.140857247255299356e+00
9.070005109316975123e+00
9.115349961624039210e+00
9.299416036231983540e+00
9.289196848349734026e+00
9.183402145822910256e+00
8.911639708210877586e+00
8.653654125541768494e+00
9.259172814624651693e+00
8.947890014921883406e+00
8.893130781214537706e+00
8.865224334392497241e+00
8.923621187997129667e+00
9.325972491731512548e+00
8.585405265663659691e+00
8.818457582533467232e+00
9.172528051950717298e+00
9.189309331955428206e+00
9.178159610006931146e+00
8.932760636906754925e+00
8.920647395035732785e+00
8.839393099210244742e+00
8.938412716685524728e+00
8.919533850978261569e+00
9.328783621352663147e+00
8.588422349468588735e+00
8.719544285971664976e+00
9.345119582116014456e+00
9.049227595662735268e+00
9.031720481192079930e+00
8.735866239540687417e+00
8.801890522034181430e+00
8.750846319963359932e+00
9.058688860754791961e+00
8.729274955306252082e+00
8.615513379525690851e+00
9.291006004247412520e+00
9.267312671167534432e+00
9.264240352057358407e+00
9.151295046992402149e+00
8.829043582123995648e+00
8.735065400119649937e+00
8.943846058269727450e+00
8.983696985446472993e+00
8.904011914959980345e+00
9.177306006990919585e+00
9.094655098894527612e+00
9.049461613978255770e+00
9.261329225226818451e+00
8.901070585348534792e+00
8.924205705950635448e+00
9.339581086215483552e+00
9.092742312480943667e+00
9.157244012139839739e+00
8.784357496243277552e+00
8.993770297046197015e+00
8.838410119445246238e+00
9.303527414167488629e+00
8.826404726747037799e+00
9.232855930425817093e+00
8.873233435869487096e+00
9.078443352100885377e+00
8.806258996850701237e+00
8.822283675261672897e+00
8.677760946682655074e+00
8.908189440291396366e+00
9.343651795678120209e+00
9.425976625349774096e+00
9.071650809846980579e+00
9.077416995810732914e+00
8.707387140969952810e+00
9.215810705535053771e+00
8.988588473563172698e+00
8.993585662079741638e+00
8.820196829741675515e+00
8.923479042427645780e+00
8.590460878816472245e+00
9.091627606753842628e+00
9.047665978855130575e+00
8.859178017969568941e+00
8.795992837590272728e+00
9.205267679445750417e+00
8.951031323510681759e+00
8.682606643696860971e+00
9.260386361766929753e+00
8.515452316714672065e+00
9.511032289008641172e+00
9.357139867214838702e+00
9.406678767582731027e+00
9.261962997876123538e+00
9.387217996777444284e+00
9.359985505586623233e+00
9.071411541292052405e+00
9.008883351695672559e+00
8.921879729483460864e+00
9.157951669798173100e+00
9.060872278508684374e+00
9.453767119688258447e+00
8.882542383218867243e+00
8.817577583818291487e+00
8.734954011219498327e+00
9.288100574768156648e+00
9.067364131772414737e+00
9.080596381389181460e+00
8.940439495923017788e+00
8.922488756716612457e+00
8.977030443050230346e+00
9.244795845743105644e+00
9.300575189112045393e+00
8.960631936352063676e+00
8.623540728930830568e+00
9.194631353658573758e+00
8.834606910413887348e+00
9.034869043516389198e+00
9.172104720898905938e+00
9.000690802247394373e+00
9.061907773239772368e+00
8.916209424306259734e+00
8.971088994609518252e+00
8.835147276435998620e+00
8.985078872822072071e+00
9.149363396505384216e+00
8.901213603415055076e+00
9.461228416747026415e+00
9.373330738861866962e+00
8.778405352928116301e+00
9.177944421448332335e+00
9.285312921163596300e+00
9.480239560973384272e+00
8.973039765307387228e+00
9.111293980198093223e+00
9.079553692796073605e+00
8.754803922111594972e+00
8.908757380873934650e+00
8.876402611125614683e+00
9.036953123339850791e+00
9.041857336794295819e+00
9.065606629027763930e+00
9.503072293860624242e+00
8.688859350947881310e+00
9.352498021940851558e+00
8.867167592415498234e+00
9.096750154886420248e+00
9.122649937973184464e+00
9.417704188337784998e+00
9.214228499973906139e+00
8.885763388210085267e+00
8.843021877482682314e+00
8.935550050389633014e+00
8.727620831256276190e+00
9.277773130964254378e+00
8.736697925040020962e+00
9.230133502713112392e+00
9.132471623139553074e+00
8.792498634851254380e+00
8.956694821612853019e+00
8.841737918762438753e+00
8.826224162062032974e+00
9.356187354944891510e+00
9.123041264626433389e+00
9.145776419670809787e+00
9.235601544572574539e+00
8.836184187144713320e+00
8.960557175555505793e+00
8.631082439163419551e+00
8.995170177373186249e+00
9.285864977114714591e+00
9.107466285202008294e+00
8.999241109927218929e+00
8.778039310098066039e+00
9.008139980933096425e+00
9.055181067797100525e+00
9.101768468079871610e+00
8.881748328325860697e+00
9.231219815615936852e+00
8.810501991022134050e+00
8.869214276334057345e+00
8.595765324322915291e+00
8.985637143425732276e+00
8.802382193002438626e+00
8.545010927252706168e+00
8.951812577421868866e+00
8.904899325442761082e+00
8.938691552025730402e+00
8.626159571264556902e+00
8.880162875151295765e+00
9.282420955680011687e+00
8.583938173090574608e+00
9.251693119264254861e+00
8.708723204919854410e+00
8.962076489646570110e+00
9.257072823540640982e+00
9.232465869700915206e+00
9.230959052489211558e+00
8.906224703275702481e+00
8.932266738007834661e+00
8.911689538587816983e+00
8.888528408608992848e+00
8.687979692634678841e+00
9.221705282102091061e+00
9.571507390646296187e+00
9.240524940765098449e+00
9.034130113113219451e+00
8.876505246350415490e+00
9.145140314258792813e+00
9.271257482894474933e+00
8.871611230182463004e+00
9.103030200495600965e+00
9.118887098104648814e+00
8.788640955108801833e+00
9.161180642397708240e+00
8.670090858730894467e+00
8.847801930572869011e+00
9.020581241906244330e+00
9.016913377231404070e+00
9.207484973592311661e+00
9.157169230903221546e+00
8.949620831556817535e+00
8.958864465442831104e+00
8.861862381649384446e+00
9.338056834042459897e+00
9.111671992830268962e+00
8.956250689919253105e+00
8.879265928057018087e+00
9.168038467931227231e+00
9.042412746137861390e+00
9.015512606021642839e+00
9.295385567706606622e+00
8.775421531399834052e+00
9.144028820997029072e+00
8.770549231214445740e+00
8.694713892256766385e+00
9.145076317400219423e+00
9.018124702168544005e+00
9.003988888043270578e+00
8.931804605010071896e+00
9.218539291569122440e+00
9.024642442692289990e+00
9.067354251282848665e+00
8.734117507458471152e+00
8.817333051962538804e+00
8.745613380082859933e+00
9.450612910166707792e+00
8.768822666095921647e+00
8.976072231638806187e+00
8.833169862898706981e+00
8.638349277234565804e+00
9.350128527969518544e+00
9.126994248668081511e+00
9.168627001039794777e+00
9.206228318764635432e+00
8.994145453568840765e+00
8.775165831505667313e+00
8.577942433599748284e+00
8.895269258682343860e+00
8.836112065778506164e+00
8.626328162809254962e+00
9.121900828474169387e+00
8.822663108406533894e+00
8.646708447305051948e+00
8.650229211318448463e+00
8.838016480955158016e+00
8.743380960525380274e+00
9.113839355325605851e+00
8.859067750680077680e+00
9.119753685689916622e+00
8.946716700107661069e+00
8.913903227403036311e+00
9.154813269055150471e+00
8.850134717942360396e+00
8.628885129101615092e+00
9.337898399238646618e+00
8.901678566489001909e+00
9.347172776423034790e+00
9.054357656284929945e+00
9.090759160670559780e+00
9.143337729819078774e+00
9.271202447091951626e+00
8.860417647597762070e+00
9.112353776721697329e+00
8.731373014721226511e+00
8.895750524178799523e+00
8.690832011565108317e+00
9.618868140606544159e+00
9.217472660368725812e+00
8.768389970160118452e+00
8.615371375403857002e+00
8.955559707499054056e+00
9.177701521813533603e+00
9.532684815760468666e+00
8.873087864074582498e+00
9.058425634019817707e+00
8.865554252680494685e+00
9.117931483592009556e+00
8.861772485489511908e+00
9.050002199988577800e+00
9.072763436767747436e+00
9.003736431256546879e+00
9.153755254246494388e+00
9.058980550749614835e+00
9.594271698286579664e+00
9.343012980979409576e+00
8.876686660031786857e+00
9.195800693473080045e+00
8.853010712005710658e+00
9.153984206359584874e+00
8.865876009469342733e+00
8.764103379376116720e+00
9.431307605234103164e+00
9.072685796929373936e+00
8.819202365201178395e+00
8.468919416573722714e+00
9.042580200467941864e+00
8.945546399608101495e+00
9.309189141859047112e+00
8.968609336590841252e+00
8.932580408406591843e+00
9.198807089495549150e+00
9.006525164120782634e+00
8.560733647757036380e+00
9.092004325963879197e+00
8.931065948676623734e+00
9.000957975175957415e+00
9.100460009823667207e+00
9.164650318343010582e+00
8.804223826417095111e+00
9.187950762085351997e+00
8.753997690124611708e+00
8.876106197677525955e+00
9.011845169152744361e+00
9.014504732999403913e+00
8.813986182314456741e+00
8.972038653700179722e+00
9.228764448623643091e+00
8.784503262004841773e+00
9.450413346803813397e+00
9.311878632980533865e+00
9.090281053140888190e+00
9.437445691049783036e+00
9.002560366511000112e+00
8.898041915605565677e+00
9.020740117037384209e+00
8.747861389916197439e+00
8.954059850418170541e+00
9.041620146439530714e+00
9.055386978680187937e+00
8.996801566190004706e+00
8.597981149814186708e+00
8.913778800456864104e+00
9.382296672849326669e+00
9.313730972237912908e+00
9.243984028261937880e+00
8.895690766056871368e+00
8.964183638935530496e+00
9.171402479658837592e+00
9.319442488766524590e+00
9.062662075783249449e+00
8.424829987606130999e+00
8.997875579712376393e+00
8.871752491378231298e+00
9.097199899546994928e+00
9.142250991191897214e+00
9.256115416762453307e+00
9.188573056265907368e+00
8.746718974773710187e+00
9.282698343390187290e+00
9.426641818785086002e+00
9.091352511921995116e+00
9.104042187636084194e+00
9.397553419947120901e+00
9.120448542020508143e+00
9.037899181859961217e+00
8.754374592101807906e+00
8.840305603924914379e+00
9.174675915937003268e+00
8.639062083116845869e+00
9.410319688263703242e+00
9.272997138012337714e+00
9.179045254741488691e+00
9.235753598071317683e+00
9.062808409652035380e+00
8.991186597452299978e+00
9.013101143914051150e+00
9.167646334214511583e+00
9.387662358127665030e+00
9.041967390195290832e+00
8.898842307956890352e+00
8.957273290322707027e+00
8.975743734651684846e+00
9.023858036480650213e+00
9.229656231667801691e+00
9.168381954722752525e+00
8.791855151618131359e+00
8.915432465592974864e+00
9.159108751370386159e+00
9.005461149791594622e+00
8.577539561258200607e+00
9.154910549209072101e+00
8.872360372080246194e+00
8.961430825616654161e+00
9.103679756865121320e+00
8.908973956308468445e+00
9.043054547867269477e+00
9.272821936724485070e+00
9.129746591904156716e+00
8.979853944576634106e+00
9.088397375184717575e+00
9.061249911786715572e+00
9.054055755744919054e+00
8.905400849441656774e+00
8.773654750823340009e+00
9.223159664362322374e+00
9.349911991269392431e+00
8.766548643374084904e+00
8.802212747075309096e+00
8.749184539418711992e+00
9.296202849286135717e+00
9.391791265497248631e+00
8.818860327247220354e+00
9.302513684267420757e+00
9.028188797145306310e+00
8.782533062791554102e+00
8.889348394309227075e+00
8.928284313155193885e+00
8.575594165145526304e+00
9.166345035485690573e+00
9.020966854790804845e+00
9.211952100345472516e+00
9.245988856510583886e+00
8.715708824281128031e+00
9.113142065748817799e+00
9.264087963151441230e+00
9.416994160541031889e+00
9.044399228979189687e+00
9.029975487230496256e+00
9.109780537412435208e+00
9.361301245721076469e+00
9.386523966673276931e+00
8.906451977348707416e+00
8.836837117961078292e+00
8.637672103208339891e+00
9.304817014263122132e+00
9.150675729509792689e+00
8.908487071384595168e+00
8.875910864355827101e+00
8.587354156451599607e+00
9.043870433731845182e+00
8.897671126744789660e+00
8.816923670325003570e+00
8.672249108631378434e+00
8.959349641914176487e+00
9.045500213107642296e+00
8.766126741803683231e+00
9.295541667968684862e+00
8.932787379463157151e+00
9.123262567799720557e+00
9.083437014567255829e+00
8.853034755636008057e+00
9.013015502834234027e+00
9.318510435959561633e+00
9.074708616658238469e+00
8.746186848872858022e+00
9.050840504421474364e+00
8.824935198601538744e+00
8.787683042826493818e+00
8.876999541246487269e+00
9.167273456688731059e+00
8.784574996868450114e+00
9.073668895795540479e+00
8.709719915154165548e+00
9.180151958787964972e+00
8.697259102755008797e+00
8.888103523516100779e+00
8.863902874053282588e+00
8.872214911940091042e+00
9.037394404670884285e+00
8.743957987108611718e+00
9.263140623796372708e+00
9.437215828576812626e+00
9.366847777511484452e+00
8.677608127496272417e+00
8.379290118493235795e+00
9.179066463685794375e+00
8.903815685834622684e+00
8.973034133129008438e+00
8.850538414829552281e+00
8.774331879639515108e+00
9.248273466990882596e+00
8.829064644601773537e+00
8.837691092547505178e+00
9.490955406099347513e+00
8.803163339238338381e+00
8.635438859537245548e+00
8.974478751580710068e+00
9.051083043122595484e+00
8.987798593494440880e+00
9.045751134528625670e+00
9.426166818540879788e+00
9.232315040210064438e+00
8.798918689125647674e+00
8.557829811399612296e+00
8.915279738742762916e+00
8.707593260921427714e+00
9.256900757978156591e+00
8.933100288171130998e+00
8.611644699170167172e+00
8.847429086377056606e+00
8.781183842995256228e+00
9.659276848947410343e+00
8.924737678846403455e+00
9.249553856904764615e+00
8.988247865728938635e+00
9.266460803100525112e+00
9.360865440075711419e+00
9.085449409438380641e+00
9.459832319122787325e+00
8.818998792899435557e+00
9.084410147296770432e+00
8.788756066003708511e+00
8.757333630153013360e+00
8.480201684620105596e+00
8.918546865840998095e+00
8.859700758083887351e+00
8.995411683033079697e+00
8.842432645673879321e+00
8.872666716584667768e+00
8.711260823416276722e+00
8.711568029165574600e+00
8.923355296159071415e+00
8.814125335079809886e+00
9.322675550596969174e+00
8.657645084782702227e+00
9.276401303905808859e+00
9.098491807892846950e+00
8.913244928146269785e+00
8.647703202625041996e+00
8.942289186800870482e+00
9.209026969880236280e+00
8.633002952554278409e+00
9.116976168628779575e+00
9.416371942326273725e+00
9.113398129971695738e+00
9.039814242007828682e+00
9.015571263402218705e+00
9.049539503674751018e+00
8.815621291023875372e+00
8.930412630224015658e+00
9.361295891546424386e+00
9.105068252839950915e+00
9.386995001994657528e+00
9.320444867731932703e+00
8.993965016470513163e+00
8.951055390988532423e+00
9.219672495461001205e+00
9.094138562986875840e+00
8.940456866610258402e+00
8.836143156514108199e+00
8.854030727253682898e+00
9.441197617331210878e+00
8.972596441529651301e+00
8.681912261750559523e+00
9.416718387248137034e+00
8.841150869215402608e+00
8.874234759967105646e+00
9.166886354311655438e+00
8.682343339248491887e+00
9.137772501560906591e+00
9.181847035749461483e+00
9.204578026206245767e+00
9.278242897985641946e+00
8.825983529021733887e+00
8.902225979821485780e+00
9.044034243798771300e+00
8.968439778647413263e+00
8.960499048732117444e+00
8.742844472941987632e+00
8.782745433282611813e+00
9.515490653693134959e+00
9.000907049543084071e+00
8.858748817447088086e+00
9.032676286567173918e+00
9.023604070667312627e+00
9.043249586522827954e+00
9.155907083275808489e+00
8.933142997815000541e+00
8.945570179878892247e+00
9.526620256563816724e+00
8.879221815349223945e+00
8.796737440556906762e+00
8.909631025648423019e+00
9.145805345343186232e+00
8.883693775362067058e+00
8.905415308221034110e+00
8.569225465392245056e+00
8.987322183996365510e+00
9.028410115011563875e+00
9.090547335733308643e+00
9.097566437937024020e+00
8.811892022025707760e+00
9.461060995944267304e+00
9.082532827775034789e+00
8.730153865004387725e+00
8.399207015897633966e+00
8.813842090798820195e+00
8.778456899030018690e+00
9.463963762397641588e+00
8.935816604555514076e+00
8.678025607909811256e+00
9.075254763761913424e+00
8.804052609575464317e+00
9.384537570695297148e+00
9.172584090755369957e+00
8.967841224980894310e+00
9.234839648658125455e+00
8.850485318269171842e+00
9.576849801550492813e+00
8.918346446768120828e+00
9.375444535991084294e+00
8.740351441414265565e+00
8.929497714729214053e+00
9.201824420278139627e+00
9.186263760747237939e+00
9.029803931555404617e+00
9.308258400304213254e+00
8.956544742446213903e+00
9.299485997733643927e+00
9.517885633127038503e+00
9.130989851801214030e+00
8.582714300495483783e+00
8.743073597895120841e+00
9.267094978340839617e+00
9.079743543154565444e+00
9.068060595282039671e+00
9.289240738111134377e+00
9.232005091323291168e+00
9.265683543006051792e+00
8.917549923110462018e+00
8.946928228647138326e+00
9.150028116955422064e+00
8.587597086129175494e+00
8.600907387660479131e+00
9.120754734493248250e+00
8.664604475972712549e+00
9.045829111503408626e+00
8.778252486619512851e+00
8.943368492559070404e+00
9.075763885651594975e+00
9.072327769599427327e+00
8.667787585154203001e+00
9.246443769185869854e+00
8.664712074718039503e+00
9.208557761834251565e+00
9.184439474224854294e+00
8.703809647811107553e+00
8.712320329951571907e+00
8.605280782328511791e+00
8.896331526571486847e+00
9.227215271158270227e+00
8.977908283276136103e+00
8.948228313976384740e+00
9.373696015733621323e+00
8.864849663884877273e+00
9.315166150236244391e+00
9.089792525119532840e+00
9.176489646398236388e+00
9.433171532213645349e+00
9.042418972986673964e+00
8.712594696021591645e+00
8.897100844213710502e+00
8.684336530152430456e+00
9.022078636394972762e+00
8.767512673981807225e+00
9.308242577427639830e+00
8.796334457935252260e+00
8.989485192971516270e+00
8.727631539746187883e+00
9.364100288864566579e+00
9.203491470765614579e+00
8.848757061059027151e+00
9.011243423396139818e+00
8.869539982302534042e+00
9.124527790013702955e+00
8.870853459161473609e+00
9.171890439954083263e+00
8.517927470083973773e+00
9.049380577898784139e+00
9.234338314120053681e+00
8.766212583439253692e+00
8.960734841802356243e+00
8.801220028259022499e+00
8.550894331039925689e+00
9.354609718408138264e+00
9.044262429479147158e+00
8.835398488454531574e+00
8.963138083190408167e+00
9.199331530314971417e+00
8.658821511002667393e+00
9.035801245682582916e+00
8.635046299735019915e+00
9.352236289684807247e+00
8.780676124252186909e+00
8.955637349459337315e+00
9.082749876707913117e+00
8.595582882474699815e+00
9.410719904200783859e+00
8.809944783558773196e+00
9.757210363812474085e+00
9.387744153854342244e+00
9.196111929896398252e+00
9.656836685979962809e+00
8.782676685601860100e+00
9.084625182905735841e+00
9.413699546348745173e+00
8.631607938624794585e+00
9.284530283780675575e+00
8.968751495437750521e+00
9.110762079367976440e+00
9.488016944121076435e+00
8.760947710201783423e+00
8.833715339558073865e+00
8.773870021066079161e+00
8.768489653406389195e+00
9.199503097826301712e+00
9.322487359575671206e+00
8.319814156774562264e+00
8.835502410965611730e+00
8.262510525953068452e+00
9.106922036311363655e+00
9.167884820011652280e+00
8.802237450324858159e+00
8.666728981201613280e+00
8.893930542540228856e+00
9.294389401317040722e+00
9.409329022823637700e+00
8.542348668661759348e+00
8.721125265785005354e+00
9.185239955169576476e+00
8.987732652260422839e+00
8.910719647764771878e+00
8.646972219457900621e+00
9.337770810906082630e+00
8.889773337443463319e+00
8.770030578073312100e+00
9.359453087958401696e+00
8.559055351249769572e+00
9.028028721908670562e+00
8.585211205927400613e+00
8.868416754513253508e+00
8.923396412585784532e+00
8.890075278093780398e+00
8.943344718455144005e+00
9.107430063645240992e+00
8.579793641811876981e+00
9.040678687655550050e+00
9.208026330611986054e+00
8.714311903592660613e+00
9.166957644990878507e+00
8.644761549124876154e+00
9.703814371235111480e+00
8.944146717232120736e+00
9.519087963018552756e+00
9.443619100863759996e+00
8.848675072020345311e+00
9.348199874240197715e+00
9.217089982878603038e+00
9.460439201350551386e+00
7.928675737035053572e+00
9.290986790430217468e+00
9.236217893904441922e+00
9.156550504365890575e+00
8.325100901922853680e+00
8.316121992279342123e+00
8.733396831574717467e+00
8.117301603961536216e+00
9.503678335641147612e+00
8.587623395774105717e+00
9.482326196376218874e+00
8.860647570678912288e+00
9.223620384667249539e+00
9.390888189883510151e+00
9.977182739702968206e+00
8.313808263872985549e+00
8.864765686669986877e+00
9.006548442489235029e+00
8.685202108703535373e+00
8.539450051254501517e+00
8.573867957702233866e+00
8.175937134945659324e+00
2.568075985611776968e+00
