3.602680973161313460e+01
3.593882532724757084e+01
3.568451582769119312e+01
3.630407989604475461e+01
3.732426194751500503e+01
3.529191761035185948e+01
3.589858499568806849e+01
3.599045013274603377e+01
3.693564435957846825e+01
3.546527370404174917e+01
3.519085395648252756e+01
3.496601165232691244e+01
3.731861349124956462e+01
3.742332847383827499e+01
3.564995690110076509e+01
3.636021556685054890e+01
3.696860107599874823e+01
3.538531846436438144e+01
3.622136216318227042e+01
3.612763241153515992e+01
3.571569460010986319e+01
3.697883379467104703e+01
3.577712290335993117e+01
3.667228931474154763e+01
3.634919533016076088e+01
3.535125174614843502e+01
3.586593222555526239e+01
3.488718606363625696e+01
3.560494610886347289e+01
3.554686741905195646e+01
3.631936583668980489e+01
3.574710347736568394e+01
3.691262079533149176e+01
3.610260260276591282e+01
3.538666258638988182e+01
3.544742564836494836e+01
3.673140485421242829e+01
3.590904648106919694e+01
3.537966625246618690e+01
3.537503357593582365e+01
3.568385965656851511e+01
3.534674942183762880e+01
3.463401852187475072e+01
3.689301111037284642e+01
3.561916966557264885e+01
3.593955341022087424e+01
3.586686294000647024e+01
3.582597202762752886e+01
3.664309186504915061e+01
3.569461103776214372e+01
3.583721441269528896e+01
3.696374584593279877e+01
3.595416138144355500e+01
3.540613591158278695e+01
3.582621622052166543e+01
3.550641193343792423e+01
3.462248337086737138e+01
3.557641207787676052e+01
3.598354320230846071e+01
3.599973663552174941e+01
3.677480221318149489e+01
3.686013026945615678e+01
3.583588546166745203e+01
3.660337764404610539e+01
3.563293704540951268e+01
3.678234566915086390e+01
3.695769762789118573e+01
3.563145633552068148e+01
3.445626629270235242e+01
3.655749445944274356e+01
3.545697429569782599e+01
3.541103838442918317e+01
3.617097208941413555e+01
3.547002624205568821e+01
3.642280301433475387e+01
3.749010684530643545e+01
3.558098219976995580e+01
3.709166633179152939e+01
3.587717336027653658e+01
3.754125851597000008e+01
3.524636807046845632e+01
3.539055832520110556e+01
3.731086517261794455e+01
3.520993914616069276e+01
3.688550302904371847e+01
3.590017136658712360e+01
3.587804539421330929e+01
3.561568876144930584e+01
3.689995883911048935e+01
3.569975428126590344e+01
3.613820521974341204e+01
3.619845066189310501e+01
3.623417549542035232e+01
3.438082613008590016e+01
3.745569764926163714e+01
3.567527032047869540e+01
3.578263794671753573e+01
3.539318413453779755e+01
3.494091790230006467e+01
3.605273699572531143e+01
3.581335434507577986e+01
3.574619865134315688e+01
3.683701921998844853e+01
3.628091145048271926e+01
3.504830846654004972e+01
3.565575619217367631e+01
3.557128364704536949e+01
3.470610887007959633e+01
3.476861726890928139e+01
3.603619168043019272e+01
3.548816705460687615e+01
3.624125422510458350e+01
3.537897146010896421e+01
3.543256938880279705e+01
3.562195484848179206e+01
3.571774464355253542e+01
3.755553083530102043e+01
3.689348539393434123e+01
3.563596822770184502e+01
3.600000000000003553e+01
3.635537816032028502e+01
3.695096116594005764e+01
3.547420490631809997e+01
3.499117405341258547e+01
3.589345148009543607e+01
3.735311620218548967e+01
3.569787373520087925e+01
3.549515590725366110e+01
3.481543330679335924e+01
3.603490952727759122e+01
3.523229379706871356e+01
3.537536119963914416e+01
3.563529608553608341e+01
3.618825005517704341e+01
3.563791346955037653e+01
3.560933215068505575e+01
3.590626859072455090e+01
3.731114813846878775e+01
3.581600471672961561e+01
3.682341417922447846e+01
3.549058023491757297e+01
3.566033861517362880e+01
3.687223944851683655e+01
3.590261359221999271e+01
3.616767621055861781e+01
3.566554581437796401e+01
3.697682550379023780e+01
3.536323612819829521e+01
3.622504577685015903e+01
3.508462928715068330e+01
3.556534482908874395e+01
3.473584124380845140e+01
3.666420180090091208e+01
3.536783395282147779e+01
3.548024805328596187e+01
3.620313146087769951e+01
3.635406743644260530e+01
3.625474116328994256e+01
3.695519545439445608e+01
3.587532227327253054e+01
3.674554312130852907e+01
3.594516308122332759e+01
3.637858340060819273e+01
3.565718166023365399e+01
3.577725091362285781e+01
3.552046475307186313e+01
3.560694769750584499e+01
3.692989043856981368e+01
3.564273165947655997e+01
3.617820944921115256e+01
3.628260868978188114e+01
3.636976065142875569e+01
3.594813211296155231e+01
3.698466519046484535e+01
3.636147608665247333e+01
3.543092095151772014e+01
3.713335936662873138e+01
3.673604088765086573e+01
3.657691593304301847e+01
3.568534730607645145e+01
3.658276435817838745e+01
3.582677986768277378e+01
3.624179868060705445e+01
3.547640472075617168e+01
3.731533648588443697e+01
3.574671780163700419e+01
3.618116554377120764e+01
3.536371082553490908e+01
3.567276983402420854e+01
3.644454198691723690e+01
3.632105487705959490e+01
3.849435190273356966e+01
3.711464922705903291e+01
3.498775129171113463e+01
3.562835839771982904e+01
3.580294041699093555e+01
3.697424202835563989e+01
3.766991747116021116e+01
3.615721521455404996e+01
3.565827602555685871e+01
3.702555076184645344e+01
3.494453073933998155e+01
3.537419635107218596e+01
3.472654692046013025e+01
3.633369561143749138e+01
3.675901734418675915e+01
3.506403551487830583e+01
3.580223721488508204e+01
3.554503268308810249e+01
3.587897606606042444e+01
3.690246184037002308e+01
3.569632648423000632e+01
3.690288147141881581e+01
3.647759807693650203e+01
3.423940800071046908e+01
3.567907391659919369e+01
3.586940697781574272e+01
3.603570805979492775e+01
3.640894062974060574e+01
3.596581187128558810e+01
3.593458575366584995e+01
3.653941646262809684e+01
3.653316249575428998e+01
3.641033273369931322e+01
3.597362945088850950e+01
3.563242219212143880e+01
3.529351012312431379e+01
3.707816208945075687e+01
3.602361894969999412e+01
3.618295057582925267e+01
3.514564555165452475e+01
3.583201674859110142e+01
3.619883898384382093e+01
3.562801278378560710e+01
3.647204240044924006e+01
3.408220578720271021e+01
3.626875918907278873e+01
3.595039450854423535e+01
3.561397101234213380e+01
3.688213129014859959e+01
