4.880941961593807576e+01
4.822326713267474929e+01
5.073265337572498623e+01
4.673311300539858593e+01
4.728698167257262952e+01
4.742988837450199924e+01
4.856723882901777500e+01
4.969457658666724598e+01
4.959189813281744819e+01
4.829131354667104858e+01
4.951465529572520552e+01
4.806430997758804580e+01
4.909928178480436856e+01
5.145983023047367766e+01
4.904216523470172007e+01
4.891701712067682450e+01
4.853851136948998857e+01
4.875106505736911089e+01
4.868328707716317183e+01
4.901431818967738252e+01
4.782350046647433572e+01
4.931399787823043823e+01
4.771287498037286667e+01
4.922704989234979678e+01
4.977946120817127706e+01
4.983178339479151475e+01
4.900000000000002842e+01
4.900000000000000000e+01
4.700000000000002132e+01
4.860108850348686360e+01
4.839891149651312929e+01
4.839580807368384541e+01
4.799294732335338409e+01
4.785631022746569840e+01
5.039195337552916953e+01
4.810973869769080835e+01
4.901815204398300096e+01
4.914199234968162955e+01
4.704586836971751040e+01
4.861475828791682829e+01
4.952779064571293333e+01
4.859586838104092266e+01
4.951758113966247521e+01
5.038624770957914478e+01
4.756798751197398900e+01
4.879205040357367551e+01
4.829892442721278911e+01
4.887531280180895976e+01
4.900789887767955832e+01
4.823481707911663818e+01
5.026634321406307748e+01
4.768477886125461396e+01
5.069328722547604116e+01
5.172945044487180155e+01
4.890780727084794677e+01
4.760174609468553797e+01
4.961111973237341033e+01
