3.648755064715535212e+01
3.723882957048487441e+01
3.517763643747039737e+01
3.603373532454295969e+01
3.537094253474450767e+01
3.494881786862570294e+01
3.511596111329379255e+01
3.546097904717631621e+01
3.541668834642196373e+01
3.565330645564270640e+01
3.703423770309751006e+01
3.639781181902314700e+01
3.613402040146334571e+01
3.620550498035326115e+01
3.712925893189963489e+01
3.542291926980646366e+01
3.651073642008502418e+01
3.538337359845499464e+01
3.539591651045703458e+01
3.502406709508278482e+01
3.794856485608573848e+01
3.555979898212158474e+01
3.644736249731185040e+01
3.490453073411789831e+01
3.583133461672342435e+01
3.617677544561453828e+01
3.638012438157522865e+01
3.469361872203187147e+01
3.537209848783766830e+01
3.580564669063805638e+01
3.594013934786373454e+01
3.702335054994861707e+01
3.702903372260541914e+01
3.650920565342109114e+01
3.634622160747146324e+01
3.808850380246669687e+01
3.574858318384681866e+01
3.517612839895822674e+01
3.554582695682242388e+01
3.589637461787762618e+01
3.610867604705691747e+01
3.737702832490634819e+01
3.788337279834894389e+01
3.579148742390349014e+01
3.564763432429717227e+01
3.585811639578088972e+01
3.584158835552067046e+01
3.517297506765636683e+01
3.595202625055912193e+01
3.513880694069113986e+01
3.507018447906187930e+01
3.569701490841605107e+01
3.611927137130862775e+01
3.671997138274603856e+01
3.583371442433062981e+01
3.702342215210400411e+01
3.477747004840893652e+01
3.559111454921546880e+01
3.590858906719763866e+01
3.646665456831933483e+01
3.639329988860549037e+01
3.693870667319937695e+01
3.634553162356475298e+01
3.729587958215458343e+01
3.670124651936051663e+01
3.514941479814626035e+01
3.690991606606338138e+01
3.703692825355018670e+01
3.736901112615998954e+01
3.725833138569552716e+01
3.646047663399161110e+01
3.570451501210034451e+01
3.565232723824638583e+01
3.531912938546091851e+01
3.651187427874693014e+01
3.578563477658509839e+01
3.629739960963580359e+01
3.622504083645834783e+01
3.646963489584693718e+01
3.569562946010237425e+01
3.680403504069306564e+01
3.590648923357061761e+01
3.649336906008367976e+01
3.644981155051241473e+01
3.645865909391464044e+01
3.583187398891739406e+01
3.605712445973470182e+01
3.537511365522809115e+01
3.621513032937356513e+01
3.596172056523688809e+01
3.523567736219236934e+01
3.616564960647759364e+01
3.588486470867008649e+01
3.632946769570069989e+01
3.757708357526126974e+01
3.574833201956232642e+01
3.539672916306660255e+01
3.649973325788332801e+01
3.427576317353356927e+01
3.532363063473105314e+01
3.609947722715834573e+01
3.528700431963901707e+01
3.518240778996288753e+01
3.600773493339261222e+01
3.535071132778164582e+01
3.706025377212537819e+01
3.769922843330584072e+01
3.585542139463984768e+01
3.543906145438309352e+01
3.512921998860711881e+01
3.563133887990488802e+01
3.552073667952726765e+01
3.567123634075317540e+01
3.654401922482154674e+01
3.723856985180090362e+01
3.628903318313227544e+01
3.615989983203299829e+01
3.727929944141310870e+01
3.466887239747766358e+01
3.604745870790142703e+01
3.644667823148146368e+01
3.480371086327311048e+01
3.599999999999995026e+01
3.599999999999997158e+01
3.511342436488107666e+01
3.626499460563135102e+01
3.522811888039797168e+01
3.497880448952101062e+01
3.546525046403198900e+01
3.612378364059774327e+01
3.534722212586093093e+01
3.675527456547194305e+01
3.666623236091322013e+01
3.518090583748227118e+01
3.616820858989587606e+01
3.710570207072784399e+01
3.616094498058541973e+01
3.628040952396396790e+01
3.648610661035112912e+01
3.592936395879299738e+01
3.695562511058889044e+01
3.644839559611793334e+01
3.646388160158182501e+01
3.555216391029156142e+01
3.620928526828424054e+01
3.538833752902452545e+01
3.578252965579141431e+01
3.652609217520122087e+01
3.584786799227970278e+01
3.485639561554050658e+01
3.663338687787465631e+01
3.409471983089373737e+01
3.605697753567306307e+01
3.620335271151163425e+01
3.532791981504491474e+01
3.623598899984430943e+01
3.439631476656376208e+01
3.610595320674615039e+01
3.619809161231736994e+01
3.721584596519670640e+01
3.540741100957116316e+01
3.534985807632867250e+01
3.579652609153107079e+01
3.665980431876348433e+01
3.591989901763624005e+01
3.548078661088323571e+01
3.491015627741747096e+01
3.501312687966112946e+01
3.672416238309316583e+01
3.585192177118732815e+01
3.619847985195137596e+01
3.675258512580729331e+01
3.553736613307665948e+01
3.672330276622150791e+01
3.544440670074455824e+01
3.636474436401989152e+01
3.520461847164389013e+01
3.669001803712858845e+01
3.533770049389209333e+01
3.516127293847311108e+01
3.666198362690176538e+01
3.648564241395217067e+01
3.482904944134635628e+01
3.594601737205906034e+01
3.643715558469602200e+01
3.538702887279581688e+01
3.541382612252168371e+01
3.563438711233067835e+01
3.673527952134012509e+01
3.615805699293996156e+01
3.636423396944194764e+01
3.639793271290518106e+01
3.601631592427689554e+01
3.469770521654173479e+01
3.567351809834613618e+01
3.533676923540626547e+01
3.641660436478607465e+01
3.594826126532161226e+01
3.696310775036791796e+01
3.466105174351515217e+01
3.739959635021747886e+01
3.508421125753406500e+01
3.500446326735289659e+01
3.490818057513492079e+01
3.675486150642330330e+01
3.604631453837991018e+01
3.635656995564210092e+01
3.718377631662895055e+01
3.515966069960897755e+01
3.543934096667213396e+01
3.601444902213935251e+01
3.685282037891565921e+01
3.639341706006702282e+01
3.781363839730988019e+01
3.614114440221920432e+01
3.650878976242456275e+01
3.546833439085961004e+01
3.625562442581910716e+01
3.599689845761333373e+01
3.742008865270549478e+01
3.747706684120695542e+01
3.630285705377955452e+01
3.704953648402917565e+01
3.694835947715669988e+01
3.443243847445383921e+01
3.558432282730553453e+01
3.643623096206931677e+01
3.582337663204356204e+01
3.682039668470360994e+01
3.568236825638514631e+01
3.603239407039242082e+01
3.477219003080460169e+01
3.438094248147103116e+01
3.588329963026873060e+01
3.474808217836375235e+01
3.548135343642974959e+01
3.507030198406938837e+01
3.630775960517274115e+01
3.520511521788677101e+01
3.542684132326240842e+01
3.562381161012030617e+01
3.452806575708670067e+01
3.599808199843869971e+01
3.594249222029026924e+01
3.452799016985751024e+01
