1.591813858236185020e+01
1.581948085480854438e+01
1.544251675298242432e+01
1.594253384065944523e+01
1.562261628456612783e+01
1.576981760434677149e+01
1.615430897793163467e+01
1.600652926826727551e+01
1.554462551215303989e+01
1.528341945001779401e+01
1.592073418702677046e+01
1.613100891288633676e+01
1.542597821400551439e+01
1.592143716035276491e+01
1.622564501502715828e+01
1.602124870485661390e+01
1.572587186020045635e+01
1.577539250924732173e+01
1.550041482653858260e+01
1.530818802582570726e+01
1.629942802238936750e+01
1.626256001143648788e+01
1.677464008913455018e+01
1.584540566746476031e+01
1.554008629211421777e+01
1.687970725319685883e+01
1.625925657709460381e+01
1.558935594316719708e+01
1.578672900401940282e+01
1.584432615926671417e+01
1.634592232877784213e+01
1.607036621628963857e+01
1.627685874427534429e+01
1.543682977430237813e+01
1.580690440847828526e+01
1.630125804503682474e+01
1.616102676556047868e+01
1.561833695401866073e+01
1.604791093903653021e+01
1.550544830243910077e+01
1.655959362398980161e+01
1.571885802710464120e+01
1.591903740685104474e+01
1.654928441235096770e+01
1.577702510687259796e+01
1.577956496885101778e+01
1.582093639347983327e+01
1.612901464576780342e+01
1.635529829798826640e+01
1.581203180723152180e+01
1.569926618688089093e+01
1.588943400922198634e+01
1.611370075546056668e+01
1.619863594981263688e+01
1.643027643874851762e+01
1.562321880385415085e+01
1.614171791967379122e+01
1.598434753174851330e+01
1.640620294887828834e+01
1.582912579414769461e+01
1.618225654718002460e+01
1.647138821374154460e+01
1.578943950116234518e+01
1.655590346304419569e+01
1.625486657410370839e+01
1.621451590574983470e+01
1.546342997021558041e+01
1.552745623132331154e+01
1.594659440399256489e+01
1.618086462333652875e+01
1.532402632112163587e+01
1.546457553755003111e+01
1.577194424281948493e+01
1.601330320191594581e+01
1.630868181632623504e+01
1.534704103509452011e+01
1.578580951269081645e+01
1.584381406795882263e+01
1.578074803475371546e+01
1.624146961092078456e+01
1.604289083961846529e+01
1.545647960958374689e+01
1.573306642970922375e+01
1.624826390872343040e+01
1.597254996707899011e+01
1.558688502390804409e+01
1.615598261614885445e+01
1.545576326792417987e+01
1.570590512043191822e+01
1.564122559797439749e+01
1.589650160152078051e+01
1.593801725447826989e+01
1.645341477479155046e+01
1.652773760192330954e+01
1.640914086269522087e+01
1.562486949310547679e+01
1.606334448147977056e+01
1.586130707094500636e+01
1.616559520705940400e+01
1.595881552894833177e+01
1.556074367025531124e+01
1.629861539164965478e+01
1.636574960392096045e+01
1.594734269060835175e+01
1.598001733027188997e+01
1.553176427660676318e+01
1.609522707844570277e+01
1.619537260861188699e+01
1.610981774392570998e+01
1.611991988493571171e+01
1.648804981509236711e+01
1.557660815091092665e+01
1.591276509828421126e+01
1.552737275946568651e+01
1.616493826780602205e+01
1.578356787652441895e+01
1.645851100285936042e+01
1.651239630233644817e+01
1.598045181296966533e+01
1.572780441617942770e+01
1.550987615993428825e+01
1.571663133067750273e+01
1.589918496254426827e+01
1.609713317384168363e+01
1.563395037692239065e+01
1.619564535308326114e+01
1.564587139617601075e+01
1.588354857372003437e+01
1.577408268725093521e+01
1.576163144446968012e+01
1.644443076081550714e+01
1.624808950501718741e+01
1.597418321536138031e+01
1.676802251902182661e+01
1.636045807067269564e+01
1.546914639736791486e+01
1.604059718737604001e+01
1.622738946227569912e+01
1.639490496822173782e+01
1.605725815816317947e+01
1.604170835976159282e+01
1.604349819289091883e+01
1.655205107079354576e+01
1.627424329848502538e+01
1.655339178384699395e+01
1.599107368094800208e+01
1.597797193929437043e+01
1.601083143656375185e+01
1.644205141213466703e+01
1.622230960311344816e+01
1.602478618056530024e+01
1.606072512876838232e+01
1.576738808935695602e+01
1.642981953921513139e+01
1.540928547244113034e+01
1.614049748477869528e+01
1.590470040237771876e+01
1.572914280348037686e+01
1.591731418808132759e+01
1.593975506889712968e+01
1.622874214964833683e+01
1.581308832446960011e+01
1.590043622096833253e+01
1.607196500857538624e+01
1.592396501696963362e+01
1.549765024642377931e+01
1.572397213927298765e+01
1.608994615527414140e+01
1.631087218304856634e+01
1.608355088085902196e+01
1.630258729232915726e+01
1.515429896217832173e+01
1.577781762076369887e+01
1.602693846740892880e+01
1.621701813777395174e+01
1.599518695941009305e+01
1.614366146362461762e+01
1.591765245286310737e+01
1.593979345072832210e+01
1.602491874992510290e+01
1.567689841620282820e+01
1.631753005462657313e+01
1.631442445000350006e+01
1.610017872632528579e+01
1.552940873314004477e+01
1.557818950173741257e+01
1.544909719881112231e+01
1.606928854555263086e+01
1.695961274656909623e+01
1.571456436034531556e+01
1.605494704802135431e+01
1.597987378228081567e+01
1.558357889588691769e+01
1.591409537760771542e+01
1.643521907505922286e+01
1.597452609091584996e+01
1.604865885642796641e+01
1.593694362203207859e+01
1.639024885621940797e+01
1.613103888944168318e+01
1.614557977155469359e+01
1.611260493200279598e+01
1.611045932644350387e+01
1.555547590766476240e+01
1.620817429131231435e+01
1.552726727369892323e+01
1.617116486292840705e+01
1.619375286028763838e+01
1.597073309142577813e+01
1.593530127076174452e+01
1.594255338754637030e+01
1.583547907493214169e+01
1.652534935367032531e+01
1.657055522656639113e+01
1.587838183986214879e+01
1.632273125353153276e+01
1.571513691768085152e+01
1.585549705098114082e+01
1.607091458725301791e+01
1.594552001462432678e+01
1.601872884736524938e+01
1.580371973321388346e+01
1.560771739481800857e+01
1.597577795423057445e+01
1.625244021387761251e+01
1.624844972419153066e+01
1.635544831808110899e+01
1.608896950917684165e+01
1.643842318808397351e+01
1.590357396084238140e+01
1.631029111543071153e+01
1.599738443166111956e+01
1.599830750540243685e+01
1.622836397787125762e+01
1.619740677424946185e+01
1.611938999038698128e+01
1.545122110093413781e+01
1.565711079566952435e+01
1.598050837555198456e+01
1.604304991830587568e+01
1.630851051312149025e+01
1.586438824465274955e+01
1.574620236300829390e+01
1.585005909073381325e+01
1.594777426087711625e+01
1.593611182210917754e+01
1.569285006239793567e+01
1.624112394743828602e+01
1.551538173853289670e+01
1.590859367237715638e+01
1.603132055160518377e+01
1.623119594668624543e+01
1.565857774820189263e+01
1.604793251870422210e+01
1.569016744476411063e+01
1.613610333612859904e+01
1.578850216987242838e+01
1.633602647930457508e+01
1.630196067536729032e+01
1.609738464703389482e+01
1.593713829727671616e+01
1.566108526471077234e+01
1.594966957071321545e+01
1.614833399487018184e+01
1.568685163954361350e+01
1.638231849720220268e+01
1.573643198921919328e+01
1.626067792148003832e+01
1.545462451501895984e+01
1.569787590054906978e+01
1.620679392210642789e+01
1.596252346807143496e+01
1.580802248551198907e+01
1.564432949634278103e+01
1.638275679241953853e+01
1.597164606571548795e+01
1.615113740147766563e+01
1.611020314025046929e+01
1.703027572481006757e+01
1.577446653664316578e+01
1.599086616329323007e+01
1.568287581846055190e+01
1.573811723398737783e+01
1.643544541657211511e+01
1.613696443686025006e+01
1.688125438106869325e+01
1.610223711157167159e+01
1.577273082473947241e+01
1.639081757687713647e+01
1.598643684198180637e+01
1.604040288920088742e+01
1.587401600452316863e+01
1.623037060804184151e+01
1.598815186423088441e+01
1.615139260061752324e+01
1.543814927691246908e+01
1.598825253102500099e+01
1.598950932207900166e+01
1.605776654994682318e+01
1.585765084838126171e+01
1.653414782314625242e+01
1.656464946261172599e+01
1.590386514321164491e+01
1.600298410666055560e+01
1.644680747284006372e+01
1.603047747677602430e+01
1.589860624409144485e+01
1.554252053651982557e+01
1.591886649455948266e+01
1.581690817257305426e+01
1.646401583489298659e+01
1.649758989545270538e+01
1.607228165647700990e+01
1.568250478389080982e+01
1.582516239985222661e+01
1.605571395745579721e+01
1.599547262178410101e+01
1.574051689066333459e+01
1.595858512786508676e+01
1.642606919527884557e+01
1.591342477308795722e+01
1.613960807682684262e+01
1.586321726632249351e+01
1.618533323924614464e+01
1.582573312832827739e+01
1.607607875422434063e+01
1.550127373944199860e+01
1.575289916873918550e+01
1.637980994870299867e+01
1.574035618650875001e+01
1.562657615202752304e+01
1.623905003171179473e+01
1.549542234334743540e+01
1.602257461988614651e+01
1.648949138606521103e+01
1.625343210053836174e+01
1.652720810296835552e+01
1.636080397247852503e+01
1.671851541008355468e+01
1.597192215322243136e+01
1.601790540797477647e+01
1.572399387442508356e+01
1.573518958930531575e+01
1.593735634049404126e+01
1.580825557335001363e+01
1.555231083554140703e+01
1.616341942148408961e+01
1.545478524441425350e+01
1.601076151607192699e+01
1.626139122148757465e+01
1.605798266848955791e+01
1.628314292571041477e+01
1.608827204868260452e+01
1.608710933050546288e+01
1.567532870893910157e+01
1.607810463517705912e+01
1.626439944710493180e+01
1.588945985290894569e+01
1.603727491675621053e+01
1.578308065661050108e+01
1.627352440790386012e+01
1.596805421813808401e+01
1.577688112856923652e+01
1.599822566102836419e+01
1.592201880154280147e+01
1.578532502908472424e+01
1.537617714308402306e+01
1.614630389899877372e+01
1.541307893704200715e+01
1.641985088381792934e+01
1.582540165621155204e+01
1.633870378856823891e+01
1.571248063651002091e+01
1.650520836395611468e+01
1.580085146185227885e+01
1.612352276719501276e+01
1.593497098411430102e+01
1.582385808473785715e+01
1.621447265875456623e+01
1.571535452612883610e+01
1.564191962060412955e+01
1.609626969977557209e+01
1.614581655816261829e+01
1.608036872592088073e+01
1.610848371279367086e+01
1.603024105423454770e+01
1.578699602388933698e+01
1.626231537397450566e+01
1.626188946556155557e+01
1.629345613859204889e+01
1.581108765358815482e+01
1.559169408043593208e+01
1.637653154058807914e+01
1.625041920551552721e+01
1.578892592465049738e+01
1.623439311872925828e+01
1.618959508654452151e+01
1.652826558296709081e+01
1.595882914220027438e+01
1.600559943327993651e+01
1.606008637989585708e+01
1.530080560004529211e+01
1.539866717546639840e+01
1.565704797514655766e+01
1.573172285309294693e+01
1.593570505226377598e+01
1.554144733394114297e+01
1.591276776920174640e+01
1.563874718492139237e+01
1.658756167533999815e+01
1.584768425630562838e+01
1.627570094738457840e+01
1.618564243333450747e+01
1.556258313613234634e+01
1.570212641311603718e+01
1.565685911292796284e+01
1.603046515604958699e+01
1.623478442372912056e+01
1.591663174219408816e+01
1.595821370601713340e+01
1.551331813351644762e+01
1.620759226459160374e+01
1.572093109786632681e+01
1.582378550107010362e+01
1.629897062797636309e+01
1.555591042524990364e+01
1.594027657352182281e+01
1.601433462768487814e+01
1.583373361492289177e+01
1.564743200071717055e+01
1.588164486334610714e+01
1.595096946628448187e+01
1.564912477922313983e+01
1.625020825111934641e+01
1.595721572598727889e+01
1.567154113045617692e+01
1.600050249226166699e+01
1.620810346593893314e+01
1.587045276599332766e+01
1.532008710861636125e+01
1.607925330358303384e+01
1.606242206157931918e+01
1.627180240313975546e+01
1.589053761035605206e+01
1.528402858717623403e+01
1.597772250928576199e+01
1.582117514830549432e+01
1.592814516336304642e+01
1.673053017456320646e+01
1.641026799048530194e+01
1.644027781698296664e+01
1.554635352687852290e+01
1.605136111509542474e+01
1.639331722078182096e+01
1.595229868048549093e+01
1.551370319888166094e+01
1.641495766767889819e+01
1.592621262328740706e+01
1.616638284602115760e+01
1.617686137800324531e+01
1.589877406618556321e+01
1.556658115831078071e+01
1.562622935763984522e+01
1.635840746322566019e+01
1.575171755601754064e+01
1.604892610587210200e+01
1.581685584118504728e+01
1.588064114320401465e+01
1.582410494846524429e+01
1.610725450443113971e+01
1.594650152790607756e+01
1.668065367330861193e+01
1.568299550151928479e+01
1.584696118769686812e+01
1.546880524047832495e+01
1.658803591381730413e+01
1.577053153701205801e+01
1.612173081461574142e+01
1.576908603154127064e+01
1.584000899868495971e+01
1.528389450859351228e+01
1.577317569138739906e+01
1.579172296863751868e+01
1.635799203233114696e+01
1.588301733589781684e+01
1.624751249511355056e+01
1.571719799894687597e+01
1.649333553939536401e+01
1.600916207594387330e+01
1.588809681224310744e+01
1.581019547348111942e+01
1.624475539473595020e+01
1.646844410874445330e+01
1.574242205939922634e+01
1.602333306124665668e+01
1.576413930226275539e+01
1.601939423701480081e+01
1.573736999520703250e+01
1.580078664688782197e+01
1.604642771032562010e+01
1.639526346173680693e+01
1.588504175293211595e+01
1.583247695985486203e+01
1.610824898926685478e+01
1.640728374166769399e+01
1.633497173871337438e+01
1.565519385163271870e+01
1.617504016072674489e+01
1.538556671312480972e+01
1.568993316278931083e+01
1.629846399914190158e+01
1.643055197660676470e+01
1.597288739383856893e+01
1.610701454128660259e+01
1.569058772435655769e+01
1.624014114506596229e+01
1.597173317502288725e+01
1.546352067171384448e+01
1.549079291465841912e+01
1.681793223636773149e+01
1.590393118418610463e+01
1.601751535915957092e+01
1.637002324176423684e+01
1.647613528308118092e+01
1.614676149293154594e+01
1.647319270474117658e+01
1.595153455038791890e+01
1.589891874933465665e+01
1.582639291719458186e+01
1.587085011712376748e+01
1.647561449245083054e+01
1.567815488827558035e+01
1.619119390069121422e+01
1.598361927084586576e+01
1.585622985476767965e+01
1.561892373199124684e+01
1.608036453349313177e+01
1.603611486977548495e+01
1.568713906557126059e+01
1.606022117559908580e+01
1.564700320260454802e+01
1.614279883016037331e+01
1.593009535074426353e+01
1.642477531694897053e+01
1.632330726237332996e+01
1.555521737949243111e+01
1.605262727006610746e+01
1.589173090007679079e+01
1.606783010842704229e+01
1.620238042203905948e+01
1.586949358992351478e+01
1.603648099060701071e+01
1.624108001099026666e+01
1.673061884411597688e+01
1.536451880893445221e+01
1.656542725149049389e+01
1.499681019135099902e+01
1.568640388830326593e+01
1.620674255428156840e+01
1.658720362862886333e+01
1.589146870197541261e+01
1.576619643389323322e+01
1.596270964323419683e+01
1.623631989220925931e+01
1.568720568382490832e+01
1.620608449366472215e+01
1.607775564872976659e+01
1.527994506400341379e+01
1.545341789623055995e+01
1.659237183952113170e+01
1.584594542859874089e+01
1.573715432547454540e+01
1.620445010369925498e+01
1.676573762952504509e+01
1.588949969229214432e+01
1.604174805155992090e+01
1.583227062739226199e+01
1.581572370829365859e+01
1.632670594347799309e+01
1.559398192335530098e+01
1.546068687224719618e+01
1.599927795548779130e+01
1.614813378397213128e+01
1.605450207684545205e+01
1.596285230068816041e+01
1.663918231304794659e+01
1.555434429846827804e+01
1.571674740154328909e+01
1.563585936595368331e+01
1.652445387462686099e+01
1.649506660130452573e+01
1.655346894168654970e+01
1.561326321883322521e+01
1.596543146991673723e+01
1.639670612154685969e+01
1.571147843877777817e+01
1.577492065486062955e+01
1.593130437428923152e+01
1.593991840580389585e+01
1.628653687125959237e+01
1.611959069798724187e+01
1.595952612954911842e+01
1.622653738074127716e+01
1.580589745534483370e+01
1.561655418974348919e+01
1.605692985070691847e+01
1.618068040771711225e+01
1.586506687353844569e+01
1.586538323042362109e+01
1.637959943756379388e+01
1.569622294868159251e+01
1.661591730056372285e+01
1.578258792924448528e+01
1.670388922481550864e+01
1.623086343620444438e+01
1.554006758994970383e+01
1.610545326971869073e+01
1.594865542364128252e+01
1.563238664619337825e+01
1.629561689539588087e+01
1.587932600556763596e+01
1.601391383628086373e+01
1.609217719580104600e+01
1.655132663376807756e+01
1.601532379213649193e+01
1.627264491398718249e+01
1.623680631806088215e+01
1.582213731432464776e+01
1.589297164086652003e+01
1.610285360761213980e+01
1.553317513844717723e+01
1.566290205896245702e+01
1.604708038881265963e+01
1.598976409244543184e+01
1.577883788969186973e+01
1.575041090664076471e+01
1.591849693794793197e+01
1.611376213610149932e+01
1.593151540404950062e+01
1.615874256197848524e+01
1.578297888543196414e+01
1.615219730549029364e+01
1.590531493657249662e+01
1.521061038118331332e+01
1.597094132259914190e+01
1.587532231883514378e+01
1.624994007249373951e+01
1.566316474747706700e+01
1.648890677075732114e+01
1.585769313617990406e+01
1.606693180233393292e+01
1.666303377481021286e+01
1.640407856498419648e+01
1.589414323715385535e+01
1.653851300775147593e+01
1.550721549252431863e+01
1.605647681968844509e+01
1.591445004375305494e+01
1.627314340670583448e+01
1.617383990628847101e+01
1.614378494599799652e+01
1.573334737173493103e+01
1.574539566965193060e+01
1.640058808241354171e+01
1.633342610414505103e+01
1.586360015220194164e+01
1.590379532169444587e+01
1.582740186417001560e+01
1.570112950768048776e+01
1.640673441133976240e+01
1.660400393305456035e+01
1.564595341745393142e+01
1.620748078919590895e+01
1.642001231164967834e+01
1.596609766517302553e+01
1.542294647372732541e+01
1.570517316669528007e+01
1.592409171677753577e+01
1.615572387766483686e+01
1.576591477621113668e+01
1.666187039195505903e+01
1.619771052965968750e+01
1.581997604307715655e+01
1.598269810873107133e+01
1.595864063048679782e+01
1.598806014431613143e+01
1.582615023130899878e+01
1.571314273159163832e+01
1.621337204815858257e+01
1.704868745043095757e+01
1.580356056783018381e+01
1.576437597240531119e+01
1.607446880874991990e+01
1.557225902958449559e+01
1.573174048357164345e+01
1.603720326373685978e+01
1.630198251433863632e+01
1.650438976521866152e+01
1.567416655700410288e+01
1.635489991643004615e+01
1.556921925479563740e+01
1.599834927366737780e+01
1.544851161382685234e+01
1.609636717929621241e+01
1.581001887493992086e+01
1.539903573117008584e+01
1.617143053394646657e+01
1.598104271571403778e+01
1.599852274255962215e+01
1.600874408338354371e+01
1.638013452407803783e+01
1.592775119463324174e+01
1.591175941514326198e+01
1.590961260957068113e+01
1.617706898058931841e+01
1.579239488196962427e+01
1.513898172704486456e+01
1.597023320008983127e+01
1.603785286331679316e+01
1.623505018210256523e+01
1.583884661474472288e+01
1.618707023632372355e+01
1.668533178609383683e+01
1.586427272206144146e+01
1.696284076432628396e+01
1.638872771416625795e+01
1.613755954413643323e+01
1.648025400385384387e+01
1.565197484801930372e+01
1.579496910500493989e+01
1.583722819537501714e+01
1.567076758839976414e+01
1.625875934252727717e+01
1.620736736206172424e+01
1.589096217396380517e+01
1.587043451801059746e+01
1.605128181833890011e+01
1.627436367253825011e+01
1.560522323386528676e+01
1.603042187440588151e+01
1.605561275656956965e+01
1.584057596853166139e+01
1.630324383789945131e+01
1.573606428892156650e+01
1.542430331240629293e+01
1.618130929876804913e+01
1.614947549166622309e+01
1.548056489751433240e+01
1.603215525625905258e+01
1.635649543534940875e+01
1.613470455808169746e+01
1.631874548825058824e+01
1.611282181512872569e+01
1.554534813490935896e+01
1.608969255728553804e+01
1.560599743816060681e+01
1.547180394146666416e+01
1.607103590703196261e+01
1.595505858353769923e+01
1.553741339654611586e+01
1.598044034336495933e+01
1.595444361960478119e+01
1.607557959323429131e+01
1.587507874561724819e+01
1.618346475881924107e+01
1.588938607100534917e+01
1.599532388338432121e+01
1.612072117440891006e+01
1.582362507432851650e+01
1.597752314842724886e+01
1.607660202154982443e+01
1.598517600490187007e+01
1.670176344115325051e+01
1.579368379313239679e+01
1.641697950206554069e+01
1.635573714408856105e+01
1.589967315631064437e+01
1.607003489614018221e+01
1.637376416375911248e+01
1.572019843159370289e+01
1.608839554694050733e+01
1.595447366606672013e+01
1.610930503342429532e+01
1.617911800505571662e+01
1.589314125496587771e+01
1.598843220439790436e+01
1.597376489192302174e+01
1.643296646712378717e+01
1.569429103321989238e+01
1.585427074284737969e+01
1.559622073123450292e+01
1.587744620336951229e+01
1.561896730645250209e+01
1.628596250678965163e+01
1.611800618789946782e+01
1.586164485807481839e+01
1.599678775533230635e+01
1.576702448744052631e+01
1.564961634531773882e+01
1.560717013606815229e+01
1.577242330837839646e+01
1.615589679982146976e+01
1.522057483773228093e+01
1.623623546482111735e+01
1.637399981805217664e+01
1.613722322102518802e+01
1.615377459133223326e+01
1.580474313104411088e+01
1.578470445990171989e+01
1.633793041550563174e+01
1.632128999774947076e+01
1.611222494098930014e+01
1.582741086625056326e+01
1.627398864919199539e+01
1.588773275407956298e+01
1.620863710457538076e+01
1.638967064674167062e+01
1.544240557434228833e+01
1.658745913997354293e+01
1.562745414592809112e+01
1.664169125763438828e+01
1.617880049142474519e+01
1.564803482476356145e+01
1.597597718001772193e+01
1.562070894993881076e+01
1.597134082147455558e+01
1.558995641592507297e+01
1.608043492487851012e+01
1.617181632036180616e+01
1.615691473663950006e+01
1.621936325583910232e+01
1.649935152048155373e+01
1.587224541954522117e+01
1.592792670032265256e+01
1.632356734740693227e+01
1.571020830978457816e+01
1.626390063304540945e+01
1.614403594607182058e+01
1.648571947400410664e+01
1.616876695182297397e+01
1.640371532408619970e+01
1.598987318690070047e+01
1.574344558824352802e+01
1.611667686321936088e+01
1.587357371883453183e+01
1.664390153803145012e+01
1.576034444529554257e+01
1.582173203892932811e+01
1.601205636872568761e+01
1.639396723198094818e+01
1.557301006112294495e+01
1.556983092440333039e+01
1.598833737311251824e+01
1.601270541153657945e+01
1.660779336243369642e+01
1.605036929901819676e+01
1.635587257554590934e+01
1.574192546689331529e+01
1.598833485467276105e+01
1.573775044714972360e+01
1.596936374808531589e+01
1.588212514620792781e+01
1.605271817599651030e+01
1.592853992093233728e+01
1.657374493682132766e+01
1.599261800317864690e+01
1.572763164894396759e+01
1.645848834172414854e+01
1.597705834743035780e+01
1.639114910321875485e+01
1.622656203463398228e+01
1.639972644987948058e+01
1.564243493868874246e+01
1.669913908966923799e+01
1.590045568221399463e+01
1.615510051437101424e+01
1.628399440174188229e+01
1.615614822719022214e+01
1.606548695815390460e+01
1.658642305975710585e+01
1.622311329152569570e+01
1.664926739125850474e+01
1.596633784892767238e+01
1.588467088426542162e+01
1.539472390624958820e+01
1.679938982757238719e+01
1.601267833117413630e+01
1.568222712811529895e+01
1.632563983639920480e+01
1.604130754941188286e+01
1.587192647287571745e+01
1.608438682755101112e+01
1.601253341195786817e+01
1.605452216536322751e+01
1.581031505514885360e+01
1.625064508426020282e+01
1.539534779351132876e+01
1.603496733364459459e+01
1.605767364708259848e+01
1.515176789103951371e+01
1.593432488193462504e+01
1.581176114973808389e+01
1.541870690000864208e+01
1.597349298975817611e+01
1.646858225232318063e+01
1.599540152949533400e+01
1.568717571606868511e+01
1.605005230856713538e+01
1.676126657371290563e+01
1.599098233519743673e+01
1.618766884720730204e+01
1.593917476674264933e+01
1.568051603243710801e+01
1.561547983365182191e+01
1.622756395100388360e+01
1.584808182545445732e+01
1.554707298677022642e+01
1.548512772106329649e+01
1.570420652113109306e+01
1.588681388682887707e+01
1.611501834404927180e+01
1.557731878257806812e+01
1.538829751185366312e+01
1.614266503918967288e+01
1.569201422424831094e+01
1.585477152297029235e+01
1.527424695878033134e+01
1.552122070282859134e+01
1.567487598217531364e+01
1.592808861354033745e+01
1.591430160850925901e+01
1.584008773997902964e+01
1.556980646781610922e+01
1.664743445683129508e+01
1.628257142394751966e+01
1.596949817616342493e+01
1.577807585615040153e+01
1.583423206655532844e+01
1.617362303636856069e+01
1.577718729925438801e+01
1.641067849631640385e+01
1.593396669176196667e+01
1.613023996335428123e+01
1.601197694466430477e+01
1.585904622127921471e+01
1.597187949571805810e+01
1.567788200927432207e+01
1.577055866979411469e+01
1.658055330668697991e+01
1.562513978696084571e+01
1.680957818099422596e+01
1.628261032957955479e+01
1.584645035871793617e+01
1.534078955511938780e+01
1.613582190993427190e+01
1.544308380526947566e+01
1.613864401705535556e+01
1.599509191865435476e+01
1.588969940168991535e+01
1.678137572051801030e+01
1.540885950612034883e+01
1.556844711292122696e+01
1.574131092082556549e+01
1.600672441375658295e+01
1.626202991134804776e+01
1.650853810341826389e+01
1.531319306712783224e+01
1.551263925519684506e+01
1.554544576652496524e+01
1.687467895467114332e+01
1.620517315546715409e+01
1.577851660866946482e+01
1.618569293656740626e+01
1.574881417409110185e+01
1.553504509533578393e+01
1.651328982730432671e+01
1.640577601070403446e+01
1.560716263560023798e+01
1.625344572874824678e+01
1.604107997956636211e+01
1.548909063988943124e+01
1.532736560201425569e+01
1.566615748506793082e+01
1.659226014090868162e+01
1.583990205028734444e+01
1.636181605293396046e+01
1.635922517351967898e+01
1.603454407552699124e+01
1.617754154534515365e+01
1.645299606112980229e+01
1.605024593499309660e+01
1.593875655323767582e+01
1.630274238109997853e+01
1.552637145855808676e+01
1.562263545859545744e+01
1.557907766740098587e+01
1.546782584085424084e+01
1.583761373337647704e+01
1.623387558612866499e+01
1.578785114994175665e+01
1.632608441752001127e+01
1.626608174758180780e+01
1.593148726621551603e+01
1.629181424853698701e+01
1.568493012179846602e+01
1.618699100347267716e+01
1.581194864063458638e+01
1.625171172996039104e+01
1.622039061675456750e+01
1.599233720757942656e+01
1.601564938708610697e+01
1.670450717648433425e+01
1.596965307783052168e+01
1.592367086041216062e+01
1.577575398228059456e+01
1.598014263097397780e+01
1.595349742279972283e+01
1.569137859165920723e+01
1.590115977419929116e+01
1.666387282793623470e+01
1.555149695935328324e+01
1.541639929487652338e+01
1.533920498800814691e+01
1.575024123129422726e+01
1.593991042014032544e+01
1.576179073955427157e+01
1.587966969879421342e+01
1.551910808007068709e+01
1.582372018553747850e+01
1.584355243815313585e+01
1.569377593629322476e+01
1.605914336459894898e+01
1.633358643970362678e+01
1.636652158124480749e+01
1.619283466017934714e+01
1.566135675897209545e+01
1.587538101936326385e+01
1.601495500191272470e+01
1.609927609632729428e+01
1.608727759892900266e+01
1.592485138556110336e+01
1.628832380913407718e+01
1.606645121158042855e+01
1.696994859730061123e+01
1.574575149395974449e+01
1.593527940637501139e+01
1.573530527548846791e+01
1.620008173246960581e+01
1.555865441906036750e+01
1.568011632238295761e+01
1.627419058272128893e+01
1.641555999680396383e+01
1.624995307345135842e+01
1.534608228292081655e+01
1.616520759158973775e+01
1.594773116305789706e+01
1.582128574799969734e+01
1.587835014278135048e+01
1.631872996286099564e+01
1.617987921809965712e+01
1.606888474186781934e+01
1.522038621901438660e+01
1.619166582292570311e+01
1.576050502740973691e+01
1.609201245378466893e+01
1.573144601624771077e+01
1.633389947668811715e+01
1.550479395372957825e+01
1.618927133492215731e+01
1.622633365395027383e+01
1.574537854024375250e+01
1.589915660410421339e+01
1.574862095312349197e+01
1.623701172562032724e+01
1.607161399652910205e+01
1.602431075357643664e+01
1.544289260733351909e+01
1.616758924191896085e+01
1.571373812098153877e+01
1.636922997273632063e+01
1.594771277554227851e+01
1.524232468819402087e+01
1.600206851080829651e+01
1.597480455508284081e+01
1.594684452065229330e+01
1.562453953164246556e+01
1.693568606823863476e+01
1.538962564253181675e+01
1.631493611211336869e+01
1.640706833747004367e+01
1.597105394285513391e+01
1.649059449724708060e+01
1.578284727807509213e+01
1.625389554971270556e+01
1.588754153338338959e+01
1.573473309815494048e+01
1.560480168711486115e+01
1.563816320715005226e+01
1.565311641373102347e+01
1.567555981351556937e+01
1.554203802896925346e+01
1.603730332301777040e+01
1.708906525695126177e+01
1.650567065318229965e+01
1.610919419597515656e+01
1.578417088259216428e+01
1.591401149770087464e+01
1.603478602092953409e+01
1.582718315501241868e+01
1.639386980613900135e+01
1.628969471340116826e+01
1.619138613681095151e+01
1.599374159329525646e+01
1.605071578990910908e+01
1.607758487792920832e+01
1.622745265963517269e+01
1.577962625608729752e+01
1.609815748643390165e+01
1.612001241337620527e+01
1.669152979655986968e+01
1.644275256778413663e+01
1.610990292904908827e+01
1.607041929255268187e+01
1.622622118217041276e+01
1.665979364438160815e+01
1.576557015196203793e+01
1.586863063098959259e+01
1.606716745375825184e+01
1.569118049733000397e+01
1.601783444056661665e+01
1.610876442259750618e+01
1.585147123856150664e+01
1.621198596568297390e+01
1.637856535494361410e+01
1.600314811074497712e+01
1.649273115739694262e+01
1.606529825055382688e+01
1.585439727055789305e+01
1.600311203606435129e+01
1.568117365159635312e+01
1.616998736769143719e+01
1.577053005240710348e+01
1.576929139281210368e+01
1.538201151673747979e+01
1.605962715442599986e+01
1.636982119054885132e+01
1.579045788645733595e+01
1.626632232453897942e+01
1.644541578491925193e+01
1.638462571544437907e+01
1.587937319367873990e+01
1.593504167267545668e+01
1.598762493923069350e+01
1.629076602759228365e+01
1.571927654402623631e+01
1.573167752601145253e+01
1.593128668264479408e+01
1.577679582499735922e+01
1.654795820952784169e+01
1.552032770300669107e+01
1.611183274762065309e+01
1.609398484213150482e+01
1.618771097091229194e+01
1.548576470636054658e+01
1.604840897210980089e+01
1.597748507012730279e+01
1.596154690123013609e+01
1.643561079568306837e+01
1.630606353072434800e+01
1.583428092474779092e+01
1.608844461182929564e+01
1.559301837532793122e+01
1.580152904824608129e+01
1.653429057614950182e+01
1.605658881304222518e+01
1.603425712659413094e+01
1.581250954636180417e+01
1.639949517419266556e+01
1.672130099858886965e+01
1.584678325218376216e+01
1.587956900848365471e+01
1.635576184508288478e+01
1.568600166667829576e+01
1.596658686226572321e+01
1.628664772115321213e+01
1.565898654308019289e+01
1.649050108676111392e+01
1.570060855375940712e+01
1.548292055913975673e+01
1.588015841944658924e+01
1.605118825432502305e+01
1.595949404234479374e+01
1.551710600888103819e+01
1.632568743323148297e+01
1.594842887291274813e+01
1.627297775292775839e+01
1.570725642007946377e+01
1.663777467251606978e+01
1.605094021761725642e+01
1.607217295845815741e+01
1.623734677914443125e+01
1.540578986465450129e+01
1.608095072790145608e+01
1.668052185236235374e+01
1.629359052351509973e+01
1.609697496226710811e+01
1.578766146350734090e+01
1.567605718492107947e+01
1.636071084196712278e+01
1.604747966847079255e+01
1.594094108168270907e+01
1.610234777647482574e+01
1.625790728030819565e+01
1.679763072865596385e+01
1.584647887596402605e+01
1.608080801357675327e+01
1.581492911598731332e+01
1.589034710526651217e+01
1.572193229399919900e+01
1.628321165236729229e+01
1.558767110541555390e+01
1.586792767372947743e+01
1.595235651264818699e+01
1.626959414539414439e+01
1.556570437655702754e+01
1.592946675835268699e+01
1.610108033608344513e+01
1.559726291042638557e+01
1.577643245748542355e+01
1.607077368398847383e+01
1.578922964112839544e+01
1.573895912339489556e+01
1.665207985744494934e+01
1.569874306070919623e+01
1.612025929531467128e+01
1.555546318790452354e+01
1.566372209307542107e+01
1.709569644805005950e+01
1.623837019323872610e+01
1.557308699127857210e+01
1.662169407700504209e+01
1.565056796965289720e+01
1.581830274144129156e+01
1.553836274327579048e+01
1.585749209480680122e+01
1.597262880872712465e+01
1.633373167050791963e+01
1.605641913410508792e+01
1.607472783471551736e+01
1.586206321978027667e+01
1.607932924511463924e+01
1.596344940690231518e+01
1.586339655079074085e+01
1.566929518934841781e+01
1.593382020326522586e+01
1.626892540359222394e+01
1.605807025454734216e+01
1.595186078612892189e+01
1.575669141990744215e+01
1.566735314325772599e+01
1.601546816887261215e+01
1.580736093212382087e+01
1.575403808774373893e+01
1.585356471766466768e+01
1.618760711339463754e+01
1.625884869161544799e+01
1.592903592530176660e+01
1.606166142106222949e+01
1.627126023986481940e+01
1.552415996862026581e+01
1.590533463241122192e+01
1.624411851969877674e+01
1.581613744158594947e+01
1.596698835201808997e+01
1.613278532738028304e+01
1.639384217930022203e+01
1.618128967213107572e+01
1.565712467185159262e+01
1.586256054543640204e+01
1.617070099833794572e+01
1.641324386787620071e+01
1.641077655070210639e+01
1.596060202722383181e+01
1.611404125102335527e+01
1.626512897922404477e+01
1.645412231617590493e+01
1.644524028597476573e+01
1.620630398156165342e+01
1.580820892878924333e+01
1.589905501488246031e+01
1.589931751128239235e+01
1.659274314212087020e+01
1.590102310139387143e+01
1.605402191791109345e+01
1.635650027168664522e+01
1.595731930298691381e+01
1.588466829374504918e+01
1.555001177314276006e+01
1.609035021602095128e+01
1.603303553484367683e+01
1.638771530117242037e+01
1.612134437548363053e+01
1.575910418962382664e+01
1.574176097621166015e+01
1.551470072985628512e+01
1.566543119610248880e+01
1.587669634013083808e+01
1.633884738088310229e+01
1.619086250924882719e+01
1.648190275100014546e+01
1.608610192108479353e+01
1.601709858723246072e+01
1.597921843816859422e+01
1.565818401448774821e+01
1.634436185351627913e+01
1.585004250165154360e+01
1.601325681623628938e+01
1.583384549754325654e+01
1.597036468963861466e+01
1.563705332186115804e+01
1.647758905599929236e+01
1.570456138622797049e+01
1.598747424671073247e+01
1.575657910072169265e+01
1.583159399591042416e+01
1.627850526892858340e+01
1.594688905352325214e+01
1.548790431338556495e+01
1.577995826694739812e+01
1.562990833328045426e+01
1.579483823450026669e+01
1.599220314489360106e+01
1.623455562577816735e+01
1.568911012411329686e+01
1.601000491842468421e+01
1.570453630988004079e+01
1.625029148873660034e+01
1.552649429837849127e+01
1.625057021213285680e+01
1.578457934658856132e+01
1.614401864978377787e+01
1.584553500897363065e+01
1.591852452000980911e+01
1.602961179018618765e+01
1.634784785858091638e+01
1.556877350228785950e+01
1.618984408978422351e+01
1.604175406143879101e+01
1.544930588227584067e+01
1.574874847930981758e+01
1.536213682501070288e+01
1.619420029173821263e+01
1.556700121609087795e+01
1.593559219995657017e+01
1.633489622425069143e+01
1.632199545974944499e+01
1.596169786523803502e+01
1.588545113982148749e+01
1.657342758817503636e+01
1.564615906194774908e+01
1.585222458797219858e+01
1.574141757166885291e+01
1.619656682321889818e+01
1.564629621785361557e+01
1.588418022536196261e+01
1.550989218911358236e+01
1.582684090701317459e+01
1.536812453668837364e+01
1.597378542742100294e+01
1.558710075391413064e+01
1.624701968175871869e+01
1.564054962800016213e+01
1.549029106457385119e+01
1.586972666593431391e+01
1.578776328360856951e+01
1.549604176568990255e+01
1.580085811490065240e+01
1.607616009847325600e+01
1.620162207673545751e+01
1.553650658149989994e+01
1.619311327552334845e+01
1.620949219107170691e+01
1.637042990600650327e+01
1.583774504711209552e+01
1.622102863016051799e+01
1.632467281949583437e+01
1.641650418252904231e+01
1.613671516933641570e+01
1.577962713313983834e+01
1.666042447103225754e+01
1.593762301303735462e+01
1.609739247918841087e+01
1.611542032858206497e+01
1.546942060481989500e+01
1.612481174554773489e+01
1.575748039356108166e+01
1.583243192016433554e+01
1.580979917045450378e+01
1.629962140517127622e+01
1.582201343468559784e+01
1.584561223958953491e+01
1.670558687868718550e+01
1.621097872948309160e+01
1.590087877997861732e+01
1.613105549885889545e+01
1.555425196198065407e+01
1.592847153786675030e+01
1.549628627507322420e+01
1.602957392967822869e+01
1.568316529648609325e+01
1.633604749017997904e+01
1.564641427424658637e+01
1.608410911952808675e+01
1.594059595603668988e+01
1.572045051887808675e+01
1.622611391203369990e+01
1.624130033178190047e+01
1.575822988468464914e+01
1.570850016351500678e+01
1.579545587695066011e+01
1.654882281023598622e+01
1.620668348248079838e+01
1.677436049258681905e+01
1.594075843501445533e+01
1.614227741937171245e+01
1.579503028717107327e+01
1.577667562051785843e+01
1.586562516688246838e+01
1.656289659466927233e+01
1.641401157736721572e+01
1.598145265748301469e+01
1.593122279832909349e+01
1.549284066420580253e+01
1.594093819967106995e+01
1.582754594194676478e+01
1.604312755924885892e+01
1.611293566405125333e+01
1.632221796518699719e+01
1.631180925051443964e+01
1.602763837129110414e+01
1.622749738816227705e+01
1.617207271244845757e+01
1.572584057079599873e+01
1.633547278822896232e+01
1.590474358155974244e+01
1.640543509590862570e+01
1.608893143930992053e+01
1.651371429184643347e+01
1.591566178813463850e+01
1.612646402721314587e+01
1.572249412482656439e+01
1.666289422399878006e+01
1.584827431829518218e+01
1.570516415472769900e+01
1.662159544655877141e+01
1.647596828319921869e+01
1.581883412788302934e+01
1.568464580783105866e+01
1.603242717735498246e+01
1.614523658210631751e+01
1.608719493599147654e+01
1.589291808386619564e+01
1.611091147924601685e+01
1.632195762095093627e+01
1.594310290977233713e+01
1.551835040200228555e+01
1.617043235470737628e+01
1.650647188347281968e+01
1.528956725205315870e+01
1.628008892159786214e+01
1.642543986124972477e+01
1.627856803188151602e+01
1.636201877768050750e+01
1.597593144442545388e+01
1.582723076594817258e+01
1.622246207436516485e+01
1.599982128944881055e+01
1.598112378010734602e+01
1.617537836497169579e+01
1.577487959944272333e+01
1.597852686122424259e+01
1.606218783863216260e+01
1.632800941595397148e+01
1.566227516781007623e+01
1.568049437471877461e+01
1.574028483451609084e+01
1.553701342708933275e+01
1.649811790552239543e+01
1.638871681269704794e+01
1.593482770866250320e+01
1.639546851355812151e+01
1.631183802893008661e+01
1.591690800992235921e+01
1.600494896390957322e+01
1.576727065498054436e+01
1.644954078441654488e+01
1.633623603943022928e+01
1.590108336912021159e+01
1.570028389183329054e+01
1.598716781451081914e+01
1.632033500738078757e+01
1.577215238859747437e+01
1.572580719200490584e+01
1.668291873613345899e+01
1.640004730699816804e+01
1.580880942972400405e+01
1.600058296762829713e+01
1.593468876449694172e+01
1.555985988990128632e+01
1.640618541338703196e+01
1.592704821075610511e+01
1.588650090912076251e+01
1.626278657789298521e+01
1.629663011686982088e+01
1.543779718064836359e+01
1.585542188485531945e+01
1.587694452256517152e+01
1.592766806120681800e+01
1.600879393973877285e+01
1.605614469464289940e+01
1.576488889587900033e+01
1.558501754518555060e+01
1.618188561706547191e+01
1.596606785215515245e+01
1.625108824909854377e+01
1.599413240618043019e+01
1.607530341447009903e+01
1.640098605028530088e+01
1.635728448385836131e+01
1.634442921676813398e+01
1.594294416361372768e+01
1.556700833115657190e+01
1.593363096626020514e+01
1.638730054068454578e+01
1.603810748494308314e+01
1.581591085741080427e+01
1.609846121686461728e+01
1.574765749375862534e+01
1.618012445409142686e+01
1.612765297264147790e+01
1.634094470512310338e+01
1.580108001031543630e+01
1.591210944297101371e+01
1.608422100140988320e+01
1.594092885415111205e+01
1.522941723830698990e+01
1.646121895568753857e+01
1.573430191906192199e+01
1.578036160875355343e+01
1.606972907449402044e+01
1.602918139709075618e+01
1.577858741859850156e+01
1.621350705299170869e+01
1.614893552100951979e+01
1.595803744678302749e+01
1.580891791408097191e+01
1.607395011290834930e+01
1.611487155633359336e+01
1.617478538046325909e+01
1.596800513894747731e+01
1.538519125462051740e+01
1.631439044283509432e+01
1.610324836723177455e+01
1.611842173885860419e+01
1.612373340062693572e+01
1.603280947162568637e+01
1.603846723618302050e+01
1.652701866529599783e+01
1.622355534610683137e+01
1.658549451743757785e+01
1.625519915286999151e+01
1.604662053220431517e+01
1.600284479038574403e+01
1.600428306983314286e+01
1.647751469752133602e+01
1.611106838657061857e+01
1.611910373955177178e+01
1.620714050430251518e+01
1.598972236187860751e+01
1.599266815449330181e+01
1.605795325807570251e+01
1.576648608151220010e+01
1.527579098867438923e+01
1.602690898056110669e+01
1.598581600227016430e+01
1.575634118618661361e+01
1.608463202195347819e+01
1.547066836823598557e+01
1.644129527917705857e+01
1.555552237616024946e+01
1.634198044617932055e+01
1.596731012865088672e+01
1.605558384170599595e+01
1.572904449374778402e+01
1.587023067467169390e+01
1.609090828574953491e+01
1.585135822106554926e+01
1.633903817132027925e+01
1.613122112333286040e+01
1.621651729575777523e+01
1.641260833746238745e+01
1.618575132078535006e+01
1.580608631945338338e+01
1.539342581006632393e+01
1.572420254444968357e+01
1.610786077612982936e+01
1.622576773117015136e+01
1.633832276921096138e+01
1.602690140594082280e+01
1.534658234941706212e+01
1.652917194402413870e+01
1.601800367999876684e+01
1.551349272714299943e+01
1.622335166298446651e+01
1.595284132137905608e+01
1.613036909651765072e+01
1.553689363004037816e+01
1.590785646605673165e+01
1.549966213882714783e+01
1.571042394539012399e+01
1.591267045841239103e+01
1.609740381805997345e+01
1.584056714483831918e+01
1.626123095381398542e+01
1.583069866180809626e+01
1.570765326081902558e+01
1.621781917177529664e+01
1.605896134619661808e+01
1.589202629910695208e+01
1.667811326317218601e+01
1.593360638638199234e+01
1.587686633054241447e+01
1.676251398236976087e+01
1.612355190530988125e+01
1.655113287264498467e+01
1.683413078321586553e+01
1.563989951151648405e+01
1.660633110244006616e+01
1.605730926911573420e+01
1.561917558109517223e+01
1.589477615008421552e+01
1.627761335980619251e+01
1.610933693918441989e+01
1.640911537096022244e+01
1.642917871557323650e+01
1.639003062233081565e+01
1.625900238452252466e+01
1.621549109033310287e+01
1.596402724063434597e+01
1.612844604319397845e+01
1.594212482438395462e+01
1.621084605670505141e+01
1.562066355326945910e+01
1.628377942779655996e+01
1.620538279293410966e+01
1.548862779237474818e+01
1.602757866087801730e+01
1.556280815121895600e+01
1.594925216374689114e+01
1.666650547234753077e+01
1.569750833014093239e+01
1.620058359939500292e+01
1.619491758473252219e+01
1.612728267420429518e+01
1.630620457660056744e+01
1.560560339632202975e+01
1.532610353147380344e+01
1.625444180140815220e+01
1.684656764076527224e+01
1.608114858038720385e+01
1.617490901168707040e+01
1.652297330807240527e+01
1.584768364470350832e+01
1.610470796807782889e+01
1.628894681844544579e+01
1.626191708394093638e+01
1.667879252892550568e+01
1.561112462594478778e+01
1.593877493232593601e+01
1.591547385892561373e+01
1.575587952980699846e+01
1.608350156171999501e+01
1.584279935770412351e+01
1.581436050503300272e+01
1.634980100043113893e+01
1.617796667805993138e+01
1.597689169557588329e+01
1.603530205659275865e+01
1.601009823599212112e+01
1.656210612021197903e+01
1.615697392892329276e+01
1.600217510431571810e+01
1.639047535655938859e+01
1.599026250400078020e+01
1.594483790999434447e+01
1.583653470695187337e+01
1.592886357209855319e+01
1.597640507356676132e+01
1.641569927002934293e+01
1.634440154316836313e+01
1.537150853767304248e+01
1.614607641993388754e+01
1.633530832352284889e+01
1.624769784598598221e+01
1.600742687250496132e+01
1.630768156121965973e+01
1.603799438380686126e+01
1.603996865280938167e+01
1.625997442043907881e+01
1.626256095711793748e+01
1.583990459284043162e+01
1.582459740108245683e+01
1.610237388737193243e+01
1.623911963152474414e+01
1.667556789731350619e+01
1.622912348544480210e+01
1.629530235227364088e+01
1.600320779969227303e+01
1.575927481263258123e+01
1.633356996245347048e+01
1.604623974427694932e+01
1.589136565544085222e+01
1.612210672917150944e+01
1.570573437020742702e+01
1.580676368274145638e+01
1.674801185273304327e+01
1.561783121094084770e+01
1.598957382585663467e+01
1.631922149640397990e+01
1.613702117621782151e+01
1.628303024137366251e+01
1.604160573256289979e+01
1.620572082714527085e+01
1.601276335732047329e+01
1.590331006936000513e+01
1.575517154175423151e+01
1.534028168914972845e+01
1.650566071798776235e+01
1.595829528179925916e+01
1.565766890029653524e+01
1.601118557455927416e+01
1.583479759044403679e+01
1.562368011441461491e+01
1.593973162939635202e+01
1.601513754961881020e+01
1.603362075749996407e+01
1.617555552211244319e+01
1.623462499478396381e+01
1.587147066568641840e+01
1.586696280743970533e+01
1.568984353553790712e+01
1.550865370045423042e+01
1.661721753904141963e+01
1.601838645771153224e+01
1.643714781327138041e+01
1.587319571450172084e+01
1.594059939110820956e+01
1.600905940807231431e+01
1.647528828794083466e+01
1.567020731221335872e+01
1.640361047175980147e+01
1.643837484981647634e+01
1.613955653037162108e+01
1.667744405297728605e+01
1.646912421461437148e+01
1.669169480950773732e+01
1.628336671765155330e+01
1.624737542659811851e+01
1.563020346380143266e+01
1.547781949073241314e+01
1.590715143292750788e+01
1.611173095576922165e+01
1.576578735880661242e+01
1.602405057580861225e+01
1.624801645218684953e+01
1.611801911454986680e+01
1.621969472937786350e+01
1.556407747549303622e+01
1.577739164398986205e+01
1.568774289037273206e+01
1.596863188285650992e+01
1.573336846559329771e+01
1.587342401347224552e+01
1.609217170304663469e+01
1.554173863623125840e+01
1.616114455768785163e+01
1.539163991717633984e+01
1.647929690264174596e+01
1.560334134478432766e+01
1.569677740838110225e+01
1.561063375781815132e+01
1.621342127424524548e+01
1.617687650556226231e+01
1.593883152554298555e+01
1.624442105061010366e+01
1.604372390723368724e+01
1.568466075602530019e+01
1.571923939769139800e+01
1.625030091319185743e+01
1.581266632788931226e+01
1.597691603413153771e+01
1.567790809137609287e+01
1.607165845186089825e+01
1.585179073947599981e+01
1.657845611954201459e+01
1.697827981837722433e+01
1.622533085407930997e+01
1.627295055927534051e+01
1.592865681818308410e+01
1.557284216882326966e+01
1.635722527995917730e+01
1.649930296441873878e+01
1.581616151930638559e+01
1.608253105750172907e+01
1.513923538133865598e+01
1.598198514271294712e+01
1.555499485012070515e+01
1.597657306625737839e+01
1.555002115699807419e+01
1.576197180638493478e+01
1.586109243143265957e+01
1.571374747336643729e+01
1.594325842401271487e+01
1.588524614219113751e+01
1.591461230795485449e+01
1.592739260833171855e+01
1.604022605373501875e+01
1.624261908533737042e+01
1.647568127000838700e+01
1.634738073034810668e+01
1.590776638624837425e+01
1.608607438873346140e+01
1.681014903012668071e+01
1.594288236957365257e+01
1.583008105041462166e+01
1.570228971587973987e+01
1.607701050789566111e+01
1.559683298021620423e+01
1.647393343286617196e+01
1.650686644391591784e+01
1.630364603927395351e+01
1.520125834870114367e+01
1.588712166836595330e+01
1.559872744754044405e+01
1.600641817620543605e+01
1.641658793540897321e+01
1.617374389336201901e+01
1.622226076134198891e+01
1.586876098606483154e+01
1.591125848567684464e+01
1.574463770545185426e+01
1.564017446234895559e+01
1.627339723412445949e+01
1.612809101777648024e+01
1.638246051730705233e+01
1.622309614784626675e+01
1.574852447975982983e+01
1.625477968935386031e+01
1.625689243462045752e+01
1.568246655726010452e+01
1.552803941198824234e+01
1.612491049717336367e+01
1.560832013307313559e+01
1.613357569820896487e+01
1.545179886694272753e+01
1.604754889297369402e+01
1.574172434035443402e+01
1.596681813335407618e+01
1.568158066807263218e+01
1.563844432602035361e+01
1.577198367013405544e+01
1.608413049311071319e+01
1.592720638965585067e+01
1.601066428586221235e+01
1.666117293650437148e+01
1.522806158538643473e+01
1.664581330130590331e+01
1.610545395044863781e+01
1.551650335972264116e+01
1.610020016864277181e+01
1.605318868599423254e+01
1.607714780996435877e+01
1.603874450301039545e+01
1.594055876414163109e+01
1.571559457058669373e+01
1.568922249729041063e+01
1.635872771691843397e+01
1.530701646137803884e+01
1.587333692363772109e+01
1.551565925546637814e+01
1.589351340427429271e+01
1.589840332398986256e+01
1.584558946261732082e+01
1.535090194254912177e+01
1.693353811256427832e+01
1.617361826937341007e+01
1.568992579827547651e+01
1.614991156822345886e+01
1.555048324341558441e+01
1.595692667546921761e+01
1.577275344922087896e+01
1.612858129400274265e+01
1.585857239836085419e+01
1.647646659419195814e+01
1.593881926377085811e+01
1.610318274912789960e+01
1.617976751499011812e+01
1.579337458657892412e+01
1.619496251174458834e+01
1.535829730251482950e+01
1.575225788647882297e+01
1.654992612722188738e+01
1.617451220137860801e+01
1.630928469595965069e+01
1.554369393162287416e+01
1.616529077645281376e+01
1.533316075106372267e+01
1.660912692561332449e+01
1.540274384180130696e+01
1.564171388879066882e+01
1.539275202445416291e+01
1.602835955903680798e+01
1.590815202660721894e+01
1.688874714111672048e+01
1.605502808870997455e+01
1.665315019388145856e+01
1.525894396848612722e+01
1.615508363450495821e+01
1.576214734096171632e+01
1.621491087159829902e+01
1.613403546152698098e+01
1.643300423677874633e+01
1.616085013282738103e+01
1.571029386597602340e+01
1.626939846473273121e+01
1.594776499111214463e+01
1.636839412287781315e+01
1.657207918853408657e+01
1.663008472910404123e+01
1.692628023065655185e+01
1.701957958341256472e+01
1.604905861837696435e+01
1.615515111184091168e+01
1.183639825366885212e+01
