8.722284083287455303e+00
8.504583231725113990e+00
9.679290400970408825e+00
9.213499366317821071e+00
8.726641215207743940e+00
9.408606338681817505e+00
8.511646744651976348e+00
9.372560088647455601e+00
8.849605321635213073e+00
8.412958388650963570e+00
9.509309951606690348e+00
9.087479193829887336e+00
8.998271217738119887e+00
8.861240979413974372e+00
8.573075198635670802e+00
8.748317765132897605e+00
9.673670749912059108e+00
9.259672703791769877e+00
9.164985560960296596e+00
9.414102865994815161e+00
9.691463840022704446e+00
9.562266871110342237e+00
9.169922259832276268e+00
9.264937998949266174e+00
8.681693658435424510e+00
8.887271677028742545e+00
8.719166469495764460e+00
9.267315601237458011e+00
8.884723598226161201e+00
8.918348797928224769e+00
8.818619279700977032e+00
9.462490839240386364e+00
9.057109392098649181e+00
8.689230012100368938e+00
9.207655234203009798e+00
9.086335040224511772e+00
9.321831600147158170e+00
9.033164668024804556e+00
8.825802101597867377e+00
9.154838418846480863e+00
9.054180682211114828e+00
8.868248534771403513e+00
8.555701766949006526e+00
8.927815215745498634e+00
8.727704112741403009e+00
9.238849736728166562e+00
9.785386963499240309e+00
8.570546147257209313e+00
8.519383919931380333e+00
9.087468756543039206e+00
9.461342227152524487e+00
8.889943791478035706e+00
9.581220239664714811e+00
9.185781837638963054e+00
9.235608541758020706e+00
9.434506613831342037e+00
9.085340249736267637e+00
8.995976514565995785e+00
8.937368267033319214e+00
9.510530694120337358e+00
9.034224021243336011e+00
9.129320597245053293e+00
8.961966330140391790e+00
8.935507232826168433e+00
9.147895687253203789e+00
9.497843182223947522e+00
8.627299513144706111e+00
8.969569077281224878e+00
9.262926700412387859e+00
8.772200221402568943e+00
9.144996434028731969e+00
9.285424983185247783e+00
9.471276590159156683e+00
9.284492278802524368e+00
8.891137465297671127e+00
9.168154767808756489e+00
8.949649486257904130e+00
9.564286286927163871e+00
9.041522939215639099e+00
9.110428641929035010e+00
9.130100038159159936e+00
8.667686336074567066e+00
8.512470360362621946e+00
8.485321210997126329e+00
8.580500158398365329e+00
9.151190919443388694e+00
8.785932266625342990e+00
9.064250364837459273e+00
8.593721960462398002e+00
9.098887074258923846e+00
9.040992301150714283e+00
9.103840250228394382e+00
9.336861494613954093e+00
9.386125629892791977e+00
9.420484230967039352e+00
9.329371243614149378e+00
8.888656342623296069e+00
8.710354072978859108e+00
9.337433887126465493e+00
8.822406328023751243e+00
9.280763185567691309e+00
8.950287733040802607e+00
9.006920786303311388e+00
8.943452734193941822e+00
9.068367629231980587e+00
8.864003743805600521e+00
8.989964876478762079e+00
9.277198971472211397e+00
9.517490674989941724e+00
9.261357355747961151e+00
8.955144934305721449e+00
9.019818621833296746e+00
9.032088759967450642e+00
9.028372297206667341e+00
8.964473655646875372e+00
9.538055376152559717e+00
9.390404647861112508e+00
8.861009983160196057e+00
9.001573066589395822e+00
9.056957502075425381e+00
8.781564408604854322e+00
9.195521267692924994e+00
8.956904292015149593e+00
8.894253435360608862e+00
9.171356589610073939e+00
9.154955493908879305e+00
8.744030675243703143e+00
8.697485092593730371e+00
8.704857307042388470e+00
9.254943539598972535e+00
8.962882873893324387e+00
9.203893789373033485e+00
9.358161839731431897e+00
8.861921735192192173e+00
8.988344628570894557e+00
8.959862509926573182e+00
9.199010694853241077e+00
8.543970226649907573e+00
8.771554230526710683e+00
9.093136609481534904e+00
9.357432014079360982e+00
9.201445333980229790e+00
9.228843471838896306e+00
9.376838119353324785e+00
9.658317299544451728e+00
8.991677278920146676e+00
9.225780371240031030e+00
9.334500959255164432e+00
8.664158901810212754e+00
9.673849716056549752e+00
9.201632658685914734e+00
9.101948514669070178e+00
8.949969387546838462e+00
8.584294218614145322e+00
9.371190934275610118e+00
8.561218528950263362e+00
9.171186154846120431e+00
8.526734060766770540e+00
8.574023870420951710e+00
9.029265735375142654e+00
9.154421085265974867e+00
9.570028234343206819e+00
9.445569542757771941e+00
9.148735563008914440e+00
8.980770997443229930e+00
8.997826969007480358e+00
9.406573243919506666e+00
9.031274432632239169e+00
9.097489661690817186e+00
8.930624185691339534e+00
8.914750019888112220e+00
9.274497498568530673e+00
8.673000184155217340e+00
8.968855288877211507e+00
8.635777509885546266e+00
9.231653076159679117e+00
9.317329488941554771e+00
9.013493341228462796e+00
9.113846831993477338e+00
8.649449416388412359e+00
9.007640441284753052e+00
9.252127343612956523e+00
9.286042493465293646e+00
8.826249179878001172e+00
8.656087216507430071e+00
9.039915506816948110e+00
8.985293986814321343e+00
9.341230068806938291e+00
8.972688177305004231e+00
8.689443070734430563e+00
9.193493851467588129e+00
8.824054905952925409e+00
9.277516372876252859e+00
8.782943218689469589e+00
9.137196910353587498e+00
8.968320578426741463e+00
9.051099296412630224e+00
9.107270180202975851e+00
9.233467261484548771e+00
9.164197475221438793e+00
8.994174492625027995e+00
9.175606093635188643e+00
9.061988519082682103e+00
9.197658644644462811e+00
8.702171111250859070e+00
8.796970317900441927e+00
9.100088295760315305e+00
8.871966334346558014e+00
9.186950829345244429e+00
9.166697793747497158e+00
9.231671242864218030e+00
9.192010597149906204e+00
8.716599808058429488e+00
8.919138665730029558e+00
9.016165145260025326e+00
8.960579460069093116e+00
8.973701447075143278e+00
8.910416948684728666e+00
8.771798468065574284e+00
9.559152829165622478e+00
9.478079679538478075e+00
9.385718865775386277e+00
9.199757500821020173e+00
9.000014633968120847e+00
9.058092491113898248e+00
8.882634059979892527e+00
8.626882193747121619e+00
9.528682451216520022e+00
9.169543011065499627e+00
9.206523395178367153e+00
8.955331628272579891e+00
9.266053091709997247e+00
9.151401769620454374e+00
8.835274539691821971e+00
8.872941631999985646e+00
8.875193767688426050e+00
9.206875405102026733e+00
9.420638121107304030e+00
9.033773790085849242e+00
9.610833879195812557e+00
9.096026744306930922e+00
8.736227645862607361e+00
9.221682819348368199e+00
9.391861572691267313e+00
8.834461669894416502e+00
9.269244118961518453e+00
9.151122614422442680e+00
8.959724876444630226e+00
8.964734382461120532e+00
8.844932256746449895e+00
9.059524337927696180e+00
9.519760859639568196e+00
9.191291080462816510e+00
9.408492410972081998e+00
9.173730898425452196e+00
8.893943758741290395e+00
9.132551532002889161e+00
9.126084861062716769e+00
9.007921850638682670e+00
8.950559221661874787e+00
8.746651720761803972e+00
8.792399619427984092e+00
8.929051619230364167e+00
9.248042117046878730e+00
9.163052347288941135e+00
9.231383465312005043e+00
9.243853745935750155e+00
8.782802497199540426e+00
9.096598132657941704e+00
9.300955516813104396e+00
8.603747959190700456e+00
8.885773182450488861e+00
8.923320138664804446e+00
8.977034826464199924e+00
9.007979915540277105e+00
9.103458336079450319e+00
9.278589475279238385e+00
8.714634097786044364e+00
9.273147571225587527e+00
9.174197416086716572e+00
8.816180405951147492e+00
9.042154260842565350e+00
9.291599576444506070e+00
9.218655306135424610e+00
9.032392706233059343e+00
8.959745901884547337e+00
8.697576112645908353e+00
8.754817385695460530e+00
8.737613977049351277e+00
9.034674962052280378e+00
8.851068201072642694e+00
9.157297768116970715e+00
9.230230316951699265e+00
8.806624944382432929e+00
9.524890656543325562e+00
8.718570668492541031e+00
9.294684670872317866e+00
9.363966676285192747e+00
9.591833365883088547e+00
9.228787690366026197e+00
8.858279665642387002e+00
8.999399391302794982e+00
8.939954316633844655e+00
8.824425515573459222e+00
8.838229475158971837e+00
9.050042022653419949e+00
9.070464989512117882e+00
9.445771627741622822e+00
8.776543741203814974e+00
9.372167614324865781e+00
9.105096015874043047e+00
8.894420130240320077e+00
8.788948243904657787e+00
9.319356013484856760e+00
9.438153600930858644e+00
9.045874423187077795e+00
9.303547795579282464e+00
9.138130290161644353e+00
9.040604126694500309e+00
9.757383985611944865e+00
8.864270977638890159e+00
9.502591097997688863e+00
8.876728691876433430e+00
9.329101675732811572e+00
9.279679884490317221e+00
8.583458364676889829e+00
9.643008406056800652e+00
9.174314250216308864e+00
8.826524338647748991e+00
9.221116266632211733e+00
9.235036109570323504e+00
9.181205674167474129e+00
9.526262104010895015e+00
9.131303162878879220e+00
8.815089179527520358e+00
8.940115834549986928e+00
8.805171958535543908e+00
8.831074310197383426e+00
9.269040333988485258e+00
8.889651291944835165e+00
9.019456671416936189e+00
9.054827386362967800e+00
9.153980122419962839e+00
8.896788211651598388e+00
9.046015632965286102e+00
9.264877739725179140e+00
8.993823408043995826e+00
9.101593861080603531e+00
9.065915846659203581e+00
8.918116544932541245e+00
9.131854425160566890e+00
9.494962969406108400e+00
9.329864057778690878e+00
9.002297453153156326e+00
9.061404124373101610e+00
8.637453493093033785e+00
9.434583278987869193e+00
9.277190973760180981e+00
8.831627220815585488e+00
8.794130385423271079e+00
8.634866582144375968e+00
8.811182101470700800e+00
9.199654619214021167e+00
9.072899409125346537e+00
8.911235972554013784e+00
8.916558102333155489e+00
8.713366086776719754e+00
9.135461975556673053e+00
9.034886407975367462e+00
9.168083493695331043e+00
8.935775885631587201e+00
8.979669726704578636e+00
9.022854561205623014e+00
8.890943586184873126e+00
8.678663932510289669e+00
8.942698684105399920e+00
9.154445068869828006e+00
8.599150341251085905e+00
8.574912734676686910e+00
9.219585762056754064e+00
9.398670684034579281e+00
9.206337587863407279e+00
9.159721486153362235e+00
9.405320571181999156e+00
8.898014112133720843e+00
9.060877274025884276e+00
9.134426105687893482e+00
8.463846141729293393e+00
8.738668947496149642e+00
9.008951914609857781e+00
9.256469657641742899e+00
8.957559236478994436e+00
8.552553592038092845e+00
8.749373506920944621e+00
9.156502400083624593e+00
9.062583052339288514e+00
9.018999325560738356e+00
9.078491841985227850e+00
9.138866118435856833e+00
9.543881710780453886e+00
9.068446765759640371e+00
9.084855686721711621e+00
9.149635670668500254e+00
9.143239070649741507e+00
9.270653390203515087e+00
9.127104640461164209e+00
8.822205732022309732e+00
8.942721174826793629e+00
9.172366366089866219e+00
9.085594602574397882e+00
9.198324893846955064e+00
9.244612020658481200e+00
8.858990307197922576e+00
8.962014622718717405e+00
9.544955132110743534e+00
9.172227463538209946e+00
9.723802063656034278e+00
9.360824441953173647e+00
8.920286957142504747e+00
8.578761505394165710e+00
9.293271354190389744e+00
9.067245902641387190e+00
8.835979201439192465e+00
9.406121703175797322e+00
8.946183366967581208e+00
9.387925194361587344e+00
8.732862871316505959e+00
8.944271284885147111e+00
8.977167484167891232e+00
9.505874535928628077e+00
8.837555465677745303e+00
8.895735857235781197e+00
8.570334928543099196e+00
9.018603519650746136e+00
8.861149219518059894e+00
8.806828853339014884e+00
8.935743000730180796e+00
8.908862392530195962e+00
9.093511441936541928e+00
9.024000090269412411e+00
9.059188471851287616e+00
9.292963768068162267e+00
9.264171645481845019e+00
9.186793835328682434e+00
8.421927929765599785e+00
9.340067835580208921e+00
9.426890369207074016e+00
9.280356659788379758e+00
9.274793774281809178e+00
8.714784678847825816e+00
9.029565773009986529e+00
9.083324528955012411e+00
9.155467693071436486e+00
8.475772808270493286e+00
8.981626727311740055e+00
9.073712806887613169e+00
8.718102303152665655e+00
9.058154655371131625e+00
8.904603209341095393e+00
9.385823488452468055e+00
8.511101757121689815e+00
9.012325167981073193e+00
8.849129517902925457e+00
9.232500193888634854e+00
8.851699008320837336e+00
9.262612291368643724e+00
9.099101324056681150e+00
9.250602840923995984e+00
8.863725635701074523e+00
8.932884804418383951e+00
8.979907516000965373e+00
9.035671623294504684e+00
9.146067608480883848e+00
8.863784747840076861e+00
9.358913809910060166e+00
8.896882794209883372e+00
8.898477092867885574e+00
8.968445934515379747e+00
9.234501850683161095e+00
9.015203988790895906e+00
9.130969872658399211e+00
9.186233954546365155e+00
8.947642873723172130e+00
9.312426442477596211e+00
9.112290629855776203e+00
8.698522682914049398e+00
8.847651841720136190e+00
8.831173565622121302e+00
8.885946850355379567e+00
8.654772711290524612e+00
8.612456947405259911e+00
8.671097208575034188e+00
8.761417064559127610e+00
8.690785910422519578e+00
8.808384129378103111e+00
8.923032656643796301e+00
8.860567699330733404e+00
9.341943570893930016e+00
9.013802532071645501e+00
9.011663300020547496e+00
8.726916214626614376e+00
8.846902564683455594e+00
9.029390600771925790e+00
8.727347322945860242e+00
9.360327176392045700e+00
9.302722310451214227e+00
9.004549968521383008e+00
8.965330704270931150e+00
9.552764337878638656e+00
8.634031367376890032e+00
9.085715717691680737e+00
9.259579244166229017e+00
8.630592662396157522e+00
8.941051857739006792e+00
9.284397064114711995e+00
8.900664168738252613e+00
8.940791029087810315e+00
8.959941418946016256e+00
9.137197992975027105e+00
8.972756001703627859e+00
9.167971313886267737e+00
8.833422715356229915e+00
9.426339544035082341e+00
8.856903601871289666e+00
8.938564668269350477e+00
9.069776901012909676e+00
9.147545663717092879e+00
8.755246974337728361e+00
9.176348415978974771e+00
9.219863960037615769e+00
9.037532904459581573e+00
9.221623440847528386e+00
9.217853031505383044e+00
8.900301553069819960e+00
9.071674553580999500e+00
8.890155221465199986e+00
9.003017114076374838e+00
8.875578966285454285e+00
9.047341791630010732e+00
9.209378050932748749e+00
9.052099495244631200e+00
8.948667822900834068e+00
8.916691840804164215e+00
9.090709428645736168e+00
9.436418255648964859e+00
9.095760891485118904e+00
8.855361895769721770e+00
9.267266994441266448e+00
9.290427483258905994e+00
9.162468932236146557e+00
9.092644753936209412e+00
9.093413014668239924e+00
8.737107250370181433e+00
9.310847203188670207e+00
9.259839800670158994e+00
8.834550455955032078e+00
9.125032507882846033e+00
8.734241239576622462e+00
9.174486176993195130e+00
9.013961191177239485e+00
8.525349854474228550e+00
8.973227856561340587e+00
9.016009585641317159e+00
8.818635522173588370e+00
9.027653939022059149e+00
8.981098357698211743e+00
9.028308655733473742e+00
8.781678057223929912e+00
9.403710433196305729e+00
9.343150204355602284e+00
9.069147011225640043e+00
8.961283574511311301e+00
9.000518557835039957e+00
9.109577456214722702e+00
8.966887541875378176e+00
8.924745337140402413e+00
9.046891697361436613e+00
9.069581124526148841e+00
8.952969735204948876e+00
8.588883990943493529e+00
8.913722448633365047e+00
8.891920299437725106e+00
8.958114766713206834e+00
8.737887574569899840e+00
8.686656922683457793e+00
9.290467253231103228e+00
9.156907932558004504e+00
9.332183820965674670e+00
8.698787368717269430e+00
8.849333091302163723e+00
9.281643357274672823e+00
9.110008464306206477e+00
9.342817752721209956e+00
9.001776447327573649e+00
8.998953531513405935e+00
8.836082196329147820e+00
9.068263518070041940e+00
9.027497813821552697e+00
9.036519237482696809e+00
9.305830499783212417e+00
9.183948613236347924e+00
8.970145979295597982e+00
9.143693000788626790e+00
8.896399634484398078e+00
9.446209958585271238e+00
8.933812909510969291e+00
8.649214757617656346e+00
8.875993129340990606e+00
9.060797384176437319e+00
9.373812488790093767e+00
9.004403497861829919e+00
8.952850583470802093e+00
9.273908403954763457e+00
9.195024897459735058e+00
9.062072470218767606e+00
9.048156180432108897e+00
9.113730092760217616e+00
8.718261623561863516e+00
9.149081652344166926e+00
8.870117460955132316e+00
9.246356141584509913e+00
8.836394035195292318e+00
9.080680418762366202e+00
8.974168282689007015e+00
8.772051409701356661e+00
9.226416275948556844e+00
8.873878975225412802e+00
9.270791605362937560e+00
9.181740743781498182e+00
9.302680789319571986e+00
9.112894625262182302e+00
8.953587349537823314e+00
9.031238811524231025e+00
8.795168091882766603e+00
8.998347220510590105e+00
9.647578172914590411e+00
8.848619853387745593e+00
9.330140213277607231e+00
9.168348280781852822e+00
9.210939663020395685e+00
9.214862488338209090e+00
9.276788768629593562e+00
9.121072859272203459e+00
8.657414946186850813e+00
9.004746485546700541e+00
9.075211221303709053e+00
9.019472682489077187e+00
8.927961107332654578e+00
8.870569588959344998e+00
8.891326616112962711e+00
8.942849125415197165e+00
9.054194033463421221e+00
9.122287223564436331e+00
8.926273863239812201e+00
9.176560006532318070e+00
8.416226659457866077e+00
8.840101675971952844e+00
9.190803653944728424e+00
9.140095193772033610e+00
9.200540599687160537e+00
8.887399647767235678e+00
8.610628978787749688e+00
9.195612376374644015e+00
8.914444235427341212e+00
9.373768835912537511e+00
8.777219838402343655e+00
8.740704988974517420e+00
8.781331958112190250e+00
8.707919905814133443e+00
9.034757731894369925e+00
9.030279913543036940e+00
8.937728179095863368e+00
9.093594749891867224e+00
8.616166504254126224e+00
9.515501336718662273e+00
8.833747140481897020e+00
9.199027042132891907e+00
9.196541853834418134e+00
8.801289028072499576e+00
9.163267928573157306e+00
8.862286422596948654e+00
8.895635657059445478e+00
8.598437137567586319e+00
8.803683080342212364e+00
8.937948112096966824e+00
8.867354261187090358e+00
9.382658014888791698e+00
9.191546554580735773e+00
8.882485807646631315e+00
9.155322009699860430e+00
8.901230838350654651e+00
9.282002116635275968e+00
8.763473310865235177e+00
8.977244473075760567e+00
9.353794545335807342e+00
9.230418527027859810e+00
8.960379191875800231e+00
9.294213671409641719e+00
9.100092140668651908e+00
8.848045894976149128e+00
8.818382775001522234e+00
9.171869450373188570e+00
8.968899826270554598e+00
9.397915466779952709e+00
8.738626405216646020e+00
8.881740566928868930e+00
9.349560962681753296e+00
9.096765095684883562e+00
8.720407035935277662e+00
8.929490615344853666e+00
9.110668704595395795e+00
9.296391028515678556e+00
9.192775167167349437e+00
9.096975460268806657e+00
8.936375436370726177e+00
8.887513377010474613e+00
9.206354717083653938e+00
8.727815017277016807e+00
8.950602130092548236e+00
9.136743099832621340e+00
9.459079563382264411e+00
9.230576616147393665e+00
9.269005024570104112e+00
8.881022864669748884e+00
8.856827061044093341e+00
9.261520236386257210e+00
8.871564901575082374e+00
9.067879710348854871e+00
8.960831218389740727e+00
9.294530285162815986e+00
8.972967429677655815e+00
8.704556564418474807e+00
8.987947528643825734e+00
9.176988809687035342e+00
9.347669840227679217e+00
8.895771729576875231e+00
8.743892123127697147e+00
9.231121092330573319e+00
8.719108439265749411e+00
9.053398261974805905e+00
9.095970186300288418e+00
8.871499273498509197e+00
8.825148517803299342e+00
8.977459449662235969e+00
9.429801277304569851e+00
8.584264839417187432e+00
8.860806597264813789e+00
8.974452288458893534e+00
9.269779063763730065e+00
8.822762611581657310e+00
9.079816443831187911e+00
9.134338437282934819e+00
8.614960032385999611e+00
8.932184332352662182e+00
9.084878113453351389e+00
9.300133431508374571e+00
8.694840893412164817e+00
8.832421856405970217e+00
9.234643103905074923e+00
8.981740820109353152e+00
9.051270223605802911e+00
8.876865069017007670e+00
9.001110652958162817e+00
8.808730345275563423e+00
9.362180600290059829e+00
8.924821782730809616e+00
9.078910558369646111e+00
9.202677972687652641e+00
9.208145493157447348e+00
8.913954816723322239e+00
9.337826474457017412e+00
8.858389362859748317e+00
8.786975387064053677e+00
9.182676145418211533e+00
8.742663081301472516e+00
9.257578467664766109e+00
9.674522305779030162e+00
9.057829176548983341e+00
9.287209065011426290e+00
9.484534027413472401e+00
8.727438030931994106e+00
8.823042766384137536e+00
8.942754496036194212e+00
9.065367226272929457e+00
8.979544046175586658e+00
8.953801701673990365e+00
9.043705391097985213e+00
8.862935739870231089e+00
8.988705016153287986e+00
8.831155766275969654e+00
9.319435955986071107e+00
8.651245595568362035e+00
8.778712040417349982e+00
8.813987970012913564e+00
9.152768859516829281e+00
8.908397935563941772e+00
9.140459188896837617e+00
9.376838901914185342e+00
8.968066251232418296e+00
8.666375715489383680e+00
8.899950138303566405e+00
9.405954612688342209e+00
9.057812413852454725e+00
8.808156611498459299e+00
8.883553720246995411e+00
8.719105092088254239e+00
8.701261356190553187e+00
8.732868730012052438e+00
8.933617529211909769e+00
9.320229922287223800e+00
8.867398055267267765e+00
8.841831866035420262e+00
8.861431232207548803e+00
8.555267669437562006e+00
9.056529201358268111e+00
8.829189237222310638e+00
9.077022727149897108e+00
9.391263577415262631e+00
9.202690847815636843e+00
9.019749347960043906e+00
8.691938408110743808e+00
8.880401665494268570e+00
9.174955574939243519e+00
9.318824050178047713e+00
9.276268726084049732e+00
9.034864590792206940e+00
8.817115325524371272e+00
8.579537836503192239e+00
9.078591200539701589e+00
9.131464208316511844e+00
8.464126676135773408e+00
8.716702846225324208e+00
8.760136824664607857e+00
9.025901769125542984e+00
9.072303506146143448e+00
9.199438334442284315e+00
8.920364638598991647e+00
8.990394138281263992e+00
9.046535239289633878e+00
9.130657729083907270e+00
9.293096683283000203e+00
8.795937428651141587e+00
9.174431062593216168e+00
8.755639735296629311e+00
8.968953082464791393e+00
9.417810973187524581e+00
9.451802566839884179e+00
9.315407744215024266e+00
9.212070796784463056e+00
9.005541550442774934e+00
9.065356373917888178e+00
8.867934816012473576e+00
9.187859161897060645e+00
9.020248025300993788e+00
9.039416927230343290e+00
9.132946500230737286e+00
9.440514652537970619e+00
8.982225307130486058e+00
8.853706878743729192e+00
8.998424867791399606e+00
9.222741298876625748e+00
9.391784239064973505e+00
8.971374554297288029e+00
8.896764253100199582e+00
9.131767498486862422e+00
9.083410884624484538e+00
8.436936080057783727e+00
8.776690760269614699e+00
8.981869076090315929e+00
8.946631434104467928e+00
8.989479984801368673e+00
8.885276171534767897e+00
9.160710852171105145e+00
8.893117787862390600e+00
8.860041621160119618e+00
9.423396074313062698e+00
9.137646653857879997e+00
9.127404544725976621e+00
9.067681761142994290e+00
8.823581358807340180e+00
8.916277762794408090e+00
8.933540168534181092e+00
9.195457499646561672e+00
8.612759595745020036e+00
8.984822448711307530e+00
8.790243389135527607e+00
8.795838390060289669e+00
9.315480567383607635e+00
9.433792016195342356e+00
9.184470963988191627e+00
9.034477546220255562e+00
9.068294475302103308e+00
9.510392916230200555e+00
8.843111477939167742e+00
9.137921992878290212e+00
8.755506365341455322e+00
8.896433957562699391e+00
9.020925977530277251e+00
8.702163119464950469e+00
8.988782717992858551e+00
8.765676178917864547e+00
9.043176195562759645e+00
9.212511527623451713e+00
8.724042909217214259e+00
9.141554050451698998e+00
9.240199782250805072e+00
9.293007438082302230e+00
9.228689149743395603e+00
9.176955288670733069e+00
8.996217820319470704e+00
8.783856414394877632e+00
8.906523672826338611e+00
9.142130144809740955e+00
9.044844576333689545e+00
9.313843237693337329e+00
8.977282409081908554e+00
8.897335293874125028e+00
8.978655729509860350e+00
9.058303722615667297e+00
8.968085222801777334e+00
9.260682760141895287e+00
9.188683917948045732e+00
9.083038206561308670e+00
9.385628225511792877e+00
9.255336536058679897e+00
9.315071615986683540e+00
9.157436952654334661e+00
8.874901723794462072e+00
9.199789253047566007e+00
9.212335523217509703e+00
8.723930794877094996e+00
8.777666235274137918e+00
8.878791926151055947e+00
9.018903191016930165e+00
8.826036290771039461e+00
8.802220470797525564e+00
9.086043734412250217e+00
8.708641590613972028e+00
8.722217191970235817e+00
8.785267166148239326e+00
8.924070989888456040e+00
8.987044808709299559e+00
8.585438267841002613e+00
8.617294985675634678e+00
8.720417627135750749e+00
9.147413768269077039e+00
9.298539513343742513e+00
9.076137950014194544e+00
9.143640312130960623e+00
9.247095151104863575e+00
8.923249667656588002e+00
8.524986637578150450e+00
9.101507767744084987e+00
9.172656304366281432e+00
9.026033846488079604e+00
9.119119792276000780e+00
8.928842534850845780e+00
9.088711916290042936e+00
9.310289540160567867e+00
9.159358689369101469e+00
9.148771974493937975e+00
8.990850359596393560e+00
9.123732309371572313e+00
8.984002916348430290e+00
8.916033012418861148e+00
9.232435802458066831e+00
9.356835840673550564e+00
9.164712592838101912e+00
9.366113722227801475e+00
9.278218968514380549e+00
9.086287799267765308e+00
9.351926284194362893e+00
8.989992356192667344e+00
8.868027029443865672e+00
8.961038978036594216e+00
8.792949019085375184e+00
8.933767476275992436e+00
8.867749987766247344e+00
9.115344870911403774e+00
9.283168685180159585e+00
8.884414098007020755e+00
8.700348985231181942e+00
9.184556921371418881e+00
9.064210693615766701e+00
9.183371558487547048e+00
9.012586412278736248e+00
9.018294569472727673e+00
8.942209680911362923e+00
8.889204389596907063e+00
9.395094819818924137e+00
9.039692155350589786e+00
8.912263578532552799e+00
9.065419355467627227e+00
9.096652130358711119e+00
9.186776834799188052e+00
8.992691725437149231e+00
9.037062023214081918e+00
8.715170160692460755e+00
9.151633519704645892e+00
8.967994796792510215e+00
8.803410851740640197e+00
9.182914494439557984e+00
8.766133140047200456e+00
9.434845240055427240e+00
8.948800956810570639e+00
9.289421673732107365e+00
8.890167314390978959e+00
9.138935206214940266e+00
8.912619380794915003e+00
8.983867265948244807e+00
8.987676052222207446e+00
9.035841224539984395e+00
8.812464276458619850e+00
9.215201090970086995e+00
8.738277264368884190e+00
9.405313039165179134e+00
8.424623647552104799e+00
9.127707831367892766e+00
9.112677051756270075e+00
8.962903618784979543e+00
8.968808856453787115e+00
9.154976373794681876e+00
9.473920121267051186e+00
9.099842286343459818e+00
9.170313083196543147e+00
9.098203086916852200e+00
9.269759888968566841e+00
9.218362113020443616e+00
9.340949232000006930e+00
8.832455924907788969e+00
9.250985988959213202e+00
8.833556834965570204e+00
8.835016435555948178e+00
9.239612532703771919e+00
9.112504952734930441e+00
8.815135747084239526e+00
8.916448848084440826e+00
8.708073028596230003e+00
8.691307820513804572e+00
8.907839250655829488e+00
8.977555420892970872e+00
8.869559495923315495e+00
9.211262852137965140e+00
9.371778764749631563e+00
9.172198277202848971e+00
9.070344078948163968e+00
9.255243807634636610e+00
8.929928275231407753e+00
9.080366300644904243e+00
9.421613163955873560e+00
8.906579756402530634e+00
8.722038760949477165e+00
8.688518234105229610e+00
8.361762354227648686e+00
8.656344454821097045e+00
9.002694960990716311e+00
9.069669184835941422e+00
8.791650934866323652e+00
9.051743238909306655e+00
9.338236984843875987e+00
8.870117807329000570e+00
9.135182775924420184e+00
9.087762891901524753e+00
8.873916645033659734e+00
8.826025733778815052e+00
9.412538142940853447e+00
9.047010707264830032e+00
8.890291276795107223e+00
8.919578708515903287e+00
8.896803762570000274e+00
9.211795946083476849e+00
9.091358126523214622e+00
8.796207389005489929e+00
8.888962687305458132e+00
9.110990836826731609e+00
9.429579791354294471e+00
8.775772133831704735e+00
9.448756320046182822e+00
8.806106690998543485e+00
9.417882808990054144e+00
9.126646852365549734e+00
9.074815217935618961e+00
9.010418097700604534e+00
8.970119543304051035e+00
8.705369247088309947e+00
9.099634735890992587e+00
9.102267416922218857e+00
9.110840638253202783e+00
8.803045413893459070e+00
9.015585904229256542e+00
9.575906781570546755e+00
9.056855127883352452e+00
9.229815985910686749e+00
8.815246160302331546e+00
9.193566178817581758e+00
8.825511295265227929e+00
8.836270256127523481e+00
8.903724243944674654e+00
8.840023372814757252e+00
8.541087966681661925e+00
8.461401476460189031e+00
9.193085516291688464e+00
8.689428014425571334e+00
9.579794165078601154e+00
9.039644242305339361e+00
8.990711265918781336e+00
8.763091142185560400e+00
9.143293195126494410e+00
8.976185126211282395e+00
9.092321951724976259e+00
8.926693622096042446e+00
9.196025374647627260e+00
8.853264990834992076e+00
9.142469598875086589e+00
9.050918013690635533e+00
8.599303404861142752e+00
9.090535383252319690e+00
9.502052920243162504e+00
8.845791841070777650e+00
8.866143737777685274e+00
9.236550719611184235e+00
9.347920298850302956e+00
8.911374186926721563e+00
8.753021892305323348e+00
9.157294212546034373e+00
8.591170280364611500e+00
9.213035034987280270e+00
8.994883460446562395e+00
8.752730320202243064e+00
8.839455912282460304e+00
9.114511267815952777e+00
9.140647929046259890e+00
9.244984684496188265e+00
9.439791827489749210e+00
9.236603045169077930e+00
8.931479244305760901e+00
9.716492349696304487e+00
9.265040652613860672e+00
9.208781912174206497e+00
9.347958865336439160e+00
8.829891387394440017e+00
9.044916284940493156e+00
9.112043098300484090e+00
8.907128618924369690e+00
9.069443271671444151e+00
8.798565945646139141e+00
9.210144180649837864e+00
9.235065658282907819e+00
9.579593816842521647e+00
9.254941209439431660e+00
9.287757965036433916e+00
9.334793653492313936e+00
9.152763256325830099e+00
9.194450221461126560e+00
8.996817359929803359e+00
9.018871001004116650e+00
8.908387087249371561e+00
8.953590493506863979e+00
9.187846577340287979e+00
8.801811189462796392e+00
8.953410030620569060e+00
9.427992819522774681e+00
9.289014654611932542e+00
9.219891427411710083e+00
9.331910389336041334e+00
8.982412412850253602e+00
9.264538967510416612e+00
9.528592956167285521e+00
9.026753000764747625e+00
9.299403578667771342e+00
8.843650204173176377e+00
9.113031565150604862e+00
9.544691971708605394e+00
9.171739473080613436e+00
8.938165150943165216e+00
9.096765781044162225e+00
8.859399528518874689e+00
9.283748398981341410e+00
9.162810099530902974e+00
8.668687408279168949e+00
9.127419931280316590e+00
9.078375573394161790e+00
8.869396737240901274e+00
8.985081894140538594e+00
8.802625167770310455e+00
8.571721936614594028e+00
8.904376550507727472e+00
8.753518471188677097e+00
8.965704676919196814e+00
9.063299881207122155e+00
8.860320190323731637e+00
8.990413506770957852e+00
9.046708550947554883e+00
8.985085236657688768e+00
8.986001699990904257e+00
8.818993770781178299e+00
9.323748352835021791e+00
9.153000272110690005e+00
8.761947993141282254e+00
9.164647517023528422e+00
9.265816382874572099e+00
9.060001803351438454e+00
8.814432442098825149e+00
8.699032656862982549e+00
8.791196758312979753e+00
9.012889301566954003e+00
9.062113619115635288e+00
9.251180723313979115e+00
8.785560449001090788e+00
9.002337996912647355e+00
9.238116863913445442e+00
8.811958245428197500e+00
9.260230271428769200e+00
9.092865862254232212e+00
8.776679038723695925e+00
9.202715709355352658e+00
8.986485769040342575e+00
9.076863239254370441e+00
9.263667021156928527e+00
9.161128858985673418e+00
9.015246494568389224e+00
8.809360863964366573e+00
8.666326740983489429e+00
9.255353556496631384e+00
9.020757285800510061e+00
8.795108896247826991e+00
9.065754363002410443e+00
8.896523659636581982e+00
8.936805699671435121e+00
8.602661715970016942e+00
9.718694337268079408e+00
9.156081155767770596e+00
9.318311285702954194e+00
8.910980163482230765e+00
8.688300416076288002e+00
8.396359786194294017e+00
9.146313536084544893e+00
9.406824212297820509e+00
9.351611261495913041e+00
8.677741593338764048e+00
9.204555547122748038e+00
9.243893718174289731e+00
9.039866709889157192e+00
8.992246631251013866e+00
9.018784944848281526e+00
9.125387449482847302e+00
8.930852601201463514e+00
9.419170512020464514e+00
9.213008188888951011e+00
9.197196373062229924e+00
8.919178614778115133e+00
8.850950834390207689e+00
8.842804552307461208e+00
8.804315133866339238e+00
8.949982322044766292e+00
9.010860127204956882e+00
9.274194995952324660e+00
8.568318448207763893e+00
9.486626153814338380e+00
9.213192591467297632e+00
9.189957304610642197e+00
8.826549914783846873e+00
9.142855488213738724e+00
8.749956092801639329e+00
8.898353920467346967e+00
8.988053279895421355e+00
9.381947647111624988e+00
9.204749170874322317e+00
9.314839581754700504e+00
9.463092724958922730e+00
9.165279409481261297e+00
9.214021561074590139e+00
8.770443154182542500e+00
9.054670909824270808e+00
8.571763404329741931e+00
8.641863246398427734e+00
8.943107516552792902e+00
8.847545094054757087e+00
9.158125859598579055e+00
9.312702600737532421e+00
9.072354000203622704e+00
8.541671076183972033e+00
8.926266054492273838e+00
8.890173896309274681e+00
8.880771437237429566e+00
9.250577760887649603e+00
8.819280547476767040e+00
8.913418853451656076e+00
8.392960461937734706e+00
9.033887372317565223e+00
9.266830633793965433e+00
9.309771426052970256e+00
8.921582160292420127e+00
8.640178894462987813e+00
9.027839419026216561e+00
9.155484402675799771e+00
9.044573998411356897e+00
8.879952188944917779e+00
8.970036340795088492e+00
8.761854112702726738e+00
9.512850980246353672e+00
8.738684362566676356e+00
8.937764844845816015e+00
8.850017568193306872e+00
8.839390670040865317e+00
8.920121057233407313e+00
9.461183531266513569e+00
9.106639805825237133e+00
8.950425465044412832e+00
8.964594039101038803e+00
9.115194071081869964e+00
9.386552020720928979e+00
8.605353419368736212e+00
8.698974868864974397e+00
8.902263537882463496e+00
9.068060132297244280e+00
8.811299847373463834e+00
9.338511263400294027e+00
8.972008403721655867e+00
8.858229405740477347e+00
9.032956732804345634e+00
8.903512409241004733e+00
8.865718739637106438e+00
8.837028432754630458e+00
8.878196124084796637e+00
8.858087743764322397e+00
8.966687409769237505e+00
8.968355818442882210e+00
9.240031844858453525e+00
8.995730677602548298e+00
9.100997738047338359e+00
9.190398608063684804e+00
8.897035177026504371e+00
9.019767504508841682e+00
9.078154002616187768e+00
9.015596718757848294e+00
8.985559087715227378e+00
9.217478499191214425e+00
8.459499784909661813e+00
8.985592940881364399e+00
9.599347921867817490e+00
9.155093075241737210e+00
8.833699127076883428e+00
8.809553587151832232e+00
8.988801169403714653e+00
8.972420681545649757e+00
9.032900703008408527e+00
8.847013237643823302e+00
9.375827162883359378e+00
8.822881714340072179e+00
9.110267060227446478e+00
9.002960219024185307e+00
8.914484873233412543e+00
8.680048328341072761e+00
8.900245626344707617e+00
9.628853064711922372e+00
9.348775181338185192e+00
8.676199366524743439e+00
8.888558541370903399e+00
8.808959779306027471e+00
9.249747775769733948e+00
9.256055584932685321e+00
9.391574237333566444e+00
9.191085622110760411e+00
8.950773948879158226e+00
8.743612608973982958e+00
9.065797311902462852e+00
8.985981954729783894e+00
8.985322524055348481e+00
9.161978492505285843e+00
8.859792899710395631e+00
9.280437609528110698e+00
9.142931474279029302e+00
9.383041520230991139e+00
8.884573272131055077e+00
8.853191622309180886e+00
9.267107180395782962e+00
9.041532794322698408e+00
8.851707509899959803e+00
9.449567070641759159e+00
8.859444569698149863e+00
9.025143150046790907e+00
9.094099882323767758e+00
8.981713563004776191e+00
8.897875119369123453e+00
9.616238302478242517e+00
9.025898701907753008e+00
8.524974228053890712e+00
8.902942314171786720e+00
8.981517202866116989e+00
9.347856479043249678e+00
9.132051118550393198e+00
9.313473689184357696e+00
9.054784238442458388e+00
9.074979727831101073e+00
9.128902328362192620e+00
9.378691691354099191e+00
8.884220347859368871e+00
9.117150910696238952e+00
9.030791466632900111e+00
8.908824467988525342e+00
9.007805767880231684e+00
9.395446239718667769e+00
8.736206502456182577e+00
8.970363458464909456e+00
9.141235277650102020e+00
9.191918057537911579e+00
9.235914877701899783e+00
8.745907511701307868e+00
8.953349240139909071e+00
9.131144318620975753e+00
8.944550453716836103e+00
9.058922856170321225e+00
8.875155530503382906e+00
9.047672817126079181e+00
8.542015247880783591e+00
9.081731409123067422e+00
8.937229076428907959e+00
9.079969693755927551e+00
9.106381044997768015e+00
9.077632600828149378e+00
9.212652702366430191e+00
8.761912841100789606e+00
9.101737191642415681e+00
9.699874664187758455e+00
9.061555707779614721e+00
8.540568005565289056e+00
9.158559622292349545e+00
9.173344539901611583e+00
9.309014102900592391e+00
9.054831493665956188e+00
8.914210606776636681e+00
8.970012134878594168e+00
9.167333972540717468e+00
9.090646485023420098e+00
8.847486960895217578e+00
9.148696954075019150e+00
9.027890464287059658e+00
9.039251301550786266e+00
8.770057559790750190e+00
9.409729707211562655e+00
9.020383688193442495e+00
9.473257601904894187e+00
8.998334187430671705e+00
9.213502069967340447e+00
9.252621932393259030e+00
8.877599732144179967e+00
9.073869686379357091e+00
8.974785566152744920e+00
9.316123185419641572e+00
8.693813341115257387e+00
9.180840878547384065e+00
8.638647511547599578e+00
9.127722675532314867e+00
8.979196839003497743e+00
9.015137188197138940e+00
9.099275139326467254e+00
8.528535488141288923e+00
9.157739786748534172e+00
8.728792764466309251e+00
8.821924582328632525e+00
8.925519099232646525e+00
8.891441258322364760e+00
9.377754197332370367e+00
8.989488864569802118e+00
8.628754598806375853e+00
9.132962605166696335e+00
8.826934190374370104e+00
9.308309950745959682e+00
8.897270429425804039e+00
8.972199351714772675e+00
9.004423524272084478e+00
8.709953966927823643e+00
9.215019333872669804e+00
9.159965065790489191e+00
9.172160806593328886e+00
8.738929951570957755e+00
8.631571482385602678e+00
9.034487401920092253e+00
8.680655676528008513e+00
8.900513342533745487e+00
8.610044737625072386e+00
9.030206824051340675e+00
8.965988641552604221e+00
8.874723180403961464e+00
8.975430227934033667e+00
8.809586683588317868e+00
9.085673081927851058e+00
8.815057611214388800e+00
9.302167281344130956e+00
8.846544203840498000e+00
9.185490523306331312e+00
9.401100269071360316e+00
8.857244360832014607e+00
8.985695388812997564e+00
9.220137374998280677e+00
8.647957294524443839e+00
9.306576794504278993e+00
9.134460184992438059e+00
8.932279149633167492e+00
8.787995746265309549e+00
8.991625238260661845e+00
8.946882947874245318e+00
9.048791481798872383e+00
8.800606735398060820e+00
8.972041989798162476e+00
9.225232165004674911e+00
9.274983315898722935e+00
9.114570647986386831e+00
9.452385034281498122e+00
9.416185365211465097e+00
8.775850267091842127e+00
9.295312870422257845e+00
9.235167197889003532e+00
8.879519436762072004e+00
8.712108980463041163e+00
9.079889687121653452e+00
9.123310639313283232e+00
8.739609478769885698e+00
9.011744648789735024e+00
8.770238428376512019e+00
8.224585773878949624e+00
9.188692412337170268e+00
8.970274876895336646e+00
9.096081860173368838e+00
9.041345176302943543e+00
8.648736217963458373e+00
8.868952049260746762e+00
8.873490832589935096e+00
9.358238405311169572e+00
9.239014762862559849e+00
8.651293712762797128e+00
8.953574828564285326e+00
8.672568329697334377e+00
8.816787923480466915e+00
9.252948746770302435e+00
9.074526047796348749e+00
8.981815938026587176e+00
8.762778426060908288e+00
9.015801565283583230e+00
8.705867219530968981e+00
8.593646902790567310e+00
8.603013208022080249e+00
8.899746970731321483e+00
9.265848869940478849e+00
9.369645882934735326e+00
8.889390209212216121e+00
9.301194930780377845e+00
8.826921111852643165e+00
9.192522831513064929e+00
9.138133351583173081e+00
8.899291959816091335e+00
9.117796619327837249e+00
8.909543385439464558e+00
9.728494479900014369e+00
9.412034608698563787e+00
8.845145011720244810e+00
9.264790077252825995e+00
9.295263471222829921e+00
8.807899281652188606e+00
9.215753309964693329e+00
8.984530535914416305e+00
8.966059365928186864e+00
8.811342798507192597e+00
8.912954830999947120e+00
8.990713916226573232e+00
8.881900708652819887e+00
9.071660903016546484e+00
9.062078460360364573e+00
8.555365471907506958e+00
8.980359016532059258e+00
9.292449184185690214e+00
9.442568830501018695e+00
9.163645233745635110e+00
8.580672307474756622e+00
9.095800594340119005e+00
9.423459366929316516e+00
9.052284620921879466e+00
9.413729208730726938e+00
8.805213440196961727e+00
8.745009746912316473e+00
9.434558525947885244e+00
8.802493238548816379e+00
9.093829916025214288e+00
9.174482343074487289e+00
8.723074986707493039e+00
9.282056130599354304e+00
8.955677474908195990e+00
9.707051316916485817e+00
8.929466148152082283e+00
8.882839340679854701e+00
8.773665756514667180e+00
8.511472140308116607e+00
9.169059572101058819e+00
9.217345739381592296e+00
9.437069345057325975e+00
8.976910323596985819e+00
8.791657852590759603e+00
9.060880033835740477e+00
8.699333999877218560e+00
9.362930067143478752e+00
8.703782421743424536e+00
9.143845046340734584e+00
9.185083390560947691e+00
9.473224031868541672e+00
8.840569540918872704e+00
9.265863942536325837e+00
8.673876554199875244e+00
9.091849118821343723e+00
9.225227628335556318e+00
9.294256037296658945e+00
8.534482650172392937e+00
9.127830091555193093e+00
8.960642266769689002e+00
9.195980992944537746e+00
8.577128900382412269e+00
8.958922204870761519e+00
9.264993352243601876e+00
8.588771876847788533e+00
9.116311248738487194e+00
9.020607352666480949e+00
8.591254122532392401e+00
8.909006127469940139e+00
9.401577194284412187e+00
9.270674971407462550e+00
9.365983175088411272e+00
8.813399792937810062e+00
9.096428843503387540e+00
8.687703774855270566e+00
9.029489116746240995e+00
9.319762450242865981e+00
8.680517111574840072e+00
8.661608394708304459e+00
9.253491398233347098e+00
9.080131012283565894e+00
9.381019284554039217e+00
8.839474968335784055e+00
9.051801674990691993e+00
9.259698520832692736e+00
8.680558784532440342e+00
9.169677289422368816e+00
8.923496015656462887e+00
8.641271268490934077e+00
9.486856607428306276e+00
9.043175872538906646e+00
8.921945448757648833e+00
8.976762739392341928e+00
8.805509861559588813e+00
9.037383115726337124e+00
8.942208691655837427e+00
8.836299846351716170e+00
9.020762442033277040e+00
8.960485478740162435e+00
9.188418266012513769e+00
9.137634282077950587e+00
8.646954394193254956e+00
9.182234852686169901e+00
8.808912411949620491e+00
9.167785021858803063e+00
9.023165245550803348e+00
8.918552034835670383e+00
8.854500259610576407e+00
8.796323872373818631e+00
9.108812115317272529e+00
8.960628038900289027e+00
8.741470170799130912e+00
9.011504730129955121e+00
9.008653320562967082e+00
8.925412398816222392e+00
9.068584764860272429e+00
9.250730812603578102e+00
9.191534019963278013e+00
9.419243628266874779e+00
9.414394737178295003e+00
9.017366434295842836e+00
9.517068361539491761e+00
9.059864165025929950e+00
8.887299970199588728e+00
9.070788587123249869e+00
8.910807938201951828e+00
9.247867796828261433e+00
8.620970309031713796e+00
9.358598950233563585e+00
9.165360933750738681e+00
9.014034085734765611e+00
9.256252079132265109e+00
8.963710096102927238e+00
8.671628755987772053e+00
8.166785258693286309e+00
8.913086347768169659e+00
9.302183515385928914e+00
9.218294237406038150e+00
9.104484364102871652e+00
9.114076563711687839e+00
9.013274651275642313e+00
8.592541136215887221e+00
9.432937807817403097e+00
9.307084348806714758e+00
9.342076162124371308e+00
9.289084590626488946e+00
9.007810785258323349e+00
8.997795698385134600e+00
8.888966314469657348e+00
8.979555719376291378e+00
9.224058362452954185e+00
8.843892242034849360e+00
8.778584858863139218e+00
8.828338087760791097e+00
9.271988149078612906e+00
9.152113138080474997e+00
9.208800879142172491e+00
8.671328608070899335e+00
8.909386901511988199e+00
8.605219191980875593e+00
9.094880066626830128e+00
8.662030462234538319e+00
9.563392446248119683e+00
9.521708866501706225e+00
8.908053670895936804e+00
8.938968728583120082e+00
9.326800167633427563e+00
9.182034048729796893e+00
9.083212947212309984e+00
9.060567268956926767e+00
8.711138024863624096e+00
8.754069862036196525e+00
8.622648620803969877e+00
8.769865597478178287e+00
9.064964395277050002e+00
8.986061359952220329e+00
9.347406848982705796e+00
8.956565722034124377e+00
8.675250871081422233e+00
8.797634524769975428e+00
9.334120658262559544e+00
8.554016929771742994e+00
8.298558853229364374e+00
8.976517970487268627e+00
8.854014402785740145e+00
8.671794342223138941e+00
9.602360507005728962e+00
9.184066701504869812e+00
8.948469105555810543e+00
8.868207863737399776e+00
8.655082093833037504e+00
8.739113347836724444e+00
9.115445564178852322e+00
9.047813835099788093e+00
9.116569778883995667e+00
8.901324354941849037e+00
9.076882769423185948e+00
9.127606595764802933e+00
9.012681941809505659e+00
9.025321012841002855e+00
8.967378797896044418e+00
8.856641510913783932e+00
9.303859811616877806e+00
8.916963162444092816e+00
8.926427020103661292e+00
8.887276175628667119e+00
8.960230116621984209e+00
9.123872512936268109e+00
9.623377999209701272e+00
8.972452810708933413e+00
9.107357648340897782e+00
9.084588121459436394e+00
9.198682707721047791e+00
9.048518535037347377e+00
8.821323650311512665e+00
9.330684272089518672e+00
9.411650337185601956e+00
8.954920993334575030e+00
8.760798712180964287e+00
9.108001418174650254e+00
8.693416282139564188e+00
9.073008867738822758e+00
9.140386195945607639e+00
9.657684592307321125e+00
9.508983129679810631e+00
8.899419484293074945e+00
9.032617777238877821e+00
9.179912060913624217e+00
9.003997412344658002e+00
9.179810589150735112e+00
8.820095965012995975e+00
8.430662860454939178e+00
8.763538747149127062e+00
8.822531236421836454e+00
9.168143030920958836e+00
9.122116253438031563e+00
8.932149399250061350e+00
9.112320145936600113e+00
8.796715357360909593e+00
9.331680657393091494e+00
9.164705749108941646e+00
8.528189564038576975e+00
9.058104440599707985e+00
8.932217884822044596e+00
8.901510603420051737e+00
9.411307812235925496e+00
9.223667723268849983e+00
9.484808350460710358e+00
9.369172948987550598e+00
8.886464026732912913e+00
9.298401840376063987e+00
9.276108884737269022e+00
8.540380502978177191e+00
8.783850886323742557e+00
9.196673764454132538e+00
8.777022916939211328e+00
8.750067254630334190e+00
9.713071257564276806e+00
8.750583094252926131e+00
8.998217957774922837e+00
9.113214167255227594e+00
8.927050707568165322e+00
8.976221337715147186e+00
9.357955650753527976e+00
9.402429079894183417e+00
8.801396624950159620e+00
8.848563978665497487e+00
9.602933649855819098e+00
9.115654192875270567e+00
9.299453450867213533e+00
9.300339008301206078e+00
8.879008076128963367e+00
9.024120132809722250e+00
8.925649490633205119e+00
9.077058190391054993e+00
9.313409102337056211e+00
9.042919590851255407e+00
8.853929373766824540e+00
8.523829840517247902e+00
8.581785899345351964e+00
8.926869788874547851e+00
9.148374774184215852e+00
9.262886143272680783e+00
8.956332041533853427e+00
9.032286812154682210e+00
8.934184311498107434e+00
9.162750923563594441e+00
8.860124050639392124e+00
8.854170389561188514e+00
8.943118658119168174e+00
8.942965604799530510e+00
8.850134511411591021e+00
9.179839670158056464e+00
8.988719774540548713e+00
9.214314237473649527e+00
8.804088903066505267e+00
9.390139938162757716e+00
9.240003754921206180e+00
9.217204585935963479e+00
8.815801769445684499e+00
9.050629997205257737e+00
8.904793891876716216e+00
8.946856651214767808e+00
8.782118780986372997e+00
9.147653885389587458e+00
9.102567383168421955e+00
9.464721086508385284e+00
9.045533699141289574e+00
8.640845533903828368e+00
8.819575952983557343e+00
8.883767134483852246e+00
9.193381843999235414e+00
9.039051074402221886e+00
9.374472358041247233e+00
8.708625330299932799e+00
9.573120180669608459e+00
9.063149880607360487e+00
8.886919202345612945e+00
8.460334197559129521e+00
8.898623030442335491e+00
9.022084311896975350e+00
9.267459900062563705e+00
8.709015484710464605e+00
8.771268446967741994e+00
8.943072860864075935e+00
9.470039857703349995e+00
8.990958545551043457e+00
8.738793405985031626e+00
8.823855351643489442e+00
8.868259152371448906e+00
8.832703016934527085e+00
9.129907918170035330e+00
9.214388777348588633e+00
9.616465307004753882e+00
8.991549310825929453e+00
9.056993308218419969e+00
9.034329690286579506e+00
9.162230561270110485e+00
9.172025623213036383e+00
9.186768836953215001e+00
9.513409817098015253e+00
9.062366191132058546e+00
8.728918696960617396e+00
9.108132246355346240e+00
9.035540341783438123e+00
9.260548660885524086e+00
8.754737787680713978e+00
9.233346395155585640e+00
8.724914515884721666e+00
9.724512442883730401e+00
9.063705870442557710e+00
9.115665784077858547e+00
9.381810987818615999e+00
8.684993720159402741e+00
8.919103412324041358e+00
8.160771948377451679e+00
8.537478873451766148e+00
8.941238685335235914e+00
9.320117140238730613e+00
8.797686056701440549e+00
8.923568553702450501e+00
9.537242755180267650e+00
9.178407533785737371e+00
8.743152067183169507e+00
8.542320680542577094e+00
8.474070766256582843e+00
9.640279195600168549e+00
8.932741991574003393e+00
8.799090434252686777e+00
9.227379928327613001e+00
8.711677098936243979e+00
9.260482396346519707e+00
8.716589964187720696e+00
9.039563699968168109e+00
9.219985905384886493e+00
8.797661384524683825e+00
8.785654425497442688e+00
8.838586630978070957e+00
8.992470787072010197e+00
8.800577020959620356e+00
9.450220568073035565e+00
9.091778482423606533e+00
8.751053658365512078e+00
8.773770331064184802e+00
8.954682222881530151e+00
8.598789590079423562e+00
9.094826509801213987e+00
9.590578326202900072e+00
9.811088594870808421e+00
9.132601307406130076e+00
9.161144196191626676e+00
8.499637963576065047e+00
9.370177492324435420e+00
8.479674004180063562e+00
9.014526935173336142e+00
9.012692733511867615e+00
9.171638555101690571e+00
8.870489679225505242e+00
8.849999100894859083e+00
8.896914146173459770e+00
8.531180218053156850e+00
9.041143066470798573e+00
8.685832025959525637e+00
8.577547408200082657e+00
9.482377172293906753e+00
8.967588757658640830e+00
8.468241778466232716e+00
9.175193147236742064e+00
8.776983203719867177e+00
9.391688715550161604e+00
9.016901091930675349e+00
9.182376725195057432e+00
8.993024009808211261e+00
8.790223686660912250e+00
8.817821214862036072e+00
9.387262334638927896e+00
9.348902975781046010e+00
9.155854729337796982e+00
9.501533755293181116e+00
9.442063507255046062e+00
8.437591954057870325e+00
9.042629469149414234e+00
9.355984483891406356e+00
9.511068500216161681e+00
9.033366603260063243e+00
9.195679105404114040e+00
8.889277694454944978e+00
9.534420839111058754e+00
8.807160681912277411e+00
9.383526590656906308e+00
9.187804268661171392e+00
9.213285538268294772e+00
9.252773233378775330e+00
8.627199912481680499e+00
9.104219269798026204e+00
9.143836755534431759e+00
8.848941884352756304e+00
8.316475481494233435e+00
9.292236268552066747e+00
9.133672634322545392e+00
8.986527580190747599e+00
8.757336748993798992e+00
8.814517338719403128e+00
9.255640772911805314e+00
8.580201400397662326e+00
9.245834769901943417e+00
9.003351304880773398e+00
9.420360958874233859e+00
9.263382302600442486e+00
9.091223461501629188e+00
8.771493638004066895e+00
9.101149607390674134e+00
8.732259710692616750e+00
8.837384657916675934e+00
9.300983963136543409e+00
8.969730822842535645e+00
8.740425409550349301e+00
9.405574073508812916e+00
9.313168999254822111e+00
9.256485589197458452e+00
9.217415702816818879e+00
8.899106654159586682e+00
8.733180023926362168e+00
9.017237556774793106e+00
9.251157129228502640e+00
8.979059510053302162e+00
9.615434900829205489e+00
9.002721428629962830e+00
8.923681763300976399e+00
8.756169068716804560e+00
9.416758468259873283e+00
9.149840312125045116e+00
9.335364278921073122e+00
9.307306189672340579e+00
8.903865128704026688e+00
9.353419303572806598e+00
8.979188485510471551e+00
8.359934597450655147e+00
9.100167553222803463e+00
8.682247438142418616e+00
9.009238206628372936e+00
9.133396158190670633e+00
9.127191798578410342e+00
8.946797973176217056e+00
8.781106050898930704e+00
8.842856388608971940e+00
9.160666787657795851e+00
8.897436557014135161e+00
8.535644057497945525e+00
9.171495293325738984e+00
9.500301840697146005e+00
9.174307366577750145e+00
8.848683183281677245e+00
8.613111642053420169e+00
8.842242045164095288e+00
8.932493746621608111e+00
8.617613167100131477e+00
8.934969045059457216e+00
8.878531922951507838e+00
8.811679658194419673e+00
9.088747680196808787e+00
9.181992215569890092e+00
9.338369737137643511e+00
9.210131753976382285e+00
9.076990942841520749e+00
8.691955184544337243e+00
9.041949167622368222e+00
8.387864466360378302e+00
9.304368026306379491e+00
9.327917778001117100e+00
8.747197537166696790e+00
8.786294612378943825e+00
8.713575323511120629e+00
9.597516159473400421e+00
9.150149457375029272e+00
8.906552352842100007e+00
9.537984046925545911e+00
8.764726476012400624e+00
9.372984491172799082e+00
9.224700260703400545e+00
9.426890755143791267e+00
9.159063587035564780e+00
8.698337453338295333e+00
8.808087310173148055e+00
8.856326274296165479e+00
9.050065497498312794e+00
8.804822301387311256e+00
9.106896962890212777e+00
9.434733845765117977e+00
9.289979409775490637e+00
8.992352978734045266e+00
8.351801887007466618e+00
8.570371676555650353e+00
9.006403725495291113e+00
9.294513218491399442e+00
9.631462601714801508e+00
9.396207435020944132e+00
9.119725757690579471e+00
8.735917466246004182e+00
8.826068383108014004e+00
9.650983621197763540e+00
9.179684392247205338e+00
9.023243054109235217e+00
8.984290468253226081e+00
9.066133935485009232e+00
8.495093243502303437e+00
9.229011098904349453e+00
8.952775673296009984e+00
8.853545307118121599e+00
8.903807508227407297e+00
9.064184714425666201e+00
9.005313444283364888e+00
8.783932836129686450e+00
8.854635170288586821e+00
9.530557483310527545e+00
8.619990518473157337e+00
8.832597656156133681e+00
9.441979320551611821e+00
9.501280271875582883e+00
9.067935183806662636e+00
8.963424011546063497e+00
8.974579411407667351e+00
9.207066912168205164e+00
8.769033260330219903e+00
9.303006208442878844e+00
9.074204031422903327e+00
8.798099216826285485e+00
8.839046381946838338e+00
9.080577763103672595e+00
9.426077885850467908e+00
8.920710569781110877e+00
9.084091850349247821e+00
9.135584229173637993e+00
9.388916607573287720e+00
8.933178449668716326e+00
8.728568654627688161e+00
9.069042567347315398e+00
8.936420981219560744e+00
9.294620181598030939e+00
8.714241944235807225e+00
9.796788797316377639e+00
8.908081763579339452e+00
9.124003399496491085e+00
8.878470794315537873e+00
9.012660563211184694e+00
8.747845609601210271e+00
8.756439237566963740e+00
8.749415390364550404e+00
8.834898124151566279e+00
8.988486900339635710e+00
9.444193931734021774e+00
9.588442713879482326e+00
9.001861140763491420e+00
9.256199632089208151e+00
9.207227575700173361e+00
8.900909203616288679e+00
8.827155708958679625e+00
8.675404648043043565e+00
9.158401481495287655e+00
8.864336656388227098e+00
9.077652963903759087e+00
9.470990328776229816e+00
8.640635278892748516e+00
8.913659616274488329e+00
8.882298452991742366e+00
9.179098823267203500e+00
8.941282208803205123e+00
8.761279137114438953e+00
9.235566848129959538e+00
8.986918336387960338e+00
9.468900950138923633e+00
8.701777720835307761e+00
9.498778322069405533e+00
8.947263516618722434e+00
8.590404346538612401e+00
9.746255570244690247e+00
9.230368680325780062e+00
9.408142282640925558e+00
9.249574538219459185e+00
9.130267396765566090e+00
9.130803292471121324e+00
9.532456288004523159e+00
9.109318401358102335e+00
8.580764896966602606e+00
9.211339475195623905e+00
9.196506929801866903e+00
9.191937888054342309e+00
8.907082035653623109e+00
8.830956091141436204e+00
9.285309378477512254e+00
9.125069787294849633e+00
9.194437918947562238e+00
9.182680287116292916e+00
9.204356142266604479e+00
9.004065275187089767e+00
9.217643845992347096e+00
9.098372913292763542e+00
9.034200033040772126e+00
8.712914539461765528e+00
9.014516556727503627e+00
8.822453783820387585e+00
8.516495171512698192e+00
8.587507575898031931e+00
8.976989821413594584e+00
9.288654930597571635e+00
9.183302226515380084e+00
9.059892845551983598e+00
9.269307600612693321e+00
8.811649552541489072e+00
8.675925283536388477e+00
9.214475351171770967e+00
9.292510809234787672e+00
8.910327175288182744e+00
9.225443892247685795e+00
8.760866745323097504e+00
9.138865468107594481e+00
8.840718997387828182e+00
8.818865060194646333e+00
9.287918386802951787e+00
9.327372689300563735e+00
9.080066471879094436e+00
8.713275844907634848e+00
8.954393835678450486e+00
8.941510635305172983e+00
8.974867314024800535e+00
9.116284638304083643e+00
9.401947405685632475e+00
8.997566766132795379e+00
8.850335725060169523e+00
9.053945740355848315e+00
9.094525152620283492e+00
8.553693356256928837e+00
9.027484546765265350e+00
9.081133954293031607e+00
8.706526761987948504e+00
8.837708194511431969e+00
9.006371426876638608e+00
8.976424870149640967e+00
8.925450918056052174e+00
8.694376350783418417e+00
8.895658819059237388e+00
9.030633214086073224e+00
8.887456410593259193e+00
9.101665094021646141e+00
8.659595233852115825e+00
8.837352868920303806e+00
9.489934707219370935e+00
8.797078621136162013e+00
8.615598544731801312e+00
9.427117892139085242e+00
9.041910346331288650e+00
8.991072855905446914e+00
9.297032899999575051e+00
8.949171622195047249e+00
8.874537177004162558e+00
8.635677788986990677e+00
8.922871931603367557e+00
9.494933364993599412e+00
9.018872715790340777e+00
9.077966585514655407e+00
8.848734501022935461e+00
8.760433957171716912e+00
8.652422942285779683e+00
9.097528890330233153e+00
8.957291860406426665e+00
9.039437514594959922e+00
8.443763637698127766e+00
8.659887440363943867e+00
8.823167912543873115e+00
8.863924762075919617e+00
9.329902341637453134e+00
9.172202285880485917e+00
9.081827000373758452e+00
9.754347123990903867e+00
9.182280051446243263e+00
9.021533711464226002e+00
9.057004905462406441e+00
9.021956456902078259e+00
9.437360585215738951e+00
9.388274665601768376e+00
9.419615205561449045e+00
8.983690175067163608e+00
9.325353321834597864e+00
8.718697379024041183e+00
9.326815939575977765e+00
8.859600515362554773e+00
8.881390456990462923e+00
8.735370323460598385e+00
8.712070126292456251e+00
9.108321981014144697e+00
9.092143287822514353e+00
9.144441614841870347e+00
9.045089026201415194e+00
9.091558832263913814e+00
9.094753110360320747e+00
8.990640167609649680e+00
8.845314767621978547e+00
9.279637461131224896e+00
8.579762382625775174e+00
8.654477859259802841e+00
8.371023137047394869e+00
9.604716980949342897e+00
8.930509300736151346e+00
9.279075062443578048e+00
9.003086827057959596e+00
9.178690157725970522e+00
9.256865216536059648e+00
9.013169482506411256e+00
9.022617157152751588e+00
8.619501580856180567e+00
9.186398716599601499e+00
8.695028395474233562e+00
8.727131894249410493e+00
8.928663415708301798e+00
8.790474937327962479e+00
9.017362573679960747e+00
9.272265479597821880e+00
9.124038385404007911e+00
9.268714114593311848e+00
8.852469245065325509e+00
8.935337436321459492e+00
8.979265551497702447e+00
8.984599241762202482e+00
8.677595832096965722e+00
9.317948759146823079e+00
8.868187014804433943e+00
8.972945693067757134e+00
8.653935636724986225e+00
8.993749625392879921e+00
9.169884200324794676e+00
9.416615838147500028e+00
8.718638366162542397e+00
9.043907200575036498e+00
9.252860275461575412e+00
8.609564662413097480e+00
9.014768074869637715e+00
8.582685701416590263e+00
8.785750877325712693e+00
9.268083776337974200e+00
9.109849772888782837e+00
9.310570366390749086e+00
8.624273296753552032e+00
9.131837173691726761e+00
8.851636424801405667e+00
9.144219245899090964e+00
8.991927550196217922e+00
9.084295540986577322e+00
8.789364003802397463e+00
8.965266703197794840e+00
8.630487227059841615e+00
8.887768620013057230e+00
8.689209696762315360e+00
8.936640628707523959e+00
8.811402944716807184e+00
9.382182352821599736e+00
8.873438647429582105e+00
8.965498249868971925e+00
8.938867551179447091e+00
8.940864889300884855e+00
9.017735098420367024e+00
9.329169911904136470e+00
8.939659951973869312e+00
8.966241072187360217e+00
8.679611713047844290e+00
9.112367733045449114e+00
9.164287534346941655e+00
9.005778609431366988e+00
9.228694758102159668e+00
8.960872010834485479e+00
8.811323817962508187e+00
9.021180506107388197e+00
9.128063110932078672e+00
8.950934428515655128e+00
8.798781256053896271e+00
8.984886775753361476e+00
8.858945490983115789e+00
9.212177784665326996e+00
8.866523572707938783e+00
8.758582218509419093e+00
9.027369308515501345e+00
9.117373321504755879e+00
9.196827928964797394e+00
8.924976633752851995e+00
9.116211563541574137e+00
8.761780654419862202e+00
8.814668564846051879e+00
8.936454254066189762e+00
8.882954796508995443e+00
9.253723304784857717e+00
8.918476032338762849e+00
9.002722757725839742e+00
9.001158512769581677e+00
9.180476193247720573e+00
8.721959683885890158e+00
9.268256547290137703e+00
8.838434220727856783e+00
8.893860622238859648e+00
8.924650639932476537e+00
9.271414163373657757e+00
9.077384815354800907e+00
9.148596654847187537e+00
8.760847385292427347e+00
9.120508356099808367e+00
9.346135912768415821e+00
8.937809524495792246e+00
9.550156873163752280e+00
8.696569473744581558e+00
9.378459495846399818e+00
9.427491765686786707e+00
9.043013242108308702e+00
9.065371015281122880e+00
8.638046943149760182e+00
9.136023930809741955e+00
8.594700334723787805e+00
8.959335964433085664e+00
9.131624576229569357e+00
8.918693416192207124e+00
9.419317651539770964e+00
9.088458061494241846e+00
8.589312816859401067e+00
8.858839038100560614e+00
9.021780068577552214e+00
9.203293327531396173e+00
9.140570530049970444e+00
9.037510788807475492e+00
8.854668228435407684e+00
8.845015045871001291e+00
9.119377570093341490e+00
8.641702841444610428e+00
8.804495699983204915e+00
9.153348846934516558e+00
9.271861875498997208e+00
9.275062049685656618e+00
8.879995283814004381e+00
8.999261358174303282e+00
9.100080498177533173e+00
9.075705151395206727e+00
9.169185849918200404e+00
8.661207877756481821e+00
9.011871904796045385e+00
8.664434771449409212e+00
8.794646655324282136e+00
9.072479356808937467e+00
9.331610618931824419e+00
9.091801365801464030e+00
9.290077084607096580e+00
8.683369572798723013e+00
8.885515158731147167e+00
8.711833726487153484e+00
8.750406368973866478e+00
8.750584610900345339e+00
8.889121838254762764e+00
8.836266510269672025e+00
9.148956810476210677e+00
8.784963048918985606e+00
8.979837117413010716e+00
9.146201517469249254e+00
9.221784448520905286e+00
9.133890624442836170e+00
8.689327066290353230e+00
9.088785411832809302e+00
8.723625884515222140e+00
9.025570703234555126e+00
8.840428479830071851e+00
9.190715676753939078e+00
9.042318659160347494e+00
8.752378566661837667e+00
9.453515856975389653e+00
8.824534119306944646e+00
9.305276564052270771e+00
9.163233677477748529e+00
8.821030506806115667e+00
8.930639984615204696e+00
8.907718690167133246e+00
9.490138084288064491e+00
9.152953426538502413e+00
8.918162164526172830e+00
9.239944556650405261e+00
8.848318450187438344e+00
8.934963214605001980e+00
8.843123603921611675e+00
8.870119941999517366e+00
8.831185378621634996e+00
8.585745251217645091e+00
9.309494627064735184e+00
9.002862433741350756e+00
9.336887951959484511e+00
9.276175085234260820e+00
9.205465078815032953e+00
9.385823206546904274e+00
9.165941383488352301e+00
9.250087291456177141e+00
9.068065564294622405e+00
9.024178469966418703e+00
9.207021839075228087e+00
8.987883988976911098e+00
9.087615842061572025e+00
8.692201711128459962e+00
8.983191984004523789e+00
8.762782087436436385e+00
8.984604439750427218e+00
8.854441504621473058e+00
9.151266367352583586e+00
8.797850161304900496e+00
9.079628937979723702e+00
9.114957867970625571e+00
9.223222023732819963e+00
8.705818935268146319e+00
8.935081033067458378e+00
9.055337005529443317e+00
8.926574505355748812e+00
9.299753830922778519e+00
9.211745174066983566e+00
9.132290558632403688e+00
9.457618219815968175e+00
9.212972960507723741e+00
9.482764301795537421e+00
8.665511877523488948e+00
8.915695387006458361e+00
9.357978070776699298e+00
8.799944518282098116e+00
9.163084503867830577e+00
8.978548357058835805e+00
9.006635888249151733e+00
8.644923195005731031e+00
9.021336718345807526e+00
8.605258850264000614e+00
9.487972666687992884e+00
8.830680445959336211e+00
8.848922264265821624e+00
9.133308999913447579e+00
8.545246341506585352e+00
9.036285007414853965e+00
9.150470058592910405e+00
8.803373742753665354e+00
9.055557671545489740e+00
8.863344829997021890e+00
9.207389448382439667e+00
9.430203782155105685e+00
9.490361521376645015e+00
9.106028718397377375e+00
9.087067848188416619e+00
8.542161837516788481e+00
9.092553954095846436e+00
9.323772012148710431e+00
9.389081850488492975e+00
9.181057249355935923e+00
9.553315253345346036e+00
9.045109346557469010e+00
8.988752678186434864e+00
8.966434343605726554e+00
9.112960955233880611e+00
9.176749217844493600e+00
9.064499468531128201e+00
8.847598278773165958e+00
9.187218695442757266e+00
9.021103830577287042e+00
9.166514192811549222e+00
8.749800770591896537e+00
9.313724341336570234e+00
8.963205596126737618e+00
9.565635907325992449e+00
8.895324972098659799e+00
8.902754542698042783e+00
9.178909975136587462e+00
9.131270664333337450e+00
9.321024635998055530e+00
8.731323241129290480e+00
8.846740583651179435e+00
9.073215907463564989e+00
9.046171501441920171e+00
9.001602356762388624e+00
9.082411757997585156e+00
8.918098454298460709e+00
9.015816505434404604e+00
8.936837585551893781e+00
8.945271062149508623e+00
9.003418169084103084e+00
9.108601363972503862e+00
8.561220740220464975e+00
9.168200897533829163e+00
9.059256314635485197e+00
9.225674787990591597e+00
8.831134327467536238e+00
9.101617418531294135e+00
9.158074857944157543e+00
9.181870907469113163e+00
9.186593075875819636e+00
8.789211383748622097e+00
9.009952849202015557e+00
8.964287085602544281e+00
9.240576456063200439e+00
9.371497530682260546e+00
8.796746205407654173e+00
9.047548628395816195e+00
9.235483247159518072e+00
9.126556121560058799e+00
9.244222420530155304e+00
8.674195387671170820e+00
8.900319110880444029e+00
9.166312904131110884e+00
9.166221536140604087e+00
8.899998025705215809e+00
8.607172711271131149e+00
9.014749265173287895e+00
9.239663042012573158e+00
9.192943597081521645e+00
8.824821978149721247e+00
8.655760881697810660e+00
9.171218746104818464e+00
8.496301469596687639e+00
8.629192946759896898e+00
8.648433725769720581e+00
8.951464542880014363e+00
8.726209679970162725e+00
8.807459378650868587e+00
9.039540583836625842e+00
8.878658135518186612e+00
9.091735222373918290e+00
9.395179524819180727e+00
9.102604949988577943e+00
8.926246251484421634e+00
9.105596833266472956e+00
8.822472365038054321e+00
8.907246016040232917e+00
9.048984737213910279e+00
8.940772941825333220e+00
9.307273939411919272e+00
9.263199046657531355e+00
9.400332671743706570e+00
9.103854650391932424e+00
8.923447154197191367e+00
8.594992020435800129e+00
8.797360448482335116e+00
9.062552036341298134e+00
9.038423898692400371e+00
9.172194190295629213e+00
8.921847994771598067e+00
9.028561094594685699e+00
9.083934334447166137e+00
8.972213415230442024e+00
8.738975253700393964e+00
9.121274850400519441e+00
9.236257917364760317e+00
8.947723315375119668e+00
9.038288026322849333e+00
9.129366910614651331e+00
8.823786442272002262e+00
8.923192251141198739e+00
9.163356248461198561e+00
9.220805770972045678e+00
8.870648012112718916e+00
8.569751817452759823e+00
9.234682036343590639e+00
9.054049950722363960e+00
8.646962998394840838e+00
9.143774925932376618e+00
9.247195205116918615e+00
9.096579985311382899e+00
9.290277387457665625e+00
8.966155671675839045e+00
9.028019153148331810e+00
8.955157823340606171e+00
8.650976035421749089e+00
9.001413856838620831e+00
9.116360117906559424e+00
8.771643513251939694e+00
8.802372340013084440e+00
8.930960469828233883e+00
8.601195833773065402e+00
9.331875457940549623e+00
9.104853883679835391e+00
8.836036382670245715e+00
8.865495755009009216e+00
8.814805173394324456e+00
8.587367818886823656e+00
9.079899288449308159e+00
9.319611135622837494e+00
9.196064413108638647e+00
9.097629741582597518e+00
8.802610925356317395e+00
8.797354963028125141e+00
8.813362095332600177e+00
8.714917125113840868e+00
9.278846043417411593e+00
8.980746885373999788e+00
8.961132154178008236e+00
8.990057614034677513e+00
9.022143621613711417e+00
8.759264183132190240e+00
8.918324968890182447e+00
9.443268221728015277e+00
9.017411568563858282e+00
9.172927043613738007e+00
9.173003340507627001e+00
8.962229271638722850e+00
8.604122842044745312e+00
8.955861962702329038e+00
8.745403384306705163e+00
9.278224948335383360e+00
9.203231985062437559e+00
9.266709948713902634e+00
8.962091595992621507e+00
9.055735982288954489e+00
8.684887543477653793e+00
8.862574457790186599e+00
8.985213049020545739e+00
9.663991974929984963e+00
8.845695489199433936e+00
9.188453300137533475e+00
9.019721292582357108e+00
8.800457307353173775e+00
8.745771665699203723e+00
8.797696328889776041e+00
9.098463680460472602e+00
8.689448705182979182e+00
8.618129882164922151e+00
9.039679754129062772e+00
9.269165368114100190e+00
9.308450589461909175e+00
9.348079938570345249e+00
8.863515040228294950e+00
9.034921208822305871e+00
8.834370062604756768e+00
8.964531567891606656e+00
9.229250195830308812e+00
8.980403695097809447e+00
9.134438539172631266e+00
9.126495028559585165e+00
9.004860374589748417e+00
8.819475996876354529e+00
9.015397606188072288e+00
8.529241815154666284e+00
9.123008451842881783e+00
8.830717590443859066e+00
9.052982219458982627e+00
8.965272207069238775e+00
9.094130983820866376e+00
8.973546612625979080e+00
9.433174197850410891e+00
9.250130119991817779e+00
8.827476426086851902e+00
8.957753764243218342e+00
9.659576636732573718e+00
8.730202541230836388e+00
9.120148427078444087e+00
9.028136876912761011e+00
8.785759889543868439e+00
8.796329910234046423e+00
9.139166397848482504e+00
9.458457972264774583e+00
8.595114683551939194e+00
8.904103171344379675e+00
8.692398174930358934e+00
8.911060973458852175e+00
8.821978350823311388e+00
9.067438903249341209e+00
9.107481465096704198e+00
9.206294910776257723e+00
9.125176732091384579e+00
9.142380853301785848e+00
9.011854053125764707e+00
8.811980636108467380e+00
8.811618743450583935e+00
8.800842723512767307e+00
9.004687229205405430e+00
8.911936095148684345e+00
9.001340851019845601e+00
8.833672699409772733e+00
8.901302020817324134e+00
9.134387074197029222e+00
9.197393258346847844e+00
9.455252030799004004e+00
9.152061225758824747e+00
9.071042388459195749e+00
8.708567791947478653e+00
8.813609845027118084e+00
9.048612546152122960e+00
9.172470239597531716e+00
8.999549993008105986e+00
9.125379253291228565e+00
9.067653775717838371e+00
8.970310741435287838e+00
8.801009868319763285e+00
8.938629223482438491e+00
9.095404018154816583e+00
9.143626846333527070e+00
9.022897876079357005e+00
9.188381412071793264e+00
9.108622259449983716e+00
9.044399562599235054e+00
8.766478258374981181e+00
8.993179028573051070e+00
8.859236689337173232e+00
8.897122667832991993e+00
9.229607708384531151e+00
8.950519623698715677e+00
9.030402836486045359e+00
8.646100272356727956e+00
9.167395642623993979e+00
8.938958849743579904e+00
8.947648043167353293e+00
8.854224289821285510e+00
8.579024952014021821e+00
9.283340717340697879e+00
9.175784638450990016e+00
9.102269689554702836e+00
8.666151101354454767e+00
8.869234617861675218e+00
9.233868527801938342e+00
8.939393792160679197e+00
8.861189452707861847e+00
9.026665189199242434e+00
9.248611565739903284e+00
9.101661925071439896e+00
8.821329503135412864e+00
9.374389114725259375e+00
8.873808460921909003e+00
9.130282037620432334e+00
8.576297624797563302e+00
9.093838855146804789e+00
8.813639528005770885e+00
8.942169572008253908e+00
8.893643865045604002e+00
8.799782253788066555e+00
8.708407420232861185e+00
9.522773944261492929e+00
8.824883121651323492e+00
8.938459365625554653e+00
9.373819330965474705e+00
8.885582323985030229e+00
8.817709684504844603e+00
8.807543960790395587e+00
8.896809959203968887e+00
8.919610712373328809e+00
9.107308525008303235e+00
9.194224846978965360e+00
9.230068068506387391e+00
8.750913719466714369e+00
9.143282909001424485e+00
8.986342710093509822e+00
9.040603377569583543e+00
8.827310443752304892e+00
8.876926727782727511e+00
8.930097438837881541e+00
9.273720731103866299e+00
8.840402835441155460e+00
9.212163005536048388e+00
8.712685245055849848e+00
9.350142098209952124e+00
9.152611138889426456e+00
8.625390441995236301e+00
9.319140428422684863e+00
9.451778686087788373e+00
8.998554137700853772e+00
8.932067221615877628e+00
8.649889199391060046e+00
8.831924852614735144e+00
9.075859352791075807e+00
9.260919632085473197e+00
9.052708998225108772e+00
8.887766498845433460e+00
8.920899552684508294e+00
9.110524901809041509e+00
8.538146719006185492e+00
8.833751512667108230e+00
9.116690414179903001e+00
9.216189320443605837e+00
9.038131992330823650e+00
9.049107430864911095e+00
9.010456497250105556e+00
8.782455201602582306e+00
8.502783361302990173e+00
9.039317820255552860e+00
8.955624853756397385e+00
8.905992696823325616e+00
9.137051272882555253e+00
9.383211946572380668e+00
8.965522039587057179e+00
9.068023428920740869e+00
9.086930423537879165e+00
8.975425608453484472e+00
9.191232615207749035e+00
8.881182976193718659e+00
9.285965732664541505e+00
8.840994751178186561e+00
8.994264534765342489e+00
8.758827565803290582e+00
9.314818985088127334e+00
9.497799266741376201e+00
8.803844050607303018e+00
9.341416539133296837e+00
9.254850678184572743e+00
9.036094000049789798e+00
9.441972876980370799e+00
8.988627743274321347e+00
8.854897049932844766e+00
8.773162674040502651e+00
8.971965773805591127e+00
8.822933631745383920e+00
8.954860720205303437e+00
9.409918559173201302e+00
8.770183716886114311e+00
9.064964347519339327e+00
8.901384990280348575e+00
9.348805712203940743e+00
8.609429255031052719e+00
8.919553198282864415e+00
8.578214857346544875e+00
8.962943162548754117e+00
9.026131102989779720e+00
8.754084489763940269e+00
9.101269807687033975e+00
9.318240066780649755e+00
9.114633720984297582e+00
9.280923960622521562e+00
8.755153826977599252e+00
9.047133741751540725e+00
9.007941375856763244e+00
9.143493041170250635e+00
9.004278082753577550e+00
9.040512367149469597e+00
9.180678788928277712e+00
9.048431026907453045e+00
9.102604523834768813e+00
9.064975853880108403e+00
9.385070732163963925e+00
8.877591816439705852e+00
8.954541015894378120e+00
9.140429589037843527e+00
8.816881988104881884e+00
8.691909921515895476e+00
8.917711226864597052e+00
9.001890586714932141e+00
8.915619491320317280e+00
9.122911124396656746e+00
9.049338651129977151e+00
8.973068229235540372e+00
9.317108820786755174e+00
9.150739121348950178e+00
8.834064965478155784e+00
8.711558044351649599e+00
9.366564925636176042e+00
8.812348692192443878e+00
9.058001635482966662e+00
9.225164929515583978e+00
9.230717660073855413e+00
9.003720697541226059e+00
9.083675927016294338e+00
8.942359981197965269e+00
8.878682974596605604e+00
8.965266681135275917e+00
9.005774733122079212e+00
8.952217982239130123e+00
8.938567652980475842e+00
9.141761524637098901e+00
9.082625633653938380e+00
9.241010016119366455e+00
9.015837313814429876e+00
8.780790947772915800e+00
8.962288322646719152e+00
8.827564387251248590e+00
9.054118639501261612e+00
9.088912846288366154e+00
9.033993302531721170e+00
9.085493526704425449e+00
8.946048251112030059e+00
9.050235983674891571e+00
8.701236645958157823e+00
9.164855310686736090e+00
9.103962541964175870e+00
9.168040827564858830e+00
9.289768512179966464e+00
8.946779095686444805e+00
8.912283487427727025e+00
8.969320841889491192e+00
9.306294904304316162e+00
8.772066155017508748e+00
9.133275376696126102e+00
8.913083922219326993e+00
9.010519953703321150e+00
9.242573372577750135e+00
8.913296208678074706e+00
8.919653080330329331e+00
9.382297312856774596e+00
9.423725417233949742e+00
8.882526261250889732e+00
9.176408034005010705e+00
8.640044706541091912e+00
8.885751768406565887e+00
9.269316802506626374e+00
8.945628701094635815e+00
9.428156174235278186e+00
8.988800116662025275e+00
8.933678277858971839e+00
9.198884958681485813e+00
9.132760335030997823e+00
9.122980368158478015e+00
8.800441607040665914e+00
9.122360203095054132e+00
8.867942912056468785e+00
9.220774478797356011e+00
8.774513985339378763e+00
9.079166084492657163e+00
9.026403350384839541e+00
9.319067588521077639e+00
9.193879283452391249e+00
8.648553240247812468e+00
9.238420048394514694e+00
9.508690865326551389e+00
8.968661750318469572e+00
9.012881411742551307e+00
8.960016453174375783e+00
8.954920759373665717e+00
9.161577097172404649e+00
9.234929402927967601e+00
9.179611062991154924e+00
9.207195081536285741e+00
9.009380197587676165e+00
8.755729910879781031e+00
8.914814729791528336e+00
8.896528261955923611e+00
9.118703616923767186e+00
8.759431515188094153e+00
8.749654208726262539e+00
8.728739394036047372e+00
9.167005876771069595e+00
8.891592141690891182e+00
9.178104632544954455e+00
9.100194704892723863e+00
8.686622486919127084e+00
8.916580994041295227e+00
9.009464828028827199e+00
8.889895080569749197e+00
8.730664460574450558e+00
9.029859171025776732e+00
8.896345712957089091e+00
8.901632779618559255e+00
8.868422862334405465e+00
9.400474746440540486e+00
8.829900000300471063e+00
9.052627325297050831e+00
9.161507562503123481e+00
8.999949790523979587e+00
8.643823997457081632e+00
8.511352738900241022e+00
9.128391220725548649e+00
9.127230741076413523e+00
8.733493675670384704e+00
9.148834396650817880e+00
8.771787578557670884e+00
9.087150358492815272e+00
8.890042673607377210e+00
9.049865149554735311e+00
8.992017437781381517e+00
9.031725673584004355e+00
8.983146475511160745e+00
9.015063855941146898e+00
9.252625174583728906e+00
9.107192127144786653e+00
8.859027533026713641e+00
9.172954069045898606e+00
9.186027890510146676e+00
9.386346454517942917e+00
8.633315366262351631e+00
9.020144945010480697e+00
8.894186538620425964e+00
9.024110948096556228e+00
9.076101794267854572e+00
9.029761783913919260e+00
8.630510752931183305e+00
9.158171969512403976e+00
8.866379054058144860e+00
9.144316205712499368e+00
8.975992562864794522e+00
8.814770059792131462e+00
8.929882909223623599e+00
8.968818102743751908e+00
9.128440096893600142e+00
9.165572421826439609e+00
8.807015681838505472e+00
9.117286114525947838e+00
9.003239862868413823e+00
9.376439232943409863e+00
8.654312980072756289e+00
9.227026404637424406e+00
8.624166468667660013e+00
9.441465926834885281e+00
8.899703081262934745e+00
8.536203354242429597e+00
8.974989388243795219e+00
9.070730964820354458e+00
8.894799415064566617e+00
9.140857418755970798e+00
9.070005099127319781e+00
9.115350164144494727e+00
9.299415938837670481e+00
9.289196579416895361e+00
9.183401765908811853e+00
8.911639781182202569e+00
8.653654225403503375e+00
9.259172352202796219e+00
8.947890637679114079e+00
8.893130892548116506e+00
8.865224440587194721e+00
8.923621257505862658e+00
9.325972558339927332e+00
8.585405137543585141e+00
8.818457331215480366e+00
9.172528142573947108e+00
9.189309107112862307e+00
9.178159590260642986e+00
8.932760690789358193e+00
8.920647371084415411e+00
8.839393621774197740e+00
8.938412438309045527e+00
8.919533799144334196e+00
9.328783676209154052e+00
8.588422271377657680e+00
8.719544733477258447e+00
9.345119754399663137e+00
9.049227299475406383e+00
9.031719905226015754e+00
8.735866303047798098e+00
8.801890421383282259e+00
8.750846425717938359e+00
9.058688843374367750e+00
8.729275453647071359e+00
8.615513198351154145e+00
9.291005905236451312e+00
9.267312434783212538e+00
9.264240220014004379e+00
9.151295164967354623e+00
8.829043602998472906e+00
8.735065910096995623e+00
8.943845992342723150e+00
8.983696979218198209e+00
8.904011479107078131e+00
9.177306075432237975e+00
9.094655001863017674e+00
9.049461586552020265e+00
9.261329358843953585e+00
8.901070894333811268e+00
8.924205960974743945e+00
9.339580674116795933e+00
9.092742376817158245e+00
9.157244002898393020e+00
8.784357572451494178e+00
8.993770206097586595e+00
8.838410137871735017e+00
9.303527197520139680e+00
8.826404716463979838e+00
9.232855933634059653e+00
8.873233737596082804e+00
9.078444130557736358e+00
8.806258391027929733e+00
8.822283695544417270e+00
8.677761361909531956e+00
8.908189261896097833e+00
9.343651867952170065e+00
9.425976266244534330e+00
9.071650787768236412e+00
9.077416764918039505e+00
8.707387322520641959e+00
9.215810799882815374e+00
8.988588381075800271e+00
8.993584868845280411e+00
8.820194531388759529e+00
8.923482142739967315e+00
8.590461264888919146e+00
9.091626857015086216e+00
9.047665848511739384e+00
8.859178326143990034e+00
8.795992640182955569e+00
9.205267657257278913e+00
8.951031262574563385e+00
8.682606730144351914e+00
9.260386477693765883e+00
8.515452087786130164e+00
9.511032384361788772e+00
9.357139669014735261e+00
9.406678805682675559e+00
9.261963114780659367e+00
9.387218171165617520e+00
9.359985579865970351e+00
9.071411393329443129e+00
9.008883344016354044e+00
8.921879566039461196e+00
9.157951199666499065e+00
9.060872782789619606e+00
9.453767037272413631e+00
8.882542504474649547e+00
8.817577420183814851e+00
8.734953850335340775e+00
9.288100650141108972e+00
9.067364023915098770e+00
9.080593792751855631e+00
8.940442101127054286e+00
8.922488717401490632e+00
8.977031461451641547e+00
9.244794873905258115e+00
9.300575430128585452e+00
8.960631934056229042e+00
8.623540549191611504e+00
9.194631448947697905e+00
8.834607001468427256e+00
9.034869143336393904e+00
9.172104701557762141e+00
9.000690740564987635e+00
9.061907578067291524e+00
8.916209355098470013e+00
8.971089012719138722e+00
8.835147351508945590e+00
8.985079107696069656e+00
9.149363163487562289e+00
8.901213432518089164e+00
9.461228442651570703e+00
9.373330972377196701e+00
8.778405720724984818e+00
9.177944157521899626e+00
9.285313426628674094e+00
9.480239531807045594e+00
8.973039425916928380e+00
9.111293854371444567e+00
9.079553728206548158e+00
8.754803743651221382e+00
8.908757366603172301e+00
8.876402534549225010e+00
9.036954135753251904e+00
9.041856433014622496e+00
9.065605510535267086e+00
9.503073379198978543e+00
8.688859411245104525e+00
9.352497944237455840e+00
8.867167747668315059e+00
9.096750092063073723e+00
9.122650000977932550e+00
9.417704262495176337e+00
9.214228431246432649e+00
8.885763280792613017e+00
8.843022557148419338e+00
8.935549266281517689e+00
8.727620946078573638e+00
9.277773237833887521e+00
8.736697912736550720e+00
9.230133348001489324e+00
9.132471550954141648e+00
8.792498763780001170e+00
8.956694542986411989e+00
8.841737932641542841e+00
8.826224346396363885e+00
9.356187083685359340e+00
9.123041409792406853e+00
9.145776372345080674e+00
9.235601340180304319e+00
8.836184335377723187e+00
8.960557054898853124e+00
8.631082441465677491e+00
8.995170491396860868e+00
9.285864837036449160e+00
9.107466488634601731e+00
8.999240991284672475e+00
8.778039431517658642e+00
9.008139727478292613e+00
9.055181146093945088e+00
9.101767998803900639e+00
8.881748830344536216e+00
9.231219879850346643e+00
8.810501392079435945e+00
8.869214783488555298e+00
8.595765364356843463e+00
8.985637383363730635e+00
8.802382317089611163e+00
8.545011130020712997e+00
8.951812401042674949e+00
8.904899227392832017e+00
8.938691525789900894e+00
8.626159762886011606e+00
8.880162779889941405e+00
9.282420804178499907e+00
8.583938061703145550e+00
9.251693219422516989e+00
8.708723257956666686e+00
8.962076504596675264e+00
9.257072465485487456e+00
9.232466358227384262e+00
9.230958251477135335e+00
8.906225329270084146e+00
8.932266894067034002e+00
8.911689582817103883e+00
8.888528197564255606e+00
8.687979886569458188e+00
9.221705035207060419e+00
9.571507633789222425e+00
9.240524957953658358e+00
9.034129940738530706e+00
8.876505078614828292e+00
9.145140090881483275e+00
9.271257661998864918e+00
8.871611053526740065e+00
9.103030525982987342e+00
9.118887222788544022e+00
8.788640983039382348e+00
9.161180536443325195e+00
8.670090954908296510e+00
8.847801943141803349e+00
9.020581017841124094e+00
9.016913435443841607e+00
9.207484910120479427e+00
9.157168970186335244e+00
8.949621382871281838e+00
8.958864335704804560e+00
8.861862418670289898e+00
9.338056656195734107e+00
9.111672239582862431e+00
8.956250637174152374e+00
8.879265878825544078e+00
9.168038383086221543e+00
9.042412984232425899e+00
9.015512643316935026e+00
9.295385249109536119e+00
8.775421576577866034e+00
9.144028678756891182e+00
8.770549370523232469e+00
8.694714037468822099e+00
9.145076121087120313e+00
9.018124757636932998e+00
9.003988741407704666e+00
8.931804743448145345e+00
9.218539132109361489e+00
9.024642812845277362e+00
9.067354430372727592e+00
8.734117476332308172e+00
8.817332990818211869e+00
8.745612743081673912e+00
9.450613466125659556e+00
8.768822714411049546e+00
8.976072291793441238e+00
8.833169930751040511e+00
8.638349052151093943e+00
9.350128360484982082e+00
9.126994358843401045e+00
9.168626917636064633e+00
9.206228329247995390e+00
8.994145488553442647e+00
8.775165945277574764e+00
8.577942549527147520e+00
8.895269181979054807e+00
8.836112111436152716e+00
8.626328133814732624e+00
9.121901127254737673e+00
8.822662912266341806e+00
8.646708330386095653e+00
8.650228985440616469e+00
8.838016571225889351e+00
8.743381084567442230e+00
9.113839599745823250e+00
8.859067570884780807e+00
9.119753674313678005e+00
8.946716560120009376e+00
8.913903283397857535e+00
9.154813052397903661e+00
8.850134926407731584e+00
8.628884989022795438e+00
9.337898257884537756e+00
8.901678640796665931e+00
9.347172960500198968e+00
9.054357418067731089e+00
9.090759330593222387e+00
9.143337692262726080e+00
9.271202435149051624e+00
8.860417555451263638e+00
9.112353769496055023e+00
8.731373008732937535e+00
8.895750447013488937e+00
8.690831815970231133e+00
9.618868401911639054e+00
9.217472423100769419e+00
8.768389933616376197e+00
8.615371548551960856e+00
8.955559630371309865e+00
9.177701615420643222e+00
9.532684882024328843e+00
8.873087674736728658e+00
9.058425671884938524e+00
8.865554290740986332e+00
9.117931547191604480e+00
8.861772537189304799e+00
9.050002092197694026e+00
9.072763478070626775e+00
9.003736488283934136e+00
9.153755369681823240e+00
9.058980702714947597e+00
9.594271304776540887e+00
9.343013374401015980e+00
8.876686890395923513e+00
9.195800474386350842e+00
8.853010594142856959e+00
9.153984200371089841e+00
8.865875883783189693e+00
8.764103259159965020e+00
9.431307463755427278e+00
9.072686068999017195e+00
8.819202833859129953e+00
8.468918861046331514e+00
9.042580324520226753e+00
8.945546302571887765e+00
9.309188783800319555e+00
8.968609530083506698e+00
8.932580256285801212e+00
9.198807301023876448e+00
9.006525233020324706e+00
8.560733741190125201e+00
9.092004395097193381e+00
8.931065869754538866e+00
9.000957896363502186e+00
9.100459960034415374e+00
9.164650113959382338e+00
8.804223905042039888e+00
9.187950137449385934e+00
8.753998227834339119e+00
8.876106362100593117e+00
9.011845251801526402e+00
9.014504790903849596e+00
8.813986551712668316e+00
8.972038339293622045e+00
9.228764263941807044e+00
8.784503333419621640e+00
9.450413700470619460e+00
9.311878812881792200e+00
9.090280833556098727e+00
9.437445505801870027e+00
9.002560326311892069e+00
8.898042192099525849e+00
9.020740052533161801e+00
8.747861362000353580e+00
8.954059867700630448e+00
9.041620077586550508e+00
9.055386862258886893e+00
8.996801640784667597e+00
8.597981211834333948e+00
8.913778744304918789e+00
9.382296956561386736e+00
9.313731119378646284e+00
9.243984040224722420e+00
8.895690837013354724e+00
8.964183520386949766e+00
9.171402235108478962e+00
9.319442780074011168e+00
9.062662430551688075e+00
8.424829631309508571e+00
8.997875744813567778e+00
8.871753165886946846e+00
9.097199180141682717e+00
9.142251021800190003e+00
9.256115152466076523e+00
9.188572670342008308e+00
8.746718710997157586e+00
9.282698814873594273e+00
9.426642049766298825e+00
9.091352447285114380e+00
9.104042134382488882e+00
9.397553213205567246e+00
9.120448678190873792e+00
9.037899206369770511e+00
8.754374517218410645e+00
8.840305673955535681e+00
9.174675829677616079e+00
8.639061916677924557e+00
9.410319662768786841e+00
9.272997257321957676e+00
9.179045337305906216e+00
9.235753560342006452e+00
9.062808392739983177e+00
8.991186793414428280e+00
9.013101069104957119e+00
9.167646239463159930e+00
9.387662354141330212e+00
9.041967460776342946e+00
8.898842255590102113e+00
8.957273333186851261e+00
8.975743690399953678e+00
9.023857987839271289e+00
9.229656317851606673e+00
9.168382020284104428e+00
8.791855198267654714e+00
8.915432369743898633e+00
9.159108434017614542e+00
9.005461407629287152e+00
8.577539514813514288e+00
9.154910767720000564e+00
8.872360201436686467e+00
8.961430921877754585e+00
9.103679762591804447e+00
8.908973984680637059e+00
9.043055580732387355e+00
9.272821425529885531e+00
9.129746106780688208e+00
8.979853898456505945e+00
9.088397423719932533e+00
9.061249877117326434e+00
9.054055667031535748e+00
8.905400743222321225e+00
8.773655077619176623e+00
9.223159579327715463e+00
9.349911954694231753e+00
8.766548723143786859e+00
8.802212724409136158e+00
8.749184568131628481e+00
9.296202807654742273e+00
9.391791093259037382e+00
8.818860236974069622e+00
9.302513742949839681e+00
9.028189024377876848e+00
8.782532918604623262e+00
8.889348542368693984e+00
8.928284033413904197e+00
8.575594059399419322e+00
9.166345287657714280e+00
9.020966700357535117e+00
9.211951920241157055e+00
9.245988850909014900e+00
8.715708890338417447e+00
9.113142293531650395e+00
9.264087666116529007e+00
9.416994326017638528e+00
9.044399540604610266e+00
9.029975501932661075e+00
9.109780409191854389e+00
9.361301093922657302e+00
9.386524121614513660e+00
8.906451908972963238e+00
8.836837062993202707e+00
8.637671924162136250e+00
9.304817210904912983e+00
9.150676617582339745e+00
8.908486406626389353e+00
8.875911153025580091e+00
8.587353827554373709e+00
9.043870471708563841e+00
8.897670974817463829e+00
8.816923773895123162e+00
8.672249155356412942e+00
8.959349545025959927e+00
9.045500101762305789e+00
8.766127256534330670e+00
9.295541141339906943e+00
8.932787401067022515e+00
9.123262628036220789e+00
9.083437152677358739e+00
8.853034592809791548e+00
9.013015532544436326e+00
9.318510532230817489e+00
9.074708408362562650e+00
8.746186870111490208e+00
9.050840440859632352e+00
8.824935242814046177e+00
8.787683028278916453e+00
8.876999477708263697e+00
9.167273337214552953e+00
8.784575147267188910e+00
9.073667912332163965e+00
8.709720683064302804e+00
9.180152307966766401e+00
8.697259161753452261e+00
8.888103501571833931e+00
8.863902847943519347e+00
8.872215008666971769e+00
9.037394284409131728e+00
8.743957966478534516e+00
9.263141059072776073e+00
9.437215051221341966e+00
9.366848001193590179e+00
8.677608105580580045e+00
8.379290118251386588e+00
9.179066445632045657e+00
8.903815867608180668e+00
8.973033963828862980e+00
8.850538417264576907e+00
8.774331976412378609e+00
9.248273327247625630e+00
8.829064623874517181e+00
8.837691029628542694e+00
9.490955348339124242e+00
8.803163303677660423e+00
8.635438743129576267e+00
8.974478961886156014e+00
9.051083197137621994e+00
8.987798777921108595e+00
9.045751312889919404e+00
9.426166691027995981e+00
9.232315295660185939e+00
8.798918391569651831e+00
8.557829846613881131e+00
8.915279611178007713e+00
8.707593345861900147e+00
9.256898891635108484e+00
8.933102002340644887e+00
8.611644830570902798e+00
8.847428832997893622e+00
8.781184182809758099e+00
9.659276715539048652e+00
8.924737633866236308e+00
9.249553701437726261e+00
8.988247749509712392e+00
9.266460732621517593e+00
9.360865527066732028e+00
9.085449526588364577e+00
9.459832288671094602e+00
8.818998750655936192e+00
9.084410121424282281e+00
8.788756115400863322e+00
8.757333805087055723e+00
8.480201532256110397e+00
8.918546888984906218e+00
8.859700720472030611e+00
8.995411610357722410e+00
8.842432777887129447e+00
8.872666537580021995e+00
8.711260867108233441e+00
8.711568177373061772e+00
8.923355339621316773e+00
8.814125541418665222e+00
9.322675161155931534e+00
8.657645562529760142e+00
9.276400962266775352e+00
9.098491838168927259e+00
8.913245029510902029e+00
8.647703297928549304e+00
8.942289044736609682e+00
9.209027053652448558e+00
8.633003035727256247e+00
9.116976192789216782e+00
9.416372058499428377e+00
9.113398004289978260e+00
9.039814231419839530e+00
9.015571159785983113e+00
9.049539559127449451e+00
8.815621397486982147e+00
8.930412511430512623e+00
9.361295614346337501e+00
9.105068504564691523e+00
9.386994810640882037e+00
9.320445096145565600e+00
8.993965000506239704e+00
8.951055307705864550e+00
9.219672613692736718e+00
9.094138525429110942e+00
8.940456902849328813e+00
8.836143105327948888e+00
8.854030623849858728e+00
9.441197601289383456e+00
8.972596526669939010e+00
8.681912007889856397e+00
9.416718697299012675e+00
8.841150899101279492e+00
8.874235053068835199e+00
9.166885677930332932e+00
8.682343485254605753e+00
9.137772641244147565e+00
9.181846655825813386e+00
9.204578297010975518e+00
9.278242893532237190e+00
8.825983465728024058e+00
8.902225886915612563e+00
9.044034290937815967e+00
8.968439677366164986e+00
8.960499190324437535e+00
8.742844312288474029e+00
8.782745780571294958e+00
9.515490663483339162e+00
9.000906846859054511e+00
8.858748839233113515e+00
9.032676159124029880e+00
9.023604121085114116e+00
9.043249611064002380e+00
9.155907099852655051e+00
8.933142987314449002e+00
8.945569760901941336e+00
9.526620543188801804e+00
8.879221813739627933e+00
8.796737712364214090e+00
8.909630918462864813e+00
9.145805365714894108e+00
8.883693884640788241e+00
8.905415290991902211e+00
8.569225500127130246e+00
8.987322325873755346e+00
9.028410370189396517e+00
9.090546920320850433e+00
9.097566548016150278e+00
8.811892053613112452e+00
9.461060741327354862e+00
9.082532915067760726e+00
8.730153534616986732e+00
8.399207391361962038e+00
8.813842027191549633e+00
8.778456948285478845e+00
9.463963590702215711e+00
8.935816636336870289e+00
8.678025522348431053e+00
9.075254817032575971e+00
8.804052380049203208e+00
9.384537778333758240e+00
9.172584111966591180e+00
8.967841207700978146e+00
9.234839454836571093e+00
8.850485554367077512e+00
9.576849804311843073e+00
8.918346386465266562e+00
9.375444514306957799e+00
8.740351287715268924e+00
8.929497812305722704e+00
9.201824668047358102e+00
9.186263857724057402e+00
9.029803674576799111e+00
9.308258106656639441e+00
8.956544954589325869e+00
9.299486271950334171e+00
9.517885461453191809e+00
9.130990075910411008e+00
8.582714205833685384e+00
8.743073469373527473e+00
9.267094650572799353e+00
9.079743735409074645e+00
9.068060507103012924e+00
9.289240858411050183e+00
9.232004928437847369e+00
9.265683781323943435e+00
8.917549781768160599e+00
8.946928432470839354e+00
9.150028127239810516e+00
8.587597197464166499e+00
8.600907493842667506e+00
9.120754554690291727e+00
8.664604489821599032e+00
9.045829394021001946e+00
8.778252145221069114e+00
8.943368462213117098e+00
9.075763949858599133e+00
9.072327877794103657e+00
8.667787687925750717e+00
9.246443709118048915e+00
8.664711996484529166e+00
9.208557760855834218e+00
9.184439463527848346e+00
8.703809567751909171e+00
8.712320387427011426e+00
8.605280911180930303e+00
8.896331270792479984e+00
9.227215376233475652e+00
8.977908016736609653e+00
8.948228434785765018e+00
9.373696041691868430e+00
8.864849593768376224e+00
9.315166223615555907e+00
9.089792534976485427e+00
9.176489907731047779e+00
9.433171330984112757e+00
9.042419089395759002e+00
8.712594725234122706e+00
8.897100732596697981e+00
8.684336500765319045e+00
9.022078694814750222e+00
8.767512769718898369e+00
9.308242488880635435e+00
8.796334285561604460e+00
8.989485190090091393e+00
8.727631560936266908e+00
9.364100397501086803e+00
9.203491400670387179e+00
8.848757203093912338e+00
9.011243349583095252e+00
8.869540008264912956e+00
9.124527838592985773e+00
8.870853338023865220e+00
9.171890805296378346e+00
8.517927156469864869e+00
9.049380391619898489e+00
9.234338238822829226e+00
8.766212638944208990e+00
8.960735131869675740e+00
8.801219854140301280e+00
8.550894358467946432e+00
9.354609618633181967e+00
9.044262535867209962e+00
8.835398596112741032e+00
8.963137896686596662e+00
9.199332053295306011e+00
8.658821106122733369e+00
9.035801307247110614e+00
8.635046257525413438e+00
9.352236275161908807e+00
8.780676246405372254e+00
8.955637337193627090e+00
9.082749764378371893e+00
8.595583194005474326e+00
9.410719742806771038e+00
8.809944995079622032e+00
9.757210381505533547e+00
9.387744131833725802e+00
9.196111941260241451e+00
9.656836654270554376e+00
8.782676758657709470e+00
9.084625152803765147e+00
9.413699550318501252e+00
8.631607752664701039e+00
9.284530184389415908e+00
8.968751422312680077e+00
9.110762105320429072e+00
9.488017022729328787e+00
8.760947736955209564e+00
8.833715078976558388e+00
8.773870237972891672e+00
8.768489676621438633e+00
9.199503198672939419e+00
9.322487283189735408e+00
8.319814395773086346e+00
8.835502181385065157e+00
8.262510520126101099e+00
9.106921817001557784e+00
9.167885030878021979e+00
8.802237380908914943e+00
8.666728804764556315e+00
8.893930585166284430e+00
9.294389457193963366e+00
9.409329003905174460e+00
8.542348775448774134e+00
8.721125264473622352e+00
9.185240080845158417e+00
8.987732616870669489e+00
8.910719615593730936e+00
8.646972147430794564e+00
9.337770864259228532e+00
8.889773299897187897e+00
8.770030454626807526e+00
9.359453132183080726e+00
8.559055213920862215e+00
9.028028994070698587e+00
8.585211146490923539e+00
8.868416770841916374e+00
8.923396392459521209e+00
8.890075296589039056e+00
8.943344741747216275e+00
9.107430039369758035e+00
8.579793617055461397e+00
9.040678686712507073e+00
9.208026289973249234e+00
8.714311899825753827e+00
9.166957674028486380e+00
8.644761506552914199e+00
9.703814457247689873e+00
8.944146671637376755e+00
9.519088043653601616e+00
9.443618555834063955e+00
8.848675698427506120e+00
9.348199826648295740e+00
9.217089884909244191e+00
9.460439322358993763e+00
7.928675745935982455e+00
9.290986817563013034e+00
9.236217840757023012e+00
9.156550537911282817e+00
8.325100898437273855e+00
8.316121926938333075e+00
8.733396884431886775e+00
8.117301496366351898e+00
9.503678504441905872e+00
8.587623385581425239e+00
9.482326199826474067e+00
8.860647523014106852e+00
9.223620357930428781e+00
9.390888191693118614e+00
9.977182788423533566e+00
8.313808167891121315e+00
8.864765685226096537e+00
9.006548476740912079e+00
8.685202142970164019e+00
8.539450015854564313e+00
8.573867832680017287e+00
8.175937167790797488e+00
2.568075979297521627e+00
