2.586302641442369321e+01
2.381936217354892804e+01
2.526396063838499728e+01
2.472621632012146975e+01
2.435014440425334570e+01
2.383489420115860824e+01
2.569833464035593806e+01
2.469441420713264890e+01
2.500143789991391330e+01
2.515614918511362674e+01
2.475579391833931098e+01
2.524712813185810845e+01
2.490269602041220409e+01
2.529038606864274641e+01
2.482897627404445373e+01
2.471067796653404258e+01
2.471911675079610049e+01
2.429741963799600413e+01
2.583419482689038915e+01
2.479693132842567493e+01
2.471093235862893422e+01
2.517072796372505294e+01
2.474049004087892456e+01
2.530098673278387977e+01
2.418504107205606957e+01
2.578844104060915399e+01
2.451996972209564163e+01
2.714766622735313817e+01
2.475349922589926877e+01
2.563806224382624066e+01
2.568389885582830701e+01
2.525306118413967127e+01
2.439608825732717179e+01
2.553745326488553857e+01
2.549766731400920605e+01
2.527929970207183175e+01
2.515177195249241038e+01
2.480791007236811296e+01
2.444515734621473513e+01
2.539302671057927796e+01
2.480260596715561761e+01
2.572527201745138825e+01
2.558531519225157780e+01
2.566871629505423869e+01
2.606681049401190009e+01
2.438613546491662376e+01
2.567515203492600762e+01
2.446644788570872464e+01
2.551555634092304459e+01
2.544374197594460441e+01
2.476480944535857986e+01
2.595526065228171220e+01
2.492211026838128163e+01
2.409322340302547971e+01
2.438268129003963480e+01
2.608807108620995763e+01
2.504024741631372564e+01
2.406030337924047302e+01
2.543889415576552793e+01
2.397186894115985822e+01
2.508641468104086769e+01
2.458607301006135160e+01
2.489106966266183107e+01
2.506621613389741654e+01
2.369616700716106195e+01
2.530813083885576376e+01
2.568020322973121239e+01
2.472592786035355417e+01
2.396293124583927536e+01
2.455007015354004096e+01
2.554821135234135809e+01
2.377790433651250979e+01
2.619292867942857228e+01
2.531139840347766778e+01
2.351108275289036698e+01
2.417098288925564731e+01
2.378418639862143280e+01
2.437521448582782924e+01
2.449604667964418780e+01
2.481752062515694490e+01
2.417240606775941814e+01
2.428565664221892106e+01
2.609035621769384505e+01
2.472743423353345804e+01
2.423884453932986105e+01
2.639592912096779997e+01
2.520577526519663536e+01
2.504483458390284056e+01
2.527374130990120804e+01
2.419539714897098648e+01
2.426010993437614260e+01
2.439103755700782017e+01
2.468912148012292107e+01
2.611062748982241288e+01
2.475308941388197326e+01
2.493589456939727000e+01
2.471033256131923395e+01
2.610836383939738070e+01
2.452723975666431500e+01
2.534684304015998535e+01
2.519855142894490285e+01
2.577246734628065639e+01
2.597890617916615952e+01
2.527391523195306533e+01
2.412517505734524903e+01
2.473468549144156015e+01
2.427641430311551574e+01
2.621313206868029155e+01
2.608942708324336834e+01
2.513638191066052485e+01
2.479404034343074414e+01
2.544501411218901055e+01
2.477116522597023973e+01
2.466602778130143747e+01
2.588675488268574654e+01
2.460558538333361156e+01
2.464114858156328935e+01
2.640312098386911899e+01
2.561329085002384076e+01
2.460468320936527320e+01
2.518741565076165756e+01
2.663728599109931849e+01
2.510645719873597770e+01
2.538858594411590275e+01
2.468082053662693198e+01
2.664488676048008742e+01
2.604605218921063781e+01
2.483573939394250374e+01
2.458921102612480070e+01
2.463818281474543781e+01
2.470065822978800441e+01
2.388113407375727348e+01
2.531750770731122202e+01
2.521293057278653649e+01
2.477177459891839106e+01
2.612945675287432223e+01
2.539539143035377577e+01
2.464476474898635416e+01
2.520185053061251423e+01
2.456879334756417776e+01
2.631790273087605314e+01
2.457548869573876260e+01
2.576297786215134522e+01
2.465577738423080589e+01
2.509722816435609261e+01
2.599829957249978918e+01
2.451738360707960496e+01
2.569812690319092852e+01
2.450174605489536006e+01
2.561315133324817239e+01
2.599024470257171515e+01
2.507012820106310969e+01
2.422494445124624818e+01
2.478435801480060618e+01
2.558383706363910548e+01
2.402132411691134095e+01
2.515327506351986031e+01
2.458789383270951845e+01
2.606119242929538871e+01
2.552657964857365513e+01
2.594575240350608425e+01
2.452738179552013165e+01
2.570561695060280627e+01
2.599391400218165415e+01
2.512498721634791821e+01
2.422882057769902175e+01
2.594264454539651155e+01
2.504658870063516929e+01
2.460005425023149783e+01
2.552021989407231217e+01
2.422020078351210515e+01
2.518094325578808679e+01
2.457898720110356194e+01
2.540807361521308394e+01
2.601410667267946053e+01
2.661637899751042724e+01
2.460939100172913996e+01
2.450983704439859778e+01
2.541614366121656587e+01
2.502297206198150192e+01
2.460676913238061303e+01
2.617807210484811264e+01
2.368500993304352065e+01
2.547162614065078756e+01
2.489159881007378061e+01
2.450440927048597928e+01
2.526332219696909220e+01
2.451769002631939642e+01
2.424734951902640390e+01
2.477682996788484715e+01
2.522661671612457823e+01
2.497023686524374853e+01
2.593444230593212296e+01
2.406516604169430806e+01
2.548841075713056981e+01
2.514887439506657429e+01
2.454397869604693483e+01
2.489154058069041042e+01
2.481864441295090984e+01
2.464601723152089718e+01
2.458944254374211624e+01
2.464221115803083606e+01
2.486071513390311338e+01
2.608159848902699451e+01
2.506234538163956671e+01
2.473829514869921198e+01
2.453036215607161097e+01
2.469500657291004941e+01
2.449027589550269113e+01
2.541550957990153137e+01
2.511936800475660192e+01
2.447078458935510881e+01
2.515266824161879100e+01
2.478384363388522971e+01
2.537121958974183045e+01
2.543779367275190495e+01
2.461317385067875563e+01
2.503894430805619109e+01
2.430950620603563550e+01
2.556167901799214448e+01
2.545286768912916386e+01
2.464750339940899337e+01
2.651265473353826252e+01
2.474525349233347882e+01
2.473978163983530365e+01
2.607573343035761937e+01
2.497490136276344685e+01
2.485887939391281520e+01
2.490556893899622182e+01
2.548200696735690585e+01
2.569291757251170694e+01
2.480143556006807515e+01
2.565304893759531168e+01
2.546703130726962172e+01
2.555917981250430415e+01
2.593276474843974455e+01
2.393753505091097367e+01
2.546963963896365613e+01
2.553234650959397101e+01
2.457342850815289026e+01
2.420578442876108483e+01
2.511724725118682144e+01
2.635720677738335027e+01
2.463380028138416478e+01
2.547057428946432012e+01
2.556223565018777322e+01
2.596811183854728711e+01
2.443691298079816221e+01
2.490358062027747010e+01
2.453848448883653433e+01
2.451466431963561732e+01
2.512382371435435147e+01
2.515774953925810564e+01
2.579216111189149530e+01
2.550962198877462939e+01
2.479602511928368713e+01
2.443013796288997241e+01
2.553438958542535531e+01
2.620234794753975649e+01
2.672165202369693660e+01
2.517614572182194621e+01
2.575311645156818940e+01
2.512203659676284673e+01
2.489792222177106495e+01
2.443558979189641533e+01
2.444782854141784512e+01
2.573527438116271782e+01
2.421609604315282738e+01
2.527683322657900078e+01
2.478441526015497942e+01
2.591324773338358511e+01
2.526233876683351554e+01
2.611916764028034521e+01
2.463408756944058808e+01
2.434327755701547957e+01
2.455463117509906823e+01
2.357062572891938146e+01
2.505088421069829607e+01
2.410993190817675114e+01
2.540958507214677908e+01
2.455928814600352439e+01
2.583542347188978283e+01
2.470426932384954455e+01
2.473355808425502289e+01
2.589535488023172860e+01
2.433582281184029483e+01
2.516193331088767593e+01
2.501702335860917970e+01
2.562396481318217312e+01
2.404177132546279338e+01
2.443928398036069183e+01
2.390715857783213139e+01
2.571131622553673068e+01
2.443221398540316258e+01
2.630573881272394843e+01
2.473415075118952089e+01
2.514191583674637087e+01
2.514246964687260544e+01
2.470017188852251877e+01
2.469296836512922866e+01
2.539709663932193706e+01
2.459401836063623037e+01
2.541508685057365824e+01
2.570724143029181263e+01
2.560858447436363505e+01
2.542630050605341197e+01
2.436592070523229125e+01
2.437643075802012405e+01
2.454177684057636810e+01
2.498836303072777554e+01
2.498760332412120277e+01
2.669023959308784200e+01
2.532779040773467472e+01
2.528310441417654175e+01
2.483408058767200899e+01
2.483570625241436858e+01
2.534726555263540604e+01
2.417213954624897809e+01
2.572851299275892600e+01
2.557872076705608677e+01
2.567223437299977817e+01
2.371683858347235230e+01
2.560733057155513848e+01
2.487522609900736015e+01
2.512730067563909131e+01
2.483484058481398904e+01
2.400771678769700301e+01
2.417304338454722767e+01
2.480717621092472669e+01
2.543106501704192723e+01
2.385162853486063383e+01
2.469013742145892820e+01
2.527467042849548307e+01
2.502724490889181652e+01
2.484675547376132698e+01
2.522724057370695405e+01
2.399654823370426371e+01
2.592558098176685633e+01
2.372404093679431369e+01
2.539814696871890476e+01
2.531081411226024969e+01
2.428752934375141237e+01
2.568565097982733292e+01
2.476698468510800666e+01
2.376310985178982449e+01
2.455978428602609043e+01
2.516777280431239561e+01
2.548253242186445888e+01
2.490851505707784241e+01
2.367134679036176337e+01
2.534724031044344983e+01
2.570050135886533127e+01
2.767679053948274870e+01
2.492808668514297921e+01
2.555216026952451713e+01
2.475016167638614917e+01
2.553705921813785551e+01
2.479444006719924332e+01
2.510277707578036299e+01
2.631977021436683373e+01
2.506708239296823493e+01
2.584874847749902571e+01
2.517470901543795847e+01
2.489149489384115910e+01
2.445737847237986173e+01
2.415055513421962985e+01
2.403293469433702256e+01
2.432586585617780273e+01
2.447290591979260910e+01
2.430544115804742233e+01
2.423455852565077606e+01
2.486857307495886360e+01
2.402189185290883344e+01
2.451106404937531025e+01
2.516038178065445763e+01
2.432459494933962318e+01
2.433281276385628544e+01
2.486567323460677059e+01
2.465076268467944587e+01
2.550017416307240481e+01
2.443991021512906769e+01
2.599291442341405300e+01
2.659390602153886007e+01
2.589033319383544196e+01
2.503901714627468778e+01
2.544019680732892752e+01
2.503046191829768929e+01
2.300000000000000000e+01
2.529494165683093243e+01
2.441301285628908957e+01
2.377170400123665317e+01
2.511446111965068440e+01
2.411763245304346626e+01
2.603628592438830580e+01
2.511308395520838843e+01
2.433100658380820747e+01
2.515561350928408402e+01
2.504669435437963187e+01
2.480328689167408740e+01
2.426907970446215757e+01
2.439714181826175832e+01
2.588526705859219845e+01
2.360379532026042781e+01
2.361327156544419026e+01
2.467813437510752905e+01
2.528176073243038502e+01
2.616168892919416322e+01
2.517088436857116207e+01
2.539098447604189701e+01
2.554592714502478401e+01
2.467178255321265468e+01
2.409421980239449823e+01
2.521302509433273897e+01
2.405242513227476309e+01
2.493353427310313108e+01
2.551703983317446145e+01
2.475292280730378991e+01
2.534096891069504309e+01
2.448719848843836644e+01
2.480005966540460705e+01
2.487143301825382125e+01
2.591524131451280866e+01
2.393448485669463466e+01
2.512121861247966592e+01
2.647869394743903015e+01
2.543306955732988328e+01
2.500075587299792801e+01
2.537447369636243977e+01
2.489008729748383786e+01
2.533519046812757836e+01
2.543036511365350449e+01
2.601762547859302188e+01
2.383159651256794120e+01
2.532641106543013265e+01
2.468295406873470554e+01
2.554795568885249324e+01
2.402926813863431832e+01
2.401217559635619736e+01
2.635739428680408381e+01
2.450014364086329621e+01
2.357827881405458825e+01
2.498552224666712718e+01
2.547541305719818183e+01
2.499396294666588147e+01
2.514316749687091246e+01
2.417164851226765876e+01
2.525780372502565996e+01
2.490164872372367810e+01
2.426540741819199098e+01
2.557808594999864482e+01
2.492377619000577482e+01
2.434204023902908531e+01
2.500980074932907016e+01
2.432320832420706935e+01
2.506629105512585198e+01
2.452464418458409412e+01
2.531853839055137101e+01
2.515614478560093303e+01
2.453606332908811893e+01
2.488424903234490415e+01
2.503468001093870043e+01
2.506694222603979583e+01
2.495708159824227579e+01
2.551183021829377040e+01
2.486960239439386555e+01
2.547985459923022233e+01
2.524816112237799359e+01
2.537082629595590788e+01
2.400558568977502105e+01
2.454519347489440406e+01
2.469295917982831767e+01
2.576681399401873662e+01
2.633286990785195059e+01
2.444820057592081497e+01
2.681378624966773927e+01
2.530669276273733104e+01
2.570284523711417179e+01
2.599568884202295749e+01
2.511258207014472177e+01
2.476126246009294718e+01
2.488577681097572736e+01
2.503772088719729894e+01
2.466860300743223888e+01
2.439526215363380146e+01
2.598609151197815592e+01
2.458136451711992621e+01
2.493975118530598678e+01
2.479431417779067814e+01
2.510415946545562704e+01
2.489082065510879360e+01
2.500325454599355979e+01
2.559637036574711999e+01
2.486054667719677269e+01
2.476513933559197156e+01
2.481799330092702505e+01
2.398537925395192261e+01
2.388311481768008804e+01
2.646775266140468474e+01
2.526800220255612572e+01
2.539927239928468694e+01
2.459575919513232733e+01
2.533070281924481648e+01
2.502599715923727786e+01
2.532151132764517598e+01
2.453191016715232209e+01
2.456886727693625261e+01
2.419038974439890310e+01
2.532911982542363916e+01
2.525395140637249369e+01
2.386456955870918151e+01
2.577962007858375415e+01
2.656201777748621851e+01
2.475263351068128514e+01
2.529517679815917930e+01
2.564114925219993424e+01
2.500561923641951978e+01
2.494825892785321386e+01
2.503448062054710377e+01
2.441160084381274942e+01
2.710846854054702959e+01
2.465128882059912740e+01
2.452870434983654846e+01
2.510788947560196149e+01
2.441411243334228942e+01
2.449960486005316795e+01
2.518786572924659950e+01
2.505034050186146288e+01
2.517038105480425614e+01
2.546084194489519703e+01
2.430921624691180938e+01
2.587754533911103039e+01
2.514099557344606595e+01
2.431108623054544537e+01
2.518281982016923237e+01
2.464617809714900076e+01
2.589849266487883028e+01
2.461691811671930097e+01
2.486482552932676171e+01
2.691600479725979511e+01
2.565979448153347064e+01
2.437979403904702025e+01
2.435756650916658117e+01
2.478675971279512780e+01
2.618879643853932038e+01
2.489646072810229072e+01
2.471997987196134261e+01
2.498537628416333334e+01
2.459438742420260837e+01
2.547098680405307647e+01
2.540859603770119790e+01
2.489288154680475884e+01
2.536774645862170274e+01
2.398157797827349569e+01
2.546981812206409046e+01
2.482247585410942037e+01
2.492481800964828764e+01
2.508729034592627016e+01
2.461787024547168201e+01
2.595374222729907387e+01
2.537743101399282608e+01
2.529340136175868636e+01
2.430028438848699679e+01
2.392316515581064351e+01
2.475951377203953285e+01
2.602146046024222059e+01
2.455324628270272669e+01
2.465475258268501335e+01
2.594349847832486589e+01
2.616840665520969722e+01
2.512468522119926462e+01
2.543007039385400248e+01
2.449448577069069799e+01
2.494834779122025381e+01
2.548748480789735638e+01
2.576746933101242831e+01
2.551651216227800845e+01
2.534086054853350234e+01
2.507245062571193728e+01
2.525659684540496031e+01
2.553736594010880978e+01
2.514363049421544716e+01
2.404699774116436828e+01
2.517590186281416820e+01
2.545913824643883672e+01
2.494884145489557170e+01
2.580622206991020562e+01
2.526764206238226507e+01
2.489633864411498010e+01
2.439454984895945699e+01
2.473243991898540983e+01
2.478296679491901600e+01
2.561260167752436701e+01
2.480997165965690598e+01
2.427022806017309620e+01
2.480781585991429594e+01
2.519407386649277925e+01
2.527499481703306827e+01
2.509461424985819633e+01
2.369028255931893412e+01
2.486837135424783085e+01
2.416739556124850097e+01
2.528475927793978428e+01
2.362888297812880367e+01
2.481348595633926024e+01
2.496223064985895945e+01
2.369015850009045820e+01
2.523324931408976468e+01
2.566292310114706510e+01
2.350987483060714922e+01
2.446123738845682993e+01
2.576821637096455575e+01
2.572358045650770109e+01
2.577323676030803767e+01
2.422259732669660792e+01
2.358502658747749692e+01
2.591732078658102978e+01
2.470761429295038525e+01
2.482030323935751781e+01
2.427059594529340103e+01
2.493675652382148655e+01
2.531676869548321918e+01
2.455889390236211867e+01
2.525788603123066522e+01
2.514308899624411353e+01
2.638759969910001857e+01
2.528715069353705402e+01
2.472764298599915378e+01
2.566349470397178578e+01
2.557293114995481531e+01
2.485105525760247858e+01
2.572164099644453827e+01
2.421958562211777988e+01
2.390238965356173750e+01
2.452336843825662172e+01
2.421847671440069760e+01
2.472059269013520932e+01
2.446926490842631452e+01
2.535687112974571988e+01
2.628304693396724900e+01
2.467814318003621210e+01
2.538081302100185255e+01
2.534220033791953597e+01
2.601112754042710762e+01
2.406750330935286897e+01
2.490326025560992917e+01
2.469514163630800851e+01
2.561274156735223073e+01
2.485387633981401123e+01
2.540303222962586105e+01
2.389898182179049257e+01
2.585067112884576090e+01
2.526216359979708770e+01
2.448991742616360767e+01
2.517450294738335259e+01
2.572273781085415223e+01
2.533124094053845354e+01
2.405753631784366675e+01
2.426774419153961659e+01
2.433218626971913423e+01
2.647090070748205903e+01
2.451696738786862895e+01
2.526458985315057149e+01
2.655417476478221772e+01
2.475901622240485267e+01
2.498331789910826473e+01
2.452379448944677520e+01
2.492328104393171984e+01
2.617067987204815793e+01
2.436536721953906337e+01
2.445107612905214367e+01
2.525129906339569530e+01
2.497990613967573026e+01
2.508861204908538056e+01
2.526725762631664551e+01
2.426685176400272326e+01
2.484925799915910716e+01
2.541227103060051817e+01
2.545981163830891703e+01
2.491488101659960108e+01
2.431052655927079797e+01
2.480662967397621088e+01
2.464040952011940888e+01
2.652768744950196478e+01
2.535550595805748841e+01
2.657378618344259280e+01
2.447693540620643660e+01
2.386785589370311200e+01
2.530813639260959746e+01
2.606668378100539485e+01
2.520422073758266279e+01
2.587341976828857426e+01
2.500429240426035449e+01
2.516158338696874708e+01
2.564042320233822281e+01
2.435393142037511538e+01
2.530947735097906204e+01
2.556863145386842717e+01
2.460114237003000781e+01
2.513659861921202676e+01
2.452126903165680716e+01
2.424422892678440178e+01
2.484943884128061242e+01
2.514009858109742623e+01
2.449164108414776209e+01
2.450730771350255566e+01
2.416485142001214825e+01
2.570573067887526619e+01
2.505609781844532336e+01
2.455331928241875517e+01
2.535828853598623667e+01
2.612555203892454259e+01
2.480404884365312768e+01
2.645663080855694815e+01
2.486588416512163136e+01
2.367338403687746151e+01
2.552191195291172576e+01
2.500432841063210887e+01
2.537061699310893204e+01
2.505499476372381906e+01
2.514045861688176586e+01
2.526706626116168408e+01
2.524611337305060488e+01
2.472041890186240920e+01
2.622939366804640926e+01
2.477348690282369503e+01
2.475128978699542870e+01
2.548017389475739236e+01
2.708142955420318998e+01
2.457514825855053076e+01
2.484265748079908320e+01
2.605197019605975228e+01
2.615499712416869116e+01
2.555931943273630580e+01
2.398186847081616691e+01
2.499834116941543272e+01
2.408429912041634324e+01
2.498014259926186043e+01
2.496287026806588116e+01
2.592853880196762262e+01
2.633983064355228265e+01
2.449689190771747604e+01
2.435757131500503192e+01
2.365513156511563153e+01
2.428068200426007550e+01
2.627601645145903220e+01
2.475153658819911939e+01
2.640320779841159649e+01
2.505576864306892304e+01
2.575048851448482168e+01
2.459569094698266056e+01
2.461463685420019942e+01
2.552560119172472142e+01
2.527779105030934303e+01
2.572795201645340768e+01
2.582617110072864719e+01
2.624231081751724304e+01
2.466848790633013877e+01
2.477823714530827814e+01
2.502215796719021768e+01
2.574177849098569482e+01
2.483403121130615787e+01
2.386495311038000722e+01
2.427184540441517413e+01
2.424686834023852811e+01
2.764544411585518802e+01
2.646224027933011769e+01
2.521338926691727167e+01
2.516538471763721674e+01
2.467440085005575057e+01
2.383358889598998687e+01
2.451019106038459228e+01
2.531146049082288840e+01
2.527039733706063629e+01
2.427433912727470045e+01
2.553951293845952719e+01
2.002422549221683568e+01
