1.595735489540680518e+01
1.637546133152191885e+01
1.549329673799406670e+01
1.625704295482963602e+01
1.632827219539227315e+01
1.603993591902782612e+01
1.607146453786360141e+01
1.546366268266241661e+01
1.583287041445841048e+01
1.653968926337162060e+01
1.591356389243759573e+01
1.566635002019443057e+01
1.617474676792650357e+01
1.548703868288799335e+01
1.575647474041470275e+01
1.693364299120845118e+01
1.578421136422925208e+01
1.576031492511787135e+01
1.567266084595892295e+01
1.618195392490215312e+01
1.609116720994625283e+01
1.600989405552543587e+01
1.641347982210595546e+01
1.670334114570945871e+01
1.587198854067091780e+01
1.586036168309543370e+01
1.628672341450620209e+01
1.671182646931114490e+01
1.610011003751398562e+01
1.583959931922774800e+01
1.579968891011541032e+01
1.581454550466342290e+01
1.628208522693864069e+01
1.688359890755416615e+01
1.604879512007265063e+01
1.618493534269258305e+01
1.649938056643619788e+01
1.600737045204823872e+01
1.580625550822469094e+01
1.624598618504763081e+01
1.578027535212737575e+01
1.579161580280351451e+01
1.542854493226979606e+01
1.559876961444063070e+01
1.592223572618477512e+01
1.610267913174294918e+01
1.592671502072861323e+01
1.640038534173877949e+01
1.576299974333317699e+01
1.654597242036984994e+01
1.579627909018158327e+01
1.639323812813717396e+01
1.636848048145472490e+01
1.696786904156071429e+01
1.564877058981552338e+01
1.654115010097522287e+01
1.603602101675771863e+01
1.601742297756290156e+01
1.616428755303874709e+01
1.681706539110298948e+01
1.565835355338297319e+01
1.582557045862500011e+01
1.566070259492398975e+01
1.590125525119803740e+01
1.579883296590305974e+01
1.643174841405971520e+01
1.579720864688958137e+01
1.576294217991931035e+01
1.556664358802134451e+01
1.615792140379526032e+01
1.687226585524997446e+01
1.646995231278204130e+01
1.622704450999490078e+01
1.573296517919845883e+01
1.583761159028812671e+01
1.599504087894322701e+01
1.687382762746284826e+01
1.643386467938464790e+01
1.586488575230146303e+01
1.587214548194113384e+01
1.657037922067942048e+01
1.623805377353841095e+01
1.612308344134796556e+01
1.607344752744176475e+01
1.583724680076531754e+01
1.621125062183574883e+01
1.633418027750812485e+01
1.610122508710084688e+01
1.688183674803241630e+01
1.640741574615798015e+01
1.599726161688012915e+01
1.537474895298258915e+01
1.634894861659335774e+01
1.636676981965987210e+01
1.578678856393449514e+01
1.566225101763316552e+01
1.623872417548768610e+01
1.585792703882349386e+01
1.621441019929454086e+01
1.598109447255845339e+01
1.616957937630960274e+01
1.591220260439148504e+01
1.571199842154860349e+01
1.575424486267674240e+01
1.577507479365708321e+01
1.639201131972129843e+01
1.580027339022982424e+01
1.605747060979522089e+01
1.671678696873583903e+01
1.553760519816661478e+01
1.578649390069090686e+01
1.551380088762519094e+01
1.637044275831235396e+01
1.648440500194769953e+01
1.623070041157139443e+01
1.622784901537750102e+01
1.596849063928678270e+01
1.573492295554574838e+01
1.644155887162295215e+01
1.606897152081808500e+01
1.596269725637510462e+01
1.566525922031502915e+01
1.654424903425625715e+01
1.674288750842969264e+01
1.648144423867029218e+01
1.598237991313029838e+01
1.623891380291044584e+01
1.647866915242007479e+01
1.609348845224168656e+01
1.594180728522866808e+01
1.589847021733330656e+01
1.560152920917516717e+01
1.614561392131300366e+01
1.577628282787013170e+01
1.625432891222372689e+01
1.578066507359624815e+01
1.616200636691291947e+01
1.645449459604660802e+01
1.563116228869187907e+01
1.554631078641389408e+01
1.608962283157029560e+01
1.623019045460788590e+01
1.642875088091875213e+01
1.579459486543000146e+01
1.564067483712641504e+01
1.598335585188917918e+01
1.598118915874450963e+01
1.578337951494491165e+01
1.564067309130318328e+01
1.575332084981640612e+01
1.543276624954075338e+01
1.631744245324643927e+01
1.561248692578119091e+01
1.604812115745008327e+01
1.574991455356596859e+01
1.562935351141921991e+01
1.609873569841141361e+01
1.573358097724730698e+01
1.585258063807812867e+01
1.606293045973155742e+01
1.680851240001614144e+01
1.633468377286683904e+01
1.580740658983400238e+01
1.570574616029260895e+01
1.610663958505669058e+01
1.579157411399911126e+01
1.616278376558140550e+01
1.585450788366085639e+01
1.591204412647226718e+01
1.599841268275180717e+01
1.665371134010175780e+01
1.561579883801996438e+01
1.607269174576591197e+01
1.630016317732808773e+01
1.615178874250354113e+01
1.605496539590695093e+01
1.558578386535262261e+01
1.589225558518910120e+01
1.636742366353041689e+01
1.637475912033243119e+01
1.587229409290156568e+01
1.623994793176693463e+01
1.616819543950976268e+01
1.619877906947190738e+01
1.595236480552139291e+01
1.622722741846032335e+01
1.590162475921995267e+01
1.605149414563269161e+01
1.608051328776321043e+01
1.598793879001009266e+01
1.619446275057407902e+01
1.577453674531074412e+01
1.608757926402472549e+01
1.597307481515944794e+01
1.649445227196902053e+01
1.598712615763022349e+01
1.579580988266044628e+01
1.610404588340538723e+01
1.648790856848744468e+01
1.622789541248430467e+01
1.621329329133743613e+01
1.554199756262273446e+01
1.618370890343422985e+01
1.600758980927434294e+01
1.617242408054744374e+01
1.630104756243634867e+01
1.597152529554158740e+01
1.580150717327389565e+01
1.594247942276298957e+01
1.589415179619950536e+01
1.670885287909144168e+01
1.584664039418382586e+01
1.651699524980968903e+01
1.568629878266408717e+01
1.556753835978955536e+01
1.603626465014225388e+01
1.588867717097143206e+01
1.588837659651994549e+01
1.613579432113433398e+01
1.548730447132255428e+01
1.589753753702919958e+01
1.619253259616089125e+01
1.622973208995045269e+01
1.583788980892005682e+01
1.592454932122928923e+01
1.622174352107117912e+01
1.570844933367809482e+01
1.613293856749484334e+01
1.598702402633802322e+01
1.614479258716201926e+01
1.581461871194096425e+01
1.603290581871296183e+01
1.616412794478966930e+01
1.591212167981368708e+01
1.618767296435316894e+01
1.567065565682675654e+01
1.624497642079854387e+01
1.626775055889921617e+01
1.552457762674277575e+01
1.626236346649779207e+01
1.621858064787334541e+01
1.583634215219588093e+01
1.569481199858080878e+01
1.578001784900042637e+01
1.609907305108498932e+01
1.553215114047291934e+01
1.629095654117860192e+01
1.589449064248058896e+01
1.647800124124659149e+01
1.573292673812975906e+01
1.595602864774577512e+01
1.647024107117055181e+01
1.586736789616125520e+01
1.597386836948531830e+01
1.604587734304882574e+01
1.566744813493065358e+01
1.615596788028587838e+01
1.586825163865983512e+01
1.600117905973869981e+01
1.576689061495797262e+01
1.527167032361271737e+01
1.584187360025949864e+01
1.594883580826956937e+01
1.608392422877227901e+01
1.565951667292614502e+01
1.572342191437707193e+01
1.615625030256967420e+01
1.599271970364888595e+01
1.564895795071765328e+01
1.553989094047278563e+01
1.616560832758600341e+01
1.583530451092957847e+01
1.582800987923354619e+01
1.572908147650916177e+01
1.579426045875622009e+01
1.617198444462237461e+01
1.602980062286395579e+01
1.594480509011989611e+01
1.572265261842446371e+01
1.611041144162973637e+01
1.629259468867082461e+01
1.559885701527261226e+01
1.599852330551607160e+01
1.584502987597912416e+01
1.567071767673227534e+01
1.616309928584776401e+01
1.599697072586562818e+01
1.628936370655517507e+01
1.596726645700568170e+01
1.588728804835105635e+01
1.581627421119150689e+01
1.607994641484725662e+01
1.596694957995723030e+01
1.619360943849833490e+01
1.577287120890746408e+01
1.613599025702822942e+01
1.600362715824318371e+01
1.655026388746406241e+01
1.577418240742352928e+01
1.628035825758859545e+01
1.598738290734043943e+01
1.551307910947585000e+01
1.613839204776761704e+01
1.640018225397418661e+01
1.598291999651679696e+01
1.613276736698171376e+01
1.560149626492365016e+01
1.573548532640007203e+01
1.651993677952100015e+01
1.610559712014207889e+01
1.611835396969480527e+01
1.620664576021338377e+01
1.570827249405936676e+01
1.637499593121656360e+01
1.660171396966694957e+01
1.563386447016381275e+01
1.575741578524843334e+01
1.626021184450742041e+01
1.606207314362040606e+01
1.638793856558691076e+01
1.666531084084233427e+01
1.598663547434333942e+01
1.598002684178118038e+01
1.641048560658466116e+01
1.580844280894256215e+01
1.668078689915421364e+01
1.584733279067479117e+01
1.615171496409401897e+01
1.605254847691129427e+01
1.599414381537140883e+01
1.620097781567669415e+01
1.563761478004405525e+01
1.613883496247147775e+01
1.618437760358508726e+01
1.636791627750528377e+01
1.614686455756383054e+01
1.579404730920674638e+01
1.580212567700678861e+01
1.566360137667023622e+01
1.575813284704664596e+01
1.625660651416409408e+01
1.600439381096039071e+01
1.563909152615756604e+01
1.601324164245624360e+01
1.558897994500646789e+01
1.612388258675031949e+01
1.579795617028413801e+01
1.577117615016998187e+01
1.569435134764529138e+01
1.651405796868093745e+01
1.608931616344782256e+01
1.621167120902999415e+01
1.607603934333392459e+01
1.633893654485707003e+01
1.611463435810141220e+01
1.582730012693418864e+01
1.597679458776637595e+01
1.595384526459835861e+01
1.592850791050974912e+01
1.598935012794046706e+01
1.588446105406140774e+01
1.600576341378883072e+01
1.593857812208828584e+01
1.632339806293474638e+01
1.643849213770552353e+01
1.617510149306957601e+01
1.611192155067918819e+01
1.550324162060516286e+01
1.611403135741276316e+01
1.682746419941066307e+01
1.578935163091222904e+01
1.588445703874282167e+01
1.606366807651423656e+01
1.623848633569227218e+01
1.569156100065815096e+01
1.595600535209448623e+01
1.614460399314801720e+01
1.597101556127302402e+01
1.539201145791878211e+01
1.594047508460500673e+01
1.571602911387521040e+01
1.702401586632634078e+01
1.615291600955582751e+01
1.624961005338561648e+01
1.571400609780016389e+01
1.616794064146668219e+01
1.627958488798105563e+01
1.600104129424548560e+01
1.529247397992048008e+01
1.585543779548539334e+01
1.632584994023116565e+01
1.661857117896827418e+01
1.574104781641609918e+01
1.667610270409682727e+01
1.570748191530171134e+01
1.585027354103521446e+01
1.644022549580085624e+01
1.587800677201703259e+01
1.626626229980641369e+01
1.600027869675598069e+01
1.607524967498980573e+01
1.606608461463266835e+01
1.596037701827800426e+01
1.607953131024029148e+01
1.630636708886560271e+01
1.618124354381188112e+01
1.584630290782090434e+01
1.588981175145341673e+01
1.587242522528286237e+01
1.551602637379951233e+01
1.583919479885400428e+01
1.621119703381235411e+01
1.625609806101018862e+01
1.601299494454580241e+01
1.576487191489728978e+01
1.582119577886451012e+01
1.595806727509241085e+01
1.558829306478019028e+01
1.598537110195068855e+01
1.597411277282197695e+01
1.563566328376569992e+01
1.583383210241407113e+01
1.588743155230707771e+01
1.567422487241133489e+01
1.594684559579266114e+01
1.634466890568617359e+01
1.609609839130255082e+01
1.587462224557563495e+01
1.629336080640379336e+01
1.580887061166018093e+01
1.613468094990135882e+01
1.602179570172846823e+01
1.657097469473825413e+01
1.575555066987525521e+01
1.618585233237678978e+01
1.591006358779132945e+01
1.562546200386312734e+01
1.587322417388665130e+01
1.586559543512599468e+01
1.646928772701780375e+01
1.608958821976399278e+01
1.613000942888487543e+01
1.591145676224188676e+01
1.589203967328342060e+01
1.594369114626852912e+01
1.596386772931919928e+01
1.610342232080611069e+01
1.578086361170965723e+01
1.572486332241208196e+01
1.586020782667081264e+01
1.578238330049102700e+01
1.612917043359946234e+01
1.562736059986504067e+01
1.598042586104777207e+01
1.615293327910383780e+01
1.596251316212215521e+01
1.528730199819161406e+01
1.617488997097967740e+01
1.605698467917575556e+01
1.633815731589573161e+01
1.654161670221998293e+01
1.626340846737928558e+01
1.569547096006438025e+01
1.564403731201600500e+01
1.580126282022000872e+01
1.572695976072294854e+01
1.603010200737571722e+01
1.578946881338115027e+01
1.617638732903008503e+01
1.625018303874809433e+01
1.606031972161561328e+01
1.582488108078554490e+01
1.577477528863557232e+01
1.595228211415402519e+01
1.595267472701379496e+01
1.603460172477189616e+01
1.593950611548103069e+01
1.594544028926627455e+01
1.629839719944082077e+01
1.578556367714229403e+01
1.539920194387493702e+01
1.636158844363186660e+01
1.571128556785033759e+01
1.588797000879747046e+01
1.596825487198771931e+01
1.573695970922660692e+01
1.633723744461949323e+01
1.576158247108394228e+01
1.555269469906098934e+01
1.562321470975799365e+01
1.629886415227106866e+01
1.597696846206523524e+01
1.620283601340745605e+01
1.644002017676267968e+01
1.623793613812680903e+01
1.527747910500318618e+01
1.588926780530430172e+01
1.575091084155993748e+01
1.635978499826428845e+01
1.622143766068883153e+01
1.574567702806214520e+01
1.617687213717318429e+01
1.659680803853181530e+01
1.598845848587715146e+01
1.601573677996718459e+01
1.536216197564066732e+01
1.591317839683948776e+01
1.611282083480006122e+01
1.615310082728422714e+01
1.594121190284690570e+01
1.597873871339937502e+01
1.649924996030797786e+01
1.656682971320701014e+01
1.606986785426180475e+01
1.585919182717118225e+01
1.601657733969590325e+01
1.591189766805310057e+01
1.611084328417508615e+01
1.659587730616769008e+01
1.606937801174134606e+01
1.602197149538785226e+01
1.615399693466018149e+01
1.561826269386545007e+01
1.642356996254921597e+01
1.638003780301711743e+01
1.631080250206400706e+01
1.575115008631969182e+01
1.600357781572532900e+01
1.638493073140922718e+01
1.622286167902265319e+01
1.627502984550753595e+01
1.549538760602143661e+01
1.551642899947998266e+01
1.595331978808829199e+01
1.587398796273638979e+01
1.561424182359590418e+01
1.647089427276477025e+01
1.608732473875683766e+01
1.605164779517165741e+01
1.574576033265785391e+01
1.624259986006541112e+01
1.622139149335584207e+01
1.597021754903307844e+01
1.570427559626971536e+01
1.592242514687888999e+01
1.569036721982898008e+01
1.586037525886763255e+01
1.594535147217840887e+01
1.644153344425280849e+01
1.599560760205915066e+01
1.604463957092168158e+01
1.600828249297831718e+01
1.573687604904366388e+01
1.610244359165003658e+01
1.657420632050629905e+01
1.649086658010067197e+01
1.609902995724056396e+01
1.659181232699506481e+01
1.564575252138494221e+01
1.549747067281596813e+01
1.655581210787374857e+01
1.593975293402853666e+01
1.631007998804744119e+01
1.615699809568453205e+01
1.604899815146631781e+01
1.594411790372020654e+01
1.626595464826421988e+01
1.650658375361354402e+01
1.550929751594593853e+01
1.577477152793228221e+01
1.612408059205773370e+01
1.608075007011002100e+01
1.567203446661919131e+01
1.614951556823739764e+01
1.600071697298739082e+01
1.560623881760801446e+01
1.641427464195000496e+01
1.581586971951590037e+01
1.587315400703259094e+01
1.580694776184727424e+01
1.606878111970467060e+01
1.574729887513687032e+01
1.526689765657964415e+01
1.589415961415333278e+01
1.578961120598897772e+01
1.579606370128790438e+01
1.628007823689141631e+01
1.583096728196553649e+01
1.594700845224508612e+01
1.607509325030518710e+01
1.604518507647966530e+01
1.570940322912132281e+01
1.579876618643899278e+01
1.639710280293076750e+01
1.586634631739688750e+01
1.577084651074403077e+01
1.553714356886115233e+01
1.585012138677945615e+01
1.595117786933523973e+01
1.644995044497983727e+01
1.575374378426559296e+01
1.658356364760217616e+01
1.551962720379751914e+01
1.588289282370803512e+01
1.546984840645019332e+01
1.602406393940130158e+01
1.593954529377513651e+01
1.620891273164489732e+01
1.652955746760554590e+01
1.607327402278849959e+01
1.637739393738047866e+01
1.599824916247407103e+01
1.607048937183275683e+01
1.628738106035741851e+01
1.609990083911920422e+01
1.579160667983184574e+01
1.622934065768610523e+01
1.598549379320255248e+01
1.639316714498330185e+01
1.619731541550590848e+01
1.600354801642003366e+01
1.558198589840657533e+01
1.587895709259770527e+01
1.603179481323869027e+01
1.516402616005805193e+01
1.594112136630526599e+01
1.606861630449730427e+01
1.585579280055394413e+01
1.639467384400920835e+01
1.610373403646775259e+01
1.632840221941884451e+01
1.609401926428190066e+01
1.546433826788093846e+01
1.571672386919997244e+01
1.647126347184792294e+01
1.552452492153719454e+01
1.546077464327046691e+01
1.591355916068127740e+01
1.566085313850415517e+01
1.595262254558319981e+01
1.648691227197720721e+01
1.556906951539907880e+01
1.652540798248754683e+01
1.606820525053322868e+01
1.618166030748083983e+01
1.614632385436933859e+01
1.566571909838838295e+01
1.638923271378391533e+01
1.564664511197260310e+01
1.552495602195953595e+01
1.585401472322875982e+01
1.576641796831518683e+01
1.599494561765416911e+01
1.606565005051073314e+01
1.671990986256451706e+01
1.541842973813439066e+01
1.664773357937824372e+01
1.573748050018509836e+01
1.566574670033427452e+01
1.545341265816935561e+01
1.634420724986954099e+01
1.607401037729476556e+01
1.614829469043758436e+01
1.594553568786421849e+01
1.630733976918241979e+01
1.558560113614346498e+01
1.623263346414086072e+01
1.599232228551877100e+01
1.615490391936156911e+01
1.574417994113998098e+01
1.593516901429311616e+01
1.579120939531232892e+01
1.605715504107716640e+01
1.582442318884787369e+01
1.554810935641381420e+01
1.568163170084564406e+01
1.609606572065238339e+01
1.638111730870211602e+01
1.601083827407623517e+01
1.603545720705849931e+01
1.561437381656105394e+01
1.649629911157586548e+01
1.575653964094727932e+01
1.584277348256394546e+01
1.612899392710615842e+01
1.590352326389060345e+01
1.548594616973475802e+01
1.551654538949797413e+01
1.649946257807006234e+01
1.617501743611385479e+01
1.589408502040035209e+01
1.551563871647537596e+01
1.589106622444921513e+01
1.568867430732289492e+01
1.641375352426770107e+01
1.552518232154246647e+01
1.625851021098661775e+01
1.653930340478245853e+01
1.580450446848489143e+01
1.603761609745411931e+01
1.599526930905117794e+01
1.590389221289668420e+01
1.538827152370730289e+01
1.543328906185092819e+01
1.580700176081018427e+01
1.625965899137326787e+01
1.564823442761409922e+01
1.603838032082858689e+01
1.576487853688335683e+01
1.606570545458371768e+01
1.544748450825651354e+01
1.676933305474865676e+01
1.611147429864762159e+01
1.550557650211981020e+01
1.579282123874931187e+01
1.559060927878763536e+01
1.554546680963143857e+01
1.647446529663162806e+01
1.634204546344583520e+01
1.634766246148898006e+01
1.631106860455935958e+01
1.574983271623755776e+01
1.619617461090386712e+01
1.605539604572202350e+01
1.668612361782769327e+01
1.557142881572775472e+01
1.600686523374967862e+01
1.540781373277236099e+01
1.571147737554905000e+01
1.613395526560507776e+01
1.649052831826157117e+01
1.551439814662648153e+01
1.579886776610015531e+01
1.579961441340205397e+01
1.612768446695131175e+01
1.561922409385839927e+01
1.593893701993875034e+01
1.630026158221713928e+01
1.602478115677079629e+01
1.608905124034433243e+01
1.615220877834349977e+01
1.577700019366488426e+01
1.597683273942683613e+01
1.596853870002803610e+01
1.637138191490633687e+01
1.629607286987717885e+01
1.601943117427065388e+01
1.581581229380787512e+01
1.587547085267848246e+01
1.632728846966871927e+01
1.601327743188312525e+01
1.599308760634671245e+01
1.626925191319447705e+01
1.573856260703867527e+01
1.615084458253553379e+01
1.569052113188147501e+01
1.611576287308971089e+01
1.615764420443378313e+01
1.597758225857407410e+01
1.631007259932548337e+01
1.596125894579258464e+01
1.573460960393076569e+01
1.613136926608166988e+01
1.569813590471244957e+01
1.592482738785597540e+01
1.586772011347720479e+01
1.575427319789321956e+01
1.593023511595280617e+01
1.577975446522868808e+01
1.624304040584275555e+01
1.575309236492548770e+01
1.617078694779412373e+01
1.637067574698826178e+01
1.602772909544171398e+01
1.616615546665852676e+01
1.612355451610700996e+01
1.635072369927469893e+01
1.673746452750297564e+01
1.584224586222327602e+01
1.657864938599536586e+01
1.572149970326006319e+01
1.626500302974168477e+01
1.647647655980344794e+01
1.634603300138113369e+01
1.601646943667281775e+01
1.604470372076105633e+01
1.593431774819008240e+01
1.620199188549022651e+01
1.606748912481483060e+01
1.615688169178191558e+01
1.582732797482110065e+01
1.554742377799539277e+01
1.533993806766238599e+01
1.573401347118448612e+01
1.607962138639213379e+01
1.594504610992198756e+01
1.602217942260513084e+01
1.640488368121350504e+01
1.647622287818786901e+01
1.591545323417055080e+01
1.623115151349408336e+01
1.589401659278083301e+01
1.612040609909460187e+01
1.601558524682442552e+01
1.575567215518140429e+01
1.561058722993035630e+01
1.578593099089899709e+01
1.567646514308103534e+01
1.617892308108620369e+01
1.629741293280024195e+01
1.582867844260390378e+01
1.595064667616562382e+01
1.564142854548961914e+01
1.571942211723140481e+01
1.631515623053369168e+01
1.645347840929854044e+01
1.660452498763941875e+01
1.587704622610992189e+01
1.596093505392447121e+01
1.606183638218742615e+01
1.574055791315318409e+01
1.622447488544037242e+01
1.593113217793477077e+01
1.574767237108600959e+01
1.580869837232292596e+01
1.559389588862843290e+01
1.610563576600567970e+01
1.610155495744286824e+01
1.594900566845041290e+01
1.573038457243344901e+01
1.640199971442993743e+01
1.595668741840610672e+01
1.617360792648730339e+01
1.588838490492403466e+01
1.537896956143162797e+01
1.616798350640247506e+01
1.625336003120401784e+01
1.552848519285543816e+01
1.600602710695962472e+01
1.558477837265124499e+01
1.585026106435034521e+01
1.570178759115526645e+01
1.551439083285974263e+01
1.556371503392979427e+01
1.626590594599669259e+01
1.575768024666844092e+01
1.656474578067621550e+01
1.611463707166161186e+01
1.519157411216549036e+01
1.602162347485504768e+01
1.633329041845128771e+01
1.574213033872240786e+01
1.606341948907375539e+01
1.574777128333070486e+01
1.618590566264607489e+01
1.561110222107215151e+01
1.585226774988746179e+01
1.632204412904503599e+01
1.643083344373599530e+01
1.581191815037449544e+01
1.581253640685708106e+01
1.575470828141925850e+01
1.598241855998738004e+01
1.500943425935310138e+01
1.560065171971195674e+01
1.617669308266335904e+01
1.603396798268413903e+01
1.643908356036268614e+01
1.594488184473093462e+01
1.625584161202665712e+01
1.591136782322189980e+01
1.614122365907764589e+01
1.550331935059571009e+01
1.584550994644765076e+01
1.660534466193792724e+01
1.584654044796351613e+01
1.587949021870310595e+01
1.642936788778519386e+01
1.604506816202959030e+01
1.655025630916408730e+01
1.568490520404338895e+01
1.627799131132547217e+01
1.646248950296126168e+01
1.559183213296014614e+01
1.588206228431781142e+01
1.599394567559691716e+01
1.633168973732728801e+01
1.605268237202372106e+01
1.567944356903731595e+01
1.634961678521036887e+01
1.598422457952433717e+01
1.623658614394483735e+01
1.612939765263684677e+01
1.602374173314381878e+01
1.625343747279368856e+01
1.567321994615948633e+01
1.601124679930984129e+01
1.588948348148269218e+01
1.536064203839299580e+01
1.642211098428386862e+01
1.638759196065080914e+01
1.574487646848650790e+01
1.585560500955227781e+01
1.591867256131503261e+01
1.592049954979408355e+01
1.637477790722356019e+01
1.624823657452251524e+01
1.618426854496356881e+01
1.596406407607908307e+01
1.553090708180570445e+01
1.639983899730276562e+01
1.594827827779414164e+01
1.597502618839450328e+01
1.611398310804777978e+01
1.580248261229317386e+01
1.606060235658614488e+01
1.618380445704244153e+01
1.620643966750101939e+01
1.578884178308192610e+01
1.632494260718955914e+01
1.575471457931333674e+01
1.573098561103351045e+01
1.573347773932170313e+01
1.600280976808475586e+01
1.660385859645305473e+01
1.626667217082786721e+01
1.651168384151367263e+01
1.619300964497664452e+01
1.659874515402163908e+01
1.599691851642315576e+01
1.601248342680137071e+01
1.657370284373221381e+01
1.603711360345155157e+01
1.608160831903703070e+01
1.604489549560598860e+01
1.552113599700542679e+01
1.615483674657009061e+01
1.601612758530481528e+01
1.634268500995350948e+01
1.617662927930629735e+01
1.558513531171547939e+01
1.632672711494307549e+01
1.549578092021480202e+01
1.567779957587099204e+01
1.632877028497509642e+01
1.619466214371966473e+01
1.635093200660407931e+01
1.542398038131671534e+01
1.598214853186643758e+01
1.577186665358318329e+01
1.650890432042031364e+01
1.562415852158469498e+01
1.673200150268114683e+01
1.595018488623904496e+01
1.593153741713004301e+01
1.623707657159569706e+01
1.558811155253833469e+01
1.633335517972000162e+01
1.574208090873839616e+01
1.574522841921761263e+01
1.632090642037759309e+01
1.628893066162602921e+01
1.623371731214815128e+01
1.613714888092150090e+01
1.610235732348890636e+01
1.579681360965602721e+01
1.512069776527744125e+01
1.647856955138400892e+01
1.620955001569623022e+01
1.589538678198747768e+01
1.587360509635827199e+01
1.577449605315908521e+01
1.533351253571151673e+01
1.646588483851588691e+01
1.662779891440960611e+01
1.620639857779883286e+01
1.604637183869812844e+01
1.619960371776385699e+01
1.661339572137521259e+01
1.552078959397184832e+01
1.543936563752734514e+01
1.590252430475395684e+01
1.536228385958644793e+01
1.604601661707522098e+01
1.575256379105602456e+01
1.587689519106003644e+01
1.584316373745056339e+01
1.591696906528998490e+01
1.585814371037596970e+01
1.603496023921147895e+01
1.605588731035478034e+01
1.573636512828697143e+01
1.535661632924390219e+01
1.600824857889324804e+01
1.661941798251019975e+01
1.608146039893686208e+01
1.672517870677323160e+01
1.594126511857904838e+01
1.571442752319960690e+01
1.537880184316512810e+01
1.622302666769023816e+01
1.631210250973652620e+01
1.519435555177168773e+01
1.603702251460769901e+01
1.569398019138175648e+01
1.601188102803518731e+01
1.632525564318672551e+01
1.600509785620992886e+01
1.592064297748214230e+01
1.621392312165914262e+01
1.600722548617712349e+01
1.566167288356310117e+01
1.590394741606812445e+01
1.608363226009059943e+01
1.590470172872834098e+01
1.655906637498347678e+01
1.558345867534956142e+01
1.600165691875617213e+01
1.532134491577550151e+01
1.651049780276867196e+01
1.585383298865036217e+01
1.601664485851722475e+01
1.612120605584377486e+01
1.592818519331733107e+01
1.591739177795373905e+01
1.671610633515439659e+01
1.603784295805306925e+01
1.642561449086828063e+01
1.631694413063564753e+01
1.599504322389647548e+01
1.676294947467956931e+01
1.622196979101676817e+01
1.619251672120223162e+01
1.587809011536186787e+01
1.659953441468080371e+01
1.628999971192417817e+01
1.665999598418988015e+01
1.574101343721912549e+01
1.555505776675455820e+01
1.640801789912438124e+01
1.616066490261595234e+01
1.570240697000093988e+01
1.608550640971763102e+01
1.636635833713296151e+01
1.613482977037673649e+01
1.556533682402871754e+01
1.590391454431333251e+01
1.594522187564433047e+01
1.574710965345913749e+01
1.626699157139121610e+01
1.579866105159381284e+01
1.581018719343912338e+01
1.628243838116423703e+01
1.577849693644859386e+01
1.557501044526271983e+01
1.624674539278471030e+01
1.691788793184704431e+01
1.637402746551064325e+01
1.590845657983900452e+01
1.593462747175553140e+01
1.641693966180769237e+01
1.558630236493240417e+01
1.637280501480422501e+01
1.649864285829558241e+01
1.593201937542236379e+01
1.612951315943876551e+01
1.527811039236089741e+01
1.623683114034769659e+01
1.619777261674639490e+01
1.619191834421022591e+01
1.594409596098142323e+01
1.618671833445421626e+01
1.546214732478954801e+01
1.623700043879400567e+01
1.551022329490669449e+01
1.565979968297477853e+01
1.644532474875649086e+01
1.619744373675021265e+01
1.632528509501844027e+01
1.592337512701610969e+01
1.580832763944060027e+01
1.623469919026968000e+01
1.646169538682421418e+01
1.601395444965919879e+01
1.604503389860320794e+01
1.602770480255516361e+01
1.561427217265554823e+01
1.581175636368237392e+01
1.588355503138016367e+01
1.639874552616943504e+01
1.594347552150462732e+01
1.604248322897160506e+01
1.548671884558881828e+01
1.634073092131068705e+01
1.609156907862324104e+01
1.650030552465909039e+01
1.591526174567626484e+01
1.614665373618424482e+01
1.578636798197875990e+01
1.656120491901401692e+01
1.591639083120571563e+01
1.539236343715212030e+01
1.622065890558964441e+01
1.607281226137073205e+01
1.543546390307280092e+01
1.568859686782531782e+01
1.640699049054452630e+01
1.590104267082554301e+01
1.612117414344755062e+01
1.561169396145654531e+01
1.573228045830094146e+01
1.622371882677488131e+01
1.579337164215688460e+01
1.563844689957692147e+01
1.590433084920227991e+01
1.575653927876766680e+01
1.578563643445539633e+01
1.596171876122361688e+01
1.595429210513132645e+01
1.588566913461662899e+01
1.600067033690366003e+01
1.605652544620095057e+01
1.695775823796275361e+01
1.605747699186092348e+01
1.637057352073980354e+01
1.552079873400530730e+01
1.638352514572426344e+01
1.568015683539315575e+01
1.626642202661418679e+01
1.620450172985489701e+01
1.622867211175763558e+01
1.574094553998634538e+01
1.581171486362581113e+01
1.613687977660243789e+01
1.595095655616290209e+01
1.615852213575301732e+01
1.633212603246494510e+01
1.658183124472856207e+01
1.660672898365154282e+01
1.644352556221720008e+01
1.631918785394246640e+01
1.608816037895380546e+01
1.567602521980077235e+01
1.559332586379845331e+01
1.565829987216887886e+01
1.568070139253386408e+01
1.605601846457664550e+01
1.590817722867586070e+01
1.620502011644904172e+01
1.621768925650323823e+01
1.614006061612926857e+01
1.615698689829974199e+01
1.591788635277370112e+01
1.609977159575684524e+01
1.658441948951673695e+01
1.633353035260651964e+01
1.582267814254489124e+01
1.616771413828720938e+01
1.588654881112887551e+01
1.558360165430280553e+01
1.589410739572702091e+01
1.564482925558313298e+01
1.613579723805370492e+01
1.588302763599138601e+01
1.607498456570001366e+01
1.603470800143868402e+01
1.616488359010342535e+01
1.571509159006711798e+01
1.561684227844037487e+01
1.617369389656637679e+01
1.625972083205202168e+01
1.655039950839302421e+01
1.582148106945926003e+01
1.603713235496048739e+01
1.616256930284029991e+01
1.576861145086073179e+01
1.593725648863346045e+01
1.604757917502356079e+01
1.643702037067649968e+01
1.585525534253200419e+01
1.562603819651789294e+01
1.583689071342206489e+01
1.597360204875033496e+01
1.624829806405231025e+01
1.548933686965315815e+01
1.592161585416610237e+01
1.585097925211816694e+01
1.612789274624359592e+01
1.650303527371979584e+01
1.603178708401709329e+01
1.615735484970457136e+01
1.611867880815715992e+01
1.571665466819361434e+01
1.624756069931320113e+01
1.609641436567528672e+01
1.581009130021906195e+01
1.585057715184070126e+01
1.591358608791115081e+01
1.568994649544946718e+01
1.591318167962052144e+01
1.601194476603399153e+01
1.575019003869253886e+01
1.624369674934865060e+01
1.615565779776661159e+01
1.587147359916586709e+01
1.630304935550807599e+01
1.592619133342779492e+01
1.542756429818108366e+01
1.654388140649402672e+01
1.672414010067175028e+01
1.612257032288913905e+01
1.603876881870972682e+01
1.543116119942156139e+01
1.611356197990598815e+01
1.550873526194522078e+01
1.587960717419909784e+01
1.579400177153704909e+01
1.596305694487326043e+01
1.615257265461682223e+01
1.618390187686106074e+01
1.635429300565581912e+01
1.566524935543872665e+01
1.551698243997216764e+01
1.596462347252278846e+01
1.537514973278766739e+01
1.577576258212795679e+01
1.578138833036911493e+01
1.593279502400043413e+01
1.602496796560682313e+01
1.590029937324122855e+01
1.599842886461889258e+01
1.629670549270928248e+01
1.556807108832044406e+01
1.633741208155835167e+01
1.588682656398456849e+01
1.582997083769624069e+01
1.640117324129989740e+01
1.614128781276691527e+01
1.645827103011625425e+01
1.680485076956585289e+01
1.586939835652990993e+01
1.569609216219236814e+01
1.611569929026003578e+01
1.601861031788108392e+01
1.612675735215011130e+01
1.561424374150785788e+01
1.576883607294354661e+01
1.672415241325575153e+01
1.598024946873176511e+01
1.609977182149367536e+01
1.612028189654775545e+01
1.558618003285889664e+01
1.656758186004335798e+01
1.593070470028220598e+01
1.570248796496550447e+01
1.609164081506511934e+01
1.628274247398512742e+01
1.597915092860231034e+01
1.612191365277354294e+01
1.603348616657406112e+01
1.617749218302262548e+01
1.557085201857616852e+01
1.570354227979702166e+01
1.632740018234605373e+01
1.629727975871109180e+01
1.577158656491918975e+01
1.628482287113593330e+01
1.599823524685804443e+01
1.618618359085158431e+01
1.591578901920953015e+01
1.635377131475290469e+01
1.573241958132328833e+01
1.597772275673668396e+01
1.624663081803489462e+01
1.586839838238811851e+01
1.605214705447217582e+01
1.583486455132971393e+01
1.582066772809246302e+01
1.635112974628592752e+01
1.586769414900400577e+01
1.587739238658236296e+01
1.598759715968366457e+01
1.569355565595062174e+01
1.611760421309975655e+01
1.583209939834963365e+01
1.547296650103462845e+01
1.624927376100090370e+01
1.626074913079453665e+01
1.535719960129874195e+01
1.552404974428482554e+01
1.621605468089006052e+01
1.620116520121941406e+01
1.632704709866068171e+01
1.609707526542316813e+01
1.557261582123843091e+01
1.545578317658013923e+01
1.627887860044801727e+01
1.600407412235253801e+01
1.559861172024229781e+01
1.553251785743614910e+01
1.539742868741628534e+01
1.594147941305601357e+01
1.609583186308514868e+01
1.595774576781791687e+01
1.644260478397437808e+01
1.604143947090828348e+01
1.648278422976212809e+01
1.591056917952139216e+01
1.555472050309279552e+01
1.611447167714764817e+01
1.647198085089070929e+01
1.537558611021822230e+01
1.602083235624863988e+01
1.561032461262848514e+01
1.540410482982854923e+01
1.597167822533966586e+01
1.618826980129376381e+01
1.602958489736324665e+01
1.581705599925203209e+01
1.595544613045376181e+01
1.608699531237405367e+01
1.576597912307745553e+01
1.550649368576364751e+01
1.607134364680053551e+01
1.581815580206372829e+01
1.582106122792978553e+01
1.636504085696335054e+01
1.660111509985344114e+01
1.624868346365449767e+01
1.621027053605969215e+01
1.614630364527771178e+01
1.632304413198746218e+01
1.637422353670502417e+01
1.590544245940721524e+01
1.594515913778313099e+01
1.563530497820227616e+01
1.572061618848854181e+01
1.583536977754894437e+01
1.619342989947957889e+01
1.603256854627645822e+01
1.592849769682045213e+01
1.579386128792426724e+01
1.587604729070989507e+01
1.599403043571635941e+01
1.529439835182621366e+01
1.615821315682631365e+01
1.572329226079757447e+01
1.571903216455695329e+01
1.546174001095799966e+01
1.662791451251051811e+01
1.622082338306329774e+01
1.577871562144069273e+01
1.631216485954031015e+01
1.587576742281384767e+01
1.562632079028998255e+01
1.577293789308176564e+01
1.591752399394333750e+01
1.653190057711067240e+01
1.579605246833648202e+01
1.585083400963571876e+01
1.548567128948367788e+01
1.562595562985275599e+01
1.563208845822665793e+01
1.564118988008428346e+01
1.610130484528756512e+01
1.573382411461223640e+01
1.583141133697620617e+01
1.640601537926448117e+01
1.582484669295507906e+01
1.574368974808453103e+01
1.605157839443653245e+01
1.613906157717066137e+01
1.634184438426836294e+01
1.613276576812969410e+01
1.653691272887386177e+01
1.590627983678428770e+01
1.602616017322577235e+01
1.587696266739588324e+01
1.612127539277760135e+01
1.587906949069763307e+01
1.614618513425358515e+01
1.563570491006738017e+01
1.554420246952064844e+01
1.586817925152004172e+01
1.580256002609421806e+01
1.584143607978901080e+01
1.563042832069237065e+01
1.546932341621751483e+01
1.585583773958069642e+01
1.600997176017387247e+01
1.581526615329754648e+01
1.580921633825963291e+01
1.597421676806438029e+01
1.660282423290770026e+01
1.627425304467964295e+01
1.584373311757059355e+01
1.624282594055069495e+01
1.611008924652348284e+01
1.635984444755703038e+01
1.577095595427585017e+01
1.623711681358956227e+01
1.610725207829442596e+01
1.570737617233410788e+01
1.571664207143785497e+01
1.599907188150330128e+01
1.568918987266305543e+01
1.638541981533403202e+01
1.589551878141383057e+01
1.584883847379337851e+01
1.613356375713937041e+01
1.592126079261195670e+01
1.585225580661862388e+01
1.632904626111796631e+01
1.647479350622002059e+01
1.572827072179743446e+01
1.592225483676651088e+01
1.600338976746888520e+01
1.593794338444053871e+01
1.587643084957361772e+01
1.633463116978053620e+01
1.639681688106259827e+01
1.608815650710489109e+01
1.611425720414075613e+01
1.604684736180133697e+01
1.579506780790775267e+01
1.562158242809544006e+01
1.580831419053249220e+01
1.591490464418297002e+01
1.552506369038316869e+01
1.556993110943439795e+01
1.592174412510592596e+01
1.624535539131505146e+01
1.626978284013464560e+01
1.543924704022983008e+01
1.603554859413240052e+01
1.558482976946494603e+01
1.589366784600683324e+01
1.629938427825078051e+01
1.576641022564490591e+01
1.603355960569565752e+01
1.576493115563185476e+01
1.559786385327050873e+01
1.583828207279196576e+01
1.577241908538979587e+01
1.616399116643331979e+01
1.544624640145958416e+01
1.569543094603946898e+01
1.633264313538412438e+01
1.556944382706533503e+01
1.600298217752041197e+01
1.616214081738996455e+01
1.572800804341414427e+01
1.594198136264760635e+01
1.548375080442673557e+01
1.628816372097195853e+01
1.566921353583289900e+01
1.586557738470349754e+01
1.586097225236575525e+01
1.540383231345773218e+01
1.628876571758724978e+01
1.550910427828964089e+01
1.585966583053574119e+01
1.566112874453825832e+01
1.628706036366548204e+01
1.551493739842371156e+01
1.589761869470324562e+01
1.559217017634093416e+01
1.613359704907799497e+01
1.567614250758106564e+01
1.558054137967102193e+01
1.585968926464200202e+01
1.588639655020741159e+01
1.636590880554563299e+01
1.582577566719812090e+01
1.596300630944978138e+01
1.635599181013060388e+01
1.620851480340267159e+01
1.617367916461669353e+01
1.629829303994958423e+01
1.607940551807526575e+01
1.627696104238898300e+01
1.637213536355648102e+01
1.591958659401502274e+01
1.620304102214568687e+01
1.581792468672225560e+01
1.589449138496158298e+01
1.635455620480758299e+01
1.567893849517641769e+01
1.569853864825582157e+01
1.556041390071323072e+01
1.625129961782961274e+01
1.596473372212124886e+01
1.610246385323331708e+01
1.593493618674487600e+01
1.618601447105150370e+01
1.599628657301363610e+01
1.560557820607543000e+01
1.660085496752917678e+01
1.620290150279629060e+01
1.593140634690733393e+01
1.633736208701567350e+01
1.595028588418069404e+01
1.550034947045546652e+01
1.596188661553002852e+01
1.572483313101923663e+01
1.597299426709161096e+01
1.611786938273193925e+01
1.556826506832556412e+01
1.576901126135850895e+01
1.623076323794310127e+01
1.601421688366783869e+01
1.578893880412781492e+01
1.581296546922045287e+01
1.611875896874576242e+01
1.592151862668175788e+01
1.590113321414159486e+01
1.583801619824492413e+01
1.624459643078090565e+01
1.570869667294921079e+01
1.609349173043230863e+01
1.602413094437081043e+01
1.573371710379086608e+01
1.620045276725713279e+01
1.594417783602745331e+01
1.631690878828879221e+01
1.613145891275729937e+01
1.507349792817984557e+01
1.592347608554268490e+01
1.590488501096625740e+01
1.594329908301605414e+01
1.600251516495690396e+01
1.598841929354506775e+01
1.567781436266359663e+01
1.599788155483089369e+01
1.573500613697739325e+01
1.591544909053922829e+01
1.611455985718761852e+01
1.619485391108757000e+01
1.608611567318165569e+01
1.562710742742364367e+01
1.607655813713229520e+01
1.587718723730864134e+01
1.540925126907848863e+01
1.618170195418064594e+01
1.580329652823965603e+01
1.581189049447678663e+01
1.569769997435232156e+01
1.635738123451474024e+01
1.561574743580661462e+01
1.661193763354161845e+01
1.627387244287647761e+01
1.646970691137270038e+01
1.574457965446335628e+01
1.601398291926852835e+01
1.609460964354997259e+01
1.616469389422378811e+01
1.640659128656804810e+01
1.573270293170443423e+01
1.610621792687301124e+01
1.578872597166668612e+01
1.578968847149312715e+01
1.615836829515606965e+01
1.591521427991922444e+01
1.631311856108640512e+01
1.663544920887684597e+01
1.560527360340221747e+01
1.560004681882403510e+01
1.577069523826140163e+01
1.561061421605629995e+01
1.643880454846454242e+01
1.563885977304657260e+01
1.643461168089823587e+01
1.669529900493929730e+01
1.613167455091173608e+01
1.624425164868305060e+01
1.548559911474779760e+01
1.596670314211747410e+01
1.629796014809734217e+01
1.640236956138300428e+01
1.582871317621700769e+01
1.603028850874917310e+01
1.606335465197422963e+01
1.612892233383977469e+01
1.628066207175398716e+01
1.595126593810235960e+01
1.619991262663894815e+01
1.587090023576306663e+01
1.613810462114444277e+01
1.612315409358710738e+01
1.561797902334773092e+01
1.568536033406035202e+01
1.585305870546112672e+01
1.651269042233359485e+01
1.563180055138021274e+01
1.568821201249608421e+01
1.631827147787763366e+01
1.651027313090302329e+01
1.518503894611584926e+01
1.630055501637222548e+01
1.593109776980126213e+01
1.600220326758486422e+01
1.602889446883130020e+01
1.567279055853198777e+01
1.611615689823828745e+01
1.562533540886802719e+01
1.572825037861199782e+01
1.587567872747392705e+01
1.591501221208222638e+01
1.572058943287230903e+01
1.623308593242366626e+01
1.616148604032470359e+01
1.588441678473710361e+01
1.637692406046518911e+01
1.578593193050342869e+01
1.608803664168904390e+01
1.591987113203355619e+01
1.628515624721340416e+01
1.605775463906875444e+01
1.607132394878416548e+01
1.604372433185331204e+01
1.599654464238097695e+01
1.604505490888623598e+01
1.566943570574424349e+01
1.575268840856511510e+01
1.612398403067461317e+01
1.631970796084087283e+01
1.592182713111008319e+01
1.675461373379415164e+01
1.569285280733063992e+01
1.565615463649449168e+01
1.681906307260940636e+01
1.570821176948353681e+01
1.587575510394802691e+01
1.621730439091348330e+01
1.630212401264027378e+01
1.603762323682393998e+01
1.567743770261843927e+01
1.617289172030066879e+01
1.598077803371745809e+01
1.611880698202670814e+01
1.695709115811636281e+01
1.628216417187484311e+01
1.669670854486340517e+01
1.535417094269337213e+01
1.611991143293198903e+01
1.586454681772937825e+01
1.647423763155341447e+01
1.631352517807994573e+01
1.623088950127067065e+01
1.574431573963689601e+01
1.567381772013065699e+01
1.546300846395397244e+01
1.607166550259968929e+01
1.605937875706800710e+01
1.595032878042469449e+01
1.589543111290842958e+01
1.585015393261395111e+01
1.622675974895442863e+01
1.592900234577270346e+01
1.645314083979896225e+01
1.552316321365845297e+01
1.576544745276556725e+01
1.593745367970812943e+01
1.582720196057921314e+01
1.578620452449958478e+01
1.624556827272943593e+01
1.592316921416141362e+01
1.634756366527927796e+01
1.601323559420259812e+01
1.569810089913527129e+01
1.610542002953299345e+01
1.575937991202352428e+01
1.594283016920105922e+01
1.565188137941071922e+01
1.601325283444023739e+01
1.550717499903364782e+01
1.577419761111466556e+01
1.597700585269934415e+01
1.604120953129069349e+01
1.599513929084076835e+01
1.626428327950095820e+01
1.548014603372525322e+01
1.641624135592991607e+01
1.588882559217671187e+01
1.598945350675197474e+01
1.604347274929653722e+01
1.673126018521295677e+01
1.592081032930180484e+01
1.578921722756878943e+01
1.608332661140163466e+01
1.547298210852319400e+01
1.609103240148741421e+01
1.585054351732700617e+01
1.614188545376289952e+01
1.644907654527689544e+01
1.589840551172074257e+01
1.556514867270068514e+01
1.640976136527771700e+01
1.611353726511915596e+01
1.609711269401723754e+01
1.584306056229774917e+01
1.580247509600526179e+01
1.609417806168215392e+01
1.585465229774672657e+01
1.609669248957246168e+01
1.606511267177213753e+01
1.578563428394192414e+01
1.626192864701380358e+01
1.584817594789542738e+01
1.607776877904808543e+01
1.633454001851906412e+01
1.585749098086386866e+01
1.612308109930672373e+01
1.600626730673238995e+01
1.602807529865267000e+01
1.610371366411160921e+01
1.620031544562853298e+01
1.615163108927889013e+01
1.589081326201293187e+01
1.652427216810710675e+01
1.600469722004492823e+01
1.577443504982130662e+01
1.649910207874880896e+01
1.587834645723114946e+01
1.608401237426074459e+01
1.624033386406178536e+01
1.627520626226525735e+01
1.605491343316794683e+01
1.570424742856683586e+01
1.617673306764564956e+01
1.559365430382304218e+01
1.572802669204697779e+01
1.636828761456437320e+01
1.532185425138206192e+01
1.580574357676623976e+01
1.658396103210311878e+01
1.614008340631786709e+01
1.660421704912996432e+01
1.574922140753055011e+01
1.617613930784520804e+01
1.577575003155911126e+01
1.661376859753125146e+01
1.639015565499924776e+01
1.628394954083196566e+01
1.616883713100146380e+01
1.569741927555823402e+01
1.591422439171672565e+01
1.550285137881845188e+01
1.608186125712516912e+01
1.609177926357519439e+01
1.655455795420552789e+01
1.572405421940543846e+01
1.639926554311440299e+01
1.579687420970669542e+01
1.594685496462320273e+01
1.537218363871266469e+01
1.624144323951027857e+01
1.612873811070046060e+01
1.610638354467721101e+01
1.576463594120472145e+01
1.529030362760575201e+01
1.603530961159320611e+01
1.567152359921658444e+01
1.612900541076232486e+01
1.588560017760041276e+01
1.614903135034867532e+01
1.613672636079624567e+01
1.578060972753262625e+01
1.605672837511436413e+01
1.620068160889448805e+01
1.605126809957243950e+01
1.619899982835980268e+01
1.577170225757514999e+01
1.625637112611807211e+01
1.603180436179565405e+01
1.584702345211089636e+01
1.616855916829046080e+01
1.666447919708377867e+01
1.593965669071371494e+01
1.664877752782823706e+01
1.592542009309131501e+01
1.550173647574336400e+01
1.604908045648677373e+01
1.698518800168988108e+01
1.614653504537056250e+01
1.592000287577276652e+01
1.635765817722915827e+01
1.593782892592250633e+01
1.530361861664521861e+01
1.614325178278292938e+01
1.585897874104121996e+01
1.558619077762492822e+01
1.580762139684685863e+01
1.566620016874263221e+01
1.639130484921681585e+01
1.605239236699418015e+01
1.607433266986446796e+01
1.670705261710885026e+01
1.592035499636651785e+01
1.538756890647520770e+01
1.600588659184183982e+01
1.643799063915996683e+01
1.632569259610221124e+01
1.640423250116455023e+01
1.596447421061137995e+01
1.613610319648956803e+01
1.589576388541712504e+01
1.599584067703576196e+01
1.625826162369849115e+01
1.595169442803601889e+01
1.583018610327468068e+01
1.647633438275836326e+01
1.559433514799505893e+01
1.599677846600396514e+01
1.647194690361568448e+01
1.624984597153128263e+01
1.586204509739919821e+01
1.562908560175100448e+01
1.563800358753602460e+01
1.611479314196326484e+01
1.622211135360364409e+01
1.557916610055291784e+01
1.632056877729526434e+01
1.571526789618602393e+01
1.591833294921841713e+01
1.647215941780783410e+01
1.570047289157845505e+01
1.611767148407544781e+01
1.661253007902061540e+01
1.539272280094764334e+01
1.595458285743486648e+01
1.603528935495090835e+01
1.590241331922498524e+01
1.627044535032070627e+01
1.632248073748857564e+01
1.573643594711156624e+01
1.639658002674389792e+01
1.579168562430516154e+01
1.618133419102816006e+01
1.584152776294514808e+01
1.606206830615283110e+01
1.639863341281317943e+01
1.613604727903415892e+01
1.582345456966573849e+01
1.632612576228630630e+01
1.583602664786630676e+01
1.641935951790163273e+01
1.608649405035698976e+01
1.573606825866887249e+01
1.589658992612410593e+01
1.614176291101211547e+01
1.552539958806914200e+01
1.569075419867057875e+01
1.642484833292549240e+01
1.636668337595409639e+01
1.625552411234843930e+01
1.618497219229905326e+01
1.589635616256601480e+01
1.619599086605321858e+01
1.619475125806797777e+01
1.598919696169396865e+01
1.622956541995656821e+01
1.514926627139081461e+01
1.568956802114736426e+01
1.606649122935565899e+01
1.582720993108401863e+01
1.589999766549301263e+01
1.542896638749136073e+01
1.582129228115259423e+01
1.628316473752414595e+01
1.617196622903739822e+01
1.638686215049570194e+01
1.626234415743654793e+01
1.623601312414857745e+01
1.618280003795711863e+01
1.577377555270038911e+01
1.579074631804591178e+01
1.577906233836804084e+01
1.616142999823677684e+01
1.549096736886687431e+01
1.649043563450461036e+01
1.644397345262388654e+01
1.672352629199717455e+01
1.597623602885762217e+01
1.639212556739973436e+01
1.627250270003943555e+01
1.557931340854117863e+01
1.581895933523365372e+01
1.626418437658594840e+01
1.604795252123174620e+01
1.591916727845065083e+01
1.553036512908717448e+01
1.545370478179665064e+01
1.608670141786627994e+01
1.556667688970198427e+01
1.557215472332110728e+01
1.575838461477708918e+01
1.613400443976303933e+01
1.551887373880252952e+01
1.603645623997882552e+01
1.592546307517270598e+01
1.551257572504433746e+01
1.650110242181900233e+01
1.519482212679304389e+01
1.558358003446450013e+01
1.658618424177940653e+01
1.624649932073982583e+01
1.581036706774751366e+01
1.543084086694687329e+01
1.598963633157298680e+01
1.585125918604566309e+01
1.590522943019681001e+01
1.648671750867671904e+01
1.608187500602337394e+01
1.548725172291356600e+01
1.592979822890498731e+01
1.517166007654019744e+01
1.627548700976069895e+01
1.559563097251534813e+01
1.606654117428911022e+01
1.613180811030182937e+01
1.594898440312893051e+01
1.585996009701469056e+01
1.589324374390144712e+01
1.623571340763646731e+01
1.557684815044073368e+01
1.558497202475589205e+01
1.590478866850088657e+01
1.585525969698079329e+01
1.623160047267779404e+01
1.591524353381637624e+01
1.170976890134525483e+01
