1.595735488898326082e+01
1.637546139091969977e+01
1.549329670982632123e+01
1.625704297347509453e+01
1.632827212776006931e+01
1.603993593754875135e+01
1.607146446218337843e+01
1.546366261134672726e+01
1.583287048663559027e+01
1.653968931853002644e+01
1.591356393372893940e+01
1.566635000580060399e+01
1.617474686916907345e+01
1.548703870602942700e+01
1.575647465260083102e+01
1.693364280558705914e+01
1.578421157767865246e+01
1.576031484430469831e+01
1.567266089276247065e+01
1.618195397871390284e+01
1.609116697148681041e+01
1.600989433305251808e+01
1.641347986537769543e+01
1.670334129019921932e+01
1.587198854531611225e+01
1.586036166498035094e+01
1.628672312181977588e+01
1.671182656033195002e+01
1.610011006522591614e+01
1.583959925634458443e+01
1.579968901424786232e+01
1.581454552284756510e+01
1.628208523341100644e+01
1.688359889905197164e+01
1.604879527202506750e+01
1.618493531853266276e+01
1.649938043785501662e+01
1.600737048122686446e+01
1.580625556899677697e+01
1.624598617681013124e+01
1.578027539574132732e+01
1.579161559672279935e+01
1.542854490280131508e+01
1.559876956341950383e+01
1.592223583771528261e+01
1.610267910108609257e+01
1.592671488790879764e+01
1.640038548519692441e+01
1.576299973111909836e+01
1.654597246487038120e+01
1.579627920190445067e+01
1.639323816667917910e+01
1.636848044672806424e+01
1.696786907470307426e+01
1.564877052672128777e+01
1.654115004495475816e+01
1.603602001966723734e+01
1.601742422811613054e+01
1.616428723061843442e+01
1.681706535244851608e+01
1.565835355324918332e+01
1.582557040048736141e+01
1.566070271423557259e+01
1.590125524040180949e+01
1.579883267881546871e+01
1.643174863503106664e+01
1.579720890038797343e+01
1.576294185367558498e+01
1.556664357801225407e+01
1.615792126755166080e+01
1.687226577487331980e+01
1.646995271837302610e+01
1.622704454108481187e+01
1.573296517951875373e+01
1.583761156135190973e+01
1.599504073754934197e+01
1.687382762246989998e+01
1.643386474711032008e+01
1.586488584343268116e+01
1.587214533279007078e+01
1.657037999683591067e+01
1.623805309574186140e+01
1.612308336380307239e+01
1.607344760126830963e+01
1.583724679050882145e+01
1.621125054752900141e+01
1.633418021359917915e+01
1.610122519571404709e+01
1.688183673289313447e+01
1.640741508971527196e+01
1.599726202615182302e+01
1.537474908993053369e+01
1.634894925596350745e+01
1.636676934927809057e+01
1.578678838422698938e+01
1.566225089640686541e+01
1.623872433751922628e+01
1.585792679618140433e+01
1.621441029903752451e+01
1.598109444354242648e+01
1.616957934280026521e+01
1.591220287114357923e+01
1.571199827303412100e+01
1.575424471534537929e+01
1.577507503980700321e+01
1.639201156975101981e+01
1.580027366588494253e+01
1.605747023927500550e+01
1.671678704786383918e+01
1.553760491607046568e+01
1.578649401927303053e+01
1.551380089892264103e+01
1.637044276438733803e+01
1.648440502673594565e+01
1.623070041522273854e+01
1.622784896978307856e+01
1.596849060294222156e+01
1.573492277837726583e+01
1.644155888339210136e+01
1.606897153584230153e+01
1.596269717473066763e+01
1.566525923753439287e+01
1.654424910439863083e+01
1.674288756794071986e+01
1.648144412038605822e+01
1.598238001951397180e+01
1.623891384636547031e+01
1.647866888041038536e+01
1.609348864625972197e+01
1.594180752485816654e+01
1.589847006506936111e+01
1.560152928593516641e+01
1.614561368906183958e+01
1.577628286420075021e+01
1.625432914735902656e+01
1.578066515626293764e+01
1.616200590096416079e+01
1.645449488020907580e+01
1.563116235538181797e+01
1.554631112429626327e+01
1.608962261156858276e+01
1.623019032175120913e+01
1.642875096516394251e+01
1.579459523299890655e+01
1.564067456820053970e+01
1.598335596755512000e+01
1.598118916588711791e+01
1.578337939957977731e+01
1.564067302856888020e+01
1.575332071468112183e+01
1.543276632605888032e+01
1.631744258329359809e+01
1.561248703445850516e+01
1.604812113502173787e+01
1.574991426575750175e+01
1.562935338735690216e+01
1.609873602279055405e+01
1.573358101310576629e+01
1.585258098167122931e+01
1.606293020689438578e+01
1.680851244801009159e+01
1.633468394579637462e+01
1.580740630704944927e+01
1.570574617070807832e+01
1.610663944362795519e+01
1.579157400526785437e+01
1.616278380431397110e+01
1.585450792823558430e+01
1.591204435048755883e+01
1.599841206525113613e+01
1.665371174977597235e+01
1.561579880787433972e+01
1.607269172058968110e+01
1.630016305192420845e+01
1.615178875837523265e+01
1.605496594856456483e+01
1.558578334757091710e+01
1.589225572671141151e+01
1.636742388517329161e+01
1.637475910598081441e+01
1.587229404381547582e+01
1.623994799372699660e+01
1.616819531428420831e+01
1.619877902920083912e+01
1.595236464408459653e+01
1.622722737886609323e+01
1.590162488160261489e+01
1.605149411112377678e+01
1.608051340951238117e+01
1.598793871609834127e+01
1.619446266822641078e+01
1.577453643674442674e+01
1.608757940348844429e+01
1.597307488054513414e+01
1.649445264521969534e+01
1.598712615035385198e+01
1.579580969140185687e+01
1.610404614696257042e+01
1.648790821868898249e+01
1.622789508264429514e+01
1.621329339892363208e+01
1.554199745651397890e+01
1.618370895883453287e+01
1.600758977807640804e+01
1.617242421320350942e+01
1.630104749430314115e+01
1.597152532938689440e+01
1.580150728759037548e+01
1.594247956402245059e+01
1.589415146499772113e+01
1.670885287331655178e+01
1.584664039547744885e+01
1.651699545066216857e+01
1.568629897126874617e+01
1.556753842529539966e+01
1.603626458737183214e+01
1.588867702644212443e+01
1.588837663975410663e+01
1.613579476104791510e+01
1.548730395694706274e+01
1.589753741687227517e+01
1.619253276007701103e+01
1.622973206648953592e+01
1.583789004757436203e+01
1.592454949182551971e+01
1.622174332976536704e+01
1.570844915097286076e+01
1.613293868501724404e+01
1.598702396878765875e+01
1.614479253966869976e+01
1.581461870447266982e+01
1.603290570587292052e+01
1.616412803203308002e+01
1.591212186410296958e+01
1.618767291878823045e+01
1.567065574899465652e+01
1.624497644962960408e+01
1.626775065814446108e+01
1.552457771347961923e+01
1.626236315009841604e+01
1.621858044953810563e+01
1.583634225168025722e+01
1.569481245779587475e+01
1.578001796524664790e+01
1.609907290685095305e+01
1.553215138590177169e+01
1.629095635674827847e+01
1.589449071645292300e+01
1.647800093513308184e+01
1.573292655843451726e+01
1.595602891237892251e+01
1.647024101238557492e+01
1.586736802163190951e+01
1.597386837873893128e+01
1.604587746014138716e+01
1.566744799990023651e+01
1.615596801702731256e+01
1.586825123917173208e+01
1.600117890853382363e+01
1.576689062839374955e+01
1.527168518816448284e+01
1.584185801561874030e+01
1.594883644027866687e+01
1.608392434412097316e+01
1.565951678824411353e+01
1.572342196410241044e+01
1.615625023006142769e+01
1.599271950153404909e+01
1.564895814991369960e+01
1.553989069512769206e+01
1.616560837360560754e+01
1.583530475900867351e+01
1.582800990233961436e+01
1.572908158914330379e+01
1.579426056939723289e+01
1.617198435370771747e+01
1.602979969636417579e+01
1.594480583802608464e+01
1.572265294012188974e+01
1.611041120900219781e+01
1.629259476794393180e+01
1.559885695620532076e+01
1.599852320795000615e+01
1.584502973447285257e+01
1.567071782548865322e+01
1.616309928098890936e+01
1.599697086527742940e+01
1.628936362935847626e+01
1.596726637765467771e+01
1.588728844995086220e+01
1.581627424825989081e+01
1.607994639062912512e+01
1.596694913791926318e+01
1.619360960359529145e+01
1.577287145057417916e+01
1.613598976268889018e+01
1.600362723339475934e+01
1.655026379979970841e+01
1.577418263893437711e+01
1.628035799838765740e+01
1.598738344336369721e+01
1.551307922992518229e+01
1.613839183480073558e+01
1.640018233251337776e+01
1.598291973244508135e+01
1.613276705217516493e+01
1.560149625076265778e+01
1.573548548148778536e+01
1.651993679940559545e+01
1.610559684137393432e+01
1.611835402542211781e+01
1.620664562448202162e+01
1.570827278767352908e+01
1.637499563695278937e+01
1.660171387261415887e+01
1.563386448770951453e+01
1.575741592063548957e+01
1.626021204777609341e+01
1.606207313169255713e+01
1.638793868387426400e+01
1.666531082341548142e+01
1.598663524877446918e+01
1.598002702539273123e+01
1.641048557526896801e+01
1.580844272492214841e+01
1.668078680383232992e+01
1.584733328407408237e+01
1.615171458836906382e+01
1.605254819972101288e+01
1.599414387454601183e+01
1.620097743308898686e+01
1.563761542009760497e+01
1.613883482181116591e+01
1.618437778223727008e+01
1.636791642992089990e+01
1.614686478302811423e+01
1.579404692760665796e+01
1.580212577377449357e+01
1.566360115150417620e+01
1.575813284752759813e+01
1.625660637470064174e+01
1.600439395986326829e+01
1.563909148060825949e+01
1.601324200856342728e+01
1.558897991515235582e+01
1.612388269977730815e+01
1.579795569961263091e+01
1.577117619820244521e+01
1.569435178346949478e+01
1.651405811297591697e+01
1.608931596787675744e+01
1.621167088608173401e+01
1.607603939101900892e+01
1.633893663473978819e+01
1.611463433908360798e+01
1.582730028198145789e+01
1.597679456236187079e+01
1.595384507263123375e+01
1.592850799739553835e+01
1.598934993930854098e+01
1.588446133126160653e+01
1.600576326263677984e+01
1.593857791927674938e+01
1.632339837901376001e+01
1.643849308005878740e+01
1.617510040444919284e+01
1.611192172645870357e+01
1.550324137971342076e+01
1.611403138363031218e+01
1.682746417187516741e+01
1.578935167781702731e+01
1.588445726559419668e+01
1.606366827315999402e+01
1.623848628045486109e+01
1.569156091894902971e+01
1.595600507880438990e+01
1.614460422233857173e+01
1.597101551365437366e+01
1.539201153887728246e+01
1.594047516514654284e+01
1.571602919843819457e+01
1.702401558154162586e+01
1.615291600046003140e+01
1.624960984938748254e+01
1.571400617938875222e+01
1.616793987041025105e+01
1.627958547716189130e+01
1.600104121421442471e+01
1.529247428616647220e+01
1.585543683265030701e+01
1.632585076414181202e+01
1.661857114185065853e+01
1.574104786216182816e+01
1.667610297425271426e+01
1.570748169234312641e+01
1.585027392139525837e+01
1.644022508197187804e+01
1.587800647767451245e+01
1.626626265511641023e+01
1.600027839587499656e+01
1.607525055448843787e+01
1.606608408122888321e+01
1.596037701753451010e+01
1.607953120940982927e+01
1.630636702469534072e+01
1.618124364478232025e+01
1.584630295426168090e+01
1.588981156323528232e+01
1.587242565672136863e+01
1.551602635420756116e+01
1.583919465075899957e+01
1.621119720633481265e+01
1.625609803607920156e+01
1.601298878177981067e+01
1.576487797699527071e+01
1.582119582421535675e+01
1.595806728480355829e+01
1.558829312676096102e+01
1.598537093576138624e+01
1.597411296025049587e+01
1.563566304992790457e+01
1.583383229029718642e+01
1.588743150471008292e+01
1.567422488995459595e+01
1.594684563025449897e+01
1.634466901157871277e+01
1.609609813016829705e+01
1.587462262404837787e+01
1.629336054755434660e+01
1.580887050946488337e+01
1.613468151128889616e+01
1.602179516447751340e+01
1.657097444748139026e+01
1.575555079466879960e+01
1.618585241705984501e+01
1.591006339385740631e+01
1.562546210059351637e+01
1.587322414620598643e+01
1.586559547429210681e+01
1.646928742633592790e+01
1.608958828789776163e+01
1.613000912542575449e+01
1.591145724683293494e+01
1.589203931631316635e+01
1.594369223338455299e+01
1.596386629416411829e+01
1.610342208789150220e+01
1.578086412355040657e+01
1.572486359934020861e+01
1.586020768332546993e+01
1.578238357432435812e+01
1.612917033254947441e+01
1.562736133220772139e+01
1.598042498002797629e+01
1.615293214459075699e+01
1.596251411235024165e+01
1.528730179111987830e+01
1.617489033461508541e+01
1.605698490907094467e+01
1.633815729676889106e+01
1.654161728166161183e+01
1.626340797546773942e+01
1.569547114195468929e+01
1.564403706145049711e+01
1.580126293682616989e+01
1.572695970763926177e+01
1.603010211163572762e+01
1.578946857581152763e+01
1.617638732329713847e+01
1.625018332689001710e+01
1.606031963323606604e+01
1.582488085052983529e+01
1.577477517308823707e+01
1.595228218100768913e+01
1.595267463677174646e+01
1.603460185508232527e+01
1.593950608638793298e+01
1.594544007973751043e+01
1.629839673317535542e+01
1.578556447294104004e+01
1.539920169518641124e+01
1.636158820227194965e+01
1.571128577433629836e+01
1.588797000616253285e+01
1.596825469924252694e+01
1.573695991637779912e+01
1.633723774365676817e+01
1.576158230342331912e+01
1.555269469524403370e+01
1.562321475059241926e+01
1.629886403286747054e+01
1.597696854503241148e+01
1.620283609871933095e+01
1.644001993528519989e+01
1.623793636767946325e+01
1.527747915998086015e+01
1.588926776227200399e+01
1.575091180363123655e+01
1.635978427676155178e+01
1.622143769160254934e+01
1.574567675650379250e+01
1.617687224498829934e+01
1.659680788919212802e+01
1.598845858364495953e+01
1.601573671126482168e+01
1.536216215275908503e+01
1.591317855720852315e+01
1.611282058410688478e+01
1.615310072539148933e+01
1.594121199179820891e+01
1.597873876863716625e+01
1.649924979184802609e+01
1.656682983004559517e+01
1.606986791985758956e+01
1.585919211947495810e+01
1.601657716247256502e+01
1.591189747414773770e+01
1.611084310368823580e+01
1.659587729423476787e+01
1.606937784124552948e+01
1.602197196538284629e+01
1.615399710879664497e+01
1.561826269099870146e+01
1.642357079457316615e+01
1.638003686619042298e+01
1.631080273387587454e+01
1.575115015830282772e+01
1.600357792977398930e+01
1.638493056472415788e+01
1.622286160499297125e+01
1.627502960830238621e+01
1.549538744170257409e+01
1.551642961686531663e+01
1.595331953153072213e+01
1.587398789607866512e+01
1.561424173540494564e+01
1.647089457621984465e+01
1.608732466939943961e+01
1.605164794898513492e+01
1.574576000414214150e+01
1.624259994355371362e+01
1.622139136024907202e+01
1.597021764380952824e+01
1.570427543361364897e+01
1.592242522543525496e+01
1.569036709682815633e+01
1.586037492989828834e+01
1.594535193265866191e+01
1.644153321626973607e+01
1.599560765965176934e+01
1.604463920230847052e+01
1.600828307347908463e+01
1.573687623423544402e+01
1.610244344412241801e+01
1.657420604368141781e+01
1.649086630113211882e+01
1.609903002656946214e+01
1.659181251055563777e+01
1.564575311967969107e+01
1.549746981574187288e+01
1.655581192500356025e+01
1.593975256824228026e+01
1.631008039069469362e+01
1.615699849966636137e+01
1.604899863956548600e+01
1.594411755244257733e+01
1.626595459274420818e+01
1.650658340151483472e+01
1.550929773589074046e+01
1.577477160217661023e+01
1.612408065376814292e+01
1.608074986700191999e+01
1.567203464069677210e+01
1.614951561031196192e+01
1.600071681441388805e+01
1.560623885796180055e+01
1.641427494996636938e+01
1.581586967597334414e+01
1.587315418935858169e+01
1.580694784094259120e+01
1.606878210785345118e+01
1.574729769174123994e+01
1.526689747182563650e+01
1.589415952122614861e+01
1.578961120842750709e+01
1.579606381427702999e+01
1.628007856385359275e+01
1.583096724695606916e+01
1.594700837591666343e+01
1.607509267410815568e+01
1.604518547730251044e+01
1.570940301983331011e+01
1.579876598292326406e+01
1.639710322467785986e+01
1.586634633747502399e+01
1.577084600753870269e+01
1.553714387593102586e+01
1.585012147774196656e+01
1.595117765630464568e+01
1.644995039059025288e+01
1.575374379654805601e+01
1.658356387515286912e+01
1.551962726586302388e+01
1.588289269634190504e+01
1.546984860085252933e+01
1.602406399028530615e+01
1.593954531832328669e+01
1.620891294206632693e+01
1.652955723239179164e+01
1.607327411575559495e+01
1.637739398176972117e+01
1.599824918122968320e+01
1.607048935210361762e+01
1.628738116030574545e+01
1.609990095514713460e+01
1.579160667883765434e+01
1.622934036873889241e+01
1.598549377337919530e+01
1.639316732989510328e+01
1.619731516425375872e+01
1.600354794388415769e+01
1.558198594824191829e+01
1.587895710058393028e+01
1.603179482947250278e+01
1.516402613556532586e+01
1.594112160373199316e+01
1.606861610457370304e+01
1.585579361161034129e+01
1.639467347413398812e+01
1.610373395460651125e+01
1.632840203650137312e+01
1.609401907823857059e+01
1.546433828285906742e+01
1.571672393210572238e+01
1.647126347817859582e+01
1.552452453420784906e+01
1.546077479039994707e+01
1.591355886943381215e+01
1.566085348632723928e+01
1.595262266236309578e+01
1.648691234174939524e+01
1.556906945507769713e+01
1.652540821703527385e+01
1.606820518790486574e+01
1.618166029010846074e+01
1.614632403846605158e+01
1.566571875030849448e+01
1.638923277453925920e+01
1.564664523624000125e+01
1.552495608597735277e+01
1.585401573116871532e+01
1.576641764399077594e+01
1.599494493702189679e+01
1.606565078975902239e+01
1.671990885740633104e+01
1.541842970851514849e+01
1.664773351654826072e+01
1.573748027367390456e+01
1.566574676480787787e+01
1.545341258924124617e+01
1.634420751037037789e+01
1.607401022325369055e+01
1.614829463057315806e+01
1.594553572042801726e+01
1.630733999089391162e+01
1.558560111467844322e+01
1.623263333764670335e+01
1.599232211841452767e+01
1.615490378066949972e+01
1.574418068410296634e+01
1.593516887938178783e+01
1.579120941790763233e+01
1.605715496889265381e+01
1.582442331289445825e+01
1.554810916380768049e+01
1.568163162718186854e+01
1.609606523078381102e+01
1.638111764340728271e+01
1.601083840275168768e+01
1.603545716814337752e+01
1.561437385259793587e+01
1.649629912743724702e+01
1.575654014833029493e+01
1.584277319381438254e+01
1.612899388956763147e+01
1.590352315666007321e+01
1.548594632596994813e+01
1.551654550713039526e+01
1.649946264562176523e+01
1.617501739493524582e+01
1.589408511276872638e+01
1.551563842138394023e+01
1.589106669268748462e+01
1.568867417726505131e+01
1.641375324097219845e+01
1.552518221490124795e+01
1.625850995900825069e+01
1.653930317236540759e+01
1.580450474380778481e+01
1.603761633149237653e+01
1.599526919727902374e+01
1.590389257855034799e+01
1.538827144025913718e+01
1.543328917795001587e+01
1.580700169148340883e+01
1.625965928839513452e+01
1.564823431295725520e+01
1.603837996930035814e+01
1.576487800739409728e+01
1.606570600128918969e+01
1.544748449956241032e+01
1.676933309929121307e+01
1.611147325618033577e+01
1.550557716542266817e+01
1.579282191477916619e+01
1.559060909003264683e+01
1.554546675552471235e+01
1.647446511788874091e+01
1.634204553182386377e+01
1.634766280022128271e+01
1.631106851280411973e+01
1.574983275975218078e+01
1.619617443579499039e+01
1.605539490413311654e+01
1.668612445431391222e+01
1.557142888775274159e+01
1.600686541191936030e+01
1.540781366554156939e+01
1.571147777958734970e+01
1.613395509034635822e+01
1.649052819455182473e+01
1.551439814445965837e+01
1.579886810876805470e+01
1.579961457401917535e+01
1.612768452253449070e+01
1.561922366708740562e+01
1.593893722693997184e+01
1.630026173437063619e+01
1.602478094663737807e+01
1.608905143380913572e+01
1.615220848229479245e+01
1.577700022576267180e+01
1.597683275772109113e+01
1.596853863223318903e+01
1.637138177770055947e+01
1.629607311605074926e+01
1.601943121610075593e+01
1.581581218684380730e+01
1.587547084246192775e+01
1.632728831165629302e+01
1.601327726405579810e+01
1.599308735337763032e+01
1.626925198573460918e+01
1.573856277141093152e+01
1.615084456262814427e+01
1.569052139863768147e+01
1.611576305427990974e+01
1.615764404943819343e+01
1.597758226060513032e+01
1.631007274666764317e+01
1.596125873761205227e+01
1.573460933777434079e+01
1.613136969517602282e+01
1.569813536186668124e+01
1.592482736213816708e+01
1.586772005970040844e+01
1.575427331922124274e+01
1.593023516524898753e+01
1.577975413072959299e+01
1.624304036931018302e+01
1.575309268540400254e+01
1.617078717425340884e+01
1.637067481858201745e+01
1.602772974949828111e+01
1.616615568876952480e+01
1.612355486850255559e+01
1.635072327876763865e+01
1.673746557089479126e+01
1.584224510844909339e+01
1.657864948377240921e+01
1.572149948153883159e+01
1.626500459090085471e+01
1.647647495937548001e+01
1.634603305131108542e+01
1.601646922937800710e+01
1.604470366077724819e+01
1.593432353449820837e+01
1.620198577323836631e+01
1.606748932991669676e+01
1.615688174464746751e+01
1.582732817896031641e+01
1.554742366653863606e+01
1.533993792933869926e+01
1.573401351665429537e+01
1.607962065148498354e+01
1.594504683629161690e+01
1.602217912436990943e+01
1.640488362383002041e+01
1.647622398877499350e+01
1.591545180986959274e+01
1.623115190507838790e+01
1.589401672645228736e+01
1.612040628616684046e+01
1.601558529714861123e+01
1.575567251357744780e+01
1.561058688229274694e+01
1.578593047210214628e+01
1.567646535934021657e+01
1.617892325869523162e+01
1.629741277814833467e+01
1.582867853894811816e+01
1.595064673120682208e+01
1.564142827398293711e+01
1.571942257682633048e+01
1.631515640251010524e+01
1.645347850347587837e+01
1.660452484021292463e+01
1.587704627412133895e+01
1.596093485038099402e+01
1.606183652302272336e+01
1.574055775219868281e+01
1.622447519946558359e+01
1.593113156594678514e+01
1.574767237065530345e+01
1.580869842104174339e+01
1.559389550400652169e+01
1.610563616970532408e+01
1.610155499237794885e+01
1.594900514833942928e+01
1.573038461666505761e+01
1.640200031844703688e+01
1.595668802015032206e+01
1.617360820368140395e+01
1.588838438042001577e+01
1.537896955491813067e+01
1.616798305012003922e+01
1.625336043052079305e+01
1.552848498327569970e+01
1.600602711487244534e+01
1.558477840744202680e+01
1.585026089406099459e+01
1.570178785773304497e+01
1.551439113540589787e+01
1.556371454597282344e+01
1.626590569693302157e+01
1.575768068620195805e+01
1.656474545459786896e+01
1.611463695807806928e+01
1.519157417013825118e+01
1.602162342619793733e+01
1.633329057104681681e+01
1.574213038101133932e+01
1.606341953338157325e+01
1.574777108089444155e+01
1.618590538681146995e+01
1.561110179782204277e+01
1.585226951416433572e+01
1.632204299596764940e+01
1.643083342502968236e+01
1.581191841724889002e+01
1.581253603578249134e+01
1.575470840830080732e+01
1.598241833791015409e+01
1.500943439236523780e+01
1.560065174263271359e+01
1.617669293450612500e+01
1.603396822300055291e+01
1.643908317470640057e+01
1.594488182087399863e+01
1.625584161428768581e+01
1.591136749436684106e+01
1.614122386192235581e+01
1.550331967583533732e+01
1.584550991353990135e+01
1.660534514422717578e+01
1.584653984140245520e+01
1.587949025169596595e+01
1.642936802954666931e+01
1.604506815734242053e+01
1.655025655948176677e+01
1.568490509275087241e+01
1.627799112428428785e+01
1.646248923560253985e+01
1.559183281249358544e+01
1.588206230463022273e+01
1.599394593015115795e+01
1.633168989381785607e+01
1.605268244331647054e+01
1.567944310347220949e+01
1.634961659354746288e+01
1.598422449627117992e+01
1.623658620467076830e+01
1.612939772182262743e+01
1.602374168810750632e+01
1.625343733060706342e+01
1.567321982462785357e+01
1.601124691149015788e+01
1.588948347583919940e+01
1.536064210241183048e+01
1.642211112966374031e+01
1.638759182108795187e+01
1.574487677277556941e+01
1.585560510568847725e+01
1.591867274354797424e+01
1.592049959674334048e+01
1.637477797778317523e+01
1.624823498060713334e+01
1.618427033234855017e+01
1.596406408277814393e+01
1.553090700578091088e+01
1.639983892129880161e+01
1.594827828883365228e+01
1.597502750957621664e+01
1.611398298172359134e+01
1.580248173969817316e+01
1.606060246086170551e+01
1.618380408036430751e+01
1.620643968987092265e+01
1.578884137305296598e+01
1.632494300153598132e+01
1.575471414397212122e+01
1.573098609390202540e+01
1.573347766786037560e+01
1.600280942475730939e+01
1.660385873355623332e+01
1.626667166389266939e+01
1.651168418988265785e+01
1.619300953123800468e+01
1.659874554862414797e+01
1.599691825513513876e+01
1.601248374669421892e+01
1.657370269889871750e+01
1.603711363485465213e+01
1.608160813488014185e+01
1.604489569400420024e+01
1.552113573566005655e+01
1.615483659310790898e+01
1.601612836832081754e+01
1.634268419230413016e+01
1.617662908881788653e+01
1.558513534088046626e+01
1.632672728271612428e+01
1.549578068226298910e+01
1.567779865125730510e+01
1.632877162787694303e+01
1.619466172031853191e+01
1.635093220659560131e+01
1.542398041411525966e+01
1.598214845470796242e+01
1.577186623482580075e+01
1.650890481129160747e+01
1.562415887668067072e+01
1.673200123086018820e+01
1.595018474662836638e+01
1.593153748689651117e+01
1.623707701295176520e+01
1.558811144452236341e+01
1.633335491294490538e+01
1.574208109297345715e+01
1.574522753506621875e+01
1.632090700065862876e+01
1.628893106348464670e+01
1.623371676453631096e+01
1.613714909131321207e+01
1.610235754008428799e+01
1.579681409100492750e+01
1.512069733879614830e+01
1.647856956063563771e+01
1.620954981864395705e+01
1.589538692809249909e+01
1.587360509476759951e+01
1.577449623831263281e+01
1.533351254078416481e+01
1.646588473710681910e+01
1.662779863235707012e+01
1.620639900266368016e+01
1.604637113450609931e+01
1.619960354666289604e+01
1.661339603917151209e+01
1.552078982530071904e+01
1.543936599113438746e+01
1.590252427213899900e+01
1.536228383855969426e+01
1.604601527696665642e+01
1.575256485819314634e+01
1.587689513131821784e+01
1.584316390160488908e+01
1.591696907736582745e+01
1.585814347133895730e+01
1.603496040136740675e+01
1.605588755364841447e+01
1.573636501338773463e+01
1.535661657737568397e+01
1.600824886507471589e+01
1.661941780814293423e+01
1.608146029351528838e+01
1.672517865837356155e+01
1.594126512811588725e+01
1.571442743311259171e+01
1.537880177785519464e+01
1.622302713626044479e+01
1.631210224359738703e+01
1.519435615477538981e+01
1.603702203350949418e+01
1.569398036691073628e+01
1.601188081172044164e+01
1.632525607532311440e+01
1.600509769956760309e+01
1.592064275627181935e+01
1.621392326649466753e+01
1.600722582358334378e+01
1.566167257151643000e+01
1.590394755198461674e+01
1.608363207524080352e+01
1.590470174885416732e+01
1.655906641370243548e+01
1.558345758966135541e+01
1.600165724563355596e+01
1.532134500316030490e+01
1.651049810007230789e+01
1.585383351323440060e+01
1.601664453747152450e+01
1.612120622996974006e+01
1.592818553047838215e+01
1.591739125853185222e+01
1.671610628773786544e+01
1.603784216538966589e+01
1.642561535225873470e+01
1.631694439144398956e+01
1.599504285819570271e+01
1.676294941148010764e+01
1.622196726752903473e+01
1.619251926795366714e+01
1.587809025179802092e+01
1.659953419648883610e+01
1.629000038587437516e+01
1.665999512130294846e+01
1.574101337698484215e+01
1.555505821956687917e+01
1.640801793028590794e+01
1.616066496273690589e+01
1.570240695197098724e+01
1.608550567572427425e+01
1.636635884018765452e+01
1.613482980805806832e+01
1.556533659617478804e+01
1.590391484265090050e+01
1.594522189890094843e+01
1.574710939798039355e+01
1.626699151066208060e+01
1.579866150078807507e+01
1.581018700639176444e+01
1.628243862413945564e+01
1.577849651225560024e+01
1.557501045024944730e+01
1.624674521542365113e+01
1.691788769722066732e+01
1.637402770672851915e+01
1.590845680307100274e+01
1.593462734115336943e+01
1.641693952857156802e+01
1.558630218900571585e+01
1.637280540326564449e+01
1.649864273676177007e+01
1.593201934474147663e+01
1.612951248319432906e+01
1.527811077402573758e+01
1.623683110301472965e+01
1.619777294848902471e+01
1.619191859800054090e+01
1.594409570401194465e+01
1.618671843421208933e+01
1.546214726278589602e+01
1.623699993469188385e+01
1.551022320378051589e+01
1.565979955318711525e+01
1.644532463141929313e+01
1.619744424161643792e+01
1.632528509402854056e+01
1.592337526105530543e+01
1.580832725375142545e+01
1.623469850176191542e+01
1.646169617010703234e+01
1.601395457750196272e+01
1.604503398585510965e+01
1.602770513497861771e+01
1.561427249910066095e+01
1.581175609642780522e+01
1.588355500723926639e+01
1.639874561102707062e+01
1.594347543906607179e+01
1.604248326748082576e+01
1.548671880903264153e+01
1.634073112118987225e+01
1.609156904112323971e+01
1.650030528683925368e+01
1.591526177654819385e+01
1.614665349297597174e+01
1.578636853543491725e+01
1.656120431280912442e+01
1.591639071533681893e+01
1.539236337918458375e+01
1.622065879641815300e+01
1.607281210289323070e+01
1.543546397810589887e+01
1.568859681807642303e+01
1.640699028110063651e+01
1.590104264940579171e+01
1.612117420369713727e+01
1.561169413967146724e+01
1.573228045953704068e+01
1.622371993467376328e+01
1.579337073269042691e+01
1.563844677614624601e+01
1.590433078775789433e+01
1.575653932833039761e+01
1.578563691462853313e+01
1.596171821014138281e+01
1.595429204530075928e+01
1.588566913702956818e+01
1.600067024140511407e+01
1.605652542378278369e+01
1.695775788965097419e+01
1.605747733013585687e+01
1.637057382855476106e+01
1.552079890769059389e+01
1.638352492740474631e+01
1.568015677855183476e+01
1.626642433600409987e+01
1.620449993369584618e+01
1.622867239844817178e+01
1.574094536774228104e+01
1.581171511428692789e+01
1.613688011307123205e+01
1.595095572541693407e+01
1.615852201017952794e+01
1.633212591833936145e+01
1.658183153779026497e+01
1.660672887939117359e+01
1.644352542208967449e+01
1.631918727339899533e+01
1.608816104643378964e+01
1.567602502666798081e+01
1.559332572213679313e+01
1.565830032931268256e+01
1.568070138384391221e+01
1.605601850507152406e+01
1.590817699691631937e+01
1.620501995534084472e+01
1.621768972897117322e+01
1.614006080899374851e+01
1.615698623176922766e+01
1.591788675748003890e+01
1.609977145484556260e+01
1.658441931785963419e+01
1.633353051772078501e+01
1.582267771527116551e+01
1.616771442150239579e+01
1.588654879594484903e+01
1.558360154821351529e+01
1.589410734463602104e+01
1.564482958637548293e+01
1.613579721844536508e+01
1.588302798824956241e+01
1.607498449201590063e+01
1.603470744424911132e+01
1.616488386423221613e+01
1.571509171310709263e+01
1.561684228699642851e+01
1.617369367664814916e+01
1.625972088526788895e+01
1.655039956994156469e+01
1.582148096337924237e+01
1.603713250449737160e+01
1.616256904219747526e+01
1.576861166554022908e+01
1.593725627048287308e+01
1.604757913205458664e+01
1.643702046274782802e+01
1.585525527346019636e+01
1.562603841665438864e+01
1.583689006458403270e+01
1.597360256105009668e+01
1.624829828725302860e+01
1.548933690812337005e+01
1.592161626682037578e+01
1.585097987742947367e+01
1.612789249909665656e+01
1.650303500107448329e+01
1.603178718472204523e+01
1.615735503891509239e+01
1.611867805320957459e+01
1.571665407604673170e+01
1.624756131663046332e+01
1.609641379074789214e+01
1.581009125279002525e+01
1.585057726755726648e+01
1.591358635682210831e+01
1.568994658975410594e+01
1.591318142714523454e+01
1.601194483852713546e+01
1.575019000791118629e+01
1.624369706948831649e+01
1.615565783792085952e+01
1.587147351269252127e+01
1.630304947661283421e+01
1.592619144237257522e+01
1.542756403258318265e+01
1.654388039081283424e+01
1.672414083130359685e+01
1.612257019535849523e+01
1.603876894019763455e+01
1.543116144786812605e+01
1.611356170927096088e+01
1.550873516069554015e+01
1.587960724615183672e+01
1.579400180474497617e+01
1.596305678441945908e+01
1.615257283069210104e+01
1.618390183633502843e+01
1.635429328749231814e+01
1.566524933307554868e+01
1.551698267103205531e+01
1.596462279594563149e+01
1.537514966247897874e+01
1.577576288810546679e+01
1.578138870003389904e+01
1.593279443046654009e+01
1.602496823358560363e+01
1.590029921325811380e+01
1.599842870575007936e+01
1.629670541652750160e+01
1.556807121322624354e+01
1.633741206229257870e+01
1.588682631527646194e+01
1.582997087768868383e+01
1.640117345107629632e+01
1.614128805227841923e+01
1.645827093641802108e+01
1.680485080093478345e+01
1.586939811250778121e+01
1.569609243425390410e+01
1.611569907812872415e+01
1.601861066142796375e+01
1.612675774655395600e+01
1.561424339081069235e+01
1.576883650752141897e+01
1.672415141823071849e+01
1.598025009886305270e+01
1.609977136645711582e+01
1.612028155338087743e+01
1.558618013130518776e+01
1.656758196221799295e+01
1.593070456874446172e+01
1.570248827384514634e+01
1.609164056979285462e+01
1.628274252145362411e+01
1.597915080076570682e+01
1.612191361579198556e+01
1.603348646685434176e+01
1.617749206811251383e+01
1.557085154127740445e+01
1.570354234874455379e+01
1.632740063573600864e+01
1.629727952306402727e+01
1.577158705154289464e+01
1.628482247269305816e+01
1.599823565544568993e+01
1.618618288738057842e+01
1.591578908841366591e+01
1.635377126634561051e+01
1.573241970480327367e+01
1.597772260459349880e+01
1.624663119032457104e+01
1.586839824120311526e+01
1.605214771597841406e+01
1.583486421875628203e+01
1.582066734747318471e+01
1.635113014968726830e+01
1.586769387713667356e+01
1.587739186902174637e+01
1.598759761599322715e+01
1.569355548081204255e+01
1.611760423204624360e+01
1.583209902576726691e+01
1.547296688943753473e+01
1.624927388764654879e+01
1.626074913923071108e+01
1.535719943224999184e+01
1.552404966555495136e+01
1.621605471837733603e+01
1.620116556125836382e+01
1.632704708849130171e+01
1.609707520266439573e+01
1.557261594587280484e+01
1.545578346873176123e+01
1.627887794010329614e+01
1.600407411475041286e+01
1.559861181440604128e+01
1.553251826238239097e+01
1.539742869296488337e+01
1.594147933325082533e+01
1.609583196569481700e+01
1.595774571210494130e+01
1.644260512944398656e+01
1.604143965182689158e+01
1.648278428779356375e+01
1.591056880513921357e+01
1.555472092719522337e+01
1.611447182093569808e+01
1.647198025734203242e+01
1.537558621576902063e+01
1.602083278005272504e+01
1.561032431802745535e+01
1.540410494512456907e+01
1.597167723362961844e+01
1.618826987392012384e+01
1.602958581529530235e+01
1.581705607923952250e+01
1.595544568626591797e+01
1.608699510760897411e+01
1.576597924739785128e+01
1.550649374835607119e+01
1.607134388520087853e+01
1.581815607556690217e+01
1.582106106952391755e+01
1.636504078116112382e+01
1.660111517804164194e+01
1.624868335954305465e+01
1.621027050005227110e+01
1.614630353882666114e+01
1.632304409666438261e+01
1.637422363147902971e+01
1.590544223992016448e+01
1.594515894886941787e+01
1.563530513724372639e+01
1.572061609821881945e+01
1.583536996603815794e+01
1.619343004117304119e+01
1.603256844003141879e+01
1.592849766361685404e+01
1.579385732247482288e+01
1.587605082565843517e+01
1.599403091287878276e+01
1.529439844176519259e+01
1.615821296832033127e+01
1.572329220110888492e+01
1.571903229538701119e+01
1.546173996406094098e+01
1.662791439406471738e+01
1.622082362993246107e+01
1.577871554965524759e+01
1.631216471505645771e+01
1.587576757966790453e+01
1.562632075517566221e+01
1.577293764099846562e+01
1.591752392609959088e+01
1.653190089502944815e+01
1.579605247932689949e+01
1.585083384005807794e+01
1.548567127319098802e+01
1.562595574703776080e+01
1.563208868335184754e+01
1.564118943058847222e+01
1.610130472388000200e+01
1.573382445982612765e+01
1.583141117213271620e+01
1.640601752271860647e+01
1.582484466933054890e+01
1.574368963331458282e+01
1.605157850876928549e+01
1.613906168470263935e+01
1.634184191373411110e+01
1.613276825750735455e+01
1.653691262127520289e+01
1.590627981422665194e+01
1.602616050479696241e+01
1.587696250977686852e+01
1.612127544200043161e+01
1.587906961491599311e+01
1.614618521738047718e+01
1.563570463432371582e+01
1.554420244334891166e+01
1.586817895416993629e+01
1.580256027748660586e+01
1.584143649959153954e+01
1.563042809924232657e+01
1.546932317221739517e+01
1.585583777716475851e+01
1.600997152998234796e+01
1.581526632818069800e+01
1.580921663100063412e+01
1.597421658745850515e+01
1.660282400924642587e+01
1.627425304569110764e+01
1.584373333926388128e+01
1.624282605014424163e+01
1.611008925378777334e+01
1.635984444835913720e+01
1.577095585375062825e+01
1.623711670549361585e+01
1.610725202401533451e+01
1.570737615099993967e+01
1.571664237877768144e+01
1.599907205523305542e+01
1.568918972759933439e+01
1.638541964164121012e+01
1.589551882407912409e+01
1.584883852999943876e+01
1.613356363949176497e+01
1.592126099886749024e+01
1.585225535075680625e+01
1.632904633515858706e+01
1.647479414475425941e+01
1.572827046908653692e+01
1.592225474847885280e+01
1.600338897263203819e+01
1.593794386279953379e+01
1.587643117725703590e+01
1.633463104882250860e+01
1.639681684498654235e+01
1.608815670804123599e+01
1.611425752801197220e+01
1.604684713244484229e+01
1.579506780805205501e+01
1.562158247662607913e+01
1.580831415332481171e+01
1.591490452105396436e+01
1.552506393258019735e+01
1.556993100419099996e+01
1.592174393436494562e+01
1.624535569738389995e+01
1.626978257360076441e+01
1.543924707148951114e+01
1.603554836914581472e+01
1.558482977289662053e+01
1.589366805507631319e+01
1.629938489845592642e+01
1.576640972846785083e+01
1.603355911838472281e+01
1.576493121673665243e+01
1.559786408120605472e+01
1.583828190904857003e+01
1.577241922520003925e+01
1.616399121925334015e+01
1.544624641582427316e+01
1.569543120627540844e+01
1.633264274115833103e+01
1.556944396413000575e+01
1.600298141384252304e+01
1.616214133323986246e+01
1.572800794094932542e+01
1.594198147462758186e+01
1.548375127375470228e+01
1.628816323219061601e+01
1.566921394178490168e+01
1.586557691905563772e+01
1.586097237260432458e+01
1.540383269348236084e+01
1.628876533241731295e+01
1.550910410540006446e+01
1.585966592209161341e+01
1.566112892339565654e+01
1.628706010982524077e+01
1.551493733876559311e+01
1.589761873695372252e+01
1.559217020670946852e+01
1.613359711844083932e+01
1.567614239725416958e+01
1.558054133223587279e+01
1.585968951604026600e+01
1.588639652289691995e+01
1.636590893773097832e+01
1.582577575899011713e+01
1.596300600229351829e+01
1.635599166103751756e+01
1.620851503712273001e+01
1.617367936490471791e+01
1.629829299803794740e+01
1.607940544097299096e+01
1.627696091959001379e+01
1.637213547724932283e+01
1.591958659402749809e+01
1.620304100689181936e+01
1.581792449746050444e+01
1.589449183276591171e+01
1.635455576868400129e+01
1.567893811312309715e+01
1.569853894165387054e+01
1.556041555333091431e+01
1.625129803392033878e+01
1.596473360646254847e+01
1.610246409294532555e+01
1.593493630038334352e+01
1.618601458700165097e+01
1.599628650798425689e+01
1.560557766324999740e+01
1.660085526461147865e+01
1.620290145681307337e+01
1.593140626413540595e+01
1.633736208263553635e+01
1.595028568976858097e+01
1.550034957570358962e+01
1.596188667446461906e+01
1.572483333663107352e+01
1.597299430243241325e+01
1.611786943496558067e+01
1.556826490570621502e+01
1.576901129188269124e+01
1.623076377755240074e+01
1.601421602586987092e+01
1.578893872641122442e+01
1.581296580203420454e+01
1.611875930332784890e+01
1.592151809550644259e+01
1.590113340264016806e+01
1.583801660810800804e+01
1.624459625811573815e+01
1.570869673171747571e+01
1.609349152303834174e+01
1.602413094990614795e+01
1.573371695080604482e+01
1.620045293559454436e+01
1.594417800439709687e+01
1.631690879182679410e+01
1.613145876673574364e+01
1.507349801111964283e+01
1.592347620111512363e+01
1.590488464782095868e+01
1.594329919350424163e+01
1.600251514559854371e+01
1.598841883515954621e+01
1.567781430597090875e+01
1.599788180749563971e+01
1.573500605709671873e+01
1.591544895810325499e+01
1.611455997371021809e+01
1.619485428956016193e+01
1.608611585241090580e+01
1.562710752603316955e+01
1.607655799104438188e+01
1.587718703095126216e+01
1.540925133682886283e+01
1.618170201359224336e+01
1.580329659042125812e+01
1.581189030818628005e+01
1.569769953773123916e+01
1.635738177779649405e+01
1.561574745236341855e+01
1.661193765337582207e+01
1.627387241678970398e+01
1.646970679465726306e+01
1.574457960001573475e+01
1.601398281899721354e+01
1.609460977033986495e+01
1.616469385796613167e+01
1.640659129837296248e+01
1.573270322607947413e+01
1.610621781807991582e+01
1.578872634772654138e+01
1.578968800010588680e+01
1.615836840020155663e+01
1.591521424380733229e+01
1.631311848773578888e+01
1.663544939107673315e+01
1.560527361474582264e+01
1.560004681154732431e+01
1.577069547360256152e+01
1.561061385223102427e+01
1.643880449867332416e+01
1.563885998273263844e+01
1.643461177999589751e+01
1.669529891905538221e+01
1.613167437414001171e+01
1.624425170078969671e+01
1.548559930468790569e+01
1.596670332653516766e+01
1.629796009377474775e+01
1.640236948951688589e+01
1.582871310812055832e+01
1.603028837594380107e+01
1.606335469841056351e+01
1.612892222990710778e+01
1.628066212997944007e+01
1.595126622363121349e+01
1.619991302737694028e+01
1.587089996662274238e+01
1.613810475085487894e+01
1.612315379563990803e+01
1.561797862999402398e+01
1.568536059575630048e+01
1.585305883343924904e+01
1.651269032829307193e+01
1.563180072894274986e+01
1.568821195800122936e+01
1.631827142183511015e+01
1.651027329177144765e+01
1.518503881353722207e+01
1.630055517099678042e+01
1.593109758977628587e+01
1.600220331188997491e+01
1.602889441229763534e+01
1.567279052230950676e+01
1.611615654273167308e+01
1.562533609174425742e+01
1.572825014635433227e+01
1.587567888218610790e+01
1.591501197168934389e+01
1.572058917112012999e+01
1.623308601387832084e+01
1.616148600904984889e+01
1.588441701634734571e+01
1.637692424596189156e+01
1.578593181062252349e+01
1.608803677359302142e+01
1.591987097191649880e+01
1.628515643074247521e+01
1.605775492856365005e+01
1.607132315928499366e+01
1.604372446963021659e+01
1.599654459645847382e+01
1.604505478565915766e+01
1.566943596289897300e+01
1.575268845572390219e+01
1.612398375515790505e+01
1.631970772113547241e+01
1.592182742595258738e+01
1.675461384893214145e+01
1.569285283098502326e+01
1.565615449434642059e+01
1.681906290558336181e+01
1.570821224679353634e+01
1.587575496066630798e+01
1.621730411985190656e+01
1.630212415446176877e+01
1.603762332011442737e+01
1.567743749347401661e+01
1.617289222752427946e+01
1.598077761081864701e+01
1.611880740396681233e+01
1.695709118601849141e+01
1.628216413530901718e+01
1.669670857278205034e+01
1.535417082949617473e+01
1.611991127132559143e+01
1.586454694604875826e+01
1.647423771063002462e+01
1.631352509784820626e+01
1.623088964213200924e+01
1.574431584317329680e+01
1.567381772166696585e+01
1.546300819966900342e+01
1.607166547860852290e+01
1.605937880199646273e+01
1.595032865829879576e+01
1.589543129568044577e+01
1.585015397779759994e+01
1.622675980508044091e+01
1.592900231500266806e+01
1.645314058375285526e+01
1.552316323290305533e+01
1.576544637776255620e+01
1.593745412946628370e+01
1.582720238770878396e+01
1.578620481802578368e+01
1.624556802551824930e+01
1.592316953192872475e+01
1.634756349153006738e+01
1.601323562107264564e+01
1.569810091921498696e+01
1.610541994870524007e+01
1.575937999272618129e+01
1.594283000429684627e+01
1.565188127919607552e+01
1.601325291301510134e+01
1.550717492048390334e+01
1.577419780980875963e+01
1.597700597418208623e+01
1.604120926852758799e+01
1.599513935457547653e+01
1.626428346280683002e+01
1.548014614131100153e+01
1.641624123134738156e+01
1.588882567605616458e+01
1.598945347786543891e+01
1.604347303680943782e+01
1.673126016184781051e+01
1.592081031833412474e+01
1.578921732331649963e+01
1.608332662192693618e+01
1.547298201692826325e+01
1.609103230701331100e+01
1.585054322545890848e+01
1.614188555520597390e+01
1.644907668733424444e+01
1.589840549913078149e+01
1.556514860082703322e+01
1.640976132242577279e+01
1.611353739712934896e+01
1.609711276711987082e+01
1.584306060092132107e+01
1.580247515430123428e+01
1.609417802030288058e+01
1.585465219555763738e+01
1.609669251687264691e+01
1.606511272791900069e+01
1.578563417127212887e+01
1.626192828185234518e+01
1.584817593189233165e+01
1.607776908107209834e+01
1.633453977889121589e+01
1.585749141886217473e+01
1.612308259290548307e+01
1.600626557106095760e+01
1.602807535049462828e+01
1.610371401479623898e+01
1.620031486402741194e+01
1.615163163690979786e+01
1.589081269802643348e+01
1.652427243918957345e+01
1.600469720867587853e+01
1.577443474872940854e+01
1.649910215088758392e+01
1.587834630463635932e+01
1.608401244257277440e+01
1.624033401060087556e+01
1.627520625466634385e+01
1.605491336301595595e+01
1.570424769271703624e+01
1.617673278685400007e+01
1.559365439855277558e+01
1.572802674979512005e+01
1.636828750976066260e+01
1.532185441701206230e+01
1.580574337581658995e+01
1.658396108463136898e+01
1.614008337315235764e+01
1.660421665439346128e+01
1.574922178612517598e+01
1.617613929481559509e+01
1.577575005906778038e+01
1.661376792704109917e+01
1.639015597523751921e+01
1.628394850985044684e+01
1.616883841546670908e+01
1.569741939853057744e+01
1.591422444578285855e+01
1.550285115454792262e+01
1.608186134015037538e+01
1.609177938669181529e+01
1.655455742906853089e+01
1.572405463388335534e+01
1.639926544198269553e+01
1.579687439717778652e+01
1.594685493273383514e+01
1.537218356790278051e+01
1.624144310347457321e+01
1.612873842840326333e+01
1.610638336994303899e+01
1.576463596181489812e+01
1.529030358572170201e+01
1.603530963997497949e+01
1.567152331113519281e+01
1.612900558102067095e+01
1.588560009689689778e+01
1.614903135877219142e+01
1.613672670110420881e+01
1.578060947942826431e+01
1.605672837747823323e+01
1.620068172600226930e+01
1.605126810525752390e+01
1.619900022962336550e+01
1.577170306087568363e+01
1.625636988013806317e+01
1.603180400884181722e+01
1.584702372183811470e+01
1.616855881894380076e+01
1.666447948714618832e+01
1.593965671241809545e+01
1.664877754581390334e+01
1.592542029763677291e+01
1.550173672445113482e+01
1.604907987552835635e+01
1.698518810302440585e+01
1.614653495161906349e+01
1.592000285066750109e+01
1.635765839189480175e+01
1.593782894515807591e+01
1.530361850925189238e+01
1.614325205876842162e+01
1.585897823667382767e+01
1.558619129382823587e+01
1.580762150247148234e+01
1.566620009028104121e+01
1.639130447148375680e+01
1.605239270109131411e+01
1.607433266485857359e+01
1.670705258860648357e+01
1.592035484881253105e+01
1.538756904286866423e+01
1.600588646882694732e+01
1.643799065702743079e+01
1.632569258086782682e+01
1.640423259191311089e+01
1.596447439373562460e+01
1.613610310049079999e+01
1.589576373823236288e+01
1.599584083722148797e+01
1.625826175082542591e+01
1.595169431520706027e+01
1.583018606549593876e+01
1.647633447875564272e+01
1.559433494489505101e+01
1.599677868345497700e+01
1.647194702370164165e+01
1.624984599552100661e+01
1.586204540309313593e+01
1.562908527033475359e+01
1.563800345444552065e+01
1.611479313728199969e+01
1.622211152026676828e+01
1.557916601165182335e+01
1.632056882422840971e+01
1.571526778941204761e+01
1.591833284816194016e+01
1.647215934894811085e+01
1.570047271128124855e+01
1.611767173624915017e+01
1.661253009585309215e+01
1.539272290025030365e+01
1.595458273278669026e+01
1.603528945382641524e+01
1.590241368527212984e+01
1.627044528586395700e+01
1.632248039433650533e+01
1.573643612319834162e+01
1.639657875925178843e+01
1.579168674361438462e+01
1.618133448232722316e+01
1.584152754390148665e+01
1.606206826431723655e+01
1.639863343663533257e+01
1.613604727041515119e+01
1.582345449859806941e+01
1.632612572722684163e+01
1.583602647600008240e+01
1.641935975489992927e+01
1.608649423409760360e+01
1.573606825952546551e+01
1.589658977339285784e+01
1.614176253663175231e+01
1.552539963913921106e+01
1.569075442097989814e+01
1.642484826189658165e+01
1.636668343004724591e+01
1.625552408663476101e+01
1.618497239264115706e+01
1.589635602621932620e+01
1.619599063500790592e+01
1.619475134982903342e+01
1.598919713622970384e+01
1.622956535642348541e+01
1.514926635237191554e+01
1.568956803028560998e+01
1.606649113387501515e+01
1.582720996270136915e+01
1.589999772769471953e+01
1.542896636595176041e+01
1.582129216231579960e+01
1.628316465835385429e+01
1.617196624642691205e+01
1.638686237719615946e+01
1.626234368062155866e+01
1.623601333732233343e+01
1.618280006161590734e+01
1.577377559482517988e+01
1.579074635310792551e+01
1.577906232383678109e+01
1.616142993413266993e+01
1.549096741069752703e+01
1.649043552436741322e+01
1.644397349957616328e+01
1.672352634916302350e+01
1.597623595733195856e+01
1.639212569040792289e+01
1.627250261686128852e+01
1.557931346942179829e+01
1.581895941739526634e+01
1.626418445762229581e+01
1.604795194186323570e+01
1.591916780561673406e+01
1.553036496817526135e+01
1.545370486522574005e+01
1.608670142919539359e+01
1.556667687259766986e+01
1.557215478795847474e+01
1.575838466189324194e+01
1.613400455264103783e+01
1.551887371863027987e+01
1.603645625500723781e+01
1.592546304783809319e+01
1.551257573342695473e+01
1.650110250234924436e+01
1.519482212235999441e+01
1.558358012063174414e+01
1.658618421771667428e+01
1.624649909268654113e+01
1.581036721994653860e+01
1.543084080042440220e+01
1.598963633606454415e+01
1.585125914852684659e+01
1.590522948145478566e+01
1.648671730897804011e+01
1.608187505384940508e+01
1.548725176859296404e+01
1.592979825285049422e+01
1.517166004550846914e+01
1.627548697731116079e+01
1.559563090780459937e+01
1.606654126392799498e+01
1.613180814342970137e+01
1.594898433730946863e+01
1.585996020352414071e+01
1.589324373255635159e+01
1.623571338526290475e+01
1.557684815674734580e+01
1.558497199320505011e+01
1.590478862535882243e+01
1.585525973218904383e+01
1.623160047269561090e+01
1.591524355041235417e+01
1.170976889730975223e+01
