2.482713962369112437e+01
2.484592016677042992e+01
2.493865923748995783e+01
2.429145234264603204e+01
2.570483107795249822e+01
2.450269817103134073e+01
2.577896501440288546e+01
2.436777596251939570e+01
2.567533914777570203e+01
2.459816331939094525e+01
2.490443075441301701e+01
2.470032174616368792e+01
2.507456455978484655e+01
2.462536267060272621e+01
2.524721931142005715e+01
2.510763204490879730e+01
2.489181069207305796e+01
2.573318348815086409e+01
2.462658728541526543e+01
2.486595474330174937e+01
2.590741949955975443e+01
2.449956457435141743e+01
2.409205835484990743e+01
2.433986550739641075e+01
2.505398778842299379e+01
2.377853206025280386e+01
2.420348216445661294e+01
2.449084695582565629e+01
2.458554177226116977e+01
2.469502677656132761e+01
2.511306137886798950e+01
2.571131108747554705e+01
2.470601475613467812e+01
2.409451529842681694e+01
2.517100828346082153e+01
2.438085837696647573e+01
2.440808407549500458e+01
2.544331540598483343e+01
2.507423864138813485e+01
2.503414755847275686e+01
2.526840141349954294e+01
2.501410378138888646e+01
2.474024251579663414e+01
2.506998594269239788e+01
2.486443515989983766e+01
2.460749526433044920e+01
2.488740220701165740e+01
2.606947469265970696e+01
2.606823365660656577e+01
2.536088182531631574e+01
2.430978755336372998e+01
2.513348792638504392e+01
2.539892786588427853e+01
2.511285689661927378e+01
2.470886522851262868e+01
2.426609125827246061e+01
2.544196727264089475e+01
2.503019039555679370e+01
2.513963745943265593e+01
2.522462823183537495e+01
2.504192424900338310e+01
2.469196344039790958e+01
2.484316685521588042e+01
2.469691075467887131e+01
2.552264605375106399e+01
2.465729980252024234e+01
2.546462966742184619e+01
2.527091581751349736e+01
2.553407562181168444e+01
2.514089248537466048e+01
2.563552964238939325e+01
2.479275460435372125e+01
2.469932090237102784e+01
2.514163451645219993e+01
2.533513851506129200e+01
2.550498608465438366e+01
2.461131118502950343e+01
2.457753858939400260e+01
2.552639447508379078e+01
2.415035430349441725e+01
2.470084898441511712e+01
2.456202114466952935e+01
2.476457146451136637e+01
2.460020207208291509e+01
2.446857930172863149e+01
2.586515753824755492e+01
2.495972059432849122e+01
2.428145368226272183e+01
2.478642583207850691e+01
2.446431968744053975e+01
2.535932068161197961e+01
2.521691289014062676e+01
2.382796503526833121e+01
2.590788923288046419e+01
2.455958913147592426e+01
2.518235400216138942e+01
2.472980000007542500e+01
2.484387736792817236e+01
2.469920850352933073e+01
2.446822128494348902e+01
2.438280742546279001e+01
2.535733740649506629e+01
2.432845234361263564e+01
2.522924940187586174e+01
2.460037491751803529e+01
2.527878264647979734e+01
2.519267156011141751e+01
2.429775429280038068e+01
2.445416968552759585e+01
2.485681713601560716e+01
2.444658263167573509e+01
2.484602756727677431e+01
2.514418611007216953e+01
2.408341220123873683e+01
2.438446396754181222e+01
2.512514062324010311e+01
2.402890571227322525e+01
2.570344604057361693e+01
2.490837104460429785e+01
2.527464450440664478e+01
2.518230000200882301e+01
2.478243412258513700e+01
2.407040634632460296e+01
2.475675831943913963e+01
2.451923924981216985e+01
2.572849195145334988e+01
2.480725860235736491e+01
2.466370186650549456e+01
2.567023920913675639e+01
2.405862892585898294e+01
2.522192642079249225e+01
2.383784140835813758e+01
2.532771609247397393e+01
2.494131067262843615e+01
2.458449185885088184e+01
2.498337824083139225e+01
2.491463957627561143e+01
2.458459259089485371e+01
2.535240259843465793e+01
2.441219354300015709e+01
2.507592763056897311e+01
2.501390736142590043e+01
2.572660019949341148e+01
2.394744393165972696e+01
2.495641966687358249e+01
2.523559888099279291e+01
2.464980535086233004e+01
2.455465846698008292e+01
2.530147331148752698e+01
2.509944401493899946e+01
2.556794070455628898e+01
2.460755341946446606e+01
2.523459155824871303e+01
2.503656670512760840e+01
2.508682301935519376e+01
2.567797223766827486e+01
2.485443782770407495e+01
2.526181408731194722e+01
2.533464216180765405e+01
2.510326935594946463e+01
2.539593141179490132e+01
2.430821527096015089e+01
2.520741167377757463e+01
2.573219532376929308e+01
2.514816517811480523e+01
2.473859956541939908e+01
2.530162140841384755e+01
2.430318211728470246e+01
2.473207430216013236e+01
2.574793443911525515e+01
2.483343253519996097e+01
2.492832528368877476e+01
2.520117142490065376e+01
2.528608554174703471e+01
2.397504011008252434e+01
2.441214682928841739e+01
2.427124849787040972e+01
2.463514739709185619e+01
2.448706358822603590e+01
2.466628898652676583e+01
2.381379807759126521e+01
2.524080667659722010e+01
2.543773209910133204e+01
2.518128764450451484e+01
2.456888966478114611e+01
2.487646438178101604e+01
2.452316993014722613e+01
2.491951240209963458e+01
2.518657555930559511e+01
2.558937460139618025e+01
2.514566780162007120e+01
2.459379832524159326e+01
2.481855301965870098e+01
2.568524609744936527e+01
2.541036081878605657e+01
2.525105650222212716e+01
2.461214893105595891e+01
2.501667577479580018e+01
2.419017567984993633e+01
2.468001896393443317e+01
2.456441559250848883e+01
2.543317472020463299e+01
2.466682397355759093e+01
2.543652408173706903e+01
2.470430426042823058e+01
2.509008673265462264e+01
2.527975056752085337e+01
2.542579380729378258e+01
2.489523923538086692e+01
2.491300477971772054e+01
2.514684259076735628e+01
2.486266588025262081e+01
2.555217574160684180e+01
2.563421285176260866e+01
2.543241385840591917e+01
2.546332339289683944e+01
2.466012302296365277e+01
2.563982921116415881e+01
2.424647769156108268e+01
2.481256963265384030e+01
2.432669651848404158e+01
2.462512320504668040e+01
2.565326724296434335e+01
2.491232032078326952e+01
2.501154410206756751e+01
2.536620669315685461e+01
2.592747229242448981e+01
2.567202995449438774e+01
2.602805036390494209e+01
2.487258567070015403e+01
2.498594191276003684e+01
2.501918230598191428e+01
2.511089120770568428e+01
2.498110269991553167e+01
2.512359717661016845e+01
2.471144388983871210e+01
2.545874666515409146e+01
2.448198554110312841e+01
2.501171317943530426e+01
2.440473807747453350e+01
2.530271101734133410e+01
2.491528680961933873e+01
2.475570514529128019e+01
2.440107560051508884e+01
2.469054877248252211e+01
2.527036420425329766e+01
2.519710554182667650e+01
2.426305851977624783e+01
2.421417403678174196e+01
2.492617251493467734e+01
2.562911159634471048e+01
2.470246713621948587e+01
2.440371243088127429e+01
2.465467675101034573e+01
2.488722247659457665e+01
2.501749038615566434e+01
2.510767856478270943e+01
2.488924975634143166e+01
2.553811761313588846e+01
2.556317209277123581e+01
2.541025268131386383e+01
2.491837031222750909e+01
2.414826275656064425e+01
2.508326071198972329e+01
2.438112671036059353e+01
2.502201589321421693e+01
2.491973889718031998e+01
2.538837130514998819e+01
2.478375971748137729e+01
2.519633204582321540e+01
2.490106518192603247e+01
2.425097197088273759e+01
2.534003852748953989e+01
2.583208438967755427e+01
2.473854324919987846e+01
2.476739149560106412e+01
2.552103228376475386e+01
2.492582146981940028e+01
2.496713939126865611e+01
2.402904247426386775e+01
2.428714920136120625e+01
2.552519908865996001e+01
2.571535521466234542e+01
2.529743979586071134e+01
2.470371870171805995e+01
2.578084301183512039e+01
2.508199703031791472e+01
2.558392375365108862e+01
2.583260558333012469e+01
2.560713946186257317e+01
2.468584945683756260e+01
2.439398527649418114e+01
2.508330372549565013e+01
2.489535105685407146e+01
2.586781495717871593e+01
2.461146748387960770e+01
2.485083740476362379e+01
2.453335281423308700e+01
2.488383025841654472e+01
2.543783154140782088e+01
2.556740017247070185e+01
2.465994926443575253e+01
2.509206680591063332e+01
2.501525800587837622e+01
2.396977800123667279e+01
2.441798123378858421e+01
2.511010963268508078e+01
2.475822234498878061e+01
2.496000237978563163e+01
2.543442921374384369e+01
2.494049614944149340e+01
2.554857134232344862e+01
2.505119136693872406e+01
2.496533454191061807e+01
2.449843443107924656e+01
2.503671966569979190e+01
2.460103358689605102e+01
2.438957381613158759e+01
2.470250146217686193e+01
2.469124251645491341e+01
2.481873302907003165e+01
2.446649518992233396e+01
2.472981087991957949e+01
2.431897974298144405e+01
2.469565416926817036e+01
2.461234721777059775e+01
2.488871256085479544e+01
2.549821705108054459e+01
2.547070752093159030e+01
2.439751406230010389e+01
2.516124852154599978e+01
2.448810049791040555e+01
2.522336588396847290e+01
2.567286560376804516e+01
2.543313417979525681e+01
2.615764152497629880e+01
2.466506880978996463e+01
2.474801601661625128e+01
2.521939804029867105e+01
2.508807005403869894e+01
2.464035226280481794e+01
2.521927535902637629e+01
2.608210033017615714e+01
2.519530664411957943e+01
2.521662721730193724e+01
2.471803125457605788e+01
2.566895367947426010e+01
2.449740493029916166e+01
2.519585938844433315e+01
2.365348318781866510e+01
2.512249589391785776e+01
2.552492794440356860e+01
2.444671477358397738e+01
2.411619182158703367e+01
2.505907918430618508e+01
2.505701774431737405e+01
2.456525722405840995e+01
2.517859481950798539e+01
2.497960920402616125e+01
2.550006219732321355e+01
2.577044994995717531e+01
2.544172257867584008e+01
2.426315699638850987e+01
2.519478675305609272e+01
2.492597178546433057e+01
2.485279974576090822e+01
2.420185407653600862e+01
2.514360992579533516e+01
2.502838524104823392e+01
2.474162870500633815e+01
2.561039897031592361e+01
2.529452172597267889e+01
2.517034196764729614e+01
2.572374342041309703e+01
2.516574528557726254e+01
2.508443841547854092e+01
2.509353420104077514e+01
2.427413002921684537e+01
2.450639990772785737e+01
2.478218365355413155e+01
2.451642681705490290e+01
2.611686000879519298e+01
2.461704474118362995e+01
2.388745834417405689e+01
2.487752185181412301e+01
2.476357460592900139e+01
2.468338886433985380e+01
2.617557050458494317e+01
2.434803441810300484e+01
2.482660541169644830e+01
2.561140218094538312e+01
2.501096457988381516e+01
2.508345671284929068e+01
2.494340769800894719e+01
2.464819569671220378e+01
2.447617889949230374e+01
2.479212515601562927e+01
2.437330908209555957e+01
2.476385537326131114e+01
2.440233555298641122e+01
2.531570660491287228e+01
2.486045698076913979e+01
2.498806744781058597e+01
2.494418082815918680e+01
2.509012762723417822e+01
2.594085915347828220e+01
2.473155199303608143e+01
2.429343691374861081e+01
2.464401712244585596e+01
2.418149044834343897e+01
2.454753960581784611e+01
2.470443584240763002e+01
2.497548253779217475e+01
2.446183040696043776e+01
2.566375160112237097e+01
2.431173493758689119e+01
2.415952285165223756e+01
2.467984032466006283e+01
2.494453009708099245e+01
2.415407578720764548e+01
2.469969135086747514e+01
2.479039190931306536e+01
2.588283981150551227e+01
2.475293462498982677e+01
2.437741497410699765e+01
2.576735430278949224e+01
2.541928956420201047e+01
2.374323407150525256e+01
2.443625320610381024e+01
2.499689037874528807e+01
2.490745453995181080e+01
2.490537170322501836e+01
2.477335437059186063e+01
2.528308779547824869e+01
2.518054948155927164e+01
2.514094328644720377e+01
2.498157773799389503e+01
2.534725857089716783e+01
2.460276844692102216e+01
2.492781373933317468e+01
2.527507676059369146e+01
2.513258892667039035e+01
2.531508622345484483e+01
2.493251784530617954e+01
2.480668845954419055e+01
2.474545677730812088e+01
2.436272280222651787e+01
2.423892753419316648e+01
2.494020162287504760e+01
2.451631683556761487e+01
2.522208672279715103e+01
2.492128632646366881e+01
2.429789563626051674e+01
2.514536525044889714e+01
2.480449515317417308e+01
2.502887252878109337e+01
2.504824410964304349e+01
2.494718676879449504e+01
2.465733861024365225e+01
2.431970297141696946e+01
2.480434199409780760e+01
2.538524001839556021e+01
2.683578264657802848e+01
2.537244897010480571e+01
2.442975211884170861e+01
2.475753030655068088e+01
2.429588264896507965e+01
2.475571195743428277e+01
2.504813043303675357e+01
2.469761461602386987e+01
2.482135193614869451e+01
2.608223911333714184e+01
2.516098136726403567e+01
2.406278080495920335e+01
2.545607275504802303e+01
2.506165609005271122e+01
2.463966910701567059e+01
2.476852525822242512e+01
2.454680128145858831e+01
2.515413277223426292e+01
2.596992227618213889e+01
2.463139501709845547e+01
2.561701209759568343e+01
2.534085473408459421e+01
2.535504817636270758e+01
2.423215760456423595e+01
2.462980356286637118e+01
2.487460081086488373e+01
2.493407194595465981e+01
2.472388133045336289e+01
2.488504310644633932e+01
2.534673221182546499e+01
2.680995627935492820e+01
2.471939991355310440e+01
2.509247934189306761e+01
2.538443268403472430e+01
2.506389158834213760e+01
2.509423273957909117e+01
2.452074161608416958e+01
2.485633265701547145e+01
2.564885180680730414e+01
2.461634198233349480e+01
2.441030657818515337e+01
2.441124192983876284e+01
2.532064277319278034e+01
2.474056773717439484e+01
2.501787186507549166e+01
2.463209539670432946e+01
2.592432725940563643e+01
2.440365564839140688e+01
2.482559638897375365e+01
2.454392523264787229e+01
2.512274465995936623e+01
2.524862162893088779e+01
2.534336298478859817e+01
2.465712482906162606e+01
2.468772013616423777e+01
2.467841790811727520e+01
2.531075635232491194e+01
2.462408003824932123e+01
2.441369384215037641e+01
2.518430176726807090e+01
2.471910779427046023e+01
2.496023399826969680e+01
2.467235481771419003e+01
2.480304242158182149e+01
2.554978117978397734e+01
2.543608421629500782e+01
2.536947144427080403e+01
2.466047071584968720e+01
2.503348613722445748e+01
2.483209297275553595e+01
2.484504964466320587e+01
2.481209400924479525e+01
2.508828712386150883e+01
2.423036777598002800e+01
2.554665458424369362e+01
2.474019448541242028e+01
2.384347396207781955e+01
2.507658857133111141e+01
2.478463060963803244e+01
2.470337166824027975e+01
2.514430422776304397e+01
2.499967011589229315e+01
2.523134283176588966e+01
2.540365187866872887e+01
2.463286927454676700e+01
2.575816579343852553e+01
2.465910629201425763e+01
2.601937322105449724e+01
2.448953976357630324e+01
2.430311257152298410e+01
2.548419518519656890e+01
2.525374301820677658e+01
2.461778730875347776e+01
2.530796109652792580e+01
2.528743544996908810e+01
2.512594094064139583e+01
2.441463289937293979e+01
2.475383432480884949e+01
2.489446820758701051e+01
2.533098408649568967e+01
2.481492651145743622e+01
2.479800113671487694e+01
2.474528426895827593e+01
2.506068686747298457e+01
2.535071244329492046e+01
2.598509298432123416e+01
2.488187821559016299e+01
2.517181375766114826e+01
2.510012080262225354e+01
2.467083682968583247e+01
2.501265369668464444e+01
2.443868718580979404e+01
2.464669313241541460e+01
2.553984970121751630e+01
2.577035565515920368e+01
2.481770442866780257e+01
2.439554655187509979e+01
2.403856297886541427e+01
2.529033679299952908e+01
2.482063170120313700e+01
2.413994264602739293e+01
2.455756884160704345e+01
2.534319802070983130e+01
2.584783836827725523e+01
2.501627059052298208e+01
2.615349071561157501e+01
2.563007054192953760e+01
2.430610430026936086e+01
2.470172911621110146e+01
2.508171641102986982e+01
2.465470757383115696e+01
2.539203828369824478e+01
2.536195105564094021e+01
2.494123616891776862e+01
2.494162589705577560e+01
2.530904454718026386e+01
2.478860589190366071e+01
2.535766390818289651e+01
2.466438928499335859e+01
2.532391952619320463e+01
2.561542567572966433e+01
2.455639175083985748e+01
2.399492714733898069e+01
2.550920591218097755e+01
2.529849044608615216e+01
2.510919232523873390e+01
2.549511202032224944e+01
2.492730847949691153e+01
2.569699857525867515e+01
2.465464010026407848e+01
2.459548284454856670e+01
2.506431829616109042e+01
2.500873889213733747e+01
2.504616193852615069e+01
2.546716601468984109e+01
2.476598958066646716e+01
2.551050042788799743e+01
2.546245933094159497e+01
2.492330372425457341e+01
2.488450725702060851e+01
2.543479058037868867e+01
2.524470745155352347e+01
2.500038996717296769e+01
2.568520499625978815e+01
2.537902327745464603e+01
2.542192948745119807e+01
2.450383975226319322e+01
2.505967025193892184e+01
2.567567463145107709e+01
2.529270485747902342e+01
2.487942792076295362e+01
2.533562696444996476e+01
2.491979868440503765e+01
2.503277991074900299e+01
2.512609084912127599e+01
2.435760394532210071e+01
2.507838255824939466e+01
2.518550468450747104e+01
2.510584927549060907e+01
2.426178077943667333e+01
2.450683596581211177e+01
2.521728862431888629e+01
2.535575599883421916e+01
2.529951334541413388e+01
2.563066302401967889e+01
2.509375396819612902e+01
2.460552829135477992e+01
2.491970648827194523e+01
2.602198189068710477e+01
2.552749696858178652e+01
2.505021893952179823e+01
2.470912831385573227e+01
2.459833499080449215e+01
2.474811311494623212e+01
2.457715865554960999e+01
2.494897145328988941e+01
2.530348895075222160e+01
2.451390766350551331e+01
2.515262540010908410e+01
2.516274153452611273e+01
2.548708808136829873e+01
2.444009068562537834e+01
2.532956504221465721e+01
2.446129505767406087e+01
2.487887195061998113e+01
2.496063754182963024e+01
2.478673668625135207e+01
2.501328987158095529e+01
2.450095144585590390e+01
2.448812193473150955e+01
2.569832017202678998e+01
2.515823798432883507e+01
2.458458024519469021e+01
2.443810201453860742e+01
2.481831961010000143e+01
2.492138738247376750e+01
2.487064904439715463e+01
2.528877790759180400e+01
2.544664394496134463e+01
2.530105266556659771e+01
2.514262646525872213e+01
2.479308980029858844e+01
2.471209749271765332e+01
2.510071104805309261e+01
2.450654761503029988e+01
2.469994202121896620e+01
2.414800672120080804e+01
2.442846527888134034e+01
2.571072170894073139e+01
2.453625380406126411e+01
2.457557904458594322e+01
2.602724503333726247e+01
2.473875334257147429e+01
2.456294131435314654e+01
2.485166428191244137e+01
2.552102115511398495e+01
2.554126329298572884e+01
2.536408349442481125e+01
2.501704567460716433e+01
2.514337606428095029e+01
2.499534730476618805e+01
2.448504243614242526e+01
2.496676236190031517e+01
2.436173511280051329e+01
2.541897688794848520e+01
2.492576103067981563e+01
2.419208566926683446e+01
2.531209017450878207e+01
2.497465208383353286e+01
2.539950440658693154e+01
2.491235080171285432e+01
2.491687499167075615e+01
2.601631034844896107e+01
2.450308708963431314e+01
2.434204851864400609e+01
2.544024273780138401e+01
2.615493477493838981e+01
2.521623676269853931e+01
2.404452077183674774e+01
2.444051794398052380e+01
2.459660489753290591e+01
2.521245174731436833e+01
2.486917339003602478e+01
2.476225798536427902e+01
2.484570933792620906e+01
2.462362922913877838e+01
2.468280617340546712e+01
2.517539473983025999e+01
2.489013437211955093e+01
2.463919679091417336e+01
2.560857088964227302e+01
2.449850975593884428e+01
2.503897244568071656e+01
2.490716221058760382e+01
2.459506785881333357e+01
2.388353861200318562e+01
2.490175267677906490e+01
2.406613277878882329e+01
2.535605764446785670e+01
2.527694364314678666e+01
2.473537324153829431e+01
2.561220219574729740e+01
2.479390064849384956e+01
2.499140894922169309e+01
2.554122679975148813e+01
2.515218795515658812e+01
2.446089514562212486e+01
2.554636167112293066e+01
2.422784879444594353e+01
2.388607487461873191e+01
2.464298348728729238e+01
2.563082000427091245e+01
2.556056903163771210e+01
2.503566249512083886e+01
2.457979708594216106e+01
2.493854023851127621e+01
2.506603053072337772e+01
2.461582230136706428e+01
2.424640539633692526e+01
2.518677110033540956e+01
2.462778848200856174e+01
2.494749274023760677e+01
2.483537487579285497e+01
2.529968749331914424e+01
2.479801398029262316e+01
2.451716145829590943e+01
2.523923427899129379e+01
2.509650398464426146e+01
2.487012958222479497e+01
2.576471190982986670e+01
2.406044173237240713e+01
2.481865104585275006e+01
2.424061254472308136e+01
