1.591813862322513806e+01
1.581948087460751395e+01
1.544251672061997560e+01
1.594253385004183698e+01
1.562261626687866212e+01
1.576981763353603050e+01
1.615430895662839106e+01
1.600652923525609594e+01
1.554462550695143719e+01
1.528341943844808171e+01
1.592073416788096729e+01
1.613100900388143089e+01
1.542597822192518109e+01
1.592143700663212869e+01
1.622564514360979260e+01
1.602124852093203344e+01
1.572587200543802766e+01
1.577539250714584895e+01
1.550041487249409222e+01
1.530818804583421588e+01
1.629942794246203519e+01
1.626255971352441065e+01
1.677464045547084126e+01
1.584540564555330633e+01
1.554008633971468178e+01
1.687970727235469326e+01
1.625925647227440152e+01
1.558935595852998546e+01
1.578672898058026419e+01
1.584432612834935128e+01
1.634592238935167430e+01
1.607036621264417064e+01
1.627685885596934767e+01
1.543682977364176878e+01
1.580690434418411527e+01
1.630125810255640317e+01
1.616102676563089346e+01
1.561833673926237864e+01
1.604791094976310362e+01
1.550544832658664696e+01
1.655959368722179903e+01
1.571885804586079338e+01
1.591903740053794358e+01
1.654928424199255943e+01
1.577702528961692607e+01
1.577956505359822259e+01
1.582093641724802957e+01
1.612901457622817958e+01
1.635529831565133918e+01
1.581203158598780156e+01
1.569926618349834335e+01
1.588943396204127545e+01
1.611370090409090849e+01
1.619863587905824787e+01
1.643027639315080179e+01
1.562321886608670951e+01
1.614171799192097367e+01
1.598434739410386562e+01
1.640620310883566901e+01
1.582912569165002203e+01
1.618225667750567354e+01
1.647138844903376409e+01
1.578943960651566591e+01
1.655590324140370129e+01
1.625486645887852433e+01
1.621451582157553162e+01
1.546342988608182800e+01
1.552745631411546867e+01
1.594659441865536387e+01
1.618086442657602220e+01
1.532402644327066632e+01
1.546457559189677333e+01
1.577194423575695481e+01
1.601330323690260826e+01
1.630868182099535701e+01
1.534704087621683755e+01
1.578580969282765345e+01
1.584381398821938447e+01
1.578074800717951831e+01
1.624146963332023930e+01
1.604289094508746771e+01
1.545647955584423272e+01
1.573306663534349248e+01
1.624826376171007070e+01
1.597254985860230647e+01
1.558688502460976721e+01
1.615598262214011882e+01
1.545576350121746323e+01
1.570590487523917034e+01
1.564122558521133755e+01
1.589650187217639221e+01
1.593801702224094008e+01
1.645341483305231378e+01
1.652773754443346732e+01
1.640914076116380826e+01
1.562486948358665906e+01
1.606334440541414921e+01
1.586130718134555195e+01
1.616559515408558667e+01
1.595881548606396727e+01
1.556074363088700352e+01
1.629861544916406757e+01
1.636574962465023120e+01
1.594734254443779875e+01
1.598001741438248224e+01
1.553176431835569460e+01
1.609522723257758869e+01
1.619537266643605378e+01
1.610981741545540302e+01
1.611992005189778610e+01
1.648804990850858587e+01
1.557660812193200606e+01
1.591276514908209982e+01
1.552737259363372857e+01
1.616493838079233569e+01
1.578356789814825589e+01
1.645851099436794840e+01
1.651239629196849990e+01
1.598045180997617543e+01
1.572780466129299271e+01
1.550987611180348047e+01
1.571663122815941982e+01
1.589918502662095712e+01
1.609713309337359277e+01
1.563395024637893371e+01
1.619564527029534418e+01
1.564587170062592314e+01
1.588354866410782762e+01
1.577408259254325884e+01
1.576163148219848154e+01
1.644443081030404130e+01
1.624808918423638104e+01
1.597418342523827128e+01
1.676802264504705420e+01
1.636045793004333859e+01
1.546914625185092618e+01
1.604059737080676840e+01
1.622738933638048309e+01
1.639490504889813849e+01
1.605725818715050579e+01
1.604170852351325038e+01
1.604349793716045269e+01
1.655205112591741567e+01
1.627424347114669700e+01
1.655339145231443609e+01
1.599107417009894405e+01
1.597797187497522664e+01
1.601083133385236934e+01
1.644205149173912162e+01
1.622230964025230548e+01
1.602478631276017396e+01
1.606072486052619297e+01
1.576738793978157283e+01
1.642981966391706905e+01
1.540928544677715628e+01
1.614049748628419678e+01
1.590470028910548450e+01
1.572914273628001958e+01
1.591731470064615905e+01
1.593975454708868611e+01
1.622874221191746358e+01
1.581308865220138493e+01
1.590043605209857347e+01
1.607196502461071930e+01
1.592396492629395155e+01
1.549765009223208878e+01
1.572397223982232362e+01
1.608994618453623104e+01
1.631087220026433471e+01
1.608355080653236868e+01
1.630258735905043110e+01
1.515429908752384414e+01
1.577781741126454662e+01
1.602693851385428303e+01
1.621701807383416849e+01
1.599518686262121925e+01
1.614366141649845687e+01
1.591765232360095084e+01
1.593979373348210871e+01
1.602491869501017163e+01
1.567689821170019115e+01
1.631753033751353854e+01
1.631442453087210609e+01
1.610017866883405091e+01
1.552940859176994870e+01
1.557818971099436567e+01
1.544909719020760264e+01
1.606928834824583774e+01
1.695961260956785566e+01
1.571456440177385261e+01
1.605494725328932049e+01
1.597987366822615307e+01
1.558357895445610275e+01
1.591409525122026380e+01
1.643521881790591266e+01
1.597452641474982293e+01
1.604865896646874646e+01
1.593694367313956484e+01
1.639024881509606502e+01
1.613103900655490364e+01
1.614557976315043675e+01
1.611260472683825640e+01
1.611045962664143616e+01
1.555547575212791145e+01
1.620817413365500670e+01
1.552726743841927437e+01
1.617116519712788403e+01
1.619375267706868016e+01
1.597073333494802228e+01
1.593530126734776786e+01
1.594255277106092095e+01
1.583547908452463737e+01
1.652534960857200730e+01
1.657055519676845989e+01
1.587838128277870453e+01
1.632273176346191690e+01
1.571513687361787781e+01
1.585549688535343904e+01
1.607091486605746766e+01
1.594552012615759118e+01
1.601872841113073775e+01
1.580372001545924121e+01
1.560771727633780337e+01
1.597577792645336459e+01
1.625244066882279625e+01
1.624844913837895888e+01
1.635544847051155060e+01
1.608896907533716103e+01
1.643842348232080752e+01
1.590357419017825080e+01
1.631029123753422638e+01
1.599738396785383010e+01
1.599830801026591054e+01
1.622836392085885748e+01
1.619740681129460569e+01
1.611939016038770589e+01
1.545122118476794526e+01
1.565711040411899901e+01
1.598050869344895375e+01
1.604304993447411931e+01
1.630851008046762729e+01
1.586438885300145074e+01
1.574620245022630094e+01
1.585005913336184413e+01
1.594777395991724767e+01
1.593611173636442757e+01
1.569284975538904803e+01
1.624112404549794064e+01
1.551538186317398527e+01
1.590859373252003905e+01
1.603131974355423850e+01
1.623119682936487962e+01
1.565857764485502557e+01
1.604793210958097305e+01
1.569016756328615081e+01
1.613610349894301166e+01
1.578850241039894442e+01
1.633602656982468915e+01
1.630196050612548930e+01
1.609738466972847704e+01
1.593713824179907768e+01
1.566108535266888602e+01
1.594966952769299695e+01
1.614833381503310150e+01
1.568685161923723825e+01
1.638231849353535452e+01
1.573643222114258400e+01
1.626067784004100503e+01
1.545462453970953121e+01
1.569787615440644934e+01
1.620679367333107734e+01
1.596252345904610870e+01
1.580802251660280966e+01
1.564432899282053135e+01
1.638275631680505384e+01
1.597164631589441974e+01
1.615113757014747264e+01
1.611020328788923095e+01
1.703027593847036769e+01
1.577446660970690751e+01
1.599086635466279560e+01
1.568287586622311913e+01
1.573811725598456057e+01
1.643544531623050275e+01
1.613696443188323570e+01
1.688125483195953080e+01
1.610223670295031795e+01
1.577273080342322586e+01
1.639081766892085312e+01
1.598643699294171405e+01
1.604040275209154487e+01
1.587401600971924687e+01
1.623037066255646721e+01
1.598815167324701925e+01
1.615139280866709726e+01
1.543814910497832038e+01
1.598825265367279869e+01
1.598950943961568960e+01
1.605776633914947737e+01
1.585765140741365187e+01
1.653414721340746851e+01
1.656464934215648199e+01
1.590386528324411763e+01
1.600298406454039224e+01
1.644680724246896020e+01
1.603047771122778187e+01
1.589860661415634091e+01
1.554252036161043371e+01
1.591886637206205890e+01
1.581690813859917633e+01
1.646401571842222467e+01
1.649759018199774729e+01
1.607228172118746201e+01
1.568250481307610933e+01
1.582516252383485700e+01
1.605571391542809678e+01
1.599547263675539455e+01
1.574051672701884286e+01
1.595858507154310857e+01
1.642606893718690841e+01
1.591342488085384232e+01
1.613960809178733058e+01
1.586321717851064506e+01
1.618533309894330685e+01
1.582573331870882782e+01
1.607607814503850818e+01
1.550127443440858777e+01
1.575289940838956682e+01
1.637980973576518551e+01
1.574035626051699488e+01
1.562657609646969981e+01
1.623904954620167373e+01
1.549542281678044020e+01
1.602257552888602632e+01
1.648949056768260490e+01
1.625343192444543305e+01
1.652720811829219016e+01
1.636080404263750765e+01
1.671851529952967041e+01
1.597192194389065101e+01
1.601790596233433206e+01
1.572399369592541163e+01
1.573518970207149792e+01
1.593735618439030510e+01
1.580825584455903687e+01
1.555231072650326851e+01
1.616341918032788882e+01
1.545478526503107020e+01
1.601076160105971269e+01
1.626139132113754471e+01
1.605798232466611708e+01
1.628314293578027971e+01
1.608827231332124441e+01
1.608710919139655005e+01
1.567532860889256163e+01
1.607810449283110898e+01
1.626439972114733834e+01
1.588945983106451187e+01
1.603727499806679901e+01
1.578308072112640126e+01
1.627352411783428110e+01
1.596805422855408096e+01
1.577688125013402498e+01
1.599822577480184727e+01
1.592201891032103056e+01
1.578532536144863485e+01
1.537617713764081273e+01
1.614630342102513438e+01
1.541307886109463254e+01
1.641985115288976260e+01
1.582540165711862734e+01
1.633870400964316261e+01
1.571248051429498105e+01
1.650520810949253914e+01
1.580085146709824251e+01
1.612352272345665227e+01
1.593497104145928844e+01
1.582385828644769532e+01
1.621447262901702402e+01
1.571535464773776702e+01
1.564191985222503156e+01
1.609626948627050069e+01
1.614581613985913222e+01
1.608036892964766906e+01
1.610848338998850338e+01
1.603024103149288848e+01
1.578699591501345445e+01
1.626231544277524321e+01
1.626188892635534344e+01
1.629345661714087967e+01
1.581108723300370400e+01
1.559169417609934349e+01
1.637653216197057304e+01
1.625041914558847012e+01
1.578892592930362326e+01
1.623439318897235495e+01
1.618959482857929899e+01
1.652826538039653670e+01
1.595882916801802054e+01
1.600559954780277749e+01
1.606008671263849408e+01
1.530080561299551967e+01
1.539866702224668948e+01
1.565704765814237120e+01
1.573172275775690920e+01
1.593570522456159644e+01
1.554144745593711541e+01
1.591276791175861938e+01
1.563874713440193176e+01
1.658756157242532225e+01
1.584768448738507196e+01
1.627570109215822924e+01
1.618564187136984600e+01
1.556258352417112079e+01
1.570212679544692236e+01
1.565685830669201373e+01
1.603046523520431776e+01
1.623478427319999895e+01
1.591663160448948311e+01
1.595821406927046304e+01
1.551331793542870940e+01
1.620759218275001601e+01
1.572093136059209506e+01
1.582378529991479432e+01
1.629897048976905083e+01
1.555591077708999315e+01
1.594027650265955742e+01
1.601433452779220090e+01
1.583373352063661876e+01
1.564743215599001935e+01
1.588164467248206613e+01
1.595096924037857988e+01
1.564912496371665007e+01
1.625020891851746541e+01
1.595721526586632422e+01
1.567154116190960700e+01
1.600050252782389393e+01
1.620810352804561205e+01
1.587045239330475788e+01
1.532008714279025341e+01
1.607925304700411928e+01
1.606242251287031308e+01
1.627180229654500465e+01
1.589053769820777973e+01
1.528402852418726710e+01
1.597772236325661233e+01
1.582117511257663267e+01
1.592814527779069422e+01
1.673053036886520317e+01
1.641026790032294613e+01
1.644027821459458849e+01
1.554635350682584694e+01
1.605136100039205616e+01
1.639331727191040144e+01
1.595229860309947512e+01
1.551370285260858495e+01
1.641495789903047964e+01
1.592621274936613673e+01
1.616638266966893411e+01
1.617686140765286851e+01
1.589877441747467479e+01
1.556657935022665384e+01
1.562623095920186245e+01
1.635840742978755458e+01
1.575171766965825171e+01
1.604892752650525622e+01
1.581685451740256987e+01
1.588064076703116712e+01
1.582410458268926057e+01
1.610725487276085488e+01
1.594650160996614829e+01
1.668065393302596888e+01
1.568299512030405474e+01
1.584696141397732028e+01
1.546880523809262264e+01
1.658803588432672527e+01
1.577053146022837460e+01
1.612173089373460044e+01
1.576908625052955415e+01
1.584000868258156558e+01
1.528389458154537017e+01
1.577317554561540724e+01
1.579172320143022112e+01
1.635799200719685587e+01
1.588301806076985123e+01
1.624751177094945831e+01
1.571719794505227163e+01
1.649333531657572749e+01
1.600916166134043550e+01
1.588809661053773503e+01
1.581019653606066733e+01
1.624475505486149984e+01
1.646844430296130568e+01
1.574242156791009606e+01
1.602333357991537000e+01
1.576413934799687055e+01
1.601939433944623303e+01
1.573736991870203283e+01
1.580078655060870751e+01
1.604642813161573400e+01
1.639526318067251509e+01
1.588504170263498594e+01
1.583247678313271933e+01
1.610824907345154955e+01
1.640728390222174227e+01
1.633497155615961560e+01
1.565519392428095458e+01
1.617504043556961690e+01
1.538556652693213422e+01
1.568993328023668710e+01
1.629846398237889460e+01
1.643055216153652864e+01
1.597288731208535495e+01
1.610701459973059002e+01
1.569058758553720168e+01
1.624014100997562693e+01
1.597173334116825316e+01
1.546352054727189085e+01
1.549079304914999433e+01
1.681793224971266909e+01
1.590393153232775703e+01
1.601751504324748510e+01
1.637002266410696549e+01
1.647613579233074077e+01
1.614676179276742118e+01
1.647319188735773920e+01
1.595153510422478682e+01
1.589891875245934116e+01
1.582639279282077283e+01
1.587085017829251576e+01
1.647561469162248571e+01
1.567815516216747440e+01
1.619119388260570602e+01
1.598361906847063985e+01
1.585622983010011566e+01
1.561892395958365221e+01
1.608036418792723765e+01
1.603611518083174303e+01
1.568713869440957609e+01
1.606022109827089750e+01
1.564700312541680383e+01
1.614279924019998447e+01
1.593009511167374370e+01
1.642477524760002794e+01
1.632330777207303285e+01
1.555521747420318590e+01
1.605262717302933240e+01
1.589173092254456421e+01
1.606783005388056651e+01
1.620238024251984399e+01
1.586949362107603712e+01
1.603648101998967235e+01
1.624107952469478988e+01
1.673061884438764224e+01
1.536451903294469190e+01
1.656542702930097377e+01
1.499681043524551782e+01
1.568640416791875403e+01
1.620674258015624503e+01
1.658720370514570419e+01
1.589146892517881504e+01
1.576619603027432071e+01
1.596270993990064113e+01
1.623631985018982604e+01
1.568720555133203298e+01
1.620608426707758909e+01
1.607775558742105204e+01
1.527994507878703345e+01
1.545341799735178334e+01
1.659237170676525253e+01
1.584594560655968820e+01
1.573715447886829644e+01
1.620444979340765101e+01
1.676573750081465164e+01
1.588949971300002417e+01
1.604174834609393585e+01
1.583227021305937043e+01
1.581572381354432544e+01
1.632670618994585965e+01
1.559398238318553176e+01
1.546068629074253664e+01
1.599927801727887733e+01
1.614813364937852214e+01
1.605450200191677368e+01
1.596285243247809404e+01
1.663918199581701884e+01
1.555434453325779565e+01
1.571674740482616528e+01
1.563585949138855824e+01
1.652445387705491342e+01
1.649506655341957995e+01
1.655346868974407570e+01
1.561326338632039779e+01
1.596543124740992248e+01
1.639670588395020090e+01
1.571147854166462210e+01
1.577492008967141501e+01
1.593130489042739129e+01
1.593991816284718510e+01
1.628653779687754266e+01
1.611959015075045443e+01
1.595952654761597600e+01
1.622653763150185924e+01
1.580589716021245117e+01
1.561655416742384794e+01
1.605692968657264075e+01
1.618068072617465702e+01
1.586506663624736291e+01
1.586538314385761694e+01
1.637959916118156656e+01
1.569622267940151517e+01
1.661591748373977140e+01
1.578258818864716062e+01
1.670388934847007079e+01
1.623086326450212979e+01
1.554006762303625067e+01
1.610545360360342926e+01
1.594865504419253810e+01
1.563238676691207907e+01
1.629561669006633196e+01
1.587932625345154491e+01
1.601391385603503892e+01
1.609217712506221432e+01
1.655132673450904690e+01
1.601532107177972719e+01
1.627264761695619555e+01
1.623680622569886367e+01
1.582213755035643032e+01
1.589297160419543786e+01
1.610285369003106837e+01
1.553317488521134671e+01
1.566290207923674060e+01
1.604708047219151368e+01
1.598976413929922202e+01
1.577883774266632422e+01
1.575041072671636400e+01
1.591849706090506800e+01
1.611376214446040578e+01
1.593151573034851154e+01
1.615874224775223311e+01
1.578297894011801006e+01
1.615219714334800472e+01
1.590531482499954663e+01
1.521061052248050238e+01
1.597094155750461653e+01
1.587532208002201095e+01
1.624993971388680336e+01
1.566316492870982380e+01
1.648890649787072249e+01
1.585769326836335935e+01
1.606693143921824785e+01
1.666303382044414505e+01
1.640407879504429900e+01
1.589414313616600971e+01
1.653851307017875882e+01
1.550721559353654833e+01
1.605647698692552083e+01
1.591445046373342365e+01
1.627314317249454234e+01
1.617384011433478008e+01
1.614378482326645781e+01
1.573334807074847674e+01
1.574539482666180845e+01
1.640058833471924515e+01
1.633342597030533483e+01
1.586360008906249064e+01
1.590379542221883291e+01
1.582740191673386931e+01
1.570112953848924420e+01
1.640673430048914483e+01
1.660400387878938133e+01
1.564595362936633371e+01
1.620748083092024316e+01
1.642001153258960500e+01
1.596609801257674732e+01
1.542294640901353198e+01
1.570517306593015583e+01
1.592409151732627137e+01
1.615572392259595347e+01
1.576591480348955443e+01
1.666187158633611531e+01
1.619770971105324264e+01
1.581997606444750915e+01
1.598269800582172273e+01
1.595864051902027292e+01
1.598806050463213069e+01
1.582615053312403219e+01
1.571314320799416997e+01
1.621337174761120892e+01
1.704868698871119648e+01
1.580356047798829344e+01
1.576437592063205173e+01
1.607446895009993426e+01
1.557225925340090100e+01
1.573174044508686364e+01
1.603720319057706334e+01
1.630198315220880190e+01
1.650438904099815929e+01
1.567416653996826525e+01
1.635489972495241773e+01
1.556921955778047995e+01
1.599834924645134393e+01
1.544851143297997709e+01
1.609636688305296204e+01
1.581001930708431580e+01
1.539903561433131074e+01
1.617143047298274894e+01
1.598104257622791913e+01
1.599852269630125789e+01
1.600874423000069413e+01
1.638013493072891080e+01
1.592775087905097919e+01
1.591175959513933869e+01
1.590961269673619150e+01
1.617706940194774745e+01
1.579239551188300617e+01
1.513898050509872739e+01
1.597023320468261609e+01
1.603785306957200874e+01
1.623504944839177000e+01
1.583884647906557852e+01
1.618707060958644206e+01
1.668533261687874258e+01
1.586427237837196280e+01
1.696284035047376904e+01
1.638872762824939500e+01
1.613755799471316266e+01
1.648025541244114223e+01
1.565197489118778051e+01
1.579496901032437250e+01
1.583722744353383938e+01
1.567076777689501732e+01
1.625875991799085440e+01
1.620736753159064136e+01
1.589096243584377888e+01
1.587043455672621661e+01
1.605128156078422919e+01
1.627436361995025749e+01
1.560522270124588218e+01
1.603042279750681942e+01
1.605561244780159313e+01
1.584057576041846360e+01
1.630324365927979713e+01
1.573606453934704774e+01
1.542430335779205741e+01
1.618130916824676291e+01
1.614947518719028352e+01
1.548056503020583285e+01
1.603215522888836375e+01
1.635649527300564898e+01
1.613470463935958676e+01
1.631874550674764635e+01
1.611282220002172139e+01
1.554534807481099890e+01
1.608969262424242075e+01
1.560599850991273918e+01
1.547180300359347882e+01
1.607103566003687334e+01
1.595505839311762841e+01
1.553741368416145541e+01
1.598044041875121302e+01
1.595444357868204399e+01
1.607557973149730302e+01
1.587507844690043335e+01
1.618346495500328786e+01
1.588938565666550673e+01
1.599532432797058412e+01
1.612072051546802953e+01
1.582362519201333484e+01
1.597752323222377946e+01
1.607660241505339371e+01
1.598517711836045407e+01
1.670176256586312036e+01
1.579368374771638628e+01
1.641697990353431535e+01
1.635573678167636302e+01
1.589967589480101573e+01
1.607003200277591404e+01
1.637376422473665016e+01
1.572019834139755723e+01
1.608839651531883064e+01
1.595447294690926121e+01
1.610930496780157029e+01
1.617911812562976337e+01
1.589314095631682733e+01
1.598843231506001139e+01
1.597376491897631823e+01
1.643296633590043854e+01
1.569429087454757266e+01
1.585427101724629040e+01
1.559622071053631842e+01
1.587744632540034395e+01
1.561896723569970113e+01
1.628596268381260970e+01
1.611800612771382291e+01
1.586164486253123229e+01
1.599678794156493034e+01
1.576702410416338473e+01
1.564961629904583873e+01
1.560717030941238193e+01
1.577242305888913521e+01
1.615589683573582036e+01
1.522057467976949319e+01
1.623623563541514514e+01
1.637400000764297658e+01
1.613722354290683825e+01
1.615377447926254817e+01
1.580474302223223759e+01
1.578470460855306889e+01
1.633793032818337920e+01
1.632128960614717172e+01
1.611222457564586108e+01
1.582741103526589832e+01
1.627398857193049864e+01
1.588773312640362612e+01
1.620863682506046999e+01
1.638967055072109957e+01
1.544240538290456755e+01
1.658745927441067636e+01
1.562745455364427372e+01
1.664169111164455828e+01
1.617880033914271110e+01
1.564803468702564260e+01
1.597597732454582875e+01
1.562070882039567721e+01
1.597134110628651271e+01
1.558995668597022721e+01
1.608043478738801113e+01
1.617181627548868761e+01
1.615691495313882697e+01
1.621936311670159014e+01
1.649935125643985145e+01
1.587224546135603376e+01
1.592792661462011061e+01
1.632356737981541528e+01
1.571020835938884375e+01
1.626390086618743069e+01
1.614403644757138068e+01
1.648571943636737558e+01
1.616876691505751396e+01
1.640371464610969099e+01
1.598987353029554015e+01
1.574344622374403180e+01
1.611667658355759869e+01
1.587357354886361804e+01
1.664390141730690686e+01
1.576034421880399705e+01
1.582173202112918275e+01
1.601205619611808828e+01
1.639396750293931504e+01
1.557301018347322241e+01
1.556983090361247335e+01
1.598833738346997002e+01
1.601270550586056274e+01
1.660779359709606240e+01
1.605036968483622672e+01
1.635587184999899790e+01
1.574192528822051429e+01
1.598833587801497558e+01
1.573774960295857461e+01
1.596936383132074866e+01
1.588212519143804435e+01
1.605271813334852737e+01
1.592853943167830089e+01
1.657374522297309127e+01
1.599261754573653427e+01
1.572763225025355283e+01
1.645848807520214052e+01
1.597705843744686227e+01
1.639114910797383473e+01
1.622656227029902354e+01
1.639972664030432270e+01
1.564243438200657543e+01
1.669913908729088092e+01
1.590045571265487112e+01
1.615510037770315677e+01
1.628399461306567630e+01
1.615614900322670167e+01
1.606548636266845875e+01
1.658642283490069858e+01
1.622311384985658833e+01
1.664926699275205735e+01
1.596633713987883674e+01
1.588467167249569911e+01
1.539472415950409001e+01
1.679938978123495374e+01
1.601267816457180970e+01
1.568222759208512862e+01
1.632563961742856407e+01
1.604130747033782711e+01
1.587192642001977205e+01
1.608438635127534866e+01
1.601253375073254048e+01
1.605452236666356214e+01
1.581031478354606890e+01
1.625064508327612600e+01
1.539534789117882774e+01
1.603496748420180396e+01
1.605767334333286200e+01
1.515176802574271164e+01
1.593432512734917950e+01
1.581176079508082211e+01
1.541870683471780978e+01
1.597349290888057105e+01
1.646858265871707161e+01
1.599540118396247301e+01
1.568717629307032091e+01
1.605005226705769417e+01
1.676126623257450277e+01
1.599098228705595659e+01
1.618766868056404817e+01
1.593917477273314098e+01
1.568051609269627455e+01
1.561547990683676268e+01
1.622756405634535071e+01
1.584808200752350338e+01
1.554707303431851528e+01
1.548512749259277577e+01
1.570420659927112972e+01
1.588681361480416854e+01
1.611501888767158519e+01
1.557731843735484922e+01
1.538829278227361108e+01
1.614266994569813107e+01
1.569201430542296194e+01
1.585477136200548998e+01
1.527424670416024632e+01
1.552122044107653487e+01
1.567487633329075081e+01
1.592808872819759003e+01
1.591430193326022469e+01
1.584008771295268225e+01
1.556980673487049671e+01
1.664743457332870946e+01
1.628257118041450013e+01
1.596949781101851684e+01
1.577807602425086841e+01
1.583423195887163182e+01
1.617362299677233395e+01
1.577718739265709402e+01
1.641067826489227954e+01
1.593396702035579260e+01
1.613023985782366765e+01
1.601197699676568220e+01
1.585904670615818723e+01
1.597187863512373873e+01
1.567788232190942388e+01
1.577055865775706600e+01
1.658055333484977467e+01
1.562513953529370880e+01
1.680957841704732303e+01
1.628261049844935116e+01
1.584645013692742488e+01
1.534078951026057247e+01
1.613582168146735540e+01
1.544308405676333429e+01
1.613864367058835114e+01
1.599509191661912411e+01
1.588969977549832535e+01
1.678137577069518116e+01
1.540885944361902915e+01
1.556844644893703666e+01
1.574131054306769428e+01
1.600672464574050835e+01
1.626203028409615214e+01
1.650853831597594734e+01
1.531319247540245776e+01
1.551263983283396541e+01
1.554544540246980766e+01
1.687467891694065614e+01
1.620517317428307535e+01
1.577851677866072855e+01
1.618569294546004755e+01
1.574881447389345546e+01
1.553504540305963211e+01
1.651328968226869520e+01
1.640577612568969101e+01
1.560716232438782924e+01
1.625344575215169840e+01
1.604107987603669372e+01
1.548909039711265301e+01
1.532736584374159428e+01
1.566615775794942245e+01
1.659226031629054887e+01
1.583990223988196711e+01
1.636181608948757216e+01
1.635922493366834374e+01
1.603454426360412910e+01
1.617754230092995726e+01
1.645299510002726961e+01
1.605024578377116740e+01
1.593875651543000416e+01
1.630274263620330899e+01
1.552637140595106580e+01
1.562263514278560628e+01
1.557907796519825716e+01
1.546782524695615457e+01
1.583761392443225979e+01
1.623387590329377161e+01
1.578785012481168337e+01
1.632608517163154005e+01
1.626608160094297162e+01
1.593148844689235055e+01
1.629181305113075950e+01
1.568493052181511693e+01
1.618699106473447458e+01
1.581194911589357943e+01
1.625171180002119087e+01
1.622039061065203569e+01
1.599233727225479917e+01
1.601564889506706280e+01
1.670450722943624555e+01
1.596965287555506663e+01
1.592367083424062812e+01
1.577575420736398648e+01
1.598014253867047252e+01
1.595349725887517600e+01
1.569137845682402244e+01
1.590115980224833336e+01
1.666387286533718637e+01
1.555149733810989332e+01
1.541639915254214088e+01
1.533920530578416219e+01
1.575024109588397891e+01
1.593991044626349662e+01
1.576179030268459158e+01
1.587967005586599356e+01
1.551910799255820272e+01
1.582371981360214974e+01
1.584355280531260135e+01
1.569377602501478819e+01
1.605914288542330581e+01
1.633358689983586842e+01
1.636652114360336441e+01
1.619283484493180936e+01
1.566135638737220148e+01
1.587538202343812443e+01
1.601495381484319935e+01
1.609927633651272672e+01
1.608727734713659885e+01
1.592485083799128986e+01
1.628832466070514329e+01
1.606645123904522166e+01
1.696994853356255817e+01
1.574575143698380053e+01
1.593527960958843614e+01
1.573530602614594009e+01
1.620008081039168957e+01
1.555865435866423496e+01
1.568011625258084685e+01
1.627419021256861953e+01
1.641555996457886479e+01
1.624995331311683344e+01
1.534608212379688119e+01
1.616520768914631390e+01
1.594773128893401193e+01
1.582128592854525984e+01
1.587834981265963030e+01
1.631873004318772402e+01
1.617987924373214881e+01
1.606888473665112116e+01
1.522038624439740673e+01
1.619166490356363752e+01
1.576050679504840879e+01
1.609201248458606059e+01
1.573144577635817676e+01
1.633389928377120626e+01
1.550479392734158957e+01
1.618927162751753457e+01
1.622633324943156907e+01
1.574537845004074654e+01
1.589915660950080678e+01
1.574862098634204699e+01
1.623701185238046563e+01
1.607161430061502827e+01
1.602431046185139252e+01
1.544289220319317479e+01
1.616758941421801765e+01
1.571373835764317306e+01
1.636922974755413307e+01
1.594771281585899736e+01
1.524232489965783799e+01
1.600206822219398362e+01
1.597480436076864407e+01
1.594684457106413333e+01
1.562453954195921391e+01
1.693568612496798664e+01
1.538962584176710280e+01
1.631493597101157178e+01
1.640706714012638656e+01
1.597105510260945493e+01
1.649059454593567153e+01
1.578284737216787015e+01
1.625389606233980544e+01
1.588754105010751694e+01
1.573473321644717871e+01
1.560480174542988152e+01
1.563816392467682270e+01
1.565311590743867143e+01
1.567555996571491228e+01
1.554203823646820837e+01
1.603730388594827616e+01
1.708906453018452254e+01
1.650567048707072004e+01
1.610919369124413691e+01
1.578417086589973906e+01
1.591401183285079313e+01
1.603478572001753477e+01
1.582718291197650551e+01
1.639387039514367217e+01
1.628969472601904300e+01
1.619138588950383806e+01
1.599374159131647133e+01
1.605071583765867871e+01
1.607758421917283087e+01
1.622745322045894767e+01
1.577962636025654319e+01
1.609815779182736506e+01
1.612001261187793943e+01
1.669152971264722751e+01
1.644275227089632807e+01
1.610990293833791753e+01
1.607041945595539900e+01
1.622622088080963820e+01
1.665979356431991221e+01
1.576557037691807395e+01
1.586863053228269038e+01
1.606716762576009572e+01
1.569118038547121685e+01
1.601783428262669418e+01
1.610876438499591501e+01
1.585147135711924982e+01
1.621198567775081756e+01
1.637856549913948712e+01
1.600314814572080735e+01
1.649273075371570130e+01
1.606529857018964336e+01
1.585439756237470377e+01
1.600311213403551847e+01
1.568117301284397236e+01
1.616998785915426140e+01
1.577053026548992420e+01
1.576929146187569941e+01
1.538201155352098759e+01
1.605962702229338745e+01
1.636982116554791489e+01
1.579045791102285712e+01
1.626632240910641514e+01
1.644541572962697629e+01
1.638462604910128206e+01
1.587937253508678914e+01
1.593504163225225589e+01
1.598762518421149714e+01
1.629076620520413243e+01
1.571927643702971622e+01
1.573167732202324842e+01
1.593128666729285214e+01
1.577679475924642993e+01
1.654795901473486808e+01
1.552032762335822014e+01
1.611183286715962026e+01
1.609397814573306817e+01
1.618771757023475288e+01
1.548576490090990099e+01
1.604840914623182613e+01
1.597748460951524763e+01
1.596154746867716057e+01
1.643561078720182067e+01
1.630606338960185653e+01
1.583428095063817409e+01
1.608844473965667987e+01
1.559301802015996685e+01
1.580152910562003576e+01
1.653429046143912373e+01
1.605658864452708201e+01
1.603425764853336233e+01
1.581250948837301706e+01
1.639949519777922049e+01
1.672130115700067066e+01
1.584678324079396106e+01
1.587956917619257169e+01
1.635576159370253180e+01
1.568600143893729104e+01
1.596658694988686911e+01
1.628664751944968359e+01
1.565898659359214484e+01
1.649050115214183165e+01
1.570060879473006388e+01
1.548292078274879380e+01
1.588015811227049134e+01
1.605118824370234520e+01
1.595949389728645329e+01
1.551710643745060203e+01
1.632568685507205686e+01
1.594842928665555526e+01
1.627297788278367463e+01
1.570725649144940306e+01
1.663777424690325546e+01
1.605094007170183090e+01
1.607217295083471598e+01
1.623734709560746481e+01
1.540578956819018330e+01
1.608095079825485740e+01
1.668052202278346030e+01
1.629359046984769677e+01
1.609697491240120115e+01
1.578766149571281296e+01
1.567605797600628570e+01
1.636070974562307256e+01
1.604747978824171639e+01
1.594094122438997374e+01
1.610234780333770033e+01
1.625790769936701352e+01
1.679763033568907105e+01
1.584647890616810528e+01
1.608080795592588430e+01
1.581492888674627117e+01
1.589034737978090028e+01
1.572193218601539755e+01
1.628321183895741342e+01
1.558767106889380649e+01
1.586792780610836218e+01
1.595235665761983412e+01
1.626959364776834960e+01
1.556570453568248169e+01
1.592946673482964748e+01
1.610108040453720690e+01
1.559726274776823196e+01
1.577643256477950651e+01
1.607077333958979892e+01
1.578923019657823268e+01
1.573895892311708700e+01
1.665208055035381918e+01
1.569874266162684862e+01
1.612025935782172681e+01
1.555546317671849543e+01
1.566372178552177452e+01
1.709569641803234319e+01
1.623836981162290982e+01
1.557308681005929429e+01
1.662169460263466902e+01
1.565056818322248589e+01
1.581830295055525681e+01
1.553836270587586021e+01
1.585749209503326185e+01
1.597262875182261332e+01
1.633373150295401643e+01
1.605641916626238341e+01
1.607472742552352329e+01
1.586206351009393956e+01
1.607932936452957051e+01
1.596344987576676111e+01
1.586339589793993454e+01
1.566929535249981775e+01
1.593382056721529061e+01
1.626892520584141266e+01
1.605807017055565566e+01
1.595186058779424343e+01
1.575669149137920932e+01
1.566735331681614163e+01
1.601546780712198270e+01
1.580736090235299685e+01
1.575403784876987956e+01
1.585356449178530447e+01
1.618760730920237734e+01
1.625884930153289432e+01
1.592903551011431773e+01
1.606166141919470292e+01
1.627126025960384936e+01
1.552415982963780294e+01
1.590533484175754353e+01
1.624411849555896126e+01
1.581613765443683306e+01
1.596698816989474246e+01
1.613278512649596763e+01
1.639384193867180528e+01
1.618128987479202507e+01
1.565712477027816796e+01
1.586256064305572444e+01
1.617070069725367176e+01
1.641324431875157686e+01
1.641077638852278042e+01
1.596060202328992972e+01
1.611404122155517271e+01
1.626512918149356324e+01
1.645412253322964702e+01
1.644523997839143448e+01
1.620630401904778140e+01
1.580820918608837289e+01
1.589905478986310960e+01
1.589931750902445096e+01
1.659274303463093148e+01
1.590102306224196482e+01
1.605402157036146349e+01
1.635650074075775251e+01
1.595731956936170626e+01
1.588466848520156738e+01
1.555001165536220853e+01
1.609034992943193387e+01
1.603303567076210001e+01
1.638771486507928898e+01
1.612134461821421638e+01
1.575910411401711819e+01
1.574176117439106015e+01
1.551470077521859103e+01
1.566543086183092193e+01
1.587669689931806261e+01
1.633884713026381874e+01
1.619086287638038613e+01
1.648190237841894401e+01
1.608610179280220365e+01
1.601709870180082973e+01
1.597921828207891437e+01
1.565818370761500233e+01
1.634436233971867480e+01
1.585004223599350581e+01
1.601325681950109470e+01
1.583384577765877488e+01
1.597036446019994393e+01
1.563705328531685801e+01
1.647758887533944971e+01
1.570456151353987551e+01
1.598747411105882321e+01
1.575657880502946995e+01
1.583159401796709531e+01
1.627850542801722256e+01
1.594688920196467308e+01
1.548790413356295126e+01
1.577995847917845929e+01
1.562990814386644089e+01
1.579483830487386697e+01
1.599220329852778733e+01
1.623455549008282617e+01
1.568910994718222440e+01
1.601000522417883332e+01
1.570453633481869282e+01
1.625029159163623760e+01
1.552649417028444567e+01
1.625057068367377511e+01
1.578457909000531956e+01
1.614401866862385049e+01
1.584553512583899959e+01
1.591852471927122536e+01
1.602961167107339335e+01
1.634784752211958647e+01
1.556877350070607768e+01
1.618984471530844971e+01
1.604175389256912254e+01
1.544930574974067738e+01
1.574874844580797628e+01
1.536213665763201952e+01
1.619420017605531470e+01
1.556700122185716495e+01
1.593559202460808422e+01
1.633489598567151901e+01
1.632199556462399670e+01
1.596169803404190013e+01
1.588545092174956963e+01
1.657342781158731881e+01
1.564615886712658543e+01
1.585222475866873459e+01
1.574141761216668911e+01
1.619656698471477796e+01
1.564629620052117787e+01
1.588418020569031519e+01
1.550989212892980262e+01
1.582684113412950389e+01
1.536812425397692117e+01
1.597378544741661699e+01
1.558710087223800755e+01
1.624701984477304961e+01
1.564054977271495162e+01
1.549029082659230738e+01
1.586972632311642784e+01
1.578776351777430342e+01
1.549604177616648215e+01
1.580085836458971471e+01
1.607615971507091501e+01
1.620162219626438471e+01
1.553650667430211385e+01
1.619311323430371274e+01
1.620949205565077023e+01
1.637042947107416424e+01
1.583774510642124156e+01
1.622102906082852058e+01
1.632467242834200505e+01
1.641650429964131774e+01
1.613671518724983045e+01
1.577962711460423684e+01
1.666042427088633104e+01
1.593762324842212408e+01
1.609739241434727575e+01
1.611542045609049367e+01
1.546942071171302402e+01
1.612481182185633699e+01
1.575748029762933733e+01
1.583243182508893376e+01
1.580979917992268291e+01
1.629962170670496491e+01
1.582201361712230891e+01
1.584561203133257834e+01
1.670558675704567619e+01
1.621097885253822568e+01
1.590087871575155987e+01
1.613105539263810684e+01
1.555425202971541587e+01
1.592847125769382544e+01
1.549628643197323363e+01
1.602957454753868305e+01
1.568316510189792012e+01
1.633604739476800560e+01
1.564641400822453221e+01
1.608410870621206357e+01
1.594059613728976643e+01
1.572045030955225364e+01
1.622611392726339119e+01
1.624130059174693130e+01
1.575823000890863135e+01
1.570850006010804378e+01
1.579545582239001256e+01
1.654882289875357770e+01
1.620668365793162025e+01
1.677435989943293393e+01
1.594075853614892857e+01
1.614227782714120707e+01
1.579503026363978258e+01
1.577667575573674341e+01
1.586562412626850715e+01
1.656289762276081845e+01
1.641401181849579061e+01
1.598145228338531787e+01
1.593122295457537874e+01
1.549284063697988323e+01
1.594093839474815866e+01
1.582754592128110005e+01
1.604312755850791206e+01
1.611293575151267632e+01
1.632221785734851593e+01
1.631180905763492106e+01
1.602763866219147104e+01
1.622749745816419065e+01
1.617207227249288337e+01
1.572584069170117260e+01
1.633547281056966582e+01
1.590474380005784028e+01
1.640543514036312800e+01
1.608893148517400462e+01
1.651371435751871530e+01
1.591566180265454911e+01
1.612646388705656619e+01
1.572249421605893360e+01
1.666289422209763771e+01
1.584827452498304190e+01
1.570516392225139057e+01
1.662159547296968753e+01
1.647596818072279490e+01
1.581883394270199084e+01
1.568464581437410743e+01
1.603242755965998612e+01
1.614523678581435462e+01
1.608719497561243728e+01
1.589291770525911041e+01
1.611091155828646038e+01
1.632195772192199712e+01
1.594310255567522283e+01
1.551835068165918585e+01
1.617043225010094787e+01
1.650647202362121746e+01
1.528956707325405517e+01
1.628008890816845877e+01
1.642544002272427761e+01
1.627856793535863744e+01
1.636201881292872784e+01
1.597593130198603717e+01
1.582723065736340651e+01
1.622246220284206686e+01
1.599982129399681163e+01
1.598112380896773033e+01
1.617537829248399106e+01
1.577487948977755394e+01
1.597852651658950229e+01
1.606218827526760151e+01
1.632800943379178094e+01
1.566227483394344944e+01
1.568049459792426603e+01
1.574028483209937512e+01
1.553701337363574986e+01
1.649811796358467220e+01
1.638871689256593811e+01
1.593482763238781530e+01
1.639546866316784701e+01
1.631183837654137392e+01
1.591690780365018476e+01
1.600494919809016636e+01
1.576727040570369809e+01
1.644954053271001015e+01
1.633623621654028213e+01
1.590108312504943022e+01
1.570028385586081043e+01
1.598716741353942083e+01
1.632033540060081478e+01
1.577215257138541027e+01
1.572580713519098161e+01
1.668291833603662511e+01
1.640004661694690924e+01
1.580881025944997553e+01
1.600058299555485419e+01
1.593468874533826174e+01
1.555985955492525719e+01
1.640618513859117300e+01
1.592704845300664829e+01
1.588650103196470198e+01
1.626278672943650250e+01
1.629663007470405844e+01
1.543779742332766425e+01
1.585542148964042575e+01
1.587694452715639137e+01
1.592766838189022138e+01
1.600879395400377447e+01
1.605614473729292158e+01
1.576488835954866197e+01
1.558501861365919261e+01
1.618188568443734709e+01
1.596606725271359650e+01
1.625108826639029402e+01
1.599413236413905359e+01
1.607530333437369663e+01
1.640098638018518429e+01
1.635728424844187145e+01
1.634442904611269043e+01
1.594294426511307350e+01
1.556700823144569235e+01
1.593363191770273701e+01
1.638730000802894793e+01
1.603810749014684944e+01
1.581591060730985099e+01
1.609846107974884433e+01
1.574765782663348723e+01
1.618012415993953823e+01
1.612765296344856125e+01
1.634094469906031932e+01
1.580108014378495795e+01
1.591210941793688427e+01
1.608422093447651591e+01
1.594092886057800307e+01
1.522941722342033088e+01
1.646121934453785940e+01
1.573430205597050247e+01
1.578036176652971356e+01
1.606972873013124925e+01
1.602918148500696560e+01
1.577858732760576999e+01
1.621350697561714682e+01
1.614893545980590517e+01
1.595803721389053109e+01
1.580891773793452337e+01
1.607395038422367151e+01
1.611487155333361443e+01
1.617478529484329641e+01
1.596800539221828785e+01
1.538519129843114186e+01
1.631439029093217741e+01
1.610324865681772621e+01
1.611842162958700087e+01
1.612373343720895136e+01
1.603280924344791103e+01
1.603846741271689424e+01
1.652701848599716072e+01
1.622355534441479108e+01
1.658549454185205008e+01
1.625519901794308097e+01
1.604662052736301803e+01
1.600284508797440708e+01
1.600428277881905359e+01
1.647751481847394928e+01
1.611106859744858255e+01
1.611910341656706436e+01
1.620714058391737922e+01
1.598972203452604823e+01
1.599266849931718149e+01
1.605795355548940506e+01
1.576648613906025354e+01
1.527579072547216654e+01
1.602690917308826357e+01
1.598581603196832290e+01
1.575634109820960482e+01
1.608463198470012046e+01
1.547066853620203020e+01
1.644129503348214527e+01
1.555552271270800979e+01
1.634198014616321970e+01
1.596730996308317430e+01
1.605558407629969864e+01
1.572904458462543431e+01
1.587023042099210279e+01
1.609090817140472041e+01
1.585135859958482207e+01
1.633903781086469209e+01
1.613122005694694749e+01
1.621651825064665786e+01
1.641260845636150378e+01
1.618575130848659427e+01
1.580608645665387968e+01
1.539342598742186397e+01
1.572420236326733267e+01
1.610786055255593041e+01
1.622576798391608222e+01
1.633832263498527837e+01
1.602690121999710016e+01
1.534658209996231193e+01
1.652917213828378706e+01
1.601800409227015010e+01
1.551349234368333008e+01
1.622335216385438983e+01
1.595284111181469200e+01
1.613036931154938358e+01
1.553689337529796610e+01
1.590785624155085465e+01
1.549966245404194787e+01
1.571042389972246411e+01
1.591267066294678401e+01
1.609740354500399562e+01
1.584056704216417089e+01
1.626123104047796986e+01
1.583069877644836509e+01
1.570765270604790231e+01
1.621781960791026478e+01
1.605896127738694901e+01
1.589202621993829290e+01
1.667811329965672584e+01
1.593360615169544658e+01
1.587686650983534342e+01
1.676251365190481835e+01
1.612355206281924680e+01
1.655113285797403222e+01
1.683413076027977695e+01
1.563989973422892277e+01
1.660633171233779493e+01
1.605730865013390130e+01
1.561917542853896634e+01
1.589477617696970668e+01
1.627761350444855637e+01
1.610933693783362131e+01
1.640911541821905217e+01
1.642917870772129874e+01
1.639003039925062311e+01
1.625900225812964095e+01
1.621549106821342434e+01
1.596402767261619360e+01
1.612844591264887484e+01
1.594212494353335430e+01
1.621084583382653221e+01
1.562066322927897488e+01
1.628377981859793522e+01
1.620538302536955655e+01
1.548862764928624891e+01
1.602757879912830674e+01
1.556280796564731617e+01
1.594925218638950426e+01
1.666650529376624235e+01
1.569750846656298116e+01
1.620058356980519676e+01
1.619491719611680125e+01
1.612728291194237329e+01
1.630620469766523328e+01
1.560560330135194462e+01
1.532610368897537434e+01
1.625444163711970802e+01
1.684656770291026007e+01
1.608114870025824317e+01
1.617490899543004801e+01
1.652297323942269358e+01
1.584768354443439797e+01
1.610470844517635314e+01
1.628894660586524168e+01
1.626191722616334090e+01
1.667879252681105129e+01
1.561112449126342838e+01
1.593877503910754001e+01
1.591547387632335386e+01
1.575587949401120014e+01
1.608350150892938046e+01
1.584279947886432183e+01
1.581436033347992165e+01
1.634980086973076396e+01
1.617796692796859048e+01
1.597689166471145406e+01
1.603530183465200665e+01
1.601009799198210004e+01
1.656210588994635557e+01
1.615697491365574123e+01
1.600217460456031660e+01
1.639047554479716950e+01
1.599026243190054863e+01
1.594483795664228687e+01
1.583653467831483574e+01
1.592886341802637240e+01
1.597640502362438397e+01
1.641569927606867552e+01
1.634440154798225464e+01
1.537150855498335567e+01
1.614607624922282625e+01
1.633530856092820471e+01
1.624769776064334437e+01
1.600742689472111024e+01
1.630768164939871312e+01
1.603799447334735717e+01
1.603996852792443661e+01
1.625997438766719227e+01
1.626256093304406392e+01
1.583990458030329762e+01
1.582459742402584268e+01
1.610237346460319330e+01
1.623911989844840420e+01
1.667556822481890677e+01
1.622912331654673324e+01
1.629530231858052858e+01
1.600320783133671654e+01
1.575927474740480427e+01
1.633357078781018146e+01
1.604623874842009101e+01
1.589136565151567382e+01
1.612210672369543829e+01
1.570573441319346841e+01
1.580676353932218881e+01
1.674801175632396877e+01
1.561783124107007481e+01
1.598957377067135965e+01
1.631922155913430217e+01
1.613702176507781161e+01
1.628302992685769013e+01
1.604160566734468674e+01
1.620572076907777870e+01
1.601276341113232249e+01
1.590330997333783181e+01
1.575517165520783003e+01
1.534028176814990374e+01
1.650566059556845744e+01
1.595829561185768597e+01
1.565766878442154031e+01
1.601118567184917296e+01
1.583479745518156356e+01
1.562368018798548874e+01
1.593973168181121203e+01
1.601513740328737256e+01
1.603362076164722083e+01
1.617555552705058730e+01
1.623462498720759939e+01
1.587147063120317902e+01
1.586696275785402221e+01
1.568984363048318542e+01
1.550865362522675817e+01
1.661721758059803022e+01
1.601838649025594918e+01
1.643714802132921093e+01
1.587319547080422666e+01
1.594059960203327364e+01
1.600905902843462769e+01
1.647528788621390206e+01
1.567020764464965588e+01
1.640361071011150074e+01
1.643837517350358013e+01
1.613955610162691201e+01
1.667744413623372779e+01
1.646912414519213996e+01
1.669169504873738674e+01
1.628336671706183481e+01
1.624737537248110186e+01
1.563020325434427704e+01
1.547781955276887800e+01
1.590715148071117824e+01
1.611173072646067794e+01
1.576578757514753804e+01
1.602405046613495188e+01
1.624801649311241647e+01
1.611801912696855155e+01
1.621969471683705422e+01
1.556407704426302985e+01
1.577739220313730151e+01
1.568774290518023307e+01
1.596863168210593820e+01
1.573336861237003248e+01
1.587342397476275480e+01
1.609217161513260663e+01
1.554173863896704511e+01
1.616114462547620789e+01
1.539164003978676654e+01
1.647929682144213359e+01
1.560334123675887419e+01
1.569677751574715074e+01
1.561063387819002735e+01
1.621342118864631132e+01
1.617687650998912474e+01
1.593883155554111042e+01
1.624442107493526066e+01
1.604372400579054414e+01
1.568466046318940776e+01
1.571923948517885705e+01
1.625030096506847244e+01
1.581266646380099949e+01
1.597691591207143169e+01
1.567790792959286428e+01
1.607165846054587277e+01
1.585179081967468306e+01
1.657845588247917235e+01
1.697827988028610946e+01
1.622533091894504054e+01
1.627295058886966217e+01
1.592865688018773795e+01
1.557284220429419719e+01
1.635722527820103522e+01
1.649930310823636148e+01
1.581616155271644608e+01
1.608253107275726990e+01
1.513923522467260341e+01
1.598198519021136832e+01
1.555499489526494550e+01
1.597657300509093581e+01
1.555002124267835661e+01
1.576197174257513645e+01
1.586109215082040258e+01
1.571374791003316673e+01
1.594325843382310559e+01
1.588524612336541431e+01
1.591461225896241061e+01
1.592739253291512114e+01
1.604022594703739557e+01
1.624261907601311350e+01
1.647568130266748199e+01
1.634738071621843147e+01
1.590776635487662460e+01
1.608607481235207715e+01
1.681014840520036557e+01
1.594288248848957146e+01
1.583008101516832511e+01
1.570228948948489922e+01
1.607701077272848522e+01
1.559683303502899321e+01
1.647393347675014041e+01
1.650686662184286035e+01
1.630364622441941691e+01
1.520125820156980367e+01
1.588712131886997625e+01
1.559872769634298173e+01
1.600641820198127974e+01
1.641658798386393414e+01
1.617374378278987379e+01
1.622226059804882325e+01
1.586876114465247589e+01
1.591125853131571333e+01
1.574463779255803431e+01
1.564017450517017416e+01
1.627339736556436378e+01
1.612809055994507901e+01
1.638246088265172773e+01
1.622309617488341615e+01
1.574852439482005018e+01
1.625477971016725220e+01
1.625689231237842236e+01
1.568246672893515203e+01
1.552803948618965713e+01
1.612491068079789969e+01
1.560831992026220227e+01
1.613357551532058309e+01
1.545179876644052719e+01
1.604754889772437920e+01
1.574172433712483432e+01
1.596681809368326377e+01
1.568158066219819879e+01
1.563844443119701566e+01
1.577198352937380221e+01
1.608413049420950003e+01
1.592720657854663635e+01
1.601066423617416845e+01
1.666117282230808883e+01
1.522806166034332342e+01
1.664581334577389526e+01
1.610545408395616818e+01
1.551650327564586362e+01
1.610020007503478467e+01
1.605318861164174393e+01
1.607714792117834790e+01
1.603874441114829352e+01
1.594055877261549981e+01
1.571559471710536648e+01
1.568922251504896792e+01
1.635872761630059458e+01
1.530701651259736806e+01
1.587333680501325972e+01
1.551565932134340819e+01
1.589351353586982007e+01
1.589840302622203794e+01
1.584558945019303167e+01
1.535090212850562175e+01
1.693353736153571631e+01
1.617361902039618471e+01
1.568992584583853400e+01
1.614991146237242248e+01
1.555048318381496308e+01
1.595692671507169891e+01
1.577275343802091179e+01
1.612858107355128823e+01
1.585857271953718950e+01
1.647646647000886233e+01
1.593881926303515861e+01
1.610318310122414331e+01
1.617976738603586284e+01
1.579337448987444859e+01
1.619496235277156870e+01
1.535829736659282396e+01
1.575225787923248078e+01
1.654992618336069654e+01
1.617451244337995675e+01
1.630928457834230727e+01
1.554369391514457455e+01
1.616529074205421423e+01
1.533316071904660305e+01
1.660912697999298260e+01
1.540274385553074588e+01
1.564171392205472699e+01
1.539275205435157012e+01
1.602835949120303383e+01
1.590815203940450395e+01
1.688874728544650594e+01
1.605502807328341675e+01
1.665315015586153891e+01
1.525894395031738071e+01
1.615508359525018633e+01
1.576214732021133713e+01
1.621491095571333929e+01
1.613403531607920982e+01
1.643300439554801429e+01
1.616085026205678687e+01
1.571029379164637874e+01
1.626939847072078749e+01
1.594776493490940439e+01
1.636839410107286596e+01
1.657207887229404975e+01
1.663008502531231159e+01
1.692628026522171325e+01
1.701957955809535150e+01
1.604905856376466033e+01
1.615515111726745090e+01
1.183639825521938249e+01
