5.138905727726303496e+01
4.963653783470043379e+01
4.758860409095635902e+01
4.746205101872278931e+01
4.905439719817933053e+01
4.829109016351462458e+01
4.793399113820490243e+01
4.961496726510720379e+01
4.894160583445884782e+01
4.894160584884444631e+01
4.772760836897888481e+01
4.897500976317273569e+01
4.855530998046209135e+01
4.887655957582845900e+01
4.851567001907594801e+01
4.780242409162959660e+01
4.807871902790358831e+01
4.856921354806452484e+01
5.115136673295543090e+01
4.849684409770294025e+01
4.966881581317015559e+01
4.830692945828005236e+01
4.911416247970362292e+01
4.766382108026910203e+01
4.900000201114268350e+01
4.912022121569840039e+01
4.981538848130489328e+01
4.900000000000000711e+01
4.709788696740969272e+01
4.838196601125009266e+01
4.867011609008367401e+01
4.832988390991631178e+01
4.855382512494183800e+01
4.712859715554318996e+01
4.856390175799327125e+01
4.805214413265160545e+01
4.921830946721848932e+01
4.955427768716199211e+01
4.824826656870978070e+01
4.739289404572547681e+01
4.856731079597002321e+01
4.837305568203618833e+01
4.970452710420199338e+01
4.704352238067738767e+01
4.920547001675001297e+01
5.001130430989174158e+01
4.892225767212048737e+01
4.894160557253101018e+01
4.894160611077237633e+01
5.068184485491541125e+01
4.717960850393539118e+01
5.107727909891931972e+01
5.011963773711364922e+01
5.028716267535989459e+01
4.829980900214683004e+01
5.129193849674442873e+01
4.886801765201310133e+01
