8.771368473523835974e+00
9.155245645206750993e+00
9.247765407432101625e+00
9.645693986949861909e+00
8.808525434293390077e+00
8.463092419085665341e+00
8.349481999265227827e+00
9.008033857582265824e+00
9.077478291034227098e+00
8.577430609666077288e+00
9.144170176870897393e+00
9.349465906355369782e+00
8.543504575677483004e+00
9.313733738716672761e+00
9.478160530351235735e+00
8.787236137133149327e+00
8.924143394178566169e+00
8.669080402977558109e+00
9.245428978404932607e+00
8.862618381462054273e+00
9.038774908202643843e+00
9.016126738761469639e+00
8.560988503699030971e+00
9.227075628785117445e+00
8.599406495899792446e+00
9.067478292771225412e+00
8.965287845386900045e+00
9.580630634433648041e+00
8.360496415090013400e+00
8.908668165021429886e+00
8.978897800569299648e+00
9.052398807170948913e+00
9.470786419518010035e+00
8.419287301599611695e+00
9.291487938836718641e+00
8.840885126830542617e+00
9.694562162981741338e+00
9.014517395166876668e+00
9.396044794962813640e+00
8.653779771644638075e+00
9.030454865200637116e+00
9.158857350030460864e+00
8.933224915211395611e+00
9.104712010640888309e+00
9.490389581706612177e+00
9.229587089650811649e+00
9.012750285173510179e+00
9.015428209716436214e+00
9.112244537946198264e+00
8.944437412708714064e+00
8.859833890929879274e+00
8.495070430059218580e+00
9.422145496020494448e+00
9.007200097689874951e+00
9.101285913864824551e+00
8.941306065533794367e+00
8.770802039131014638e+00
8.891029161142180115e+00
9.271579210372792090e+00
9.297528555952430551e+00
9.534705615910128884e+00
9.343593036773269134e+00
9.201997793107763002e+00
8.939834566445872710e+00
9.188699884751816427e+00
8.771849397084475086e+00
9.110959486976279109e+00
9.432083486104167136e+00
8.829327361592030243e+00
8.314162389362996564e+00
8.790544002725699357e+00
8.409932116173914451e+00
8.529304465217409259e+00
9.583597245247057472e+00
9.167581591130327112e+00
9.230316931780782497e+00
9.066479074319270026e+00
8.855691292110751789e+00
8.896717905468319643e+00
8.953089997277741574e+00
8.497656992691155153e+00
9.425020134606366895e+00
8.722033902066428368e+00
9.103791158291532071e+00
8.981206753082334515e+00
8.758983908134686303e+00
9.241108831825888714e+00
8.968547862171337925e+00
8.854353869160055623e+00
9.270952394609510705e+00
8.718284242127833039e+00
8.742077007002295730e+00
8.497890789590460514e+00
8.785651067270864090e+00
8.768396407874806897e+00
8.635589671005524437e+00
8.801920958608119960e+00
9.266019976816881609e+00
9.726311055686849727e+00
9.090067903617040201e+00
8.915080437528045465e+00
9.237963967310932389e+00
8.908561998972654550e+00
9.291368055084458177e+00
9.314894485601000085e+00
8.956286666004737995e+00
9.131609277548911052e+00
8.920029253468721109e+00
9.036947724890428191e+00
9.102096295744745547e+00
9.123707528705651271e+00
9.353768025327177327e+00
8.263781052780316827e+00
8.647190478612714060e+00
9.060148886446103944e+00
8.843345203506956409e+00
9.429457249015783304e+00
9.355407979409608998e+00
8.959457225674983150e+00
9.100211408861776263e+00
9.216539037906898102e+00
8.975990372701186715e+00
9.065382306880716001e+00
9.058994350581784261e+00
9.188114155681136097e+00
9.014446810287310541e+00
9.241572121456668398e+00
8.716856397803830703e+00
8.816145577921380649e+00
8.780102634355806401e+00
9.384243346870089653e+00
8.936624426203430005e+00
9.239620700856388424e+00
9.320548266653977620e+00
8.778587253493789433e+00
9.079300476955122434e+00
9.071003510784343860e+00
9.180406010073882683e+00
8.901658337503882024e+00
8.672332663665622832e+00
9.238450459628531064e+00
8.650099705873421030e+00
9.152065482981447175e+00
9.019067264685363128e+00
8.772074559147631234e+00
8.917930613511282800e+00
8.814039631389432472e+00
8.630125602283060360e+00
9.424657751109865700e+00
8.980834521993037001e+00
8.570326410816864637e+00
8.997000583889256831e+00
9.271373923043549681e+00
9.112911696034389664e+00
8.663998497228988072e+00
8.975745614925251914e+00
9.041951964074620207e+00
9.125428884030586829e+00
9.039639161966018577e+00
9.087649551073736731e+00
8.585877518796209529e+00
8.813893171839769280e+00
8.817311548989147596e+00
9.468478738401616468e+00
8.701415023525528980e+00
9.150100326689821983e+00
9.186056931371473055e+00
9.089283060195889163e+00
9.030702768224841748e+00
8.866151572334070252e+00
9.148098696164028709e+00
9.190161746316150015e+00
9.066262218315033650e+00
9.223825956223262068e+00
8.552389040629723382e+00
8.744445945801849973e+00
9.218237552603380180e+00
9.016350474123902003e+00
9.307792242180399356e+00
9.054640151782786361e+00
9.006671802495503698e+00
9.192457448912033868e+00
8.791674835782064434e+00
8.923842809979262825e+00
9.080659875048572971e+00
8.973832966003442380e+00
8.865939385343716950e+00
9.275719463937035059e+00
8.864048453276987871e+00
9.337108449051999770e+00
9.367711944749716579e+00
8.955500686618526274e+00
8.432507513489575501e+00
8.639866971915109772e+00
8.545196698732784313e+00
8.877787927542588164e+00
9.113931178499550256e+00
9.270165413842070379e+00
9.074639356113360478e+00
8.915841724773954979e+00
9.135699167204505144e+00
9.198230540612517103e+00
9.190105778781495260e+00
8.703189404941729990e+00
9.069955870513105367e+00
8.908127136889946840e+00
9.044988471642639638e+00
8.461471447327786777e+00
9.631476179643886582e+00
9.548602281513382195e+00
8.604356995919484774e+00
8.945136740905576644e+00
9.364214889716659940e+00
8.510537907171233485e+00
9.125846630230913803e+00
9.142597063936539925e+00
9.255859470214126361e+00
9.124751661740145181e+00
8.818075838317476212e+00
8.957683926458065216e+00
8.915000699072326285e+00
8.722231200439575005e+00
8.860429146809195800e+00
9.000137830253670757e+00
8.803049941722782989e+00
8.762138060724314670e+00
9.048693441445335495e+00
9.147928765613615454e+00
8.875113166439689394e+00
8.431595936026502258e+00
8.922481977068843051e+00
9.256324806482037815e+00
9.102705230573965522e+00
8.961315109551161839e+00
8.863929646289568254e+00
8.923684626336637393e+00
8.883003562309708556e+00
9.277280268736699753e+00
8.775992064304555029e+00
9.022123060128226513e+00
8.757132774123967067e+00
9.485551483165785669e+00
9.226847840311396709e+00
8.783548613130909288e+00
9.171206686614915782e+00
9.245617898277128432e+00
8.364790916764594186e+00
8.790854183819167389e+00
8.896148178690479469e+00
9.025626287544392667e+00
9.123193292695734868e+00
8.607540867778464388e+00
9.242219370529708655e+00
8.791998903618223338e+00
9.084828137166679696e+00
8.998294794852037981e+00
8.915967522001968959e+00
8.656329184809592903e+00
8.999962596297212514e+00
9.058866646617049767e+00
9.163642956365141146e+00
8.717196581997193050e+00
8.826362767755725258e+00
9.130370040060636683e+00
8.863917451316815743e+00
8.890167025112342358e+00
8.949509118546652431e+00
8.811645684035811499e+00
9.185363460738482644e+00
9.358545623383623280e+00
8.739043903714573958e+00
8.714049859837693646e+00
8.853565905685609749e+00
8.738334882180469165e+00
9.463026745431319497e+00
8.731600600949814606e+00
9.237775289940930890e+00
8.975216766267667623e+00
9.154309508299633080e+00
8.362768218054922542e+00
8.995890468725635358e+00
8.857386605501682553e+00
8.469181367710692854e+00
9.062476661732675964e+00
9.009986505336796014e+00
9.301415176144711694e+00
8.650643682889365138e+00
8.837581604745563979e+00
9.195247371197538655e+00
9.246863841371908421e+00
9.349289872978527427e+00
8.896775944784952372e+00
9.187583914130449614e+00
9.166373806003980107e+00
8.807618344768451735e+00
8.755257515067894403e+00
8.908097641256341959e+00
8.786965343493935876e+00
8.913211288609916849e+00
9.360136809516028222e+00
8.652698795498608320e+00
9.106759368169386804e+00
8.657055673347180402e+00
9.141678873146423356e+00
8.848426781175188438e+00
9.030331759701075711e+00
8.969304005395560608e+00
9.227969307806134225e+00
9.057940082434589257e+00
8.685631232824105652e+00
9.093990141748621525e+00
8.937134186350162324e+00
9.354041243737048816e+00
8.947912045046800600e+00
8.839145530168414311e+00
9.711620128900692706e+00
9.083602958491255208e+00
9.110258669418522359e+00
8.669869740964619709e+00
8.997562436614801484e+00
8.866108479470923953e+00
9.046127113290715727e+00
8.947750611618253913e+00
9.223689208005009021e+00
9.062756067162061058e+00
8.929806788527354655e+00
9.333186855110771063e+00
9.147123371595936803e+00
8.852531070124097567e+00
9.135879920282324207e+00
8.886052107495549635e+00
8.589665902181263135e+00
9.065434691652777488e+00
9.059460592219002351e+00
9.118703010648038898e+00
9.226695127838617339e+00
8.764337182409732918e+00
8.894217440251804163e+00
9.030204047358541430e+00
9.095421684227869008e+00
9.131141669561797514e+00
9.359453149537760197e+00
8.667250280506248572e+00
9.233556748181005247e+00
8.889883444862844541e+00
9.164576086491809548e+00
8.989513572694843191e+00
9.126029200768757121e+00
8.705434423039303482e+00
9.479501382151555688e+00
9.012585801758065784e+00
8.970797089969227756e+00
9.367928703509406319e+00
8.641831925146547633e+00
9.255934075568456265e+00
8.720720189306332415e+00
8.790746658215995879e+00
9.286282640165786972e+00
8.960936387130573166e+00
9.268848958086492118e+00
8.673758359005933727e+00
9.164699092703546768e+00
8.825752714207990124e+00
9.297587405029696939e+00
8.607959074854502290e+00
9.226548765261403773e+00
9.376861092118872421e+00
9.163104595230258553e+00
8.839120260241559279e+00
9.161716211849141089e+00
9.236360410150961542e+00
8.791635058270893310e+00
8.981000739813445932e+00
9.064901153806259160e+00
9.284945258489432973e+00
9.262217733727919011e+00
9.233954603042244358e+00
8.836887800847289753e+00
8.968790813008897800e+00
8.988708026671131890e+00
8.490792436561417134e+00
9.070037803653404396e+00
9.223938415758453857e+00
8.986921750408011889e+00
9.322522802657502439e+00
9.135567067583064471e+00
8.824951425012571349e+00
9.048621776838922770e+00
8.829219539892896762e+00
8.935779730030766643e+00
8.830261977311506527e+00
8.793180507990307149e+00
8.748628233720111780e+00
8.794972499914569752e+00
8.934427581308879596e+00
9.087030051430383892e+00
9.242517418472079527e+00
9.288463456965242671e+00
9.028413573255354763e+00
9.301444502380807222e+00
8.820786725278384921e+00
8.924479556074825126e+00
8.883686263591917154e+00
8.790282392228004227e+00
8.993766638848519790e+00
8.934622362662119954e+00
9.225329617017147044e+00
9.074200706843836173e+00
8.692649312586546273e+00
9.073081840054969760e+00
8.572093983834248476e+00
9.216006176353291224e+00
8.760123675356835449e+00
8.985938114830831935e+00
8.985980496107622173e+00
8.696559752069603633e+00
8.689885999629611391e+00
9.241306751547744724e+00
9.066458556946091818e+00
8.795906750626228288e+00
9.080043889252074507e+00
9.011046872618436510e+00
9.012127426217642068e+00
9.249506234581025055e+00
8.845424568579772995e+00
8.836331072341927495e+00
9.305303636801792067e+00
8.594616247316569257e+00
8.693403052813003740e+00
9.004110414606481427e+00
9.260028189031340062e+00
8.752278971600226498e+00
9.113582652205041157e+00
8.910887568857308594e+00
9.186681739192716023e+00
9.065373475744308962e+00
8.752553833219431922e+00
8.965809249764054911e+00
8.986619860149975381e+00
9.254437481582872493e+00
9.214968899731937668e+00
8.923047401401936085e+00
9.387875576589914672e+00
8.915699556915045676e+00
9.090616820609783488e+00
8.853746843394363353e+00
8.508966126910062044e+00
8.896110190893498526e+00
8.698782832603432880e+00
8.884751418366416686e+00
9.271394084060483820e+00
8.789250976349542555e+00
8.888264742185183920e+00
8.677102967969974046e+00
8.876362263610076297e+00
8.633426223352607565e+00
8.811866877625261552e+00
8.949196522370852946e+00
8.962100544479271846e+00
8.874587261944316907e+00
8.967638791744374060e+00
9.194950372293119401e+00
9.058011092736078851e+00
8.984106812378000129e+00
8.863537006852110878e+00
8.841495385902804927e+00
9.093377303678266799e+00
9.463285709996860362e+00
9.012077038146477648e+00
8.751001309034394993e+00
9.041314645483904400e+00
8.745455022301440451e+00
8.795779172759575104e+00
9.098452855697622965e+00
9.399317989356287484e+00
9.095494742731689897e+00
9.176854786331704261e+00
9.235287414359998337e+00
8.714073798653629410e+00
8.946328755423287760e+00
9.142495659065478009e+00
9.084927935099603502e+00
9.208439232436509414e+00
8.785030909990364734e+00
8.892913851810678949e+00
8.790642760667635613e+00
9.059726667891933261e+00
8.834382559023037373e+00
9.019796290729990673e+00
9.052172447307619052e+00
8.846990248983102489e+00
8.726823108539583984e+00
8.790114239171595401e+00
9.067513821689557219e+00
8.499840140673157407e+00
8.966316039520126679e+00
9.165035299137736402e+00
9.176182580776742981e+00
9.212585844505891686e+00
8.655249695367139395e+00
9.055807248147418775e+00
8.928216014544910095e+00
9.121050045919554705e+00
9.260935196217623400e+00
8.612777882583088740e+00
8.901656635128400552e+00
8.583594647698280511e+00
9.457844671602138931e+00
8.508172461921107654e+00
9.264672601375483652e+00
9.126110634754555306e+00
9.161703154371036106e+00
8.781613080261854165e+00
9.084863112103594318e+00
8.842279589254509631e+00
8.854981406132752753e+00
8.839873431916284829e+00
9.161722797426332221e+00
9.252205555680545146e+00
9.119182999314286775e+00
8.631302025541588208e+00
9.061230433305183851e+00
9.188605334837852467e+00
9.139242063431117558e+00
8.969625838510163263e+00
8.978038415645714920e+00
8.565299197427894029e+00
9.060771548277221754e+00
9.520235437878017848e+00
8.841021278926932681e+00
8.971002707914102814e+00
8.837788988674295965e+00
8.905137071852768926e+00
8.776394573203035065e+00
9.405447265707250537e+00
9.112490382972803005e+00
8.937701390710742544e+00
9.088071411517660181e+00
9.092774185289314914e+00
9.106159945090237073e+00
8.891388643757350607e+00
8.717306337459623578e+00
8.998797679305406305e+00
9.126970920312521329e+00
8.744925450805299150e+00
9.017644527957049405e+00
8.850097816106552884e+00
9.005692500700408942e+00
8.830948503878273570e+00
9.359657572832112749e+00
9.170537413698566453e+00
9.242045499161106292e+00
8.951900789637871725e+00
8.792555904882028983e+00
9.461736092193286041e+00
8.792934281726353163e+00
9.300773201545007751e+00
8.810471464798263597e+00
8.724281044055720358e+00
9.044727158741407536e+00
8.763123252932960128e+00
9.133336095343738137e+00
8.802049105351057889e+00
8.521228564023383356e+00
8.953425269013491672e+00
8.955822331274255532e+00
8.666800436120096762e+00
8.787829434179727173e+00
8.838457953901938779e+00
8.975567905094086640e+00
8.661527188795355769e+00
9.305971142030077914e+00
8.938663036482672908e+00
9.266226202423379021e+00
8.821830063562524415e+00
9.361645541187515462e+00
9.189519965909486388e+00
8.777877861090296108e+00
8.811258793789427557e+00
8.949962582334745065e+00
9.297661601925526043e+00
9.268173207985084261e+00
9.219246341524137023e+00
8.830194714908442322e+00
9.361102960410676133e+00
9.041610702710558556e+00
8.739846389136049609e+00
9.052311227365184010e+00
8.905818601649324151e+00
8.741489948728448311e+00
8.646363618677266771e+00
8.866715882293970452e+00
9.231417612374563930e+00
9.157748398896893960e+00
9.296632503635443356e+00
8.459863473663777000e+00
8.762538592873839960e+00
9.248584911513466622e+00
9.261655903411629254e+00
8.813325833831562761e+00
9.070947811815889494e+00
9.114485773750619302e+00
9.105119164134931609e+00
8.619308921129418266e+00
9.032967566148839111e+00
8.561871664112985059e+00
8.905438803181903396e+00
8.715659459243692453e+00
9.231620015660151779e+00
8.950248004352145514e+00
9.440697339211748584e+00
8.881189198831963338e+00
8.685933011746339361e+00
8.809541606635029609e+00
8.594597584837623927e+00
9.301674253518982027e+00
9.052198792224469770e+00
9.044719559493771044e+00
8.761866675342686150e+00
8.529237025763469759e+00
9.153947528112338361e+00
9.127313005632808895e+00
9.172217059545529239e+00
8.787963896225013727e+00
8.913223286557810709e+00
9.170845636859365158e+00
9.039687633128695055e+00
8.864464136839636410e+00
9.301008603494484106e+00
9.072847611666327694e+00
9.019067507122109362e+00
9.102505724674980314e+00
8.837742708960412585e+00
8.651056185000451038e+00
8.748932634395947261e+00
8.635920179558052467e+00
8.558129446998270495e+00
9.193936595663155131e+00
9.036398411422432275e+00
8.711753370478215075e+00
9.071478066669097728e+00
8.817276814936450435e+00
8.837816747439102727e+00
9.482448467555849803e+00
9.411206203658709413e+00
8.940829433025834660e+00
9.038032518343255717e+00
9.145576688665014942e+00
9.134170503727611745e+00
9.427358751754207233e+00
9.010076120692993129e+00
8.674893442791148601e+00
8.874818553189436798e+00
8.889083949049300770e+00
9.075048359007119814e+00
8.913930803554608318e+00
8.816944213033117705e+00
8.723929193004428484e+00
8.939319476328670078e+00
9.038800598872056113e+00
9.235966664186797459e+00
8.946465868603571181e+00
8.856508140095197490e+00
9.241638544021263613e+00
8.975178875330456663e+00
8.816585913902585503e+00
9.267647174564510593e+00
8.637080808585761105e+00
8.652075405117894746e+00
9.039645068176145770e+00
9.155803527403863384e+00
8.956679186583334840e+00
8.518678240361602150e+00
8.902800043933131846e+00
9.115227436567289843e+00
8.685473682443634047e+00
8.933897189853647447e+00
9.422689063985291824e+00
9.031149378582655984e+00
8.905368958310075911e+00
9.190181225946160382e+00
8.709258734521441170e+00
9.192691260987992052e+00
8.844955902580608154e+00
8.807572196771973339e+00
8.968524782307071064e+00
9.033048834210093858e+00
9.078580682620126296e+00
8.824743580681513322e+00
8.766448139164598530e+00
9.214117055745917995e+00
9.027031546030025666e+00
9.013913019867603182e+00
8.600206085436681747e+00
8.771299991858056089e+00
9.550566835687833489e+00
9.094683123684314197e+00
8.635976232038203193e+00
8.547615451249116703e+00
8.654001889911889123e+00
9.161688483560640250e+00
9.101939425079107693e+00
9.016186370894221369e+00
9.007373363899787932e+00
9.051944148784379252e+00
9.052516503950645443e+00
8.927996702688368202e+00
9.074896754016251066e+00
9.183763322550468899e+00
8.929992988288812938e+00
8.993862401684987518e+00
8.813512499320150795e+00
9.014618848044555932e+00
9.287392842689625283e+00
9.239233511175523716e+00
9.036056392268083215e+00
9.086470205843520276e+00
9.410089841606257721e+00
8.995285200259592884e+00
9.073742402581734368e+00
9.098249056098168808e+00
8.881039753804179426e+00
8.926193317267975047e+00
9.040846866192122633e+00
8.761009028352439998e+00
8.891082633746156816e+00
8.921802107791371839e+00
9.145853250318863203e+00
9.107669528380069934e+00
9.067055953424260295e+00
8.849858366559738343e+00
8.687304815576686323e+00
9.078639755521750843e+00
9.130625831820335492e+00
8.963894567330376262e+00
8.736669389857013357e+00
8.866570858382953446e+00
8.701927500997864939e+00
8.539613255253252433e+00
9.060396978432763149e+00
8.842174149927929605e+00
8.988559646147836091e+00
9.299200504155523461e+00
8.824817350164385843e+00
9.265453934885639953e+00
8.886142116988919426e+00
9.444102041765541244e+00
9.141492489827793833e+00
8.879085067511169882e+00
8.993008051218426502e+00
8.467463697357436203e+00
8.609899525169009138e+00
9.280187541500167114e+00
8.584955839672797850e+00
8.870016822418362423e+00
8.980982689769410499e+00
8.996430438676767949e+00
8.827374996778951655e+00
9.096344232791592432e+00
9.319258003342358876e+00
9.300032679206875486e+00
9.592433138471962550e+00
8.797653093847531025e+00
9.301003579851901293e+00
9.130381294716231722e+00
8.825526291838652782e+00
9.097458990803378498e+00
8.747069296567319796e+00
9.353659458756400369e+00
8.493792098607499952e+00
9.397183819118568593e+00
9.122120918440435489e+00
9.234318206078675928e+00
8.746531249631450677e+00
8.619707903201234700e+00
8.831135490403248411e+00
8.543630277670830608e+00
8.684319070946285635e+00
9.077906370772002020e+00
9.012074180100947629e+00
8.872989712138338092e+00
9.097129804535242670e+00
9.477416296787348315e+00
8.943411300545280440e+00
9.016403595772647606e+00
8.920439278211777179e+00
9.075173048546467669e+00
8.718901026928596920e+00
9.043512031127471928e+00
9.316616455737493752e+00
8.893850230610558683e+00
8.836207005264320458e+00
8.722069650402968222e+00
8.854750019921203474e+00
8.988269130612176028e+00
8.967932265175374340e+00
8.608782763032900576e+00
8.644433671512896211e+00
8.905388065173664103e+00
9.115208448540524699e+00
9.063534102171502127e+00
8.794002058768953134e+00
9.001014606426801734e+00
9.192472367733317995e+00
9.003777197959895062e+00
8.752407650162014718e+00
9.043511219247887922e+00
8.994781900632498051e+00
9.099142198765786560e+00
8.809893285287330400e+00
8.988837456633326894e+00
9.068350878499629175e+00
9.332815964545680743e+00
9.102937899156843926e+00
9.044114969092738932e+00
8.965747817187681434e+00
8.770512093630077999e+00
8.757569819602153416e+00
9.040300302837319890e+00
8.740280617341825931e+00
9.089492540232654960e+00
8.986589923258348378e+00
8.861949811241132124e+00
9.291257625419252264e+00
9.209072037755316131e+00
8.979358718638598802e+00
8.837965548431332863e+00
8.853104951647164711e+00
9.107760236731849091e+00
9.021522217564472257e+00
9.101806213925181410e+00
8.774111958662659916e+00
9.253116452049042095e+00
9.361413743143582877e+00
9.220819540254154845e+00
9.316926951852156691e+00
9.124042814494998765e+00
8.775595029024934490e+00
9.052307098239230854e+00
8.765635639110787025e+00
8.348848931815290086e+00
9.171036365825253611e+00
8.756678306409838797e+00
9.314555575991525060e+00
9.187098786258625083e+00
8.922688190930911034e+00
9.077424588462482902e+00
8.758689548817375936e+00
9.174383019180613275e+00
8.929071513668587201e+00
9.032834850510788272e+00
8.906001318517061449e+00
8.756607997477297900e+00
8.909311508077374597e+00
9.043013988603943787e+00
9.166006276015124854e+00
8.868318806659372555e+00
9.367645537191377159e+00
8.947809919513611376e+00
9.340666429942862337e+00
8.657940987967053914e+00
8.631860744755577741e+00
8.958767067918747884e+00
8.692369416732008247e+00
9.288955517589151611e+00
9.066549517813934145e+00
8.878508297321850762e+00
8.728167629020330054e+00
8.919070553979734584e+00
9.064535679441222626e+00
9.417123701791000556e+00
9.181512029161492450e+00
8.955732519399434821e+00
8.579038345249985653e+00
8.999119392230133130e+00
8.875301242958581582e+00
8.566672901108871585e+00
8.500442001219475685e+00
8.873484254980940733e+00
9.394882620914964733e+00
8.899871932534962227e+00
9.271457538827684530e+00
9.062786949029518979e+00
8.828560139471353096e+00
8.660404917479270992e+00
8.868169933471037325e+00
9.239716725003992437e+00
9.094675137908097895e+00
8.886320014499325737e+00
9.150193406647856520e+00
8.928730509026234330e+00
9.122399635347463231e+00
8.835365610338214992e+00
8.949475086145227465e+00
8.898598287078764102e+00
9.057027136598330586e+00
9.076352143277572893e+00
8.959626411077817210e+00
8.975052369871054481e+00
9.212634968900337284e+00
8.794896544617277101e+00
8.934352318576767260e+00
9.190507005114962880e+00
8.920591156399693133e+00
8.953053355865350227e+00
9.022875473725690654e+00
9.051682192823088613e+00
9.077128032726401230e+00
9.424541543030770185e+00
8.816599555176933833e+00
9.004278883045492066e+00
8.745070535147455359e+00
8.983325502740846957e+00
9.468670516343664190e+00
9.523732626091783615e+00
8.912834077373529951e+00
9.134734142241896393e+00
8.718228485922503879e+00
8.743872211948730211e+00
9.212899525002804069e+00
9.100599096541548860e+00
9.011299013861551188e+00
8.946693661250293417e+00
9.111447334292872569e+00
9.098664259392892362e+00
8.984431274141787327e+00
9.105082323013972356e+00
9.354306203659072949e+00
8.989294330823936363e+00
9.331563860692895673e+00
9.488761489119527326e+00
8.793804788882360057e+00
9.125631074243806040e+00
9.473007342068529013e+00
8.930535977434326256e+00
8.712665186731261002e+00
9.097122795676014562e+00
9.302991649031547183e+00
8.639459637598047692e+00
8.943888244653686925e+00
9.192230168417875547e+00
9.037326027902562231e+00
9.184172483707319756e+00
9.420744161854173626e+00
8.737909511972839383e+00
8.820209713765565951e+00
9.070548524750952524e+00
8.364328669928909221e+00
9.017305292271224459e+00
8.598129376399702650e+00
9.127290332397503647e+00
8.731582243958925460e+00
8.808013784343339481e+00
9.077544820886437549e+00
9.007425014163278121e+00
9.316781472467427605e+00
9.094597535622559903e+00
8.704172058938933532e+00
9.359149251431258421e+00
8.878394146921964492e+00
8.581463397796854409e+00
8.668957090608314431e+00
8.617921141665471296e+00
8.988458013815009195e+00
9.195356771009041807e+00
9.157891918812826049e+00
8.861687345427544216e+00
8.768669227814278599e+00
8.793796621621721599e+00
9.525658893602090060e+00
9.099710407599935991e+00
8.863211498018022994e+00
8.776755830468346176e+00
9.729458316490003256e+00
9.457833205329031045e+00
9.064994418298788048e+00
9.109390605234439775e+00
8.993179016583271235e+00
8.675380295083874316e+00
9.079804416832431002e+00
8.827876252898132492e+00
8.814013744258744509e+00
8.790574662592701927e+00
9.043029183227279333e+00
9.038005508800084797e+00
9.234968977604594897e+00
9.059082144521360291e+00
8.776970785251078766e+00
8.856146038329834269e+00
8.819247655817912701e+00
8.847468179431725588e+00
8.912991881061678612e+00
9.192933035423564547e+00
8.891612368821894208e+00
9.181529743464952986e+00
8.561244497649623142e+00
9.371465949521903482e+00
9.351268092561635825e+00
9.185241244351775691e+00
9.437854226503114674e+00
8.650908891633603659e+00
9.193839742827005779e+00
8.920937006169356920e+00
9.001550903405060922e+00
8.875959087554274873e+00
9.090888693338184723e+00
9.039421832175717597e+00
8.944308471598860777e+00
8.991087487099873599e+00
8.904977823421626582e+00
8.891132090955029099e+00
9.142933970220539663e+00
9.008942649531892499e+00
8.705158500462710336e+00
9.252991499606842751e+00
8.811312125258478289e+00
9.031815638403951851e+00
8.476969321611363739e+00
8.690835274576084402e+00
9.406124006033556029e+00
9.161135246632111873e+00
9.230424816997961912e+00
8.812400707768240693e+00
9.433813574558120862e+00
8.655439638411325021e+00
8.675881445628883526e+00
8.811533441336649730e+00
8.884249576816500849e+00
8.622306274079798882e+00
8.821372349104342092e+00
9.041465613877567975e+00
8.829347734912085244e+00
9.235259788828830807e+00
8.950707063172828271e+00
9.156141514841118934e+00
9.071790001057816966e+00
9.207122309878460698e+00
9.099800001624631207e+00
9.482927795137245042e+00
9.041639905827819845e+00
9.411040016050867152e+00
8.500500270735612318e+00
9.197521411650324552e+00
8.765997686166901559e+00
9.147594576774089603e+00
9.192236958394195412e+00
9.368294186076324692e+00
8.964015149747542210e+00
8.848515216637597547e+00
8.774594932939061565e+00
8.648870111167759944e+00
9.422892528114157784e+00
8.979445262075676837e+00
8.955637588906546043e+00
9.135218525811092505e+00
9.478692061359623722e+00
9.389922654560512782e+00
9.093240232337020501e+00
8.845153061222474022e+00
9.265052086830653622e+00
9.541914168832915877e+00
8.968334339329524951e+00
9.042132414188204237e+00
8.981456703960965626e+00
9.309920629772612699e+00
8.876793690581228802e+00
8.910902969259575812e+00
9.041570772285565383e+00
9.030861977613977132e+00
8.774169484287700271e+00
9.048708502830466571e+00
8.876611435678071871e+00
9.102351045242656369e+00
8.986248779574642853e+00
8.996087853975344828e+00
8.871971451436666101e+00
9.239518732997613171e+00
9.247923861605292117e+00
9.075596895169303124e+00
9.384715906099405203e+00
9.177510366493249805e+00
8.841707939712904363e+00
8.945853163069278580e+00
8.881401488592606697e+00
9.211269649161611284e+00
8.877164184900792065e+00
9.097044606002489431e+00
8.989999745852712110e+00
8.833174913892548830e+00
9.026239707520074873e+00
9.141055805321924410e+00
8.483586994884046106e+00
8.755245797809372732e+00
8.944634030541822156e+00
8.797885002807563026e+00
9.141777079787956950e+00
8.643970218413480566e+00
8.971704261212416043e+00
9.234926162246850367e+00
8.731383484017538166e+00
9.173026643513363609e+00
9.128621005925207754e+00
9.007491664750883587e+00
8.994484465636395143e+00
8.893401808863780289e+00
9.060641834445460674e+00
8.763314009131461191e+00
8.851884056111600785e+00
8.970395552748245294e+00
9.042486012451583122e+00
9.054208914484297210e+00
8.883048760952364731e+00
9.210457881360285981e+00
9.156775139605356273e+00
9.295774644417205579e+00
8.725000350029958440e+00
8.851742359675395022e+00
9.096284106003746928e+00
9.353123800194815374e+00
8.955906018455209505e+00
8.843586205732268724e+00
9.076592921329558195e+00
8.930894985204579584e+00
9.184403998373902311e+00
9.343737689571437244e+00
9.029420805953019880e+00
8.964088465033020370e+00
8.887194553714589773e+00
9.122688956802500471e+00
9.080798946042156317e+00
9.080466103585463244e+00
9.056784020481426722e+00
9.214563846502013433e+00
9.148520237154786017e+00
9.066794257499555698e+00
9.230977486823476852e+00
9.037935602901509213e+00
8.494540627633210050e+00
8.878961957628902724e+00
8.843221354658403754e+00
8.728238807113395836e+00
9.084505262780149693e+00
8.844705512074961362e+00
8.942757059808780440e+00
8.619085626636696418e+00
8.622158155863424156e+00
9.322136435753522576e+00
8.902185091002696282e+00
8.544592345153594337e+00
9.283017461465083997e+00
9.195924676071594916e+00
8.700148603030291028e+00
8.878786748228106873e+00
8.734125381176209402e+00
8.962617998853996681e+00
8.881101909998864841e+00
9.279557074306790554e+00
9.044476781117083419e+00
9.144139833577954235e+00
8.615637209539883656e+00
9.271195581377291717e+00
9.239652087667980851e+00
9.044846283949855348e+00
9.107870474683720019e+00
9.093844015120000179e+00
8.902724041763436347e+00
8.805864942052355815e+00
8.587781088594939050e+00
8.584279720824628868e+00
8.942647183601113881e+00
8.969490514273772419e+00
8.432377413152940093e+00
8.851618477382180217e+00
9.132174675324526092e+00
8.945165037039794598e+00
8.800105888107751184e+00
9.115770284958461644e+00
9.133760193796415905e+00
8.953192928141346485e+00
9.270995323968596935e+00
9.272860205576193948e+00
9.369481262019791146e+00
8.986539488503993311e+00
8.848316078678912788e+00
8.727878275820264875e+00
9.511500065252704417e+00
8.666813121419183474e+00
8.811244084313226921e+00
8.884135094037119984e+00
8.832052576489841655e+00
8.996907547095133850e+00
8.910173871803714007e+00
9.368736036744683915e+00
9.237586414601430818e+00
9.144016214843457391e+00
8.964455426126727744e+00
8.647455635332969237e+00
9.454777210184552416e+00
8.838668848226642893e+00
8.890281901986940127e+00
8.940614613583207415e+00
8.609506430428419677e+00
8.920558188209893657e+00
8.942926404801655238e+00
9.421101378862665854e+00
8.830043340245348205e+00
9.024453281437294194e+00
9.089008925456989019e+00
8.702860610614987280e+00
9.201934442174945161e+00
9.505025687978450932e+00
9.550855193877945126e+00
8.835930228957817434e+00
9.218611384590502666e+00
9.096933841850972868e+00
9.161247330989402471e+00
9.101556575677983929e+00
9.035005711307361409e+00
8.949807530250030396e+00
9.127973207589134219e+00
8.687311283696887543e+00
9.219702802686242649e+00
8.769435523399684129e+00
8.916690744184721851e+00
9.057547905605135341e+00
8.793032561433500760e+00
8.876963735816525869e+00
8.977614672914109306e+00
8.939682098083544304e+00
8.901190006704705837e+00
9.038384551116561028e+00
9.218158360167823417e+00
9.383972233779113381e+00
9.119167045521885839e+00
8.950973097551084834e+00
8.852924144175849719e+00
8.936394001619216709e+00
9.206570427765457865e+00
8.958465879033649770e+00
9.032887579720883409e+00
8.967510011194246289e+00
8.984881898893133823e+00
8.853877778131074905e+00
8.562149942841285721e+00
9.018985245603737155e+00
8.871328163071343198e+00
8.910736779835325194e+00
8.440853373664305437e+00
8.997829023795135939e+00
8.914583297130798556e+00
9.104328749601746651e+00
9.247846629686533149e+00
9.513073845692822772e+00
9.290638610567878430e+00
9.079209027059176762e+00
9.182965117906146446e+00
9.008377899147262724e+00
8.707047086676471537e+00
8.824358926601632902e+00
9.193314465696259319e+00
9.079827072275417521e+00
8.888745567890889987e+00
8.766207954110667444e+00
8.734125585486854249e+00
8.903829131192050994e+00
8.798430352034008806e+00
8.727568347891539347e+00
9.116863676314208575e+00
9.070450518393951000e+00
8.879469172459396376e+00
9.186068894204792556e+00
8.703099599074192838e+00
8.973965304751695626e+00
9.088391697991131224e+00
8.937908236847130539e+00
9.040483746757056238e+00
8.633297739099864643e+00
9.035104653504760108e+00
8.811260417535493161e+00
9.263539441424704535e+00
8.787255722265218338e+00
9.425412380024084769e+00
8.964376774791267266e+00
8.663926439704098925e+00
8.917086421054049694e+00
8.731360091254712685e+00
9.248702575625163291e+00
8.589628836891842312e+00
8.923773091358308207e+00
8.762136699377219173e+00
8.786042840924142894e+00
8.628745052422694073e+00
9.115983517922419566e+00
9.580041709540751071e+00
9.301105238237038719e+00
9.074099736085129209e+00
8.794056857311151276e+00
8.922166409526649744e+00
8.732663147127540881e+00
8.923396623181345078e+00
9.158032229431789517e+00
9.041256804555752424e+00
9.221735036955498899e+00
8.850941715204907467e+00
9.071993273869424002e+00
9.520852694376962688e+00
9.085578677444715368e+00
8.800614906798806203e+00
9.241933627957411801e+00
9.070126529766360690e+00
9.150359432503849533e+00
9.084029793288301846e+00
8.831606428567184253e+00
8.981529320276781192e+00
8.830278066597356812e+00
8.989609940396052323e+00
8.959490834155751315e+00
8.725145165389683655e+00
8.980643218238787640e+00
8.743600260503766819e+00
9.115778989671005306e+00
8.797549380869092772e+00
8.519168319113449073e+00
8.770961239362289774e+00
9.338987183587617480e+00
9.270038310650219771e+00
9.001246169025815647e+00
8.729006645214569815e+00
9.256486468901488962e+00
8.992433767780296350e+00
8.781841666120515200e+00
8.921088621218965287e+00
9.215407807215768798e+00
9.017117897483910127e+00
9.045497560329085474e+00
8.972491231305076198e+00
8.792323539148220846e+00
9.016350233384923030e+00
9.068670799382370973e+00
8.635090761310303620e+00
9.175434711844607349e+00
8.877056874295263356e+00
8.839246095140444126e+00
9.151216200029505643e+00
9.222234039822490459e+00
9.025013221554402776e+00
9.200868806111065723e+00
8.796961734906521002e+00
8.705635753017624268e+00
9.038741518959938048e+00
8.743077395062293533e+00
9.235913308158551160e+00
9.177441151422469190e+00
9.373179687656739034e+00
8.987000433698460355e+00
9.186234506809682898e+00
8.809919913851398832e+00
9.320297055628167016e+00
8.729248491129650844e+00
9.202507697066474535e+00
8.642576804847770688e+00
9.427653916209996154e+00
8.725172307163244767e+00
9.327949684732418589e+00
9.272929496701081575e+00
8.910854631063727993e+00
8.902507461869687333e+00
9.470273584918921017e+00
8.796200722955266116e+00
9.334468302816846474e+00
9.147535024953892702e+00
8.751314626303480892e+00
8.819897105677343419e+00
8.932719478595561924e+00
9.087516118728251158e+00
9.251151168871654562e+00
9.368694569216957646e+00
8.829799961295941912e+00
8.736883879330894942e+00
8.637234255250467285e+00
9.330490435337701172e+00
8.904193497291212012e+00
8.522423194889817921e+00
8.949893255631831579e+00
9.501095824814916213e+00
9.124746711557159884e+00
9.009675234703555802e+00
9.072926844052368267e+00
9.113960094807266543e+00
9.070418831868968468e+00
8.996541250660307298e+00
8.601691380660581032e+00
8.698157013825735362e+00
9.129913453553703206e+00
9.007665965871533231e+00
8.667550483222949964e+00
8.602494673625956878e+00
9.005248346748995658e+00
9.145330903402253853e+00
8.732523511677653616e+00
8.728469251290327691e+00
8.989180504161028651e+00
8.745294245500861763e+00
8.829392005301196278e+00
8.591273842716640630e+00
9.012929075347255292e+00
8.818425591066777258e+00
9.004646067113450059e+00
8.869606981127178713e+00
9.051134110788147780e+00
9.245973461470340382e+00
8.911943495184159403e+00
8.837348389701954687e+00
9.134218571906741246e+00
9.092823548900371478e+00
8.988064452729446430e+00
9.029518254861633508e+00
8.735957812663924571e+00
8.570078959328677470e+00
9.158196990581826569e+00
8.789107327613487897e+00
9.065004249313579621e+00
8.988487824710656326e+00
8.689412712940820072e+00
9.155470212676581454e+00
9.380641579594895418e+00
9.122957307812509242e+00
8.669254100025124643e+00
9.230655790326416366e+00
8.852441257021869347e+00
8.915374774546423353e+00
8.997617240947315409e+00
9.209079210398888549e+00
9.155509251730997278e+00
8.901265845187145587e+00
9.024964172683933583e+00
8.466118749034132307e+00
8.960696307679118178e+00
8.928528369533363929e+00
9.144783089876625581e+00
8.962191026414835449e+00
9.087214585671150147e+00
8.782451776816021294e+00
8.669199729439899471e+00
9.092312487467879123e+00
9.176461919549995017e+00
9.189934837638142895e+00
8.880836163400372740e+00
8.869305833060812105e+00
8.693284910995958015e+00
8.765421711842854791e+00
9.691387336674821995e+00
8.899134678691050127e+00
9.228524934884108077e+00
9.166307411737667721e+00
8.823011961038734086e+00
8.560341972580159720e+00
9.091592797869834541e+00
8.853824973113207264e+00
9.098694821143720191e+00
8.694797876783587398e+00
8.795146156855899733e+00
9.413293593792531055e+00
8.840644249801098198e+00
9.181549701687258036e+00
9.105815184297664899e+00
8.685111547406259902e+00
8.896405087166529668e+00
9.248590199969463299e+00
9.359967544293462893e+00
8.689009605718890583e+00
9.045802937393654375e+00
9.387834000339706719e+00
9.092830264875969348e+00
9.169415396781978700e+00
8.796710194650426473e+00
9.180632826142629099e+00
8.962753051633608692e+00
9.269951311873999344e+00
8.690468190226876999e+00
8.765828675928718283e+00
8.978530067401962356e+00
8.705208276476779972e+00
8.978194546288303712e+00
8.964268360946807235e+00
9.124551312353233357e+00
8.842764157275773584e+00
8.882224405204322437e+00
9.175879908255284434e+00
8.874273866014961598e+00
8.999706606989992252e+00
9.129013015538550491e+00
8.769882907463424360e+00
8.572432843820077863e+00
8.842360255436302552e+00
8.942195337306689140e+00
8.989929740146346049e+00
9.273537825084686048e+00
9.256789677351811463e+00
9.035788647319019873e+00
8.757067128228138486e+00
9.050693205311254985e+00
9.157460238859014723e+00
9.583429623130138353e+00
8.637883077761760120e+00
9.248289121324534179e+00
9.401587185262291868e+00
9.013075982977001743e+00
8.769464804169125216e+00
8.908901915570544006e+00
8.638730369664223474e+00
9.115910590334394215e+00
9.089594752270045319e+00
9.091985449900359839e+00
8.968765677516445933e+00
9.630079776333555941e+00
8.960435582049520065e+00
9.276663870942975620e+00
8.937138509148738308e+00
9.278942922450553965e+00
9.275001605151089734e+00
8.920257185493840169e+00
8.847683029042732628e+00
9.150540540711924464e+00
8.903412072143074951e+00
9.307197911304829319e+00
9.196747923679081893e+00
8.784081517682970741e+00
9.100487041799469878e+00
8.883188172894264767e+00
8.632954385384945084e+00
8.550066436894015354e+00
9.134908363485287452e+00
8.778192190056406830e+00
8.895847375022807313e+00
8.913748634445628483e+00
9.025691079163188135e+00
9.193951494274417158e+00
8.895325440492040769e+00
9.150906369584708600e+00
9.188462543584915210e+00
8.814190433039454931e+00
8.940462063757259159e+00
8.731491816419021390e+00
9.302129837232165244e+00
8.942191526315694361e+00
8.900414711452896199e+00
9.075644375729240210e+00
9.052681016109458412e+00
9.158852367913656423e+00
9.091217268801617735e+00
8.896856303072221195e+00
8.832857781675611974e+00
8.948714026080560657e+00
9.591188554128605048e+00
8.622874094047311644e+00
8.953130966206416019e+00
8.786797587336829807e+00
9.327496168261561138e+00
8.713123940319910332e+00
9.098664032766661691e+00
9.526597040677646788e+00
8.908233478400058303e+00
9.099399457495977117e+00
8.745576442577805309e+00
9.117658837554055040e+00
9.119743926191393513e+00
9.054570479892952051e+00
9.019857610498513978e+00
9.453923357805033234e+00
9.327060350496324759e+00
9.115476880539143067e+00
9.256742681230418768e+00
8.908035863641469376e+00
8.964491548263906040e+00
8.630296003120754733e+00
8.983850197878382460e+00
8.999046765642839674e+00
9.025439735640064853e+00
8.580541418672087417e+00
9.099656698472278649e+00
9.211514967876547999e+00
9.182579603048083072e+00
8.766714871294148281e+00
8.992588085539530596e+00
9.166337301888216160e+00
8.816159250432349381e+00
9.216374468848529844e+00
8.989122599622403342e+00
9.227751344185609383e+00
9.232506157101136424e+00
9.150536002299144656e+00
8.817658117574143972e+00
8.968997851980320846e+00
9.120540736139194138e+00
9.542643863781879787e+00
8.808106013018198510e+00
8.807306770924485662e+00
8.966672540363083144e+00
9.087847328392449242e+00
8.723403017081563959e+00
8.859424040625036412e+00
9.290449186938971593e+00
8.768087724396021798e+00
9.010847018558415300e+00
9.197760547421205857e+00
8.905958992437454924e+00
8.960214689968831081e+00
8.821708404679029059e+00
9.181635039413542643e+00
9.166510954860415339e+00
9.143684152938154952e+00
8.522671439463280763e+00
8.979689445061609376e+00
8.814170119229965294e+00
9.216303155482735932e+00
9.009486843029016256e+00
8.695692760478220151e+00
8.897662053788659264e+00
8.825172511988446544e+00
9.602864464600735062e+00
8.716336505878652829e+00
8.993583328742611016e+00
8.930089245114073648e+00
8.895383107210925289e+00
8.981123206539390225e+00
8.968777051977690817e+00
8.989876848127028808e+00
8.732198668063979596e+00
8.901935215991063188e+00
8.806713329264290735e+00
9.158358201663025611e+00
8.947850489914406680e+00
9.204793730633401339e+00
9.089878234924038125e+00
9.230795206693448662e+00
8.783383418304845591e+00
8.859072704552277244e+00
9.046476922598273518e+00
8.789385270407112927e+00
9.158117121331260435e+00
8.791280339156605450e+00
8.757790136940785786e+00
8.673193406967291352e+00
8.945193651221572395e+00
8.897934553305312022e+00
9.011101067486778859e+00
9.119868861915735536e+00
8.973516686349560345e+00
8.775250307461616828e+00
9.300454469520222034e+00
8.856400937704060894e+00
8.696180956932474615e+00
8.572493336773870709e+00
8.866700937278562122e+00
8.810831310856507059e+00
8.613005512445182532e+00
8.616994586849708426e+00
8.839399364492971145e+00
9.224051966804012181e+00
8.910242386439394480e+00
8.908713979388950932e+00
9.415653179444021248e+00
9.521100194880826706e+00
8.969936613476182430e+00
9.049566381606437560e+00
8.999879057165601992e+00
9.442677853719368741e+00
8.613544193679397054e+00
8.662989011052872002e+00
8.971861162063017758e+00
9.014135415341213431e+00
9.582748785209174613e+00
9.095518268151389307e+00
9.696121553995915576e+00
8.988231639386800254e+00
8.593637051318445685e+00
9.602718929744863630e+00
9.161144517822252809e+00
8.309522679597787231e+00
8.662554025452864792e+00
8.986658899902813857e+00
9.045227569035194648e+00
9.035944647367486482e+00
8.614329120361196246e+00
9.463447364154836450e+00
9.545284804696914094e+00
8.987869654408662257e+00
8.814968243200675957e+00
8.644241588355805916e+00
9.087874929679990998e+00
8.990266565574147606e+00
9.262465398735997724e+00
8.708799148727678130e+00
8.859091863880966145e+00
8.723907376380449108e+00
9.229205938880982174e+00
8.907869622851046998e+00
9.064597670555643916e+00
8.968925651889271933e+00
8.935743951277345332e+00
8.649613853074709979e+00
8.932836537096537910e+00
8.881536391566086763e+00
8.844304552773001760e+00
8.805611764949800246e+00
9.124651535060015917e+00
9.437609550694986638e+00
8.551348217163075915e+00
8.751851265986282158e+00
8.656438523440039390e+00
8.659946038456972417e+00
8.877297818406109542e+00
9.145959361742074023e+00
9.292606332444007577e+00
9.575425459196626576e+00
9.387119927169280231e+00
8.732974621960059025e+00
8.908541708233142842e+00
9.028053947269404134e+00
8.787720833356624794e+00
8.931122200747882545e+00
9.093838650574721072e+00
8.882220654107372937e+00
9.126090005691189333e+00
9.695314899404470665e+00
8.759915549340700380e+00
8.846810271340409315e+00
9.082266275083048512e+00
8.882819294688951928e+00
8.570575819372976412e+00
8.566616548923510877e+00
9.331271049067124679e+00
9.275354701229739263e+00
8.607307234214816916e+00
9.142221448876094669e+00
8.786244969964323914e+00
9.049333159450540620e+00
9.189821336304552446e+00
9.259430214615676391e+00
9.324286320035545472e+00
8.921003291181149208e+00
9.052990429071975598e+00
9.069144802110539416e+00
9.020463295084336863e+00
8.740886847896083722e+00
8.708593768822957770e+00
9.016767288703929850e+00
8.375939652607199193e+00
9.025258530010047409e+00
9.375733812760429942e+00
9.053759546301741068e+00
9.059651655291213856e+00
9.502252637844470939e+00
9.248888530508789785e+00
8.596040197921123394e+00
8.840530303574185567e+00
8.894814015449954425e+00
9.523169423610930551e+00
9.313832477782296948e+00
9.133826716757292630e+00
8.808440705735437248e+00
9.359399366856157698e+00
8.959597047787104529e+00
9.017999024606535130e+00
9.229230521957196842e+00
8.530865029594652427e+00
8.765364605896808214e+00
8.654840997740118169e+00
9.144740818653893655e+00
9.032181912977392813e+00
8.952566787520023439e+00
8.711505588028384039e+00
8.592812059009741432e+00
8.924350423164392865e+00
9.069185417714567876e+00
9.063850316144673513e+00
8.831748568815726230e+00
9.422138668070896728e+00
9.062084669913053503e+00
9.235000271058472876e+00
9.431904723366068666e+00
8.912109184241787219e+00
8.865002604459094826e+00
8.858777626996772625e+00
8.853099315937615899e+00
9.497882407850026354e+00
8.997594167779933372e+00
8.796941273926561777e+00
8.764954114606194224e+00
8.917868808280108084e+00
9.297159530163222385e+00
9.147549500407919254e+00
8.961350932804032610e+00
8.862190802798403766e+00
8.340144142223941515e+00
8.929035028833217424e+00
9.343908128443635164e+00
8.612497333587809223e+00
8.536591658311195374e+00
8.964469833518721842e+00
8.979968987033144501e+00
9.122627677622588749e+00
9.153322348017132626e+00
9.456600136331230644e+00
8.973074821209834795e+00
9.285452681839133859e+00
8.991821931303780602e+00
9.232198884481649159e+00
9.055872657130061398e+00
8.782842839248502287e+00
8.762816400694001473e+00
9.284831524892810606e+00
9.151870075883319799e+00
8.563008572900692172e+00
9.042192646954426039e+00
8.603610527460311630e+00
9.021169442985017994e+00
8.988888638151458110e+00
9.572464053575258092e+00
8.926421801900040975e+00
8.676382481861057983e+00
9.179333095220853167e+00
8.800537849077612051e+00
8.928649522246221437e+00
8.614841348571811608e+00
9.004759236438637515e+00
8.936522250233398523e+00
8.737968497856266836e+00
9.059344817926900717e+00
8.830166218308338699e+00
9.192606603000534449e+00
8.573875458664113935e+00
9.182985346079670208e+00
9.576974667388654439e+00
8.840698705293457138e+00
8.954115755834575197e+00
8.745790366436345664e+00
9.228372073486854177e+00
8.853588111889933998e+00
8.883215069645974182e+00
9.074069344548927774e+00
9.309048031156008207e+00
8.919723807001510352e+00
9.010127157429748124e+00
9.091213544943231639e+00
8.789558154251462696e+00
9.103533052735949482e+00
8.463945113845715795e+00
9.063145455320469779e+00
8.664734407073705569e+00
8.411547156470515318e+00
8.604097522455637304e+00
9.212011764036565964e+00
8.923349427612212281e+00
9.048465853447575924e+00
9.092781473755996657e+00
8.963151268511630576e+00
8.911501929000708699e+00
9.397195123560635466e+00
8.246466075025047360e+00
9.040814853567816556e+00
8.884415664489408115e+00
8.792012926574949816e+00
8.934127039275193027e+00
8.983288466605978684e+00
9.765630297527531312e+00
8.903973016753299774e+00
8.780683496448558500e+00
9.128998257717256593e+00
9.034747634534310734e+00
9.165212598061652116e+00
9.252998707171647297e+00
8.834005808220044997e+00
9.059536250072220298e+00
8.676308054197928499e+00
9.443057398654199019e+00
8.990753044649089532e+00
8.590830946610404695e+00
9.122491381173954750e+00
9.223134529452083896e+00
9.568932466437869877e+00
9.212216137436501029e+00
9.168297789510571505e+00
9.113189586179373691e+00
8.807431042386697939e+00
9.033147478291789767e+00
9.347117222845602313e+00
8.961374151132337929e+00
9.095133956283271814e+00
8.828305440189840425e+00
9.253726571606991413e+00
8.966228634814864762e+00
9.060532071822684941e+00
9.110789208975438314e+00
9.019161527042193427e+00
9.066047086737542671e+00
9.133674958319637938e+00
9.118548004084400915e+00
8.982528073455963380e+00
9.088501442935692509e+00
8.966866412933212516e+00
8.880695460075044068e+00
9.166265816746644646e+00
8.790391443802645810e+00
8.732337428615116082e+00
8.988521471608637015e+00
8.852506794051507200e+00
9.157618564363124491e+00
8.754771051489372624e+00
8.462217377274008356e+00
9.039119627786654121e+00
8.405899559965352097e+00
9.268944254595615106e+00
9.130728843738060263e+00
8.884059053881815160e+00
8.524182889377758698e+00
9.155179291457162805e+00
8.981096168573673211e+00
8.559199492560450651e+00
9.047846824787077580e+00
8.924719191736381063e+00
8.655016852191490528e+00
9.081335198190972235e+00
8.985440749259462123e+00
9.288865955018472675e+00
9.031287350666366009e+00
9.129339585323382522e+00
9.064155096747640528e+00
9.027460390101431642e+00
8.731150054528823645e+00
8.555198759747163706e+00
9.069793477092787271e+00
9.222119224649315328e+00
8.548775728345482605e+00
8.809560585064474481e+00
9.054730492133240105e+00
8.888677498285058931e+00
8.526114795832119952e+00
8.704108730885236511e+00
9.062220527120004476e+00
9.350840862778660778e+00
9.325170534880919959e+00
9.063576195015748738e+00
9.198641445337237599e+00
9.256386245197028018e+00
8.675346618657535203e+00
8.284844899053640077e+00
9.057544543002313375e+00
8.435096219074695867e+00
8.892889909243006485e+00
9.021746751432679901e+00
9.463449329943664168e+00
8.822906707684431638e+00
8.706385439604323651e+00
8.961006824106066304e+00
8.501040585323252685e+00
9.090028103907053847e+00
8.394393854962249435e+00
8.849660146160566399e+00
9.026584620241560941e+00
9.423332548455853441e+00
9.476669264081314381e+00
8.515296470584265975e+00
9.414310664664533590e+00
8.752194918684553571e+00
8.648416730226832883e+00
8.407654126290299956e+00
9.234142943368693679e+00
8.768347074632002247e+00
9.350442913125538880e+00
9.307389972576926240e+00
9.250656083837849764e+00
9.099195560122856463e+00
9.349644276252874420e+00
8.654327081251228293e+00
9.261339626933535740e+00
9.110426546329939868e+00
9.369971422849923570e+00
8.394162562031917574e+00
9.146355582236234127e+00
9.465039170000082436e+00
8.940864961012774614e+00
9.249646510766584839e+00
9.061619463553451936e+00
9.069492516406469917e+00
9.240087287435308383e+00
8.948141329769802255e+00
9.433381037013452541e+00
9.081413944681361983e+00
8.985166877284081366e+00
9.404474059593644242e+00
9.341715469264840976e+00
9.175199763021291588e+00
8.907342041122998211e+00
9.340944801931300390e+00
9.165587171647171516e+00
9.183192887102809010e+00
8.995337936960506653e+00
8.982365435802048381e+00
9.059283113980978186e+00
8.805680286805484869e+00
8.789426783042104674e+00
9.096472297883700264e+00
8.947140396882376834e+00
9.148615565951784490e+00
9.267000436679619924e+00
8.857224135251980712e+00
8.815327168988767781e+00
9.040074438760445474e+00
8.845522804402152772e+00
8.608117722431387620e+00
8.764764393244517393e+00
8.968011509309052443e+00
9.063152152659389671e+00
8.513573323480629895e+00
8.571846206293225023e+00
9.386794252066646749e+00
8.811766522844392213e+00
9.465514840650563144e+00
8.922591908037295738e+00
9.124356527083451240e+00
8.794969905832360269e+00
9.029418279319276763e+00
8.883038980584563760e+00
8.467338653831902207e+00
8.678318480845954142e+00
8.682265290014912651e+00
9.043784565365726280e+00
9.383599559604764551e+00
8.673859973995622141e+00
8.429168640875383645e+00
8.628907990277022932e+00
9.028422983960762593e+00
9.245810112361713351e+00
8.657645668737991684e+00
9.165041076401363895e+00
9.136414743922928849e+00
9.502611621117877050e+00
8.823122963728595280e+00
8.692540460118758361e+00
9.012827205103063122e+00
8.972292353279231136e+00
8.981618208987622864e+00
9.306468154953066119e+00
8.594472049773933975e+00
8.914120231295493468e+00
8.807322152458795017e+00
8.743822630075170466e+00
9.464278835310071969e+00
8.906207184702163104e+00
9.182300341550964973e+00
9.333366680129302040e+00
8.951709574569072458e+00
8.975345434187008919e+00
9.368470122005362555e+00
8.873362365910237415e+00
9.108733088670648570e+00
9.222287618637169615e+00
8.849884624085209595e+00
8.744557967074122473e+00
8.727863200957685308e+00
9.245801000857326812e+00
9.253505733270666056e+00
8.570908491052776412e+00
9.069216254664940635e+00
9.107751529958196812e+00
9.527568019214930573e+00
8.887799651634495035e+00
8.910280480869948505e+00
9.071917226451235550e+00
9.182561060494270677e+00
9.225439339768101377e+00
8.840898004075086192e+00
8.664724420006805872e+00
9.017630903265121844e+00
9.366056120467238344e+00
8.970632958504287657e+00
9.112009116215697091e+00
9.110428129077895676e+00
8.877202484321069065e+00
8.567879060074332642e+00
8.927077480490558159e+00
8.720354662894251874e+00
8.623951519502790930e+00
8.609521044780603205e+00
8.630724096346909846e+00
9.148419045983503750e+00
8.837968132650329878e+00
9.061446845058677368e+00
8.650398886683026589e+00
8.823270545241255647e+00
8.667667916208566581e+00
9.045355305102880550e+00
8.999677416311953948e+00
8.565562864804858734e+00
9.195467506942769376e+00
8.524703620249956870e+00
9.245591549020037547e+00
9.051846775633968889e+00
8.808470523217371451e+00
8.659058315505772541e+00
8.539471656775138086e+00
9.064922077112980148e+00
9.198003071371886108e+00
8.561363937772469512e+00
8.915576557633084320e+00
9.052999889261016619e+00
8.809688586555747492e+00
8.773837975537993827e+00
9.479366876058866964e+00
9.132708946946035411e+00
9.114034273953565801e+00
9.041732678031953796e+00
8.826983869677272665e+00
8.708589941121617883e+00
8.253747281208051234e+00
8.686044124273738731e+00
8.791871772476181235e+00
8.858884224162407506e+00
9.133614297453467756e+00
8.998230229234970068e+00
9.083192192039376778e+00
8.952033579266167607e+00
8.757879224896596426e+00
9.056991414257311135e+00
8.819062239730653729e+00
8.551349595302417228e+00
8.973188094367568368e+00
9.009663504774263032e+00
9.006936353770397474e+00
8.534661165395867499e+00
8.901751051624833266e+00
8.817304531316844773e+00
8.896041354169897275e+00
8.892837978875881788e+00
8.045164596857340200e+00
9.192846958738050134e+00
9.112937629225779546e+00
9.097580323246850398e+00
9.292195625513233637e+00
9.222069960584450499e+00
9.241646260346005448e+00
9.105079106482579121e+00
8.933341980119420711e+00
9.036740564088185934e+00
8.784840459926831713e+00
8.658218719915860007e+00
9.407553549175753815e+00
9.008997019375945214e+00
8.732359942620055548e+00
9.359057578247522713e+00
8.913367849556157907e+00
8.968575989821712113e+00
8.679333266883492826e+00
9.303414931523354525e+00
9.013591369998472658e+00
8.616461060635488778e+00
9.107633824353202456e+00
8.519260398979959348e+00
9.146788997518578768e+00
8.939884222817713777e+00
9.297610907979839467e+00
8.949659218632728397e+00
9.090449251621691928e+00
8.756974383548433494e+00
9.322405295457002694e+00
8.829420118904113934e+00
8.696201986129027617e+00
9.625460278685093130e+00
8.971725124332539991e+00
8.814279811735506343e+00
8.531143734249022614e+00
8.493136059120248049e+00
9.016462719206263188e+00
8.607628257579760245e+00
9.405431889207644502e+00
8.886920805088983855e+00
9.384354230822395948e+00
9.070837870978584405e+00
8.969738961418654455e+00
8.970807601949017496e+00
9.218370530569075072e+00
8.819234013765031577e+00
8.743301426765478723e+00
9.690854088380861597e+00
8.872040953658993701e+00
8.745626252085928698e+00
8.898743807485715251e+00
8.664029942679226437e+00
9.091000132279434709e+00
9.280082035676764818e+00
8.557625995076689307e+00
8.557373929911854304e+00
8.556640696791625089e+00
8.755350052139947437e+00
9.130099695300005536e+00
8.970427540239338526e+00
8.725581163236808990e+00
8.622875553368098522e+00
8.960204763598767386e+00
9.227152174014879193e+00
9.175519398661855064e+00
8.918744658947227677e+00
8.728956541229381472e+00
8.797883096619221632e+00
9.205585597569740486e+00
9.212863807887327283e+00
8.947189836399321194e+00
8.740920346535833829e+00
9.022075216942507581e+00
9.360626840820449601e+00
9.350137765505911247e+00
8.860693140208562468e+00
8.650420177660974375e+00
9.128957939006729916e+00
9.141940338678601563e+00
9.039026044370890745e+00
8.977367004100946346e+00
8.971452555772001958e+00
9.105309100246600451e+00
9.030747600502291306e+00
8.914826009756303904e+00
8.941397677812094713e+00
9.478236169577213488e+00
8.907912220623874333e+00
9.335917570229321782e+00
8.714149651493258375e+00
8.947605109059038497e+00
9.088951184539979522e+00
8.723053433256581002e+00
9.039375999330589551e+00
9.141497820826621989e+00
8.405223633037866904e+00
9.360094593578399014e+00
8.988719202690363730e+00
8.793347016668082716e+00
8.913446663022444483e+00
9.314491325752912942e+00
9.151916084558793685e+00
9.220462674744332787e+00
8.766476220771789230e+00
9.527407305472960886e+00
9.008894520777426251e+00
8.686340894206354690e+00
8.766248063779361388e+00
9.294182376931209077e+00
9.063794893907397565e+00
8.894764276306684536e+00
9.031547643599578734e+00
8.832942025148680543e+00
9.294365901229552307e+00
9.027090802429221128e+00
9.286027816819748537e+00
8.892793526304824780e+00
8.717187458612544404e+00
8.653491248927622337e+00
8.857520321223736559e+00
8.908914903724070911e+00
9.247766614630927862e+00
8.807521160543563710e+00
9.120958032613117439e+00
8.876571204192435616e+00
9.151323720929555705e+00
8.909508232764027369e+00
9.296953006526283758e+00
8.493601071964627991e+00
8.882739559999599521e+00
8.864606694534746367e+00
8.833917717905942268e+00
8.905814783587015171e+00
9.013799255173360336e+00
9.189815972380523945e+00
8.756326729963593181e+00
9.166154774129219973e+00
9.121405459817552241e+00
8.988664739068941145e+00
9.015039748777050832e+00
8.702394501725546405e+00
9.269337196603853357e+00
9.354468387256083872e+00
9.069649780750204116e+00
8.790190207681902734e+00
8.840762198255811555e+00
8.599188817096369064e+00
9.214007803480397385e+00
8.501014345839854158e+00
8.793342196002985389e+00
8.897602658881154980e+00
9.373512435872017434e+00
8.595603323895268488e+00
9.195519241492668527e+00
8.737646557891881827e+00
8.998948463614565796e+00
9.409684872667551048e+00
9.501523988210356819e+00
8.844133587373551819e+00
8.685225055939461924e+00
9.227676956351817950e+00
8.783142220176799242e+00
8.964161145425606492e+00
9.098188524312627479e+00
8.576820849946875214e+00
9.059663944215341047e+00
9.116242702798814435e+00
9.006680991701170313e+00
8.835243818490310375e+00
9.147027847026295788e+00
8.993195123180385053e+00
9.425279995196195415e+00
8.967265454422776116e+00
9.128064055662932219e+00
8.369201213106221005e+00
9.388887089336378722e+00
9.439648839796751290e+00
9.149026909197777613e+00
9.049901882115117147e+00
9.103628923025254949e+00
9.176971023195056532e+00
9.065421396271121424e+00
8.976756866790507772e+00
9.289339732280643247e+00
9.176326763243581652e+00
9.084693589537698344e+00
9.105863627070036159e+00
9.084601966006093932e+00
8.668372352468145081e+00
8.998416244231265182e+00
8.690598048286537036e+00
9.046489376669217819e+00
8.999627914424413788e+00
9.492292205018966200e+00
8.686054431102144591e+00
8.933730561837817774e+00
9.387138560715468927e+00
9.201775992311628016e+00
9.069229655574464033e+00
9.133317939223482895e+00
8.609550333743106521e+00
9.116921277844088678e+00
9.033021969627297310e+00
8.668159040347262589e+00
8.811765599964687112e+00
9.399360162418929576e+00
8.876661214585928050e+00
9.235684936058392580e+00
8.975372947328430939e+00
8.734232801937197976e+00
8.181462389358205911e+00
9.107761152144174588e+00
8.933502713092487113e+00
8.675672823660343980e+00
8.910286948159447107e+00
9.011295048359272641e+00
8.707771744352717391e+00
9.007594475454125060e+00
9.224060213185675039e+00
9.075536446537627810e+00
9.221914862053990802e+00
9.100658454882749382e+00
8.770261155743327208e+00
9.047580106538353206e+00
9.437035548078748448e+00
9.081935445850037425e+00
9.292169738196010442e+00
9.201219081571299085e+00
8.903765882610191085e+00
8.858098593704371027e+00
8.887443127146454458e+00
9.242281240289578648e+00
9.181550881719580559e+00
8.805555430734912647e+00
9.130240080263336111e+00
9.067935686763975767e+00
8.787908843609400833e+00
9.407973943132372341e+00
9.054128421652526626e+00
9.100900663690579151e+00
8.980192996922024662e+00
9.053294047248096277e+00
8.776692603752328736e+00
8.673331246990246157e+00
9.076819185953930003e+00
9.075270070169727532e+00
9.026325532071281188e+00
8.902347936932873296e+00
9.011573673601102286e+00
9.182241322322619581e+00
8.876531052114307485e+00
9.310263256948102750e+00
8.951519335542919009e+00
8.805337550029141980e+00
9.100047076517270739e+00
8.940768701650698702e+00
8.861901619447145606e+00
9.324127180162465223e+00
8.836386733851140818e+00
8.620745582442941313e+00
9.044631748259090998e+00
8.756845571279392004e+00
9.336645320876945320e+00
9.289468889232193050e+00
9.179150267523972673e+00
8.899441523242961338e+00
8.635052646208952964e+00
8.805356573693948974e+00
8.904269392972761210e+00
9.256989601427576986e+00
8.837837089958343384e+00
9.076385685645449897e+00
9.147322905674650784e+00
8.750083132900350336e+00
9.061588924204741602e+00
8.999294333763113940e+00
9.444800251814097436e+00
9.194495716926375906e+00
9.198010350676806723e+00
8.727481535967543280e+00
8.705069174729716863e+00
8.959366662158048555e+00
9.225466154934329310e+00
9.010160664864256930e+00
9.054619239582967438e+00
9.336177824804043013e+00
8.977530119547294518e+00
9.161650016813087660e+00
8.967476011103919120e+00
8.977632301920142055e+00
8.941500798433564157e+00
8.827152987392016925e+00
8.990143168239599802e+00
8.944602503449502251e+00
8.662544372326944853e+00
9.326993432731248035e+00
9.326105990261243761e+00
9.064741401131966470e+00
8.921021107060269628e+00
8.895920820057387601e+00
9.222558681102166034e+00
9.010131085806529327e+00
8.849400803427627693e+00
8.630153718462201695e+00
9.117720074445299971e+00
8.589903557571300752e+00
9.193192121679450324e+00
9.233511628954266470e+00
8.601091756202171368e+00
9.252378378968053596e+00
8.679994153267264423e+00
9.526332613792762416e+00
8.503141604863781566e+00
8.943757365655251590e+00
8.863330987109760528e+00
8.744481296285643523e+00
8.768436578069684018e+00
8.773024282094095128e+00
9.222616456272589858e+00
9.111347897452587219e+00
9.068017457507830059e+00
9.129569294018594405e+00
8.872824706731064381e+00
9.179705774281984532e+00
8.862055066061881092e+00
8.846400063628379939e+00
9.195230305869618093e+00
8.666933111802970657e+00
8.982015958313724013e+00
8.931359892823712343e+00
9.028416760612920200e+00
8.688003233433578387e+00
9.091315119413074797e+00
8.877661336135194148e+00
9.309917619364622254e+00
9.131987971240622670e+00
9.290025543791029961e+00
9.522741621867634620e+00
9.088059592186327862e+00
8.530036011035120325e+00
8.746695276299263355e+00
8.707450748110391103e+00
8.721771097336274536e+00
9.285127666498187438e+00
9.015836386572463113e+00
8.824565650057712318e+00
8.693002903733697551e+00
8.473599315140432964e+00
8.817692432889703724e+00
9.063620347737217031e+00
8.435916472593023130e+00
9.539475628150407616e+00
9.480503119246623811e+00
9.056614825935671576e+00
8.687583483509461857e+00
9.097670759733393453e+00
8.426712846130230972e+00
8.832964578943098388e+00
9.489282636099764190e+00
8.821573085831914796e+00
8.941247328680393736e+00
8.582325508045020257e+00
8.756661445754264861e+00
8.977037427639251277e+00
8.741249420800221159e+00
8.899316326108177577e+00
9.182038062349272778e+00
8.951199449204576553e+00
8.565252192891538385e+00
8.927651175115562054e+00
8.744808028108247200e+00
8.955193850711536285e+00
8.901559119857351376e+00
9.218425686139013919e+00
9.199960239708220300e+00
9.157436520004102576e+00
9.078155401967592297e+00
8.996142286697478951e+00
8.948313323725486157e+00
9.031646440288993105e+00
9.179815096695113752e+00
8.876548933287432774e+00
9.383470825836020879e+00
8.627121109271763899e+00
9.240912122763411674e+00
8.928041469916781381e+00
9.162138185253748901e+00
8.777303029471736906e+00
9.049137127814571357e+00
8.918817247363705292e+00
8.882881058762706061e+00
9.138660518282970102e+00
8.902350014918322785e+00
8.997533888497743604e+00
8.951714368441315628e+00
8.891899327389980456e+00
8.922743809627585065e+00
8.509494189170659695e+00
8.722006167240927255e+00
8.868317846924473002e+00
8.852790075770672118e+00
9.065063304107770392e+00
8.680592252764389727e+00
8.971187815544967137e+00
8.746285585623228442e+00
9.099043266016018094e+00
8.938790715587488833e+00
9.424659958984513253e+00
8.939167960801141177e+00
9.071958180413691508e+00
9.236097411412874436e+00
8.995153088882840819e+00
8.787386411064233016e+00
9.015923137752153593e+00
8.978908867031460517e+00
8.842397730200442396e+00
9.036355933633450022e+00
8.850154543586475242e+00
9.096728554540804979e+00
9.265513146458841831e+00
9.349268240770436833e+00
9.236405004676594643e+00
9.090534280574889436e+00
9.064654257815906391e+00
8.733295583967782605e+00
9.124267595051410495e+00
9.035469923609506182e+00
8.736223920687317346e+00
9.042275180861118145e+00
8.997442184015834954e+00
8.730876870797162681e+00
9.098760012538797071e+00
8.554657320386811037e+00
8.447496161527642045e+00
8.588571965135354702e+00
9.017095577635510395e+00
8.982098364447683281e+00
8.869952120727328193e+00
9.488368836162806019e+00
9.139328922934037536e+00
9.143579854565476950e+00
9.087413838416965817e+00
8.520758203380966123e+00
8.975690448186082193e+00
9.057115527513833086e+00
9.310864287382527138e+00
8.903292786452356111e+00
9.036940731963200690e+00
8.869782347357048735e+00
9.184602795567029077e+00
8.359739161556806408e+00
8.584569760829777962e+00
9.327285561499135014e+00
8.936263916468069723e+00
9.037767052226360676e+00
9.159692505175662802e+00
9.151513095475912962e+00
8.659295433238174411e+00
9.266416526127104092e+00
8.977441535529113281e+00
8.833530778066972289e+00
9.313132261432377490e+00
8.958213188615136602e+00
8.868860806297030663e+00
9.141480333962425320e+00
8.834348232050134087e+00
9.161393088069091917e+00
9.133147381820524657e+00
8.952146895115252079e+00
8.662727122658003154e+00
9.204278531055186008e+00
9.290063713832942938e+00
9.424034582301406004e+00
9.460276909269438761e+00
8.815616592162312415e+00
8.847630939440923825e+00
8.974800464949741041e+00
8.763841139567579930e+00
8.856542757402261046e+00
8.962018178303571503e+00
9.382070822076560290e+00
9.130629284331011064e+00
8.742827501600626050e+00
8.988275457605993779e+00
9.180174192829852586e+00
8.540093925271408537e+00
8.686536057930826615e+00
8.731691511658096871e+00
8.575905052923227245e+00
8.898873740321281645e+00
9.182072572517212095e+00
8.829322846450518014e+00
8.998381697815904801e+00
8.803222167709982671e+00
8.910908333091329681e+00
9.232929255306714822e+00
8.815509143464851149e+00
9.047214926255307432e+00
8.847477150044705141e+00
9.107604768620570113e+00
9.200899634490673051e+00
8.905219927071017949e+00
8.828867814445974460e+00
8.931005342187093632e+00
8.802564661466144358e+00
9.346231977183743211e+00
9.005952446906841047e+00
8.920250882674151782e+00
8.926631036691963672e+00
9.766855859286726727e+00
9.007260603662750498e+00
8.584231269137767129e+00
8.829196342869687797e+00
8.935915219988942226e+00
8.568436552765824388e+00
8.765718197778546994e+00
9.243403502636860836e+00
9.302871021911789384e+00
9.215716211286940407e+00
9.255492300090780944e+00
8.910589518457504354e+00
9.113425440402403765e+00
8.773726370693585963e+00
8.788587129096942618e+00
8.917410453958405370e+00
9.118461675281801959e+00
9.044024786693734441e+00
8.998770945991036996e+00
9.173169881668302494e+00
8.742386213592515887e+00
8.846424366680196272e+00
8.854789740854718261e+00
8.915176908042930393e+00
9.249353522816637252e+00
8.831146187261131431e+00
8.839884758848794988e+00
9.111592563057369532e+00
8.744743407690330983e+00
8.858179765401281713e+00
8.771204258151401589e+00
8.863083025152603156e+00
9.086847325957529975e+00
8.989902984789777562e+00
8.941573277961602173e+00
9.223438434425723642e+00
9.077677034318611504e+00
8.686543593001095687e+00
9.226613053419331578e+00
8.827465872609629116e+00
9.084075844710339354e+00
8.910114198592523849e+00
9.089544596370879859e+00
9.160780938179650335e+00
8.950053331682926938e+00
8.889266445877236578e+00
8.830116805551071479e+00
8.972716790034008127e+00
9.205422644878249017e+00
8.380777397278279750e+00
9.173828049134590046e+00
8.682697485520725067e+00
8.895746925622196599e+00
9.142155993232682576e+00
8.668258784184640575e+00
9.101532913768741295e+00
9.069107121048240572e+00
9.202039178206268488e+00
8.993858895128669317e+00
8.938885542472354118e+00
9.100662604458563010e+00
8.865480227088589515e+00
8.890016755002989157e+00
9.178148808911165801e+00
9.052159647084032201e+00
8.774014101136133448e+00
8.775039853358647335e+00
8.835964796809653521e+00
9.237335968319243307e+00
8.570235564208495305e+00
8.982731150913204843e+00
9.135957489177487290e+00
9.110794132732099371e+00
9.375827941571078128e+00
8.793502557373290784e+00
8.939291798242779308e+00
8.965468181504251177e+00
9.339672491176212787e+00
8.680297694902373351e+00
8.874324641520999535e+00
8.479139048218321761e+00
9.087405848078221382e+00
8.849633454203280181e+00
8.818355606340254838e+00
8.896036059762259640e+00
8.773851515214126096e+00
8.798906271569560289e+00
8.756939670714693591e+00
9.078338301603329441e+00
9.058944389759869154e+00
9.105907808028627315e+00
9.153088981359541521e+00
8.838340379593283558e+00
9.315925389233505882e+00
9.011035310527681474e+00
8.796136421508423453e+00
8.781333207853613487e+00
9.020445441726174352e+00
9.170452927518841335e+00
9.403743578883767995e+00
8.770357122914210990e+00
9.002344121475921668e+00
8.928108266460736075e+00
9.185938886826964023e+00
9.028073342175723326e+00
8.870144143460853670e+00
8.914673242526079733e+00
8.888127671437322519e+00
8.656509705196549831e+00
9.014396658477300761e+00
8.882143249351722503e+00
8.842605588008442652e+00
9.144742054823053579e+00
9.290145608371618735e+00
8.907602577173241443e+00
8.793209084046436530e+00
9.046961922190510208e+00
9.203337487128488092e+00
8.952967279473433848e+00
9.168931746690951456e+00
9.072078587037214703e+00
9.082988053184148924e+00
8.922697424619794759e+00
8.728295642366703078e+00
8.910542883951523052e+00
8.837491059838177065e+00
8.951821690331165371e+00
8.983860179284338443e+00
8.775248546169274633e+00
8.609920469794554165e+00
9.000557219199126990e+00
9.080671701931855466e+00
9.102293506827876968e+00
9.186957822852328093e+00
8.754043088952590423e+00
9.058579037798299538e+00
8.926097803626873883e+00
8.994382984398644254e+00
9.316969087620259771e+00
9.112598508187950586e+00
9.237260737647989828e+00
8.630670735755549217e+00
9.052291178795179860e+00
8.919373218248713542e+00
8.765801630527514376e+00
8.649532140578303441e+00
8.706177814279049798e+00
8.900818462870216052e+00
8.968352278251355614e+00
9.122756877319146085e+00
8.878150681294993518e+00
8.990885999264200734e+00
8.787299645105395740e+00
9.198763761886532109e+00
8.890152096880811428e+00
9.535169094324594141e+00
8.534589526369449786e+00
8.811135032323829108e+00
8.870865517729288996e+00
9.409029262793133341e+00
9.222279308750735538e+00
8.595838513800465819e+00
9.169961350645207787e+00
8.765632653338668590e+00
9.392429606627048955e+00
8.856590460784870444e+00
9.072577467422915376e+00
9.052613653478426059e+00
9.005764647642921616e+00
9.256300213927955767e+00
9.104295162105753292e+00
9.127974102680131097e+00
8.988632410576371967e+00
8.984782869279959172e+00
9.031898641013086149e+00
8.847581089159699985e+00
8.775569810614083366e+00
9.027827418940695736e+00
8.926899728542778689e+00
9.021849993090699016e+00
8.588309178409657463e+00
8.702395869574857556e+00
9.267243482474860627e+00
8.625514986446232157e+00
8.898817807803055757e+00
9.079322248128297801e+00
9.087048439914376274e+00
8.938894335089816678e+00
8.965093361084877088e+00
8.899814253821551446e+00
9.418387242349476551e+00
9.552947659638752143e+00
8.944033033406252997e+00
8.652220345092478837e+00
8.835241218170612143e+00
9.344280281017965706e+00
8.971081214233553425e+00
8.647667557399811855e+00
8.948576395467883415e+00
9.003472361145259839e+00
8.861345660457558893e+00
8.816925056302663322e+00
9.197805066848191657e+00
8.892157390609995105e+00
8.922891473644028792e+00
8.845177245575353453e+00
9.166393784703288361e+00
8.983005520443013481e+00
9.002165747189637912e+00
9.213531243158959327e+00
8.934126164156676708e+00
8.906473887497641684e+00
8.732853271129586759e+00
8.559161907038758343e+00
8.929626864795308094e+00
8.895234347364334937e+00
9.063767245798143080e+00
9.157196400943716341e+00
8.829492830324952024e+00
8.817705341033827082e+00
9.205691901204680505e+00
8.882292804656422902e+00
8.902668120082935843e+00
8.692090912029859950e+00
9.065068981494581735e+00
9.118749845830043554e+00
9.140246356633600300e+00
8.666799246157147252e+00
9.175898191089025602e+00
8.909385311640610539e+00
9.562331967922338194e+00
9.779784050152787955e+00
8.800560593454191505e+00
8.766130857703037904e+00
9.284573375503342163e+00
9.122526900591660493e+00
8.979984133770248178e+00
8.631575327550182308e+00
9.059257408613790474e+00
8.508596166625611801e+00
8.711390742793582831e+00
9.094381984051372214e+00
8.819639418535848208e+00
8.896403641364660331e+00
8.755866879375188816e+00
8.899172022412894734e+00
8.364917137244969325e+00
8.748779153428824173e+00
8.849088391765304706e+00
8.687989533818843313e+00
9.089631693359619291e+00
8.897062232855327935e+00
8.886118550320938780e+00
8.828797311707109685e+00
8.675765444920848779e+00
9.046834963357056836e+00
8.973804426384687005e+00
9.202234410793534991e+00
9.206543471968739567e+00
9.040639453650724633e+00
9.121976657584172088e+00
8.675503525688872841e+00
9.135619562652383507e+00
9.073600632215452322e+00
9.172299485145543940e+00
9.074529143913961704e+00
9.142628044248427344e+00
9.228706703600439099e+00
8.918149080789660843e+00
9.002317624545876029e+00
8.600230826242450277e+00
9.157198538880258809e+00
9.001339292012801252e+00
9.246764465246934961e+00
9.022767251545786849e+00
9.012874811061367453e+00
8.810712107852403108e+00
9.197985382382642072e+00
8.992357619710082517e+00
9.340857016949193792e+00
9.104795913037552424e+00
9.080867610414095736e+00
9.097784108961127103e+00
9.034248247979688173e+00
9.234707106350670713e+00
9.219948879671706621e+00
8.870094516005481822e+00
9.278635328895692425e+00
8.860401521707998995e+00
9.073895141730005776e+00
9.521671201636360493e+00
9.097616422466673569e+00
9.230702897194451140e+00
8.754583440751343204e+00
8.966118287646660079e+00
8.882761589178057804e+00
8.793785844914795646e+00
9.003059171782036074e+00
9.357157029163408524e+00
9.044446620080968557e+00
8.515814699906714580e+00
9.152064949873459199e+00
8.854271901018377022e+00
8.957716560685279106e+00
9.042439139074886612e+00
9.133059933916893414e+00
9.103924840522003237e+00
9.006649567354191532e+00
9.304643479256954564e+00
9.111765126891990363e+00
9.028620942099353286e+00
8.771138416142097327e+00
8.860917476174755336e+00
8.944650381160105468e+00
8.975404566697530839e+00
8.959164635168271218e+00
8.876979888879118263e+00
8.890138488565067831e+00
8.871052432746219907e+00
8.842515186693781004e+00
8.896782100239756019e+00
8.803538825475731855e+00
8.760195800042938075e+00
8.866813165324300527e+00
8.979049652486736477e+00
8.889267630546415333e+00
9.053095405602528345e+00
9.088386367411914080e+00
8.938713390378369539e+00
9.150621183011564241e+00
8.708746264308473428e+00
8.999243624964135435e+00
8.626178298372016329e+00
8.932681432384033116e+00
8.948872323234171589e+00
8.962470754087949132e+00
8.678911729086605575e+00
8.744627723873724889e+00
8.852312335935650367e+00
8.833084797532437804e+00
9.035960586231892577e+00
8.833757204112711037e+00
9.052360710719693060e+00
9.099919118356361025e+00
8.608005065320057270e+00
8.569415425394396379e+00
9.119167156393624296e+00
9.262905143064527280e+00
8.857251956794128134e+00
9.112492899402129254e+00
8.884679486807774751e+00
8.901136257312625588e+00
9.068920804345077968e+00
9.471821280563364809e+00
8.778749107456022216e+00
9.109590913756937525e+00
8.609374252594584220e+00
9.143147470500885277e+00
8.809536626383261293e+00
8.597953808702209599e+00
8.618472189210232060e+00
9.180538901081581216e+00
9.053898760830277226e+00
8.788747855138511866e+00
8.849353449998771382e+00
9.607840429477381150e+00
8.746669836701848055e+00
9.405877959408639910e+00
9.196039542268936273e+00
8.873525163605748389e+00
8.675771001202548405e+00
8.803467042449209856e+00
8.969743030083810353e+00
9.365719203404827553e+00
8.843163845597590722e+00
8.805042833054402607e+00
9.207672497591515182e+00
9.049568685724530326e+00
8.670251741269973778e+00
8.992738024705097644e+00
8.858824740371945339e+00
9.039893357324835677e+00
8.950547471302156666e+00
8.993391617929990645e+00
9.331851138913409116e+00
9.056601888611677253e+00
8.769137893542289675e+00
8.901910259285562788e+00
9.015454019939220132e+00
8.884398490801283188e+00
9.087855456936095422e+00
8.862092022645926548e+00
8.997901539852385611e+00
8.885034217083147112e+00
8.948445990391618921e+00
8.764228173147564860e+00
8.910100123641157666e+00
9.177276499906700025e+00
8.944052023726960954e+00
9.007857803476644776e+00
9.066411476832241689e+00
8.772188123470284538e+00
9.383519969411912243e+00
8.811134654205956096e+00
9.138208099274168106e+00
8.962963683403469162e+00
9.097469002240480052e+00
9.092889654996984206e+00
8.826621006068677389e+00
9.056952557088161271e+00
9.079406688866203723e+00
9.038103621703035273e+00
8.882203144525856686e+00
8.969577378299387505e+00
8.786085329598895655e+00
8.749776469867798667e+00
8.402508719771004664e+00
8.945275574231899895e+00
9.066647364092917272e+00
9.057971827679569543e+00
9.268601969654060468e+00
9.213888348540681505e+00
8.978385254337535315e+00
8.577939553561895636e+00
8.823189916616136941e+00
9.214778899287226821e+00
9.325996723449014425e+00
8.821298853572804077e+00
8.957449647535598913e+00
8.929462949593620635e+00
9.566534677583710788e+00
8.397714867361838031e+00
9.452751414831775278e+00
9.271623552032641769e+00
9.117650625463147307e+00
9.189416969638408261e+00
8.541025813546701428e+00
8.906683124990404821e+00
8.856166453445847964e+00
8.979843032714018847e+00
8.654397083041414973e+00
9.103473702798725142e+00
8.909990198887411950e+00
9.310410748943494852e+00
8.968472632737604755e+00
9.033451240886718026e+00
9.187304339147251753e+00
9.056570273541273863e+00
8.727446270196933753e+00
8.643634814818446088e+00
9.068863840289665745e+00
8.799868296828574188e+00
8.880491981379341482e+00
8.879526725192167902e+00
8.789072413526842098e+00
8.840057375108477444e+00
9.457373856000575785e+00
9.265801180525048864e+00
8.890638037890949974e+00
9.024451364611520532e+00
8.981660335364429315e+00
9.139915839867907010e+00
8.833943443312387345e+00
8.679125915706148220e+00
9.070445758827169414e+00
9.114722303706859208e+00
8.995006486871323759e+00
8.945338827547763216e+00
8.630241132586467856e+00
8.755766062062416921e+00
8.926679407217861240e+00
9.077787945937346947e+00
9.222923597297217668e+00
9.055790439737682718e+00
9.050115352006056213e+00
9.024841119995119954e+00
9.042615249839467850e+00
8.894828472051361956e+00
8.859550646218908199e+00
8.900480391977273698e+00
9.087115319870303409e+00
8.742045563493022087e+00
9.472738432187037816e+00
8.829202318669032934e+00
8.727806349798557406e+00
8.983926842563768389e+00
9.098080753930741338e+00
9.504794560325981578e+00
9.124804273060906468e+00
8.941788830695921675e+00
9.000558578428631051e+00
8.991758511902647300e+00
8.750522981469751826e+00
8.991708639670186187e+00
9.116121494048959661e+00
8.652830095747590988e+00
9.079370080784050501e+00
8.565010058015948502e+00
8.670763882891659335e+00
8.776360740783511361e+00
8.982274585246129206e+00
8.598726991616127080e+00
9.131240858742275535e+00
9.296465524379453171e+00
8.608578285784659556e+00
8.611358334916864976e+00
8.964013050158774476e+00
9.230966234504805357e+00
9.100258227062198557e+00
9.115141983338878262e+00
9.069128424838027058e+00
9.173788422592824787e+00
9.001918793342721159e+00
8.873654443841790140e+00
8.730037824647759237e+00
9.144472136427378217e+00
9.156112689888221468e+00
9.084800297881027831e+00
9.077482278473683053e+00
9.358859904254453355e+00
8.861297675625456449e+00
9.495010749429118491e+00
9.070534593136990509e+00
9.026265374223640947e+00
8.796590762298968968e+00
8.874943338086684008e+00
8.789003445146231996e+00
9.059910940136083113e+00
8.942774188294704274e+00
8.995899179654980315e+00
9.180180847138744937e+00
8.977654211076906421e+00
9.189368937682115046e+00
9.136666698906150685e+00
9.184742781880228080e+00
8.897827408540297967e+00
9.051569077494331594e+00
9.107163693139664673e+00
8.805187578208878207e+00
8.703920995390173942e+00
8.777560720814770789e+00
9.212503205145488039e+00
9.197503217206367765e+00
9.250922254831634106e+00
9.073458334515695611e+00
8.568363946492549843e+00
9.097234131722897743e+00
8.918811304490976255e+00
9.101832176488285242e+00
9.057620880611132463e+00
9.077642696778616127e+00
8.759747601482411383e+00
8.800543091706087395e+00
9.079859630697384887e+00
8.867020392158117659e+00
9.296228136541047959e+00
9.013492514141011824e+00
8.906786302868196614e+00
8.654527766551858292e+00
9.244299880446874340e+00
8.824631774151434627e+00
9.128745170095253769e+00
8.989409780402420225e+00
8.830939912592540963e+00
8.778793434282869512e+00
8.977626807560932676e+00
8.995105859711134855e+00
9.181929146300456424e+00
9.113737660091372206e+00
9.100349641428977066e+00
9.035953436139951833e+00
8.495030985985195571e+00
8.842725805086116608e+00
9.108969838248022199e+00
8.944216758945112034e+00
8.663387755562881765e+00
8.898365311250422849e+00
9.042672219078857765e+00
8.684513280125459644e+00
9.194441601757301186e+00
9.258152277108559147e+00
9.100068039217218185e+00
9.214139374256934190e+00
8.620033762666638566e+00
9.276497540685156196e+00
8.736262936094520981e+00
9.185352941909373570e+00
9.017435973106930902e+00
8.845528852383441887e+00
9.076709570255749426e+00
8.901024660436110736e+00
9.285092657661811799e+00
8.921635310364750993e+00
8.954774770993838118e+00
8.895005142895803019e+00
8.903197550267078597e+00
9.089111813714715993e+00
8.923040919348936839e+00
9.146397519554062328e+00
9.071544497817093600e+00
9.020285991781522128e+00
8.853798997292662065e+00
8.823922136254052973e+00
9.345958245173408230e+00
8.964913115997211079e+00
8.978285173144058717e+00
9.024037435933532691e+00
9.429378679444246458e+00
9.215502956952759561e+00
8.747314901338329562e+00
8.830691259922998526e+00
9.011207065753776391e+00
8.975817346140745556e+00
9.079623253949190342e+00
8.653727195752665580e+00
8.966480362405198079e+00
8.484433330880163382e+00
8.966389277580365302e+00
9.025907147982417555e+00
9.361271019538110139e+00
8.839053981682878813e+00
9.158775233811713434e+00
8.843133744051948852e+00
9.091853428711017315e+00
8.899485316497761644e+00
9.245357247471417850e+00
8.743385401606069252e+00
9.021945063178053559e+00
9.377037520766869250e+00
9.257294289644796947e+00
9.287268309940563071e+00
8.826168299882574786e+00
8.809661504078629690e+00
8.533047738757170819e+00
8.466986256640222308e+00
9.201599144582949918e+00
8.556829626787470389e+00
8.834543461804127418e+00
8.911202416716182739e+00
8.887326712700948761e+00
8.585843940173454314e+00
8.841072707071477410e+00
9.093861004110966206e+00
8.957123449154366313e+00
9.042052935787813439e+00
9.129342887375210935e+00
9.408414907537064664e+00
9.229484811814232970e+00
8.982094028633966332e+00
9.109944502713902992e+00
8.867280215323351200e+00
9.263051794672847450e+00
9.449513250307342460e+00
8.978737063094014204e+00
9.207185673638065282e+00
9.037974042271995856e+00
9.152243925190473917e+00
9.097757413640312762e+00
8.766950487770605704e+00
9.155460365269183498e+00
9.170180386222488877e+00
9.459661343082013119e+00
9.397877284635697492e+00
9.105632343414894692e+00
9.261817034977461560e+00
9.101584348421802417e+00
8.714467377208574561e+00
8.896636242090048441e+00
9.228307737776827224e+00
8.870140800302413808e+00
8.964821051884202419e+00
8.915336268570325018e+00
8.724779662479694053e+00
8.850652417438158892e+00
8.890371831411259862e+00
9.188555893840693045e+00
8.688436099351772413e+00
9.064633579712841893e+00
8.632459195992126411e+00
8.959617745970549052e+00
8.744498507734761006e+00
9.291561174448265348e+00
8.771142320958905003e+00
9.053116325334382708e+00
9.067764889238407733e+00
8.931760335237228787e+00
8.534256523100024694e+00
8.634366962879727936e+00
8.792418491561834415e+00
9.080906741601193488e+00
8.667735887819798535e+00
8.824964106039139722e+00
9.041756020431012786e+00
9.057255913850729812e+00
8.669924910563963749e+00
8.746597600467872269e+00
8.821470896093250857e+00
8.640550961422277965e+00
8.690810298594639605e+00
9.033126859681116727e+00
8.879469067830093820e+00
9.021093572796486271e+00
8.829837407260949789e+00
8.773616923011452684e+00
8.751681884281332202e+00
9.141788014837935350e+00
9.119969051273487892e+00
8.659513947937563572e+00
9.103698228937529890e+00
9.005537345160556484e+00
8.767433729484551463e+00
8.762847496963466654e+00
9.165421765667741028e+00
8.943721460010447544e+00
8.534245966329526922e+00
9.259207069582158667e+00
8.950177525919125188e+00
9.108529210510722507e+00
8.961646348265574602e+00
8.933959993676081623e+00
8.308206141258683175e+00
9.437729116385087380e+00
8.984135962349967031e+00
9.345577633043429699e+00
8.891113385353515142e+00
8.827022517379520039e+00
8.931774403495747805e+00
8.660540999587889033e+00
8.725243881866026285e+00
9.149151394026613815e+00
8.933818646860389734e+00
9.274280082873874065e+00
8.954304433274064223e+00
8.718492111945650436e+00
9.163703683617496765e+00
8.864613402162616396e+00
8.537157352850567094e+00
9.417300910191357843e+00
8.797226498024475205e+00
9.282787203560310729e+00
8.677665558833581372e+00
9.161325324626021782e+00
8.995207305380718665e+00
9.115120594084487493e+00
8.768748150031877131e+00
8.864664980100142699e+00
8.949517331542692133e+00
9.402857142705123294e+00
8.983464475530656301e+00
8.903825989795706164e+00
8.772142340009690287e+00
8.722491814782758368e+00
8.583186394419724863e+00
8.793100449885207226e+00
8.819935906648172619e+00
8.510262122606611968e+00
9.374850997201114922e+00
9.299367429081391023e+00
8.903663679900867933e+00
8.876322178550596576e+00
8.912234668916385161e+00
9.093463548599276081e+00
9.242624013249637116e+00
8.986423222513318265e+00
9.124531309191382888e+00
8.707488225730761755e+00
8.968277086295099565e+00
8.971359228362880245e+00
8.820366992342261625e+00
9.424655680213710696e+00
9.045290781833109861e+00
8.737635258335288313e+00
8.853303969829728004e+00
8.863229620326261937e+00
9.120037658254224411e+00
8.777063475489422117e+00
8.753115853009786562e+00
9.097881488071989153e+00
8.646167303133594828e+00
9.094414178470232812e+00
8.478622819853882220e+00
8.915402987873246587e+00
9.014294377925123669e+00
9.000804419168218828e+00
9.339147260112067528e+00
8.377236329175902441e+00
9.106063653608622133e+00
9.366395164363419568e+00
8.414632082454911455e+00
8.761359911501376274e+00
9.209504276610097406e+00
8.803228823531025427e+00
9.020284324490280170e+00
8.479757764210914317e+00
9.039375565166464455e+00
8.749548987897396657e+00
9.092410492805239386e+00
8.912934075328246664e+00
8.901269040341425409e+00
9.272704793490063935e+00
9.153845126070322635e+00
9.155372937902697572e+00
8.552209150001202076e+00
9.190890724138000678e+00
8.865053517481264578e+00
8.835050873011208949e+00
8.985048976952903388e+00
9.119447144447322628e+00
8.850332082060248240e+00
9.037751685936024515e+00
8.550867180815030721e+00
8.947573405397553969e+00
8.843421455496880412e+00
8.774699064668878279e+00
9.151523360490042336e+00
9.129384754185256412e+00
9.556508423584078926e+00
8.932105334022741872e+00
8.953306764730582401e+00
9.051148447113286366e+00
8.593225840192346254e+00
8.789088379850538146e+00
9.188843721885049831e+00
8.909961739314205431e+00
8.805368930276918249e+00
9.443324521903591062e+00
9.023274859064377651e+00
8.430741723427688683e+00
9.332770192309256529e+00
9.164767147200624464e+00
9.142780298149524754e+00
8.871525777213314257e+00
8.616440124014767221e+00
9.165703831905078758e+00
8.968866425658607255e+00
9.429917975600133673e+00
8.904492432121122292e+00
8.482353854711462304e+00
8.876264349894956496e+00
8.869222439714437911e+00
8.894368535513191176e+00
9.148593649141847806e+00
9.314682310440124624e+00
9.279793635769884474e+00
9.358745900046836041e+00
9.189090179372387368e+00
9.238879848194178734e+00
8.933136027353755892e+00
9.219515591423670386e+00
9.325135931684158663e+00
8.715317009515381130e+00
8.924848216270561352e+00
9.018792664277702542e+00
8.815229732959144471e+00
8.592506452750852119e+00
9.076852766508411108e+00
9.153692575741699144e+00
8.997153191420808938e+00
9.184376386176793972e+00
8.539480118375198714e+00
8.969859402571707108e+00
8.910454391858127821e+00
8.819328414004042216e+00
8.714283258493063400e+00
8.855629192513589487e+00
9.492939720110323165e+00
8.941995571514617325e+00
9.122357500856493218e+00
8.891500968298545970e+00
9.085600631480350131e+00
9.307050783009566786e+00
9.020838235699750740e+00
9.200432495180443482e+00
8.606718743407832051e+00
8.972490979381772647e+00
8.828829358258403204e+00
9.229122333281244650e+00
9.182578822380047967e+00
9.002725734618859832e+00
9.015154759443149146e+00
9.029855540146057180e+00
8.635584898216883687e+00
9.162989285477213031e+00
9.148162527128665289e+00
8.625464341393923817e+00
8.833950919063887852e+00
8.969721115756199126e+00
9.233845552161914938e+00
9.043373326986445804e+00
9.297829569850284415e+00
8.343744285863614607e+00
8.876731206360268800e+00
9.075116504346013357e+00
8.695800469847169367e+00
9.325697235737907320e+00
8.388882218106628486e+00
9.189007914136103850e+00
8.792378845371359830e+00
8.941604773195535927e+00
8.962135762591382004e+00
8.785206370559970779e+00
9.070686235433772282e+00
9.340061297885608127e+00
8.876946194888857278e+00
8.975723986449914094e+00
9.289288721766526535e+00
9.079629644572905889e+00
8.808337266759707518e+00
9.122099253524680762e+00
9.075194452488155150e+00
8.848681767191132863e+00
9.459615538331274109e+00
8.947849674699646982e+00
8.816995837345707798e+00
9.114247372065550579e+00
9.215411156814141691e+00
9.086211183865884777e+00
8.590297815693592298e+00
9.056892181994845359e+00
8.955230553234105884e+00
8.979046235595225411e+00
8.918560336019922374e+00
9.181975820282465506e+00
9.189338339032463665e+00
9.020281392309888346e+00
8.706183600292435543e+00
8.967947403795314187e+00
9.271041305874508254e+00
9.127121615105419750e+00
9.433608906405215322e+00
8.576894405726630310e+00
8.928830685611451656e+00
9.007166341191364722e+00
9.038328186464125835e+00
8.518811151357885691e+00
8.754526303155760303e+00
9.172829216700963073e+00
8.562824698854722527e+00
9.274083716412224732e+00
9.053888392065703172e+00
8.679507888949180128e+00
9.030468079710356477e+00
8.933998588296203636e+00
8.918207332658383280e+00
8.840193629727799873e+00
8.986087812282661957e+00
8.741564405760437140e+00
8.534751862117717636e+00
9.635180211125936367e+00
9.158911860488057499e+00
9.172341776168359218e+00
8.490513049166940718e+00
8.906063325116102547e+00
9.100428719519412013e+00
9.050640822573774003e+00
8.929446560087074047e+00
8.838811878923399590e+00
9.103959172614102258e+00
8.977477251477079534e+00
9.177802835475610266e+00
9.045527807287419009e+00
8.951600299009328410e+00
8.963726864334420341e+00
9.404079067483408494e+00
8.637831809721726373e+00
9.240939059148058021e+00
8.374340145176766725e+00
8.860505613460155416e+00
8.975335083677336456e+00
9.257835631304001112e+00
8.786102349875198669e+00
8.753879667772496376e+00
8.900681788833399111e+00
8.945029450502930857e+00
8.810121176620000938e+00
8.708510252032656496e+00
9.071590195181322258e+00
9.423251960036578723e+00
8.451747176506099635e+00
9.162630967488313516e+00
9.153508240499558468e+00
9.300330253959183224e+00
8.917242811371965061e+00
8.989723553858311789e+00
8.268741509981113680e+00
8.629098263952764469e+00
8.963301308349203467e+00
8.858167145193379000e+00
9.411475359174383826e+00
8.796415296086696145e+00
9.084379226179869704e+00
9.258853509121911074e+00
8.640228193511457988e+00
9.053452884573379933e+00
8.984138301251158865e+00
8.699369114491325661e+00
8.795699447989356656e+00
8.840829756204144019e+00
9.162511820392799322e+00
8.702001834661201585e+00
8.827346764424813585e+00
8.912402976888150974e+00
9.330406482129349754e+00
9.496835698230487566e+00
9.296542426397643055e+00
9.268440647907340235e+00
8.725583096368746183e+00
9.233117417754607814e+00
8.820263133999866056e+00
8.872524425883868915e+00
9.169348704296744756e+00
8.560167112863299010e+00
9.074355159215709676e+00
9.230808405965211350e+00
9.079941406915892799e+00
8.950292481362081887e+00
8.608227896211385399e+00
8.925086675135473158e+00
8.683541513702197179e+00
8.888742773285287058e+00
8.668960522793549117e+00
9.216591403917682612e+00
8.918350469779975143e+00
8.928566017598251747e+00
8.963880168368293155e+00
8.534287193345823752e+00
8.562246223662757671e+00
9.184701724047444671e+00
9.182736272271224465e+00
9.130231160468390783e+00
8.975111149218308881e+00
9.002602541146947246e+00
9.664391792894617694e+00
9.271407994513497286e+00
8.851857062220824801e+00
9.221061342176152920e+00
8.776242229743919765e+00
8.361526515717519814e+00
9.021784615182339095e+00
9.152776218478997805e+00
9.636164550383863769e+00
8.668781555796496008e+00
8.686229526935159484e+00
8.790702552640842882e+00
8.945977135714066719e+00
9.117092630907315254e+00
9.315235148332083881e+00
8.942961398667424788e+00
9.393422891758074655e+00
8.730887936879630828e+00
8.881098387842746078e+00
8.984447376430171772e+00
9.071452447683736153e+00
8.968028797778632821e+00
9.239446512404892786e+00
8.777008504070902717e+00
8.678368602148154309e+00
7.961305024149714527e+00
8.901914338229707013e+00
9.146272425756889035e+00
8.946924898617510280e+00
8.901150456575646075e+00
8.810486059455266528e+00
8.879622062275727146e+00
8.828145341884498620e+00
8.866636714444235068e+00
8.649179690112093866e+00
8.977707178631780138e+00
9.279953636379955739e+00
8.912860719729540193e+00
8.884472437856640425e+00
9.182543731770023143e+00
8.751237239357722686e+00
8.899640985669993398e+00
9.228596351011052690e+00
8.875365482936512507e+00
9.093470488769622051e+00
8.973484664926806076e+00
9.173705582688985061e+00
8.929377858019874381e+00
9.055467584020250982e+00
9.038348825285549282e+00
9.132194206960567939e+00
8.634473990754205630e+00
9.411434402019690282e+00
9.282381182912983419e+00
8.994541566949603606e+00
8.433502244812357773e+00
8.598546360322194104e+00
8.735543062920662294e+00
8.714857978281006723e+00
8.826834112476189986e+00
9.070523859400189792e+00
8.875500106566146741e+00
8.885703664077770014e+00
9.243613754239884628e+00
8.421564436699942036e+00
9.038478602198402712e+00
8.668400536967720171e+00
8.951715052027864772e+00
9.277864752979990470e+00
9.058926155488208565e+00
8.927702350491244943e+00
9.252218602955744942e+00
9.209297249916916783e+00
9.025153466518906598e+00
9.485703760803399831e+00
9.235153847233744884e+00
9.066202894481802943e+00
9.140175749349072731e+00
8.807706136298769195e+00
8.832990281089390550e+00
9.044835518694123166e+00
9.442279050212331271e+00
9.099922260235231875e+00
8.722988091110517317e+00
9.106580471610918437e+00
9.369612605613232503e+00
8.534942202046243764e+00
9.023905192409102938e+00
9.032509916528789873e+00
8.631577973741492826e+00
8.815160307281511010e+00
8.476178801049528033e+00
8.781052816244189430e+00
8.874998616125933992e+00
9.168676607207160600e+00
8.558732371992862298e+00
8.467242304275318432e+00
9.183146957132668931e+00
8.355675654222004312e+00
8.812010208521332544e+00
8.956194540839851115e+00
8.562977411731770516e+00
9.360434427572636551e+00
8.857937798220671510e+00
8.747639155144401713e+00
8.940086985107846829e+00
8.683134619950338973e+00
9.785764132305784457e+00
9.128522283733833120e+00
8.846620322710990081e+00
8.631051717153756186e+00
1.005212051376831184e+01
8.766781682572318601e+00
8.498595801108615788e+00
8.694278375786897328e+00
8.571612912321644018e+00
8.974112518316868403e+00
8.301683292573702744e+00
8.672497951732459853e+00
8.832042739356577243e+00
9.546630648675199282e+00
8.874900145409171159e+00
8.719182265064391757e+00
9.102931872255318524e+00
9.155590621736182655e+00
9.493623091838093941e+00
9.213606023256321720e+00
9.504429925255728051e+00
9.129910880802377449e+00
8.845775440592468897e+00
9.237593627873433633e+00
9.119243057448858991e+00
8.803968691589098228e+00
9.262969214581016075e+00
8.922968362980991941e+00
8.747706921551070991e+00
8.635639473944575428e+00
9.442180110062178500e+00
9.100087882519096283e+00
8.366483706376440566e+00
8.935616499512526900e+00
8.778682542359657504e+00
9.291530490246314500e+00
8.684856275153698846e+00
9.061589323865712586e+00
8.745363108275165942e+00
9.066447174212884264e+00
9.032732521015200078e+00
8.558669518400719767e+00
9.350419808256258847e+00
8.803999340468338985e+00
8.369445604128664229e+00
8.773341837194527315e+00
9.170411568138442604e+00
8.554067493752864237e+00
8.966284411691274769e+00
9.161085594856711367e+00
8.658534435061840284e+00
9.160366939745026471e+00
8.775028463256886013e+00
8.621831525396157048e+00
8.410427418379528675e+00
9.135236878184276321e+00
8.758292059592678314e+00
9.692600726560227642e+00
8.736679590199873502e+00
9.538359660407357055e+00
9.050467107196288552e+00
9.244030781667092356e+00
9.233247354174245913e+00
8.989736286896363282e+00
8.552834689289330328e+00
9.485709330125898120e+00
8.110565839931567211e+00
8.790385175278011332e+00
8.274505352358550780e+00
8.667607935826163512e+00
8.689369658082741310e+00
8.799290011091478902e+00
9.726010235166048901e+00
8.420290292739421645e+00
9.624358335001499398e+00
9.142407302755882981e+00
8.445991575179668587e+00
9.173035138394197929e+00
9.276034666860835998e+00
8.958857084935612392e+00
8.368355070732157230e+00
8.273762730950590338e+00
8.822555660889275231e+00
9.189871642407021923e+00
8.622617019730071775e+00
9.524017618132726071e+00
9.485899019552991973e+00
8.907423390930295781e+00
6.057342800609919031e+00
2.325656539396748101e+00
