1.561926450847012759e+01
1.605595533224759919e+01
1.576678685170672622e+01
1.665601751034449407e+01
1.576290872963259204e+01
1.667560290639571008e+01
1.565524374825193910e+01
1.606240565933919484e+01
1.627901343548638380e+01
1.575938738308040143e+01
1.559677758753934462e+01
1.676805002903189390e+01
1.663015530635972894e+01
1.662444771280996747e+01
1.576754770966481978e+01
1.606690315065246111e+01
1.677640817003412366e+01
1.678104976056841124e+01
1.602627592858900485e+01
1.523480601220310859e+01
1.544929291756328560e+01
1.662154228516043020e+01
1.565757317656748349e+01
1.662047987520340442e+01
1.574064482526419262e+01
1.686724658606330607e+01
1.640667371685259113e+01
1.576204282869984219e+01
1.556633604947779581e+01
1.605154266174756827e+01
1.657790860520057308e+01
1.622838340194857309e+01
1.546557247854541295e+01
1.590688551031960607e+01
1.662973665842800841e+01
1.538068984930009364e+01
1.654720193874047141e+01
1.544073097776121983e+01
1.571186890552310622e+01
1.606080345620569005e+01
1.649944394686716009e+01
1.563367612319558475e+01
1.613025586026488867e+01
1.623102773534845511e+01
1.652159237623687105e+01
1.624405581590439596e+01
1.603487363758382855e+01
1.623978895608083661e+01
1.598468723962046667e+01
1.584815079648136127e+01
1.592469241601517638e+01
1.593182538788478197e+01
1.541125848396163001e+01
1.677766885574267519e+01
1.608816678362175878e+01
1.637063276581511673e+01
1.614422694494002286e+01
1.607176647749603049e+01
1.592890221608903367e+01
1.603549951720716749e+01
1.542716997280818880e+01
1.635388100216511020e+01
1.535490410157862939e+01
1.593816839649273476e+01
1.572638027958910634e+01
1.716426574071564559e+01
1.631858921153228081e+01
1.592131215571819425e+01
1.572046438046908357e+01
1.620440700794513944e+01
1.554831901925252247e+01
1.602692613948968159e+01
1.669034412011404811e+01
1.535130429044921740e+01
1.518338806468155688e+01
1.592538226052711181e+01
1.561076694240941798e+01
1.607652614775166455e+01
1.647895189689650763e+01
1.612786635339373476e+01
1.566696229117158090e+01
1.599141586750454813e+01
1.555130909537434825e+01
1.614586558572986519e+01
1.571925039797633517e+01
1.563593264183298714e+01
1.624306965605180864e+01
1.616826894797025815e+01
1.557929541150749841e+01
1.552774022567377266e+01
1.598728886598070709e+01
1.593316151757351840e+01
1.598974927272104374e+01
1.555490695491934972e+01
1.593295958476279495e+01
1.569850261334069330e+01
1.562792273614525840e+01
1.640408412702274177e+01
1.583626300411576615e+01
1.645459245730173592e+01
1.605923696945018264e+01
1.604215937629367517e+01
1.645299984412929462e+01
1.611822354319514616e+01
1.620025587906051001e+01
1.588010728726503196e+01
1.606994277045577846e+01
1.605529923007755855e+01
1.614517220967534783e+01
1.581491444635160448e+01
1.619662410276581710e+01
1.631036396965054180e+01
1.610731123799444831e+01
1.656616552855544100e+01
1.639694820703623535e+01
1.540227877908209386e+01
1.620727827400876464e+01
1.574235517086457214e+01
1.594510116347445638e+01
1.612609499528273815e+01
1.577579491184121707e+01
1.560308695966067383e+01
1.619325652344022970e+01
1.616235981349426609e+01
1.535240629546476399e+01
1.592419381152915037e+01
1.595118728097523686e+01
1.638937887151708495e+01
1.600702275378913697e+01
1.660819640897175020e+01
1.578660058339717764e+01
1.567075990335158231e+01
1.574323950196854938e+01
1.581966636222297140e+01
1.631299754107812561e+01
1.565944927115881313e+01
1.599172392850908686e+01
1.577068142054518773e+01
1.641412891984959188e+01
1.634127168199080771e+01
1.604218861153362496e+01
1.600020058478949636e+01
1.613556021113851457e+01
1.619747300201613527e+01
1.577125533059439810e+01
1.600966565490191940e+01
1.612032719360016486e+01
1.601012629302214307e+01
1.601376263755052065e+01
1.555157997287290250e+01
1.555122028705333470e+01
1.657670523098994764e+01
1.657284355096725292e+01
1.587579775825194695e+01
1.553439582922655582e+01
1.536327207048194232e+01
1.639190506277400772e+01
1.627398759444795928e+01
1.589330616577415967e+01
1.562924274081412612e+01
1.596914014880078447e+01
1.558069194166129101e+01
1.626973371400631052e+01
1.596675185509694295e+01
1.601096973004181834e+01
1.589107870386215460e+01
1.544587815681024523e+01
1.631936695007886584e+01
1.552622587938528298e+01
1.570287776059264395e+01
1.635726527397075358e+01
1.604956163604110841e+01
1.613222967169283351e+01
1.572693154509083335e+01
1.578677526428499789e+01
1.583720671188465623e+01
1.596568111216702235e+01
1.554679529737660637e+01
1.641112988941573647e+01
1.529903892516469099e+01
1.557569357588914727e+01
1.588027014891339661e+01
1.543682286363336509e+01
1.631282888967711742e+01
1.619062712250208946e+01
1.603098062909682753e+01
1.594657285194012708e+01
1.563375791588883601e+01
1.567163751556260287e+01
1.624960170492212796e+01
1.662289245925041214e+01
1.578949935064651733e+01
1.626384883602528930e+01
1.608217035828673858e+01
1.605376417512889731e+01
1.594566973387467179e+01
1.645846093312681901e+01
1.582571563903743161e+01
1.605539561272068738e+01
1.640576204912329672e+01
1.625598025228530830e+01
1.598612599139313950e+01
1.613250239534662356e+01
1.630093091702209662e+01
1.617762147066833478e+01
1.656171635578561308e+01
1.655092825105747423e+01
1.601385498230855475e+01
1.617230408564086730e+01
1.567255530934216701e+01
1.578882165468514565e+01
1.615154861668110797e+01
1.628129911322463741e+01
1.630284834393335203e+01
1.616763555188425272e+01
1.622827187364276824e+01
1.599999925480527097e+01
1.608414913022516046e+01
1.598342159801351237e+01
1.602791734838564253e+01
1.603061814297463172e+01
1.634339380278623466e+01
1.607338971925054238e+01
1.601122029029138361e+01
1.573330872700402239e+01
1.606624812473805619e+01
1.601264551334919517e+01
1.592430186366000378e+01
1.622556762161707411e+01
1.587419523125037912e+01
1.607756918943330859e+01
1.626591045940570979e+01
1.593828081370232930e+01
1.568290900838941759e+01
1.612453792433986877e+01
1.547514792993533028e+01
1.587994573619812577e+01
1.610638628194275768e+01
1.638211529045345216e+01
1.629299704704418872e+01
1.633515766158956595e+01
1.592787488117827976e+01
1.604402070676897196e+01
1.587734682175700307e+01
1.641776924491195899e+01
1.626747208288956159e+01
1.572021827179747788e+01
1.621701070577726611e+01
1.651140249332707910e+01
1.557258822870056747e+01
1.553941044716591868e+01
1.573660418981818410e+01
1.599464614793963868e+01
1.580370768090740974e+01
1.568149781113339181e+01
1.562398822757652539e+01
1.544096639834438989e+01
1.614069618496001013e+01
1.575318054832718140e+01
1.596853147634393189e+01
1.613849181254252585e+01
1.571444386510611935e+01
1.616312907262540932e+01
1.575287227922353495e+01
1.588625134748774670e+01
1.595531926442219195e+01
1.632127184680018672e+01
1.576206456915632792e+01
1.542806601270041789e+01
1.588505766116858986e+01
1.582097081581981435e+01
1.622864572042757203e+01
1.631534304169573346e+01
1.613007674357218946e+01
1.600793824964454970e+01
1.580609326984166429e+01
1.595547468972445415e+01
1.689998817308116941e+01
1.546675003242943802e+01
1.617863559118550754e+01
1.563282554628282028e+01
1.663138981339695022e+01
1.621611190713705142e+01
1.575570075245102863e+01
1.585983278183828915e+01
1.607443135272687940e+01
1.556590173238824271e+01
1.597574337215199058e+01
1.660752806019374006e+01
1.577707844399999004e+01
1.627505170198335449e+01
1.600059597171388859e+01
1.655881841176204006e+01
1.554265719631850295e+01
1.651158739248847951e+01
1.593573253243359211e+01
1.568351006070650477e+01
1.590749053992507278e+01
1.639873936447239089e+01
1.570905262316913564e+01
1.600156028578897605e+01
1.571912621409993172e+01
1.644158969597719278e+01
1.574830738373269767e+01
1.604646863985922067e+01
1.615039631565886324e+01
1.592561003862984670e+01
1.614880505298790325e+01
1.641977297032257965e+01
1.617054541441623172e+01
1.588164967421306173e+01
1.601197943991375894e+01
1.616174434214378763e+01
1.645959461367586130e+01
1.648719623784807453e+01
1.574645419494713039e+01
1.593551869803752652e+01
1.538324041135139630e+01
1.604092439557747696e+01
1.648199281420361118e+01
1.654982661203873917e+01
1.639111172628416213e+01
1.662879995093581442e+01
1.635953827047685394e+01
1.644157315893166427e+01
1.573703117869690793e+01
1.555544127890741457e+01
1.588206710880170114e+01
1.640801946627779984e+01
1.658448229927458684e+01
1.638468076746282165e+01
1.610921507500898286e+01
1.596198871820957699e+01
1.602914836453644654e+01
1.609745803356689819e+01
1.533646752379659439e+01
1.599921446571459072e+01
1.593163829728005254e+01
1.609899448978041647e+01
1.628707523480402486e+01
1.574923246973780877e+01
1.603827910271924750e+01
1.597058935412784919e+01
1.633215230451837030e+01
1.613903153654490552e+01
1.628156545697340718e+01
1.617619851215596682e+01
1.605485705606646007e+01
1.656989905237331939e+01
1.544079029276946535e+01
1.612191202037188731e+01
1.622307058673349545e+01
1.617515492947065781e+01
1.589926474698203229e+01
1.638492708334704062e+01
1.559060421285950682e+01
1.623422431517996856e+01
1.558035270997009825e+01
1.667281607012463951e+01
1.561824544395075343e+01
1.619956762022849617e+01
1.622829612213068629e+01
1.574487377171105074e+01
1.617156630058200761e+01
1.627707231766912699e+01
1.627895844207913001e+01
1.591823704900069103e+01
1.585006065564785160e+01
1.599733178477250028e+01
1.595233088660124743e+01
1.587438602317112846e+01
1.683445966649452075e+01
1.641363381023235135e+01
1.636985779926999740e+01
1.615751086936938208e+01
1.579683469471545898e+01
1.622532317030118421e+01
1.556051973954287782e+01
1.609316659650946235e+01
1.618303326703775369e+01
1.622264362158048812e+01
1.563174102578472002e+01
1.589747846158636335e+01
1.602419748239918817e+01
1.652282889833693602e+01
1.608851759529837722e+01
1.578401072676719963e+01
1.627681713674034114e+01
1.631589826188382375e+01
1.613200379215306413e+01
1.621992053479114304e+01
1.604938477295419474e+01
1.602049231259437079e+01
1.597421502921589642e+01
1.601698753552468801e+01
1.606490933601163462e+01
1.621865570970877357e+01
1.593992517289416000e+01
1.694861089594265380e+01
1.613537816202881103e+01
1.601819810042876568e+01
1.614961852877762283e+01
1.598363322470249237e+01
1.645599194176868707e+01
1.611332607777458392e+01
1.574767472158214332e+01
1.621003876139911526e+01
1.602198136394797956e+01
1.572106596005509083e+01
1.635054475625427983e+01
1.588043298159810313e+01
1.589409777910644195e+01
1.673454160759486697e+01
1.576500794887562762e+01
1.683790642340406762e+01
1.643428204978934559e+01
1.656240847076624689e+01
1.596135908775835510e+01
1.640457075410011001e+01
1.557141957824272893e+01
1.600346565896087014e+01
1.645928919505850274e+01
1.572237833466632395e+01
1.609459560698734748e+01
1.625782737813291234e+01
1.577858369335629263e+01
1.624796197758357508e+01
1.588655082404645746e+01
1.588539714639133216e+01
1.563429464639112432e+01
1.567517326944080125e+01
1.624453964170035647e+01
1.619876044125178183e+01
1.616991286826502972e+01
1.560695008659567051e+01
1.605263765789864294e+01
1.564661587214922100e+01
1.582747616139351798e+01
1.622055034453241618e+01
1.591114668355130668e+01
1.639622301220758871e+01
1.654725896369804516e+01
1.591125357614414781e+01
1.581112540201164229e+01
1.585685318240473585e+01
1.633544163190790144e+01
1.573284941154514271e+01
1.534579544730149081e+01
1.626563986957721042e+01
1.579190552550352322e+01
1.596391231128331256e+01
1.578929263131587746e+01
1.574869770161497229e+01
1.571497475838001989e+01
1.600406630159576693e+01
1.610125133106603812e+01
1.582883875582576749e+01
1.557435473928361525e+01
1.601908046472821212e+01
1.594633821791786055e+01
1.612342827618367380e+01
1.561336422347830855e+01
1.603800886752161858e+01
1.594836674414911037e+01
1.599920108726025880e+01
1.591206981965299683e+01
1.623533986111594629e+01
1.605907323303494749e+01
1.544975996947846575e+01
1.635719726229260473e+01
1.586966603052087699e+01
1.595685252936875287e+01
1.587658996362760888e+01
1.594383356898666904e+01
1.609869200777692200e+01
1.563896963635253456e+01
1.554993332348498747e+01
1.600697266532660734e+01
1.613027153177451467e+01
1.604064868296333657e+01
1.582199555709912708e+01
1.592856434905384155e+01
1.618814421174489127e+01
1.642064762183725790e+01
1.598836754137317406e+01
1.555734255443708847e+01
1.592410594305898286e+01
1.573777888313513884e+01
1.615920542918835778e+01
1.625096512512094193e+01
1.580566969932127996e+01
1.664732005577499407e+01
1.544128496427432395e+01
1.603508225646720931e+01
1.585503303382633256e+01
1.610919760075522333e+01
1.604008689732740578e+01
1.646575989420869846e+01
1.632485567539343663e+01
1.567189321944573877e+01
1.582268304618239974e+01
1.582403944946777408e+01
1.598138375093689945e+01
1.589218924285581913e+01
1.528356960626198813e+01
1.602341091166793419e+01
1.591689807126095069e+01
1.570878480749512107e+01
1.625323708696982905e+01
1.602921723544613997e+01
1.597691246524761333e+01
1.594305082537221274e+01
1.576848824246200564e+01
1.559265631133945895e+01
1.566639832587219416e+01
1.589779719141741410e+01
1.571805670567272450e+01
1.561842237795859667e+01
1.616525792271595563e+01
1.632716391188444760e+01
1.624809326701835843e+01
1.621811729114248735e+01
1.625648454155166078e+01
1.609717064683039922e+01
1.587906412567821235e+01
1.571737475456523292e+01
1.589634059436901126e+01
1.589453245703179896e+01
1.669216398478568308e+01
1.600415896293645091e+01
1.573631601456423290e+01
1.627287382493503642e+01
1.599468976413413301e+01
1.550535307826850406e+01
1.562310308360009614e+01
1.604914755686137084e+01
1.584844304591019970e+01
1.568662685123867639e+01
1.563695072758820537e+01
1.650438908304794339e+01
1.566042614739971484e+01
1.597819812036394715e+01
1.537595305647612243e+01
1.595343120837370421e+01
1.646928033876391595e+01
1.559051667894421556e+01
1.611158125821203768e+01
1.574051743304648632e+01
1.598566926499865914e+01
1.574741250363025102e+01
1.644218520813178230e+01
1.566989173416772374e+01
1.614873584114258875e+01
1.626934233832749044e+01
1.617593588725076970e+01
1.628058266905651053e+01
1.579407239231314009e+01
1.599467274511630599e+01
1.671342510151327687e+01
1.611992057518191857e+01
1.571602486739624993e+01
1.626058522503601722e+01
1.618614844354703308e+01
1.590936574173566065e+01
1.625180650905011603e+01
1.600720523812606899e+01
1.525002163206426964e+01
1.565948503121128432e+01
1.607018020613547193e+01
1.583348292976596383e+01
1.605977690484296261e+01
1.626119199278082661e+01
1.622148667924139076e+01
1.574643318779587631e+01
1.626120343435228222e+01
1.595853851942798052e+01
1.599476673790518966e+01
1.587007211739168433e+01
1.612208589136755066e+01
1.582327630270056495e+01
1.607941299566972759e+01
1.618419041648511936e+01
1.615445553444562421e+01
1.585960421554891120e+01
1.594916715193328827e+01
1.542561234801717518e+01
1.601537046214476234e+01
1.574509314391360881e+01
1.607813587901118879e+01
1.619354682051714533e+01
1.608586323712084365e+01
1.597463802205255234e+01
1.532131691261054129e+01
1.595355271016433463e+01
1.616074900908869338e+01
1.614987585985245389e+01
1.646307261594879634e+01
1.605695515807226670e+01
1.694872755844004431e+01
1.627923772399771707e+01
1.607808069290638997e+01
1.572220286300061964e+01
1.554112424357497169e+01
1.602585973188676505e+01
1.612959420816430978e+01
1.569024701527760968e+01
1.578536474235439968e+01
1.563603173984328265e+01
1.620307520428533010e+01
1.673579698889980349e+01
1.591125273736233225e+01
1.549506690094137973e+01
1.580411147747308043e+01
1.665457690269741775e+01
1.562246598462898284e+01
1.617052956544819153e+01
1.623308437666589299e+01
1.623800065130645720e+01
1.581704386254890160e+01
1.605367752519314450e+01
1.616198890502361252e+01
1.564030091541381395e+01
1.609113912122205292e+01
1.623712442638003139e+01
1.619640393603002693e+01
1.623963850280740573e+01
1.573408676692739050e+01
1.639817979825423677e+01
1.602498455575634750e+01
1.645788115942040974e+01
1.567289306382447123e+01
1.646295885013523019e+01
1.593686450164692303e+01
1.600248468547112424e+01
1.548160731823072922e+01
1.583121055267952748e+01
1.605861434631952633e+01
1.553658671620217469e+01
1.556761252746552415e+01
1.621805517765026394e+01
1.607904027670569747e+01
1.651694041030311766e+01
1.610668175637820809e+01
1.565736347878776691e+01
1.586054927354902233e+01
1.589710631875854041e+01
1.626077917453367050e+01
1.540872543382060300e+01
1.602424870430808568e+01
1.669345674184675943e+01
1.580347922834498320e+01
1.575606897239201487e+01
1.576039283574664651e+01
1.631556043460001604e+01
1.657879886958301086e+01
1.633541670596735429e+01
1.632731983399307651e+01
1.630782638587776034e+01
1.581820880278476515e+01
1.579081587377025109e+01
1.626193366992389144e+01
1.610427011209817039e+01
1.613415449948820068e+01
1.557853732974764860e+01
1.592149574713421956e+01
1.640034106114774914e+01
1.602009331254103586e+01
1.589984553781409460e+01
1.576519352605606805e+01
1.551823287165374587e+01
1.597940641456323618e+01
1.613004362339578890e+01
1.592853976305170249e+01
1.585546973283511818e+01
1.576906070281069283e+01
1.546517752558582259e+01
1.613273086723535954e+01
1.552578768640421991e+01
1.593886665685270287e+01
1.620751990373420881e+01
1.563047287445888145e+01
1.594517235943261824e+01
1.566651360147454497e+01
1.567282150201650737e+01
1.620077801877031121e+01
1.593668020778149597e+01
1.561824681094297773e+01
1.573341389925066380e+01
1.624450554676102598e+01
1.566138618814018635e+01
1.630244722098084509e+01
1.651465041011389090e+01
1.560081457575539332e+01
1.580492289273519013e+01
1.584062419908157793e+01
1.567364052412098907e+01
1.586194097187223839e+01
1.552066892406923238e+01
1.587022655843482077e+01
1.608009111186974494e+01
1.601368506210952347e+01
1.665544119027487824e+01
1.560262249279876556e+01
1.598290115356490482e+01
1.619925098976216304e+01
1.578036630255751760e+01
1.577440106083458460e+01
1.601501025796532218e+01
1.620821470466657388e+01
1.644365250597702754e+01
1.646931588867177965e+01
1.624094333932218603e+01
1.606465446494920357e+01
1.570233507820596763e+01
1.587491790888317311e+01
1.532772273332348867e+01
1.596289946323498654e+01
1.625084067995455683e+01
1.598375617579841013e+01
1.608471234963083063e+01
1.669490761710538251e+01
1.621913158514694331e+01
1.609229378656148768e+01
1.629219663601510959e+01
1.603244749632721877e+01
1.580231596879917255e+01
1.619355275036835096e+01
1.596655043055177536e+01
1.608010318071093181e+01
1.646308387187461619e+01
1.673481111158677592e+01
1.611693614557487564e+01
1.565979221727575954e+01
1.588237340876303882e+01
1.652683633953349229e+01
1.655168457189091313e+01
1.577165346315163674e+01
1.536423260113387634e+01
1.619486044453618945e+01
1.583247927768792707e+01
1.543220570982478002e+01
1.581877183423211619e+01
1.620843540769318025e+01
1.599386680065960675e+01
1.646456271352141698e+01
1.606462599487321796e+01
1.603954790255879814e+01
1.573873541283603750e+01
1.644851930960458830e+01
1.546420361093073303e+01
1.566256872777708864e+01
1.629493353373940678e+01
1.585256452317808673e+01
1.631162470846167523e+01
1.614976993462723698e+01
1.607824232029542699e+01
1.609813830266164558e+01
1.586803095903901450e+01
1.659896203917095647e+01
1.590834524428201746e+01
1.584516837643839793e+01
1.616498718338788976e+01
1.617805870425944903e+01
1.583576780531054951e+01
1.575310347296563407e+01
1.539460296314627108e+01
1.652052690527613166e+01
1.601306653725612961e+01
1.547942765424855871e+01
1.523889234198582443e+01
1.597410990504245731e+01
1.590584399754981604e+01
1.587867404278840766e+01
1.561264683310390033e+01
1.560990863456708588e+01
1.585958368572431354e+01
1.639467171733514661e+01
1.584141936484572000e+01
1.676331647341725528e+01
1.633291245185945328e+01
1.640833290243786280e+01
1.606936942220566422e+01
1.522979522835683142e+01
1.600061660158607779e+01
1.573492026422763956e+01
1.581801334004779669e+01
1.566689377708039466e+01
1.593399768481371659e+01
1.611079895683861096e+01
1.550401221945080898e+01
1.588223937252302598e+01
1.633503220958271029e+01
1.597336400805589562e+01
1.620719259935320267e+01
1.558058197370988829e+01
1.619839086900351788e+01
1.572917008904951430e+01
1.536140939467171762e+01
1.588861412419356256e+01
1.630138623049955271e+01
1.623610555743712780e+01
1.625107356689122540e+01
1.605169892540473953e+01
1.581985746995073505e+01
1.602070470842830119e+01
1.624856129796238235e+01
1.652328573813498025e+01
1.605730955339218724e+01
1.574161998330824019e+01
1.659490766099786541e+01
1.623617732060501595e+01
1.625052387066594761e+01
1.580516798399754919e+01
1.590179802486733784e+01
1.629783072366196706e+01
1.608612864473415982e+01
1.583889335022781353e+01
1.614412998191796689e+01
1.519486106359489419e+01
1.562724614928943900e+01
1.583794082642348755e+01
1.609622674402457321e+01
1.586569529939927570e+01
1.626080070712449555e+01
1.640502855680608718e+01
1.584144892227095447e+01
1.615981039085462356e+01
1.614155672596626445e+01
1.567279058204951880e+01
1.588056623444150972e+01
1.599650869725451052e+01
1.626050569332041817e+01
1.551867034034033921e+01
1.649181645268468444e+01
1.617453034207289519e+01
1.616489420753216777e+01
1.564650552146890483e+01
1.577446815433819438e+01
1.595226298794734987e+01
1.667146596471700448e+01
1.594355768103079640e+01
1.643989822021869784e+01
1.577448227250869905e+01
1.599794457398659198e+01
1.594950920244967918e+01
1.600892156490048990e+01
1.567849796706647680e+01
1.632355974003025523e+01
1.625557839974223739e+01
1.620950371191569417e+01
1.602789628649257736e+01
1.577843804954608764e+01
1.545524981954858212e+01
1.612934570184484073e+01
1.606393527976725366e+01
1.574305812000424432e+01
1.569809988338601059e+01
1.625029550938432976e+01
1.625829898357537218e+01
1.539092112808939028e+01
1.580513421835341248e+01
1.636598190578310152e+01
1.591221330077295093e+01
1.561510500673918145e+01
1.632143763196720698e+01
1.609424328837560481e+01
1.629945268765444766e+01
1.604369712039336449e+01
1.601072299925081666e+01
1.589638438540906762e+01
1.569037320419960224e+01
1.573994431146668127e+01
1.619274615142900942e+01
1.589615707106831444e+01
1.615185907776618279e+01
1.606719613134287883e+01
1.588935593499564902e+01
1.549023091503472571e+01
1.548463645830900859e+01
1.611667254904727997e+01
1.554851388440433624e+01
1.578303666704753816e+01
1.643188189552530432e+01
1.575129774576966035e+01
1.567407863410975466e+01
1.562005598617207980e+01
1.629823406138718411e+01
1.633655074823278142e+01
1.636691597933000253e+01
1.578345348483690458e+01
1.664949942644575032e+01
1.594170578217396184e+01
1.630849054011310884e+01
1.573812972572962288e+01
1.597251459543155683e+01
1.580329830634839361e+01
1.604629797972155103e+01
1.642842516268116881e+01
1.572925196880130549e+01
1.621801416266992746e+01
1.599665954507332977e+01
1.590919657907931217e+01
1.668391810561287869e+01
1.603802194156300942e+01
1.593206072733758560e+01
1.597564617470775872e+01
1.550218854039801109e+01
1.542731520802365175e+01
1.556366567677483737e+01
1.587669542329049399e+01
1.601173011504219446e+01
1.643804957274811684e+01
1.635164281392045993e+01
1.550669570453072943e+01
1.612171279770023702e+01
1.639620340823320888e+01
1.618023816614518395e+01
1.603071772222582680e+01
1.580620600299882028e+01
1.582824809921907239e+01
1.620367574574481395e+01
1.638998022676439348e+01
1.531236125960344552e+01
1.626388020572301940e+01
1.672960475733704300e+01
1.537803529339413799e+01
1.607213484912254131e+01
1.623956045006407223e+01
1.624757323517945196e+01
1.581286184120850358e+01
1.622332501219225520e+01
1.626878594300547221e+01
1.552022998652053332e+01
1.581395116368602238e+01
1.579790889910457885e+01
1.598686586761057882e+01
1.641448557805120245e+01
1.534590862794467370e+01
1.577404683026859189e+01
1.572571979359755545e+01
1.647090187256269189e+01
1.549301168403268925e+01
1.607148238901306669e+01
1.610497107156045260e+01
1.671756426616269664e+01
1.602137101487426207e+01
1.600973697204219803e+01
1.646950085757948301e+01
1.557596706230756034e+01
1.590424920862321478e+01
1.649888384689780452e+01
1.665630280563559751e+01
1.701532200070545642e+01
1.630390350513656017e+01
1.662514441710473534e+01
1.576221117450526599e+01
1.647500007103946729e+01
1.628158202771733443e+01
1.632518022709518135e+01
1.562202369098639032e+01
1.594582249064939816e+01
1.650082938777631369e+01
1.567660678997729562e+01
1.627646784014059378e+01
1.634939039244902048e+01
1.511878884653726729e+01
1.610176856921203381e+01
1.585676028109880242e+01
1.563235405923866139e+01
1.571910182157099811e+01
1.559318587361061681e+01
1.582613692433165298e+01
1.610717995850646744e+01
1.573865798844188113e+01
1.592645795919961138e+01
1.673064066950528428e+01
1.503282895174869438e+01
1.590080300300484240e+01
1.533500458191981153e+01
1.605447946913921697e+01
1.599867457570864460e+01
1.614140996150286256e+01
1.570667039202338877e+01
1.570209798043592642e+01
1.598794893190888722e+01
1.650621970567497243e+01
1.544257908355464082e+01
1.605132935717133691e+01
1.588435340759275505e+01
1.604309583833817854e+01
1.546040924198028499e+01
1.613017664570556775e+01
1.629314701395341203e+01
1.669481146709946984e+01
1.694367034319311927e+01
1.628501764928667228e+01
1.528731120540299315e+01
1.616342098479113076e+01
1.594401978325985070e+01
1.607408612041392004e+01
1.624925888554543718e+01
1.604682418764869212e+01
1.581664429111765635e+01
1.563555882513065853e+01
1.580360142173772431e+01
1.592956089024668742e+01
1.543816494222909519e+01
1.583887665037981840e+01
1.576725416419126091e+01
1.585991150584237097e+01
1.625600689707023960e+01
1.643650387540285962e+01
1.556575349214460857e+01
1.582069351173586647e+01
1.587184462040227828e+01
1.592661308620812122e+01
1.575693026211014391e+01
1.634513819180368799e+01
1.537693593852943508e+01
1.634849847881493901e+01
1.623130823468242312e+01
1.596840867621559390e+01
1.592057318691658985e+01
1.609360982724848199e+01
1.662544537818974533e+01
1.614849748064663615e+01
1.595994430299720968e+01
1.654188204553519270e+01
1.616127568125828873e+01
1.576309725877495183e+01
1.532467531826977769e+01
1.634367306196120140e+01
1.556084493714329930e+01
1.592447257852940012e+01
1.574486400378193629e+01
1.599003858255273869e+01
1.591762195603683772e+01
1.615606520419569492e+01
1.632463270224581109e+01
1.606581763555568543e+01
1.585236389900999221e+01
1.606886518243143769e+01
1.604004416799627109e+01
1.615751800919011316e+01
1.581700321850364865e+01
1.573023432990076920e+01
1.565242715116776751e+01
1.552480705234706271e+01
1.636829160673575956e+01
1.596254063479827501e+01
1.583228135938903947e+01
1.619495807514489272e+01
1.575595588554683779e+01
1.574563886588311235e+01
1.638347421154487193e+01
1.610989267762684563e+01
1.584842890020410344e+01
1.576553385258327111e+01
1.618301279498517076e+01
1.565879324141677564e+01
1.614132587515577200e+01
1.572938780771511524e+01
1.580046448902058209e+01
1.619788546385118622e+01
1.554096415121908414e+01
1.570425561654798940e+01
1.649548091764004454e+01
1.621586998783368117e+01
1.619976930264009596e+01
1.563886029481617079e+01
1.640406224517585798e+01
1.628458115671824658e+01
1.657964286564849843e+01
1.627241254569614171e+01
1.671746450247781723e+01
1.587638250006063423e+01
1.548427439155330809e+01
1.618157471033839556e+01
1.566073961263017011e+01
1.531717355897722221e+01
1.627088417483621896e+01
1.599226861751396278e+01
1.604146166891660030e+01
1.567914592875910351e+01
1.661055916416258782e+01
1.578818803285268935e+01
1.617199244090225818e+01
1.570082979731368233e+01
1.574117371435733403e+01
1.640331563162406425e+01
1.626610738845353410e+01
1.604789323166036041e+01
1.653371145475545134e+01
1.625312337479124380e+01
1.594952376649839820e+01
1.585152168996700972e+01
1.578433864317894297e+01
1.631432742452755136e+01
1.639798285680806345e+01
1.546099532268729781e+01
1.587036801626576654e+01
1.612490424137509848e+01
1.590466712547827122e+01
1.648023659405047070e+01
1.545622127685052227e+01
1.599215099914924032e+01
1.570781237358509586e+01
1.576320381568004159e+01
1.608009448845019662e+01
1.574740185335231857e+01
1.561099556946916422e+01
1.555431616449780030e+01
1.654075341506723262e+01
1.650710149755080280e+01
1.584375372276386607e+01
1.546578293602745724e+01
1.574490110089049999e+01
1.634094645517716060e+01
1.562474875620139159e+01
1.655500789050149280e+01
1.604909414373474519e+01
1.623537055613644142e+01
1.585652835261664606e+01
1.597851693551186081e+01
1.614206033016182928e+01
1.587795882177125684e+01
1.630248480193296956e+01
1.623556170487736594e+01
1.623316414739892721e+01
1.631729927268880687e+01
1.605428372227993350e+01
1.589057889079364294e+01
1.612985946317984087e+01
1.597653291634215300e+01
1.591014695595781170e+01
1.562550455654583814e+01
1.617423011520876841e+01
1.587364860449145709e+01
1.590052136344059974e+01
1.584917462671221955e+01
1.617305081926799915e+01
1.638445724890360111e+01
1.644144542121245323e+01
1.624586053730708812e+01
1.591749115347134946e+01
1.542190910175071394e+01
1.619402181657195072e+01
1.579957089722772601e+01
1.654666808390001265e+01
1.574656168035443038e+01
1.613732111037505135e+01
1.652770766110488765e+01
1.580385996189369457e+01
1.624309443999687730e+01
1.626677012367394326e+01
1.598170300696741108e+01
1.592325288110907522e+01
1.602970919872882760e+01
1.619325526616936983e+01
1.606594334004657298e+01
1.636067851106285076e+01
1.603586261433208193e+01
1.580474292793166669e+01
1.623049314990730352e+01
1.617762554309804912e+01
1.605825806456386218e+01
1.580398188580005403e+01
1.556710166671631512e+01
1.612283840036886318e+01
1.573379990049332378e+01
1.582159040205563549e+01
1.612113145829236771e+01
1.535566589342842292e+01
1.624457945587023033e+01
1.531962721075989542e+01
1.627001318251742390e+01
1.593888327795486326e+01
1.607716662820250164e+01
1.593188746626597307e+01
1.636157252264174389e+01
1.592692238371263791e+01
1.653536199734983114e+01
1.629734682016622216e+01
1.617381680721697990e+01
1.612173226407196225e+01
1.629855321662008905e+01
1.621367352379052917e+01
1.522313198714519977e+01
1.560209436612478306e+01
1.596719268850816675e+01
1.594909037204103619e+01
1.601268308574012522e+01
1.592715198142957789e+01
1.676623259316195913e+01
1.524563137544087787e+01
1.611698257645142718e+01
1.578557692041565907e+01
1.549978133005085645e+01
1.573463529736993571e+01
1.558718327899027756e+01
1.558675764246090623e+01
1.606998023093554906e+01
1.605370836762934772e+01
1.609321293799883890e+01
1.589141065101166816e+01
1.598673602136258154e+01
1.580114419493473932e+01
1.588186287783548245e+01
1.605969737424364396e+01
1.593790042626193149e+01
1.624364382256209538e+01
1.616493776507652314e+01
1.638227891178369333e+01
1.605390361279372513e+01
1.587429443659710238e+01
1.580795836920902531e+01
1.592746720344581668e+01
1.601685228485881751e+01
1.614155657948769473e+01
1.540782370371749188e+01
1.587319453695457838e+01
1.593632545066266459e+01
1.590860638766988444e+01
1.666813695001138740e+01
1.540059545152069731e+01
1.582890395061589039e+01
1.594469633985689505e+01
1.626661489860931198e+01
1.583319470759253456e+01
1.626908484472408389e+01
1.654797220524858403e+01
1.612488311361248350e+01
1.605853766069259336e+01
1.574297003950067264e+01
1.549039830736094814e+01
1.565127612859707185e+01
1.580311837026055066e+01
1.546121810798856444e+01
1.583768403098986433e+01
1.571230564579045996e+01
1.566465800141982179e+01
1.587649985034622624e+01
1.627582059548923965e+01
1.613964792297360162e+01
1.562261219003072377e+01
1.565329325272862526e+01
1.600278131404350646e+01
1.613798345253519528e+01
1.586917931090078859e+01
1.650988252622173036e+01
1.615483072383135976e+01
1.606649840887301295e+01
1.606755698381160613e+01
1.554097086823382057e+01
1.618086451707767992e+01
1.601794365878287252e+01
1.608249671110847956e+01
1.576832078934325843e+01
1.598624005063469333e+01
1.573162685827688456e+01
1.595724458507933541e+01
1.614918431058471882e+01
1.567254046782209365e+01
1.595551766196780896e+01
1.598261919326624891e+01
1.642153916243939094e+01
1.612219851157078310e+01
1.607670248278918379e+01
1.661172506247700298e+01
1.580807088546763595e+01
1.607354692148058817e+01
1.577922147230643013e+01
1.598099087465470802e+01
1.561522793686318344e+01
1.582606435740533790e+01
1.601582546486469383e+01
1.601514381937064613e+01
1.660093936088681943e+01
1.540835694528849409e+01
1.656691639096831636e+01
1.598100968592038384e+01
1.558558008935665029e+01
1.662248723757982916e+01
1.554814261728150981e+01
1.615316174665829863e+01
1.628820319056156052e+01
1.580545358436168968e+01
1.623594898382410889e+01
1.575220104626023954e+01
1.614671709809146094e+01
1.599536657940257278e+01
1.588209265871906339e+01
1.578123791453292846e+01
1.636476488749189073e+01
1.619744133292476818e+01
1.579542408424648769e+01
1.602099361222568064e+01
1.574003465118553713e+01
1.590947269789886676e+01
1.546355299467679956e+01
1.612019677623723268e+01
1.587402815653239152e+01
1.634561816788321309e+01
1.608400242469170038e+01
1.596673298007602071e+01
1.579115418168557916e+01
1.631603977103821279e+01
1.584145419358140572e+01
1.585849898996561436e+01
1.563368273992720781e+01
1.551687873149091423e+01
1.592368542478399895e+01
1.560968580368503034e+01
1.632448918381286163e+01
1.629464242791217643e+01
1.596270955156684401e+01
1.605942616882815699e+01
1.598485300469934778e+01
1.613091124526153308e+01
1.576294719543019163e+01
1.606907308116932143e+01
1.565836888913548997e+01
1.613371299157659067e+01
1.596949720209703472e+01
1.607016992103342545e+01
1.613017778642909761e+01
1.579292030101015598e+01
1.535215714787177355e+01
1.583499803854297205e+01
1.733469012766550676e+01
1.659797265879531025e+01
1.624719896654405815e+01
1.571830313239676613e+01
1.584197586370436284e+01
1.586000257471734010e+01
1.574071845677023340e+01
1.565912406840241466e+01
1.604644381097220318e+01
1.597092611032074672e+01
1.617867162582449225e+01
1.615745632736259907e+01
1.583742716726603561e+01
1.614329296790648627e+01
1.561729855013871315e+01
1.597839456476524056e+01
1.614095043732860191e+01
1.640608604749294486e+01
1.605792657941064761e+01
1.576475333232591680e+01
1.556415240252642462e+01
1.583878714902831675e+01
1.588283732701653861e+01
1.604834881175361971e+01
1.630029545750488396e+01
1.593565357110359137e+01
1.573143444183334871e+01
1.648167073643057634e+01
1.610301304510174347e+01
1.560465229857266856e+01
1.632725286942529763e+01
1.608231857504248197e+01
1.616255673840895923e+01
1.609151104242070929e+01
1.584546718621409944e+01
1.581167938687840824e+01
1.606365704972099806e+01
1.634617158149301019e+01
1.573788936953822137e+01
1.572203472954181258e+01
1.599583608271737845e+01
1.611068312784784595e+01
1.606193938067629645e+01
1.579165190476741820e+01
1.645863738818203714e+01
1.568194592730592163e+01
1.506348102934632038e+01
1.576631547645068920e+01
1.619596490330365768e+01
1.568205468232824806e+01
1.601747217280621172e+01
1.571491210403632799e+01
1.626336059426672520e+01
1.550634144827984429e+01
1.609543816236706348e+01
1.577109421927398358e+01
1.583387363705931250e+01
1.638384573463324401e+01
1.589240895832588407e+01
1.588506722040411567e+01
1.682213465744348824e+01
1.622171863213751308e+01
1.543631936076125655e+01
1.651069182795157175e+01
1.567931083289700922e+01
1.592088676357422905e+01
1.614061469042841068e+01
1.592709657868154238e+01
1.576819410468861982e+01
1.595722172693612073e+01
1.595796116197337788e+01
1.620361160777857634e+01
1.612091447416789336e+01
1.636727773619985982e+01
1.574160894035225589e+01
1.637665584839266941e+01
1.569204716823463741e+01
1.628230837307119216e+01
1.595368084759607008e+01
1.609689322083151097e+01
1.609482279673043337e+01
1.599479748616078112e+01
1.593388666918158592e+01
1.560648768692964516e+01
1.583807451989379800e+01
1.602391363434794513e+01
1.573308669780399249e+01
1.583482378563887494e+01
1.627097285634627966e+01
1.622247478502287166e+01
1.644462368983078093e+01
1.571717666370073552e+01
1.605523550078387629e+01
1.640064295814497797e+01
1.574145875788413917e+01
1.600093840199294704e+01
1.627442160012697769e+01
1.577377872611224774e+01
1.658708988309735588e+01
1.599970692617486812e+01
1.620907381082157173e+01
1.617952139587056593e+01
1.567290461149164038e+01
1.574353406047120174e+01
1.607953094556466311e+01
1.600547973754571984e+01
1.621353997590828300e+01
1.560925287133542660e+01
1.681545374935834047e+01
1.614655878009925516e+01
1.612021326428784818e+01
1.591698076127605432e+01
1.602272391962225129e+01
1.616385204556291555e+01
1.573317419251251437e+01
1.622900201060632952e+01
1.590023134494986579e+01
1.601454412911579794e+01
1.575153532244470789e+01
1.645339641924208607e+01
1.616976372100242898e+01
1.599615253392967951e+01
1.592390627037107009e+01
1.625951350373843241e+01
1.638577364531937164e+01
1.522311008749341887e+01
1.584589008504691066e+01
1.551928641800259712e+01
1.615667171629829113e+01
1.584987814818311769e+01
1.614578419236501361e+01
1.563616068312376761e+01
1.591569725549605252e+01
1.622507445790435909e+01
1.583061722577667574e+01
1.623072258925031264e+01
1.567550077346697179e+01
1.615186706745787504e+01
1.591208045258496817e+01
1.660996403314882031e+01
1.551623627822949025e+01
1.564894862204019965e+01
1.664521737970559556e+01
1.599513605974083497e+01
1.622097539205255856e+01
1.572864743138912047e+01
1.612084174067983611e+01
1.532771599643476179e+01
1.595395587520973280e+01
1.621150261712420004e+01
1.620763647374050720e+01
1.640751274510327207e+01
1.631651965187997533e+01
1.625666470652550188e+01
1.568253850400100013e+01
1.603035381383713442e+01
1.589023945751808853e+01
1.629681638465486415e+01
1.566429622700734292e+01
1.618106627463845371e+01
1.623351610394255928e+01
1.578163184768332172e+01
1.600416183998667563e+01
1.590165693599140262e+01
1.577478763611783741e+01
1.577372521028759067e+01
1.598180999712901063e+01
1.624228133871841706e+01
1.595388153259466613e+01
1.645037438011582864e+01
1.623333279780230498e+01
1.632506077058915395e+01
1.618451537643909788e+01
1.573377835525632484e+01
1.622633157176164076e+01
1.601922397973737233e+01
1.602095609994728420e+01
1.639213358592813918e+01
1.661500868843285872e+01
1.592633466964050903e+01
1.618666429790649275e+01
1.621026376585135864e+01
1.601796517437036016e+01
1.611562011263472627e+01
1.583497326243450409e+01
1.579728494335198441e+01
1.559757204250771601e+01
1.581293666013444543e+01
1.594995685771602467e+01
1.592348333134677318e+01
1.623406603712504648e+01
1.594557008421377731e+01
1.618828410446822730e+01
1.636600419567154319e+01
1.560688328017641879e+01
1.615202235345392978e+01
1.632576963289276506e+01
1.577582091317664492e+01
1.621371822873662438e+01
1.638045552111208636e+01
1.626492483615431084e+01
1.661181635187363881e+01
1.612090306195243627e+01
1.614872294146223553e+01
1.605059579123857105e+01
1.585430514655997314e+01
1.606003990312044394e+01
1.587277002080849897e+01
1.602228110836275476e+01
1.594555043854314746e+01
1.611008913805055087e+01
1.574073549164258168e+01
1.614884393892729975e+01
1.622932974939314121e+01
1.642860351578485378e+01
1.574152899589930321e+01
1.612381033123596907e+01
1.620386302728277883e+01
1.606936986999092909e+01
1.603914272919210404e+01
1.618263120929380960e+01
1.626221418637657834e+01
1.566839286096577410e+01
1.587350545950358871e+01
1.556341752119760358e+01
1.581376649014569935e+01
1.573887505849291024e+01
1.620716265414593593e+01
1.621820122150847610e+01
1.586435131718588387e+01
1.596686001100798968e+01
1.583490064467436653e+01
1.643771246655956375e+01
1.624139664493510438e+01
1.587404516548846090e+01
1.555111679908124245e+01
1.599887335682968548e+01
1.606031773025107157e+01
1.593539464717300547e+01
1.565330244600209575e+01
1.602105583687688295e+01
1.590427987199951332e+01
1.578115538301581289e+01
1.601310982667272853e+01
1.603095101048248239e+01
1.605465042351365668e+01
1.562132507413457816e+01
1.602323398773343399e+01
1.642028093928934496e+01
1.602133201455719913e+01
1.577698709923968146e+01
1.605684475630153685e+01
1.602049497521309362e+01
1.615624492337671469e+01
1.613486283402893662e+01
1.589252033741689729e+01
1.594879920790440408e+01
1.623137367222496152e+01
1.635329465511565772e+01
1.607685850922491255e+01
1.592482824811269460e+01
1.649171583266668861e+01
1.600026611287740508e+01
1.602121553320816716e+01
1.660527178481438071e+01
1.539675133032581833e+01
1.579322195864464362e+01
1.594190523450222230e+01
1.569288695522120847e+01
1.584418380220501099e+01
1.606041304400556413e+01
1.568432496043987889e+01
1.582255770578807130e+01
1.572517759786757097e+01
1.579187721904674646e+01
1.544784671446935143e+01
1.580011724749068058e+01
1.566540019016302132e+01
1.609112258223771619e+01
1.548129510491171956e+01
1.647134939336183379e+01
1.607776366088984688e+01
1.578422078991572697e+01
1.588761221532966950e+01
1.588168096355890135e+01
1.521125301808710439e+01
1.539076411543429401e+01
1.611863560408023943e+01
1.576614024019253435e+01
1.612876723844827254e+01
1.543641922523695698e+01
1.595782488165765578e+01
1.593285626517065978e+01
1.605157143718014012e+01
1.590499471428114298e+01
1.575508725531103771e+01
1.618195140428462864e+01
1.606716241389184319e+01
1.567241845218616625e+01
1.595058731561222842e+01
1.616657930390325504e+01
1.546784855402704828e+01
1.584401328644817397e+01
1.567924050354763033e+01
1.631454785736902124e+01
1.607596513863713739e+01
1.611101624871114524e+01
1.547039325981275582e+01
1.573031085493736470e+01
1.630275157466249780e+01
1.569541558993302566e+01
1.576135220149402194e+01
1.582067497550256974e+01
1.619034514138115455e+01
1.602983964271281181e+01
1.583309983318105729e+01
1.575647503318743148e+01
1.567697261830955391e+01
1.618728335878273583e+01
1.615569237215781939e+01
1.544089642878264534e+01
1.558695638302699393e+01
1.603906817655586892e+01
1.587827366911061944e+01
1.591878582192930303e+01
1.672954505030152461e+01
1.589379643487700733e+01
1.553840661509679499e+01
1.581998877334005194e+01
1.575970935025538644e+01
1.636048725211236032e+01
1.660723772878073135e+01
1.590272902847494585e+01
1.590237412426149355e+01
1.640425340265577603e+01
1.651919226569495791e+01
1.607315175996514256e+01
1.643541581902457693e+01
1.637541810579304880e+01
1.636693081879349876e+01
1.616427986425281205e+01
1.564246605907641552e+01
1.644055894502042747e+01
1.641144207044375136e+01
1.610384134789834221e+01
1.573486722571305485e+01
1.563176841248641047e+01
1.579927173103440374e+01
1.629997106084764269e+01
1.581943302937289708e+01
1.635555221356524669e+01
1.605476056559011511e+01
1.570658176331121503e+01
1.585807082761879450e+01
1.617128429900748898e+01
1.633565217071665288e+01
1.563879045702456416e+01
1.657358712309637738e+01
1.604308558722318878e+01
1.625562758370264405e+01
1.601698394654952295e+01
1.644485841255858460e+01
1.556178698273748928e+01
1.606268134797251790e+01
1.574015459698968478e+01
1.632114685323968928e+01
1.635703341826003765e+01
1.576367231509772182e+01
1.535327141819177932e+01
1.552449370513283888e+01
1.652570199629940007e+01
1.569963213294100512e+01
1.672064845268381106e+01
1.620024957049218628e+01
1.670363422721566948e+01
1.590143369333544321e+01
1.613016970392488147e+01
1.650232782122767361e+01
1.626600846344163287e+01
1.595497299890861065e+01
1.634086939855393439e+01
1.602663931928617913e+01
1.595527082419375553e+01
1.622315839314003583e+01
1.585339689690738574e+01
1.586154697679504721e+01
1.595697040694602542e+01
1.601169843341201116e+01
1.548107358797762778e+01
1.571787750305828091e+01
1.524236772680500707e+01
1.538857832256140767e+01
1.629172760359264771e+01
1.610164201856823141e+01
1.611524456923440951e+01
1.608160545507740480e+01
1.620742547789598120e+01
1.588347216521013650e+01
1.549273895389120348e+01
1.620539717314073869e+01
1.617661800482992263e+01
1.615496004072623037e+01
1.537626803571615675e+01
1.589356578894173211e+01
1.638213684541462811e+01
1.622199014592514033e+01
1.576434630002898096e+01
1.573834387290887804e+01
1.576668570785564150e+01
1.606672833759694186e+01
1.641386304495034310e+01
1.630978157657704486e+01
1.640237290382542312e+01
1.647948341110117454e+01
1.559073272683902012e+01
1.603541675919735709e+01
1.633919321647621459e+01
1.633901364609351248e+01
1.571276047340135129e+01
1.594464143845738491e+01
1.560162490979322847e+01
1.596782484944071179e+01
1.590662958493430601e+01
1.570499556789995488e+01
1.587667142513539176e+01
1.569345302206084725e+01
1.587477343888200920e+01
1.571951740113617646e+01
1.583220741222845263e+01
1.601953389746847023e+01
1.546462695853331759e+01
1.591583822703580609e+01
1.522018961158546446e+01
1.629488789487611911e+01
1.576823532442749176e+01
1.559783728472176279e+01
1.596007091365692609e+01
1.587233094563613633e+01
1.594943862792689693e+01
1.601312764557179591e+01
1.596315733076062493e+01
1.582988991002956425e+01
1.591045998262881334e+01
1.573655275008640153e+01
1.563344152740359227e+01
1.613311097000657668e+01
1.618752484397876756e+01
1.629554699464271650e+01
1.537219492277436217e+01
1.587584959102278326e+01
1.601319826128837320e+01
1.615307359964794642e+01
1.643938930763943418e+01
1.639950352762740593e+01
1.569784141363690289e+01
1.542289031696892820e+01
1.598122006193665534e+01
1.534794906480315291e+01
1.629477259840427195e+01
1.573642557872662096e+01
1.587859020982326363e+01
1.665025694450284277e+01
1.574854170275933996e+01
1.600352545837573714e+01
1.653728662473879041e+01
1.577059015567052569e+01
1.599161360223090256e+01
1.600812106674305113e+01
1.615602175856740530e+01
1.587273346415747532e+01
1.643393237344509927e+01
1.628429801947379474e+01
1.559020743614350479e+01
1.625668981924981793e+01
1.589592619060667467e+01
1.579426549589249085e+01
1.562162672196725133e+01
1.625836736446792585e+01
1.608839859653987148e+01
1.580045658946214715e+01
1.513207077383220245e+01
1.606584237539686555e+01
1.575140409389801910e+01
1.618776726812277289e+01
1.598587407926435766e+01
1.650146214944100720e+01
1.575988188166704163e+01
1.595657508116380185e+01
1.577084350573844240e+01
1.602599603962507402e+01
1.568120444460322993e+01
1.593174380025253001e+01
1.577847800616326879e+01
1.555420287716484218e+01
1.598229697755487067e+01
1.595991816661953777e+01
1.587012116530296524e+01
1.644671579493109803e+01
1.628156133205767020e+01
1.579952113502216271e+01
1.606640098786551363e+01
1.617654135344656297e+01
1.592525185458852555e+01
1.603881516052584288e+01
1.607167548820529390e+01
1.601052663675485022e+01
1.626577873978886402e+01
1.609315687385548443e+01
1.558247307752318633e+01
1.582957425245248295e+01
1.607641697345137288e+01
1.651950011881238112e+01
1.622671527676189740e+01
1.562712925120376006e+01
1.586743783115656825e+01
1.653253495279114915e+01
1.629836337895806153e+01
1.576539459413080024e+01
1.616400538892161265e+01
1.578188909295272424e+01
1.614756029867728415e+01
1.579866977067963063e+01
1.664188749882442409e+01
1.629033014551916025e+01
1.627768984054336698e+01
1.581324301152413092e+01
1.602082162029650547e+01
1.627591757321227206e+01
1.589792612430843910e+01
1.589385846117259327e+01
1.626013211070414854e+01
1.666669683590818352e+01
1.609364735469717900e+01
1.642345408046719868e+01
1.652838874937743441e+01
1.616544879919506528e+01
1.586087761381416961e+01
1.630588878459684210e+01
1.643975120500530451e+01
1.532791299330400214e+01
1.573490995898730027e+01
1.576089470393649528e+01
1.613279737203568942e+01
1.621406825173307453e+01
1.619103851627698987e+01
1.621978678671948515e+01
1.668665963902579463e+01
1.540504912158534090e+01
1.570682609283589670e+01
1.544883104504603288e+01
1.623207510477624282e+01
1.570019480837961723e+01
1.604886445902341308e+01
1.587845067309648783e+01
1.624886722294091257e+01
1.631598508789400270e+01
1.600253030186602388e+01
1.572343562179015741e+01
1.587523083831909609e+01
1.599988838460060592e+01
1.597591241913442595e+01
1.684064216202734343e+01
1.566533053066883596e+01
1.585823441857165861e+01
1.608888842773875183e+01
1.538318288831599467e+01
1.622952465110729747e+01
1.616837349614598196e+01
1.614835948615744599e+01
1.605818844912448995e+01
1.586287139832477244e+01
1.557638999123154377e+01
1.567222136589905901e+01
1.614653598487740993e+01
1.556634647738373900e+01
1.550948580301307622e+01
1.572113003831672984e+01
1.599306921955706429e+01
1.612607415319502024e+01
1.601795436673562634e+01
1.625426918944888399e+01
1.576187243997402554e+01
1.556446634738653678e+01
1.609995951482952137e+01
1.608956452552020266e+01
1.609297960149092432e+01
1.590508346630989855e+01
1.554059865729718304e+01
1.600851020058737362e+01
1.588901634688980025e+01
1.608653710102538525e+01
1.617360043494145572e+01
1.565104556072527231e+01
1.592001804245080265e+01
1.628126652124914742e+01
1.587878888633215446e+01
1.612744922296808880e+01
1.666336688999916049e+01
1.609480889989827901e+01
1.595614759927567938e+01
1.636666091752082153e+01
1.550711405821496314e+01
1.018728175243295553e+01
