3.580464794581833132e+01
3.543206429267864621e+01
3.510826827704184439e+01
3.581778049233999894e+01
3.717699809156123791e+01
3.559842111779216367e+01
3.657297031647289032e+01
3.606526006700376996e+01
3.703663151459354452e+01
3.529923284296695840e+01
3.474414230151227656e+01
3.739979234282954934e+01
3.691021681019043399e+01
3.543215710486034453e+01
3.635304947860745273e+01
3.604745321536728397e+01
3.635578161019596877e+01
3.501832710291655104e+01
3.663981552302547584e+01
3.552887095695928821e+01
3.688877056742863658e+01
3.596699957019202998e+01
3.657483667683486317e+01
3.674148944606669431e+01
3.566069634256383836e+01
3.541328648404221724e+01
3.535351418308013649e+01
3.498710144889783891e+01
3.586672756136465523e+01
3.600551340037230830e+01
3.611041900856644560e+01
3.653808505034353971e+01
3.519525614886902787e+01
3.651617183390512622e+01
3.542816588655904297e+01
3.695102275964683969e+01
3.600398169051278074e+01
3.634755005094671532e+01
3.727702712191471335e+01
3.770707436477012209e+01
3.530983726906179498e+01
3.580607619700376887e+01
3.572604123889023953e+01
3.664777686753890151e+01
3.564189302563860196e+01
3.637140522958567601e+01
3.674348614399840329e+01
3.577113349567622436e+01
3.598522153294145198e+01
3.539089869350736706e+01
3.686898061854785880e+01
3.640023895466092796e+01
3.576075556815677459e+01
3.720429903160525953e+01
3.619655126414960478e+01
3.473808965359539513e+01
3.633776893602328073e+01
3.554544254421860927e+01
3.610535003426944911e+01
3.568745594125848442e+01
3.496870309147072220e+01
3.674274375079206578e+01
3.609831929728408539e+01
3.652723517786710516e+01
3.526564174710161836e+01
3.685381203342804923e+01
3.574373385286545357e+01
3.588136581827806992e+01
3.569837053259315951e+01
3.687182901978609806e+01
3.617781275255566698e+01
3.791417551018162158e+01
3.520099123186709988e+01
3.550184744289672523e+01
3.590481685534138734e+01
3.632777817317354163e+01
3.593121785216072794e+01
3.606562948198203600e+01
3.711882891628071235e+01
3.457276793930850545e+01
3.654799690686531477e+01
3.540999088594578836e+01
3.491741732513678897e+01
3.575100317862721511e+01
3.588813985214187596e+01
3.781277613347419475e+01
3.627086603456199754e+01
3.644834315368358091e+01
3.586689188348856305e+01
3.455529588355354775e+01
3.612614607023891722e+01
3.495718827446437871e+01
3.881036387974576485e+01
3.510722754603227713e+01
3.633182155339212471e+01
3.618784520156850704e+01
3.477002936191144755e+01
3.556749876607074867e+01
3.565269694210375206e+01
3.705071906665625647e+01
3.481263705008213805e+01
3.528785540334920512e+01
3.822060225898086827e+01
3.547265991499433824e+01
3.513948771825427997e+01
3.550605018335509300e+01
3.490487290633453199e+01
3.499746695827194998e+01
3.620181907023155077e+01
3.596988110187123766e+01
3.563582985789734181e+01
3.574952692810026633e+01
3.787350148503701064e+01
3.536495415856008862e+01
3.580141256443577902e+01
3.631701388317876678e+01
3.550675340853542394e+01
3.686416950312140983e+01
3.532966283248039474e+01
3.600000000000012079e+01
3.482844447112672270e+01
3.956337685427965312e+01
3.672932844058347968e+01
3.562435137819559117e+01
3.661320020950117282e+01
3.695027417821691529e+01
3.512962130249105286e+01
3.517694104235115304e+01
3.643873807814845378e+01
3.510134207246874638e+01
3.642218686306856767e+01
3.501249863066824020e+01
3.585995659492357390e+01
3.526559036355353527e+01
3.584368602004720827e+01
3.462197262187810765e+01
3.643286800688365190e+01
3.696312498264364166e+01
3.627051382778314093e+01
3.754597646963676283e+01
3.569641111569969638e+01
3.604383456824405840e+01
3.461636507478083757e+01
3.599033598825126745e+01
3.568820409773955049e+01
3.639214231352802642e+01
3.726842228319829076e+01
3.563820124757770458e+01
3.592586015445193226e+01
3.537493223059453129e+01
3.545037192488942424e+01
3.538848863943525913e+01
3.647647105307460436e+01
3.639487733683306914e+01
3.645576918847552150e+01
3.598155800421649531e+01
3.674775681184575404e+01
3.745209263911891640e+01
3.729106231111833836e+01
3.650199986327150725e+01
3.601020073428909996e+01
3.662553709727837514e+01
3.539435640886008372e+01
3.690554184016991712e+01
3.652792897618012802e+01
3.544246903987811237e+01
3.542297005786556952e+01
3.477210470775885653e+01
3.667876238244647880e+01
3.649731905001595322e+01
3.661723115048068422e+01
3.511202711177231350e+01
3.601977402701832887e+01
3.581638881719233325e+01
3.606428978627644000e+01
3.696003414102064255e+01
3.568577584351366028e+01
3.435120579544507535e+01
3.480975797588312304e+01
3.598804352867972511e+01
3.498714230966649552e+01
3.662657283136875463e+01
3.522692126543613966e+01
3.427503221670674804e+01
3.705791967612717741e+01
3.615853826491744627e+01
3.581317509487533357e+01
3.533298205931395586e+01
3.569078126458089173e+01
3.600662442667565699e+01
3.641840305457150606e+01
3.569690673324610941e+01
3.596752278906023292e+01
3.568705311299379446e+01
3.634646217811621938e+01
3.558587971506170078e+01
3.656722702050007712e+01
3.641190483120293209e+01
3.614363304973996804e+01
3.703355470664615012e+01
3.459524429403602852e+01
3.656952220833217382e+01
3.571537637619865535e+01
3.526033456525487964e+01
3.531564484004960747e+01
3.550404992015247529e+01
3.521133888351366892e+01
3.663058173386517069e+01
3.599193319991136519e+01
3.593260686687681726e+01
3.622164781408153544e+01
3.627303885069106570e+01
3.662940239137019915e+01
3.595735013773062860e+01
3.566021485338511354e+01
3.623011625344781805e+01
3.531928605149897038e+01
3.475153033442079931e+01
3.687626923710515570e+01
3.538638350554985834e+01
3.622865079694481949e+01
3.580249959194241427e+01
3.550828305851724309e+01
3.567408551958167351e+01
3.638866309297109325e+01
3.689735664467521303e+01
3.592587121162631547e+01
3.694910291474236885e+01
3.661113741063591220e+01
3.447874238005467618e+01
3.618652670178201447e+01
3.593097211499373600e+01
3.615278021858471647e+01
3.620023317542462138e+01
3.584669296390102744e+01
3.656884643207369123e+01
3.579904930184250844e+01
3.469176114418433343e+01
3.622841639382777856e+01
3.552504348070618789e+01
