8.771368570249205021e+00
9.155245551822320138e+00
9.247765427809628846e+00
9.645693961192975507e+00
8.808525546567162579e+00
8.463092346274772027e+00
8.349481960406835768e+00
9.008033802444376903e+00
9.077478245023057113e+00
8.577430654955875866e+00
9.144170131387200584e+00
9.349465947028871682e+00
8.543504586160604930e+00
9.313733682268336977e+00
9.478160477823966090e+00
8.787236151281062391e+00
8.924143606769662895e+00
8.669080215640658338e+00
9.245429031153159727e+00
8.862618457206055567e+00
9.038774826096677373e+00
9.016126680246788538e+00
8.560988526428724654e+00
9.227075612182980890e+00
8.599406357806019585e+00
9.067478407566584409e+00
8.965287868162576501e+00
9.580630633416872044e+00
8.360496559593746824e+00
8.908668049508623454e+00
8.978897803801185518e+00
9.052398741116727265e+00
9.470786459013778469e+00
8.419287228305178061e+00
9.291487961165859844e+00
8.840885124390259975e+00
9.694562257904488334e+00
9.014517347655138124e+00
9.396044827799014953e+00
8.653779871872314899e+00
9.030455220299067776e+00
9.158857085179523239e+00
8.933224779249538727e+00
9.104712063720642234e+00
9.490389452547510984e+00
9.229587143284000206e+00
9.012750317472118411e+00
9.015428235792137812e+00
9.112244543226239557e+00
8.944437490132015611e+00
8.859833723365788671e+00
8.495070442946511591e+00
9.422145402484336074e+00
9.007200202754455987e+00
9.101285716672320447e+00
8.941306145419742890e+00
8.770802007845405868e+00
8.891029124698796693e+00
9.271579569909972562e+00
9.297528243625139410e+00
9.534705616643343262e+00
9.343593067255660856e+00
9.201997138434371948e+00
8.939835175270937739e+00
9.188699924779839989e+00
8.771849502222607953e+00
9.110959273299574335e+00
9.432083542208797411e+00
8.829327297769143712e+00
8.314162451960386946e+00
8.790544096785675166e+00
8.409931978942747577e+00
8.529304437444572784e+00
9.583597219743346329e+00
9.167581729362797915e+00
9.230317084220528656e+00
9.066478966892415059e+00
8.855691322651905395e+00
8.896717904753957740e+00
8.953090051051416864e+00
8.497657030706053050e+00
9.425020087596731599e+00
8.722033786726884230e+00
9.103791312397575552e+00
8.981206653947275242e+00
8.758984022842110306e+00
9.241108640688640463e+00
8.968547918064784241e+00
8.854353742081393364e+00
9.270952461126732658e+00
8.718284197085665710e+00
8.742077025063851536e+00
8.497890813302594992e+00
8.785651104469240025e+00
8.768396388584870138e+00
8.635589740396079961e+00
8.801920963753442351e+00
9.266019931681569233e+00
9.726311127817730551e+00
9.090067663106172091e+00
8.915080675893777951e+00
9.237963424646697064e+00
8.908562499649121946e+00
9.291368302185915695e+00
9.314894343559123158e+00
8.956286629726427861e+00
9.131609248186109085e+00
8.920029340145029906e+00
9.036947592142428931e+00
9.102096478809546198e+00
9.123707677655747972e+00
9.353767919405109765e+00
8.263781123053874467e+00
8.647190451010269285e+00
9.060148867268269512e+00
8.843345089689538696e+00
9.429456923072223162e+00
9.355408280467241156e+00
8.959457119666559777e+00
9.100211436728731229e+00
9.216538993317758610e+00
8.975990346610950965e+00
9.065382218728837316e+00
9.058994647970488145e+00
9.188113864730995672e+00
9.014446780735582365e+00
9.241572263121554442e+00
8.716856456123146302e+00
8.816145569930750270e+00
8.780102631457227247e+00
9.384243340654988330e+00
8.936624357466033786e+00
9.239620705604989936e+00
9.320548340387553310e+00
8.778587266650031751e+00
9.079300135188068666e+00
9.071004017201708791e+00
9.180406037091877636e+00
8.901658199054340415e+00
8.672332775303447150e+00
9.238450414236378805e+00
8.650099447018158472e+00
9.152065535476868519e+00
9.019067349557827740e+00
8.772074460487861103e+00
8.917930649687765055e+00
8.814039668615976097e+00
8.630125418354905875e+00
9.424658004954000745e+00
8.980834372480774874e+00
8.570326597959168069e+00
8.997000755293306895e+00
9.271373576727580001e+00
9.112911789663785456e+00
8.663998575470683861e+00
8.975745176301506589e+00
9.041952455422116230e+00
9.125428956278147652e+00
9.039639063147681952e+00
9.087649619660389533e+00
8.585877537986203123e+00
8.813893147901749714e+00
8.817311445239527146e+00
9.468478589870173323e+00
8.701415028263081552e+00
9.150100424249332676e+00
9.186056532074172054e+00
9.089283194571617486e+00
9.030702657259871202e+00
8.866151801737885307e+00
9.148098635846935167e+00
9.190161872776448249e+00
9.066262242444100394e+00
9.223825793401829287e+00
8.552389051372385254e+00
8.744446223983395328e+00
9.218237021585775182e+00
9.016350857895416127e+00
9.307792523883836822e+00
9.054640052876377965e+00
9.006671440700106501e+00
9.192457564129039582e+00
8.791674754722832219e+00
8.923842904927212771e+00
9.080660040912547970e+00
8.973832863012496830e+00
8.865939576193492044e+00
9.275719484085154676e+00
8.864048372676679222e+00
9.337108427750735018e+00
9.367712067876357906e+00
8.955500425703258216e+00
8.432507574471721057e+00
8.639867039267473459e+00
8.545196716732785802e+00
8.877787993616196971e+00
9.113931151546582399e+00
9.270165515224512376e+00
9.074639305258903832e+00
8.915841557795518568e+00
9.135699526451830366e+00
9.198230290361417261e+00
9.190105734223832812e+00
8.703189462323821957e+00
9.069955842991108241e+00
8.908127280402435844e+00
9.044988378502479165e+00
8.461471351922210005e+00
9.631476235388923612e+00
9.548602106548251811e+00
8.604357172868462911e+00
8.945136750905112066e+00
9.364214787759106429e+00
8.510537850096895340e+00
9.125846390375665251e+00
9.142597051600278135e+00
9.255859489590328337e+00
9.124751791417381241e+00
8.818075948480792903e+00
8.957684305656462342e+00
8.915000023056263601e+00
8.722231516280594121e+00
8.860429193852885632e+00
9.000137801741862731e+00
8.803050078789171451e+00
8.762137908993830493e+00
9.048693485007680337e+00
9.147928671778638332e+00
8.875113130720222898e+00
8.431595790172018212e+00
8.922481922300590895e+00
9.256324790510713996e+00
9.102705316665922197e+00
8.961315616813832818e+00
8.863929219632662893e+00
8.923684716908390158e+00
8.883003362528507196e+00
9.277280212438059337e+00
8.775992194893865062e+00
9.022123042434104789e+00
8.757132775604320685e+00
9.485551572610606996e+00
9.226847756744765761e+00
8.783548747757997432e+00
9.171206624824245424e+00
9.245617832861313445e+00
8.364790893572770614e+00
8.790854271707528866e+00
8.896148140784786662e+00
9.025626313778451149e+00
9.123192965692014766e+00
8.607541082557458978e+00
9.242219341461542115e+00
8.791999461014292194e+00
9.084827660929956750e+00
8.998294833061899922e+00
8.915967716352218631e+00
8.656329241115141571e+00
8.999962729799392491e+00
9.058866663567098243e+00
9.163642903223482961e+00
8.717196536914963545e+00
8.826362740832543352e+00
9.130369589822734611e+00
8.863917943438917035e+00
8.890166963327978067e+00
8.949509112031096336e+00
8.811644150080418569e+00
9.185364780722023781e+00
9.358545866756996290e+00
8.739043724401639679e+00
8.714049808676005426e+00
8.853566182236683346e+00
8.738335115533473640e+00
9.463026695545581291e+00
8.731600378076144864e+00
9.237775353417010393e+00
8.975216813196498222e+00
9.154309459421281048e+00
8.362768145295675026e+00
8.995890638455806609e+00
8.857386232827677119e+00
8.469181630817647743e+00
9.062476677429550875e+00
9.009986012798503197e+00
9.301415574395731412e+00
8.650643627948706893e+00
8.837581669943800122e+00
9.195247415961693704e+00
9.246863768370401360e+00
9.349289735759109377e+00
8.896775942195249698e+00
9.187583853174864146e+00
9.166373556703621972e+00
8.807618457628960229e+00
8.755257634866243421e+00
8.908097586461343198e+00
8.786965339963847654e+00
8.913211249493468102e+00
9.360136964377717916e+00
8.652698802237289044e+00
9.106759282464267358e+00
8.657055912253300178e+00
9.141678726053948267e+00
8.848426936972064283e+00
9.030331920376191590e+00
8.969303979111549197e+00
9.227969204333595243e+00
9.057939998877177601e+00
8.685631162248940385e+00
9.093990310176991443e+00
8.937134139428435375e+00
9.354041432345599816e+00
8.947911834193426728e+00
8.839145631780287005e+00
9.711619926906902123e+00
9.083602750247324664e+00
9.110258741347982081e+00
8.669868640214733801e+00
8.997563774519592883e+00
8.866108287765209539e+00
9.046127466000537964e+00
8.947750696775033319e+00
9.223689040387531790e+00
9.062756168309283211e+00
8.929806993844174201e+00
9.333186838873421820e+00
9.147123220090019657e+00
8.852531198994817885e+00
9.135879915179595301e+00
8.886051580189885613e+00
8.589666026370679219e+00
9.065434508214892162e+00
9.059460647548293721e+00
9.118702918768800458e+00
9.226694864461787660e+00
8.764337361978736141e+00
8.894217265410526707e+00
9.030204595675707324e+00
9.095421659409719695e+00
9.131141564629196239e+00
9.359453288482431077e+00
8.667250488785409601e+00
9.233556602460447849e+00
8.889883444571715643e+00
9.164576105350176860e+00
8.989513920397481428e+00
9.126028604522785415e+00
8.705434504471545765e+00
9.479501285953508827e+00
9.012585854693728749e+00
8.970797391132780518e+00
9.367928632997347904e+00
8.641832002417956460e+00
9.255933966635407018e+00
8.720720579339497291e+00
8.790746649094604237e+00
9.286282574573084148e+00
8.960936453778238331e+00
9.268849177678582407e+00
8.673758131907218782e+00
9.164698827138201054e+00
8.825752583013393604e+00
9.297587458875275601e+00
8.607958896293544271e+00
9.226548808103132160e+00
9.376861229878828752e+00
9.163104708259520947e+00
8.839120288412281923e+00
9.161716122502863158e+00
9.236360432452727309e+00
8.791634528340495081e+00
8.981000746636750520e+00
9.064901541071693103e+00
9.284945073671048377e+00
9.262217772284017769e+00
9.233954767347068326e+00
8.836887764769251419e+00
8.968790849845985846e+00
8.988708123315239717e+00
8.490792398117754658e+00
9.070037859963795412e+00
9.223938387257467397e+00
8.986921221470851151e+00
9.322523593354349103e+00
9.135566914502456726e+00
8.824951328081084512e+00
9.048621649387062149e+00
8.829219723015313548e+00
8.935779834960465351e+00
8.830262218273032815e+00
8.793180148840125554e+00
8.748628343354013737e+00
8.794972347972155546e+00
8.934427366526739078e+00
9.087030593970615300e+00
9.242516824303386613e+00
9.288463593052334488e+00
9.028413662775648163e+00
9.301444713692937682e+00
8.820786641586389365e+00
8.924479673223169485e+00
8.883686408969470705e+00
8.790282135251235474e+00
8.993766212780283098e+00
8.934622877943828811e+00
9.225329227496947837e+00
9.074201206189455249e+00
8.692648899061424572e+00
9.073081713116181390e+00
8.572093826877454248e+00
9.216006316134359722e+00
8.760123648234877436e+00
8.985938239604529088e+00
8.985980380809078127e+00
8.696559814208985273e+00
8.689885956270691381e+00
9.241306553576984939e+00
9.066457407503904165e+00
8.795907953385986744e+00
9.080043002823986242e+00
9.011047495141768948e+00
9.012127747071282613e+00
9.249505917493257456e+00
8.845424710352819631e+00
8.836331048199168592e+00
9.305303572381024679e+00
8.594616369447466653e+00
8.693402916725306184e+00
9.004110694849886798e+00
9.260028551770387750e+00
8.752279027458852667e+00
9.113582435311945673e+00
8.910887625885839824e+00
9.186681554078871770e+00
9.065373469940503526e+00
8.752553599608031476e+00
8.965808365720624451e+00
8.986621080261018690e+00
9.254437563011348900e+00
9.214968900496645077e+00
8.923047458146946553e+00
9.387875737914793461e+00
8.915698954588465952e+00
9.090617465640963957e+00
8.853743305853171819e+00
8.508969551370041629e+00
8.896110391473770918e+00
8.698782559879992604e+00
8.884751848610468627e+00
9.271393510210304001e+00
8.789251354259839388e+00
8.888264626674809321e+00
8.677103087342592502e+00
8.876362384094260705e+00
8.633425930002934123e+00
8.811867190851137011e+00
8.949196090140311810e+00
8.962100548187866167e+00
8.874586959519358942e+00
8.967638714072979411e+00
9.194950511461097875e+00
9.058011168909265720e+00
8.984106915197031640e+00
8.863536867007709930e+00
8.841495453101664737e+00
9.093377216442432243e+00
9.463285777459459425e+00
9.012077074272847099e+00
8.751001311072435840e+00
9.041314689606092969e+00
8.745454887075986505e+00
8.795779270357147794e+00
9.098452591462176997e+00
9.399318400806397023e+00
9.095494851877326425e+00
9.176855034727928739e+00
9.235287068750261952e+00
8.714073400140339487e+00
8.946328810015055311e+00
9.142495787192842727e+00
9.084927930949277197e+00
9.208439455997449841e+00
8.785031187642738715e+00
8.892913241156245263e+00
8.790642750522602356e+00
9.059726845975024645e+00
8.834382388535779285e+00
9.019796258958294288e+00
9.052172404887292245e+00
8.846990044488835636e+00
8.726823417228883883e+00
8.790114232361142754e+00
9.067513801993515088e+00
8.499840118648439358e+00
8.966315807499853463e+00
9.165036220495247576e+00
9.176181759510697589e+00
9.212585952831039648e+00
8.655250092215590385e+00
9.055806822959011626e+00
8.928216120423359214e+00
9.121049646116272669e+00
9.260935881421847427e+00
8.612777895701816178e+00
8.901658127104530749e+00
8.583593186775212658e+00
9.457844680166298090e+00
8.508172115855369810e+00
9.264672869809752243e+00
9.126110477811240074e+00
9.161703408359617384e+00
8.781612978849411277e+00
9.084862983371499112e+00
8.842279724201079105e+00
8.854981438952611583e+00
8.839873561871577579e+00
9.161723192822968542e+00
9.252205278669828559e+00
9.119183014986461444e+00
8.631301992532257827e+00
9.061230420653517470e+00
9.188605068359938954e+00
9.139242020479004580e+00
8.969625929205566450e+00
8.978038522216783335e+00
8.565299110444710706e+00
9.060771350777105937e+00
9.520235565417429768e+00
8.841021299014370172e+00
8.971002708393468694e+00
8.837788951706269103e+00
8.905137026702856673e+00
8.776394711939525806e+00
9.405447350172288168e+00
9.112490345372057376e+00
8.937701092624624977e+00
9.088070985862877649e+00
9.092774398802472291e+00
9.106160127168593021e+00
8.891388783367935034e+00
8.717306430343118251e+00
8.998797509074300649e+00
9.126970686442929193e+00
8.744925467625217053e+00
9.017644447104274263e+00
8.850097994979437388e+00
9.005692284462046615e+00
8.830948400353308969e+00
9.359657505207362505e+00
9.170537452663845457e+00
9.242045802463554338e+00
8.951900571271039553e+00
8.792556086774318658e+00
9.461736118999279910e+00
8.792934321728864688e+00
9.300773177627908339e+00
8.810471479845093157e+00
8.724281647552153629e+00
9.044726521998738278e+00
8.763123613625767305e+00
9.133335810036628644e+00
8.802049196633507933e+00
8.521228548163238159e+00
8.953425193812913463e+00
8.955822697878591754e+00
8.666800307537030790e+00
8.787829369009228841e+00
8.838457786412686090e+00
8.975566901523597707e+00
8.661528344745581975e+00
9.305971263023348428e+00
8.938662703059227610e+00
9.266226215951208545e+00
8.821830153180650669e+00
9.361645531592685643e+00
9.189519998685605984e+00
8.777877775540371630e+00
8.811258802785063793e+00
8.949962704418885195e+00
9.297664665814330931e+00
9.268169889244747495e+00
9.219246370751530861e+00
8.830195131240619943e+00
9.361102880555673522e+00
9.041610906507221657e+00
8.739846253506344809e+00
9.052311271063279818e+00
8.905818540176188236e+00
8.741489918049621721e+00
8.646363422843618807e+00
8.866715933387057547e+00
9.231417658526291703e+00
9.157748145576622534e+00
9.296632147782965205e+00
8.459863349890820672e+00
8.762539194225773542e+00
9.248584919043292274e+00
9.261655746671243250e+00
8.813325782051878221e+00
9.070947637124797680e+00
9.114485595930679196e+00
9.105119408308061324e+00
8.619308769875814846e+00
9.032967831400419811e+00
8.561871667433385014e+00
8.905438712302732540e+00
8.715659781953306151e+00
9.231619929775384037e+00
8.950248629925498633e+00
9.440697039646108735e+00
8.881188644137740340e+00
8.685933958101761831e+00
8.809540915571817621e+00
8.594597607373010817e+00
9.301674363636042386e+00
9.052198886995203253e+00
9.044719362509011873e+00
8.761866281818004865e+00
8.529237396888998290e+00
9.153948015705308805e+00
9.127312705759983658e+00
9.172217256654928264e+00
8.787963557972078732e+00
8.913223389866924862e+00
9.170845752431475262e+00
9.039687414038416691e+00
8.864464435801396647e+00
9.301008358350051353e+00
9.072847545296463423e+00
9.019067398080480302e+00
9.102505584463168375e+00
8.837742932234871063e+00
8.651055772695505297e+00
8.748933141615310660e+00
8.635920201698105814e+00
8.558129690882530838e+00
9.193936416191215599e+00
9.036398371932225615e+00
8.711753445088909587e+00
9.071478002133575913e+00
8.817275794713392401e+00
8.837817693111505335e+00
9.482448385916606881e+00
9.411206116497881524e+00
8.940829404133975089e+00
9.038032426478002535e+00
9.145577035181702286e+00
9.134170704671168650e+00
9.427358789896631563e+00
9.010075812551656682e+00
8.674893823643676782e+00
8.874818171016165991e+00
8.889083914599074987e+00
9.075048589455313675e+00
8.913930246658415157e+00
8.816944614008637160e+00
8.723929191800001703e+00
8.939319415396667523e+00
9.038800142375446711e+00
9.235967273951398937e+00
8.946465782337021722e+00
8.856508055935178092e+00
9.241638825574787219e+00
8.975178728907749814e+00
8.816585776063243785e+00
9.267647497789356592e+00
8.637080908568673721e+00
8.652075149902092477e+00
9.039645137222482418e+00
9.155803543515759202e+00
8.956679353226300933e+00
8.518677855809166033e+00
8.902801089749605268e+00
9.115226667886171086e+00
8.685473530569371547e+00
8.933897173194615959e+00
9.422689156308340586e+00
9.031149608034976239e+00
8.905368241370538840e+00
9.190181412617828727e+00
8.709258587636334425e+00
9.192690679821195587e+00
8.844956786297732521e+00
8.807572232268119805e+00
8.968524506387220541e+00
9.033048958342089207e+00
9.078580837060297171e+00
8.824743456773642691e+00
8.766448109406136169e+00
9.214116852276397651e+00
9.027031650709758992e+00
9.013913381648933409e+00
8.600206073845761523e+00
8.771299344733446191e+00
9.550566968445943772e+00
9.094683292284264198e+00
8.635976224927793155e+00
8.547615545390945258e+00
8.654002002625386325e+00
9.161689962578901003e+00
9.101938259577023516e+00
9.016186234664969490e+00
9.007373354857381997e+00
9.051944081975879186e+00
9.052516493260855057e+00
8.927996708105577994e+00
9.074896957158733457e+00
9.183763384303951227e+00
8.929992617733176985e+00
8.993862309848587699e+00
8.813513709694527520e+00
9.014617817587200932e+00
9.287392561075698438e+00
9.239233403264046629e+00
9.036056764413505249e+00
9.086470371812845670e+00
9.410089889897971460e+00
8.995285345426722756e+00
9.073742030312239137e+00
9.098249538942399184e+00
8.881039467468085036e+00
8.926193140961157013e+00
9.040846642277417189e+00
8.761009310685555107e+00
8.891082922542915767e+00
8.921801641445441078e+00
9.145853183022200739e+00
9.107669546839321839e+00
9.067055999273113898e+00
8.849858316404800362e+00
8.687305018126435741e+00
9.078639774320429012e+00
9.130625637718301491e+00
8.963894781899611530e+00
8.736669294417648501e+00
8.866570958678314796e+00
8.701927567435001620e+00
8.539613163455628708e+00
9.060396697483472650e+00
8.842173840754622205e+00
8.988559987722982925e+00
9.299200358005757394e+00
8.824817634723318704e+00
9.265453994267335958e+00
8.886142221583829937e+00
9.444101932268074151e+00
9.141492155062776348e+00
8.879084926299929847e+00
8.993008318315405702e+00
8.467463630320548162e+00
8.609899770879243519e+00
9.280187582263899060e+00
8.584954879335247924e+00
8.870017694171796308e+00
8.980982787204160545e+00
8.996430300717731754e+00
8.827374977973798664e+00
9.096344341270061307e+00
9.319258045455434569e+00
9.300032203192468927e+00
9.592433330365937039e+00
8.797652785076845561e+00
9.301003995579572248e+00
9.130381566445038288e+00
8.825526192184232954e+00
9.097458902839104411e+00
8.747069069449734613e+00
9.353659349562015279e+00
8.493792123155330387e+00
9.397184010211370619e+00
9.122121013136160528e+00
9.234318323767064740e+00
8.746531441806720153e+00
8.619707848742839573e+00
8.831135249935485376e+00
8.543631142801261902e+00
8.684318103671083477e+00
9.077906262190461817e+00
9.012074141901306845e+00
8.872989590964127871e+00
9.097129762330377289e+00
9.477416181843089760e+00
8.943411387714943928e+00
9.016403830323735491e+00
8.920438942188098963e+00
9.075172783605632176e+00
8.718901434509954029e+00
9.043511986416058690e+00
9.316616618539510952e+00
8.893850527712313436e+00
8.836207191900262714e+00
8.722068755174548826e+00
8.854750508783874707e+00
8.988269162078665886e+00
8.967932325517708136e+00
8.608782892067772252e+00
8.644433522384472823e+00
8.905388338608753784e+00
9.115208700361366212e+00
9.063533813442711917e+00
8.794001913965246331e+00
9.001014602186645064e+00
9.192472345450747540e+00
9.003777159701677135e+00
8.752407725325571874e+00
9.043511116557453988e+00
8.994781597557032882e+00
9.099142269970762698e+00
8.809893462166398237e+00
8.988837648513966272e+00
9.068350715158155495e+00
9.332816252531090484e+00
9.102937338671738488e+00
9.044115703073348556e+00
8.965747338948972356e+00
8.770512371361515847e+00
8.757569752733438406e+00
9.040300042125394953e+00
8.740280620457747673e+00
9.089492650992216483e+00
8.986590851769419075e+00
8.861948928004101944e+00
9.291257604753427657e+00
9.209071971997298434e+00
8.979358837398820015e+00
8.837965433519935132e+00
8.853105079198622107e+00
9.107760744920540219e+00
9.021521692125801906e+00
9.101806193400410194e+00
8.774112114766893455e+00
9.253116638024994955e+00
9.361414201643952993e+00
9.220819061102293546e+00
9.316926581148019082e+00
9.124042903442083130e+00
8.775595033216967877e+00
9.052306474433928329e+00
8.765636120293033073e+00
8.348848650296506690e+00
9.171036551070079312e+00
8.756678160296001323e+00
9.314555676775405857e+00
9.187099382325298436e+00
8.922687247692699941e+00
9.077424859429354953e+00
8.758689732484477020e+00
9.174382948503474466e+00
8.929071501706387082e+00
9.032835153781824999e+00
8.906001041423461828e+00
8.756608042980017714e+00
8.909311629102942831e+00
9.043013969388304929e+00
9.166005936524976860e+00
8.868318830030347044e+00
9.367645623353332951e+00
8.947809943925529197e+00
9.340666654637612254e+00
8.657940812147300491e+00
8.631860505137650463e+00
8.958767204958196118e+00
8.692369585069474880e+00
9.288955535659079388e+00
9.066549514732120230e+00
8.878508116512723092e+00
8.728167632133251530e+00
8.919070624123170532e+00
9.064535597465019023e+00
9.417123811062124261e+00
9.181511933184113516e+00
8.955732802043133489e+00
8.579038318346617231e+00
8.999119322173438462e+00
8.875301284081615449e+00
8.566672721732164320e+00
8.500441642333756320e+00
8.873484592108814795e+00
9.394882730100272639e+00
8.899871913230475329e+00
9.271457698588239538e+00
9.062787310539496488e+00
8.828560169693423276e+00
8.660404657217654290e+00
8.868169822387425683e+00
9.239717778000073878e+00
9.094674026072064876e+00
8.886320112041786956e+00
9.150193598601145339e+00
8.928731004288685824e+00
9.122398953153775025e+00
8.835365729026397830e+00
8.949475139933110057e+00
8.898598148693039889e+00
9.057027299653878316e+00
9.076351797774483643e+00
8.959626943996900295e+00
8.975051861307674628e+00
9.212635069382752562e+00
8.794896512972341540e+00
8.934352461003733481e+00
9.190506570277426235e+00
8.920590662689013683e+00
8.953053903723487750e+00
9.022875616582357594e+00
9.051682523867851771e+00
9.077127773420807344e+00
9.424541756787093050e+00
8.816599013308788813e+00
9.004278741389423857e+00
8.745070723797827128e+00
8.983325601664072124e+00
9.468670596556391317e+00
9.523732705458987979e+00
8.912833665117547710e+00
9.134734245335591751e+00
8.718228645121278930e+00
8.743872414301748108e+00
9.212899683181984045e+00
9.100599020790131277e+00
9.011299253448264324e+00
8.946693341806589928e+00
9.111447231637690436e+00
9.098663720125715670e+00
8.984431905530637863e+00
9.105082595750983998e+00
9.354305903213939288e+00
8.989294455769231362e+00
9.331563850845254748e+00
9.488761460240572987e+00
8.793804821330960309e+00
9.125630866188272350e+00
9.473007548563517233e+00
8.930535862748897102e+00
8.712665266796262742e+00
9.097123000904511869e+00
9.302991495852705128e+00
8.639459712883075682e+00
8.943888289753910925e+00
9.192230230578543271e+00
9.037326900182547362e+00
9.184171803672352752e+00
9.420744521932800097e+00
8.737909475990832675e+00
8.820209625696600497e+00
9.070548618552830789e+00
8.364328831004398168e+00
9.017305220832657398e+00
8.598129419961281883e+00
9.127289930284973707e+00
8.731582176566680786e+00
8.808013236339677476e+00
9.077545571670192714e+00
9.007425029077863243e+00
9.316780551687427803e+00
9.094598103522230303e+00
8.704171957785749925e+00
9.359149384995781418e+00
8.878393704877776571e+00
8.581463620549847349e+00
8.668957372927250660e+00
8.617920807544697581e+00
8.988458263160817197e+00
9.195356700501784886e+00
9.157891913682503215e+00
8.861687268704550036e+00
8.768669218074942151e+00
8.793796794630765135e+00
9.525658540469294167e+00
9.099710705491075302e+00
8.863211296772320225e+00
8.776755932598042875e+00
9.729458423603634998e+00
9.457833169056238276e+00
9.064994280718110531e+00
9.109390610046331105e+00
8.993179035686633682e+00
8.675380142463858135e+00
9.079804247304926079e+00
8.827876221558412340e+00
8.814013866182632384e+00
8.790574438094740373e+00
9.043029660206128639e+00
9.038005167405465556e+00
9.234968801708742348e+00
9.059082404841262814e+00
8.776970534286476777e+00
8.856146252642167482e+00
8.819247492496433694e+00
8.847468149995538766e+00
8.912991754751889317e+00
9.192932912945432022e+00
8.891612236465114449e+00
9.181531131324849326e+00
8.561243780020198813e+00
9.371466072602439468e+00
9.351267697437014803e+00
9.185241553653373359e+00
9.437853762406279046e+00
8.650908873636620200e+00
9.193839793014760176e+00
8.920936896561904916e+00
9.001551106733433727e+00
8.875959046258827811e+00
9.090889162436223359e+00
9.039421878380265341e+00
8.944308319255268813e+00
8.991087613292782166e+00
8.904977704587516030e+00
8.891132103948708121e+00
9.142934260920254630e+00
9.008942672713555311e+00
8.705158347426243282e+00
9.252991262855648102e+00
8.811312008825373354e+00
9.031815657587820567e+00
8.476969261029523750e+00
8.690835511904351662e+00
9.406123796215602795e+00
9.161135055094074886e+00
9.230424969481632047e+00
8.812400826843369117e+00
9.433813159236242640e+00
8.655440138314547838e+00
8.675881474348232203e+00
8.811533272578110143e+00
8.884249668966738511e+00
8.622306210711794705e+00
8.821372153923679349e+00
9.041465604613932783e+00
8.829347615355084500e+00
9.235259988570684087e+00
8.950707089940976857e+00
9.156141993932436662e+00
9.071789526118985592e+00
9.207122277123422904e+00
9.099799938959966639e+00
9.482928085840397259e+00
9.041640250238362597e+00
9.411039672518301202e+00
8.500500140310348840e+00
9.197521632720855322e+00
8.765997656974665375e+00
9.147594693600922255e+00
9.192236846663391248e+00
9.368293297097393335e+00
8.964016188623403991e+00
8.848515423591937434e+00
8.774594944827166287e+00
8.648869880371806929e+00
9.422892630576939155e+00
8.979445379376677749e+00
8.955637333555426238e+00
9.135218815994331720e+00
9.478692005947824128e+00
9.389922771485192499e+00
9.093240045937543314e+00
8.845152938482469196e+00
9.265052130513943496e+00
9.541914163378207192e+00
8.968334478456629455e+00
9.042132522120477134e+00
8.981456390061213213e+00
9.309920357349566800e+00
8.876793901620512628e+00
8.910902692174042627e+00
9.041571185036735514e+00
9.030861944717097245e+00
8.774169454424505687e+00
9.048708979711959088e+00
8.876611124418987586e+00
9.102351022495053456e+00
8.986248641820701266e+00
8.996087831898094578e+00
8.871971443246961186e+00
9.239519026381261213e+00
9.247923621111791448e+00
9.075597062292816375e+00
9.384715510627508195e+00
9.177510509492746493e+00
8.841708173884907040e+00
8.945853039786213046e+00
8.881401605340165872e+00
9.211269715355236087e+00
8.877164453049616100e+00
9.097044297852725947e+00
8.989999866940220130e+00
8.833175833000598942e+00
9.026238653635358489e+00
9.141055959079377402e+00
8.483587749072466266e+00
8.755245081285430331e+00
8.944633742739320326e+00
8.797884819984885141e+00
9.141776943680426371e+00
8.643970387373954622e+00
8.971704276058526162e+00
9.234925481315013229e+00
8.731384088465400595e+00
9.173026681188650500e+00
9.128620275362756331e+00
9.007492352487181719e+00
8.994484349271578694e+00
8.893401948364777709e+00
9.060641897682730317e+00
8.763313184190987926e+00
8.851885026134253209e+00
8.970395400130859898e+00
9.042485979182634637e+00
9.054208983842244152e+00
8.883048731518533359e+00
9.210458432191732214e+00
9.156775109119395850e+00
9.295774291357821184e+00
8.725000372277627037e+00
8.851742417454342871e+00
9.096284134894514040e+00
9.353123599296440105e+00
8.955906035753649519e+00
8.843586274182989371e+00
9.076593391610794370e+00
8.930894398406772794e+00
9.184404218920731111e+00
9.343736607801593763e+00
9.029422053711046559e+00
8.964088172208057870e+00
8.887194561942965976e+00
9.122688504171803103e+00
9.080799276287008226e+00
9.080465832043879360e+00
9.056783973829025669e+00
9.214563811200036980e+00
9.148520478408046941e+00
9.066794716646683128e+00
9.230977226249835965e+00
9.037935381942586943e+00
8.494540805348167467e+00
8.878962151446721407e+00
8.843221360375276063e+00
8.728238668215730911e+00
9.084505109049429095e+00
8.844705705093774739e+00
8.942757125467919010e+00
8.619085858380801213e+00
8.622158188639039267e+00
9.322136355321218204e+00
8.902184983159672882e+00
8.544592443293398176e+00
9.283017209210894904e+00
9.195924866100128270e+00
8.700148823113677210e+00
8.878786908419165513e+00
8.734125080505252825e+00
8.962617426829934786e+00
8.881102405865135552e+00
9.279557016978611017e+00
9.044476867218488536e+00
9.144139753507417367e+00
8.615637162417032258e+00
9.271195600683158844e+00
9.239652064081354865e+00
9.044846119151781494e+00
9.107870307933705334e+00
9.093844134421861014e+00
8.902723802747368964e+00
8.805865222315583551e+00
8.587780892827652224e+00
8.584279572168693306e+00
8.942647420013608794e+00
8.969490724459159736e+00
8.432377091508557854e+00
8.851618779672749682e+00
9.132174627647229315e+00
8.945165152224980432e+00
8.800105601717689296e+00
9.115770263044371546e+00
9.133760263327323159e+00
8.953192948287199471e+00
9.270995532271221862e+00
9.272860587147825129e+00
9.369480964757054053e+00
8.986539506980511405e+00
8.848316115363049406e+00
8.727878134486100947e+00
9.511500068629141325e+00
8.666813298572058955e+00
8.811243744482672113e+00
8.884135213477671655e+00
8.832052805850171495e+00
8.996907487235269230e+00
8.910174196420028281e+00
9.368735934327711234e+00
9.237586458472932804e+00
9.144016164186480111e+00
8.964455514598801855e+00
8.647455389894643574e+00
9.454776857002936907e+00
8.838669270710925119e+00
8.890281950074511386e+00
8.940614611441748849e+00
8.609506418472195222e+00
8.920558001471963649e+00
8.942926355498757474e+00
9.421101624352326454e+00
8.830043315043781149e+00
9.024453434482333947e+00
9.089009285291215434e+00
8.702860269919007408e+00
9.201934058683454154e+00
9.505025454823444520e+00
9.550855463258423939e+00
8.835928670930746520e+00
9.218612816111104280e+00
9.096933808679628086e+00
9.161247350270405931e+00
9.101556362024650682e+00
9.035005571212828102e+00
8.949807832049188505e+00
9.127973219471199329e+00
8.687311529949102606e+00
9.219702815777850446e+00
8.769435329355287578e+00
8.916690395736008412e+00
9.057547881632965314e+00
8.793032200948212918e+00
8.876964013778883000e+00
8.977614707616023537e+00
8.939680177884909540e+00
8.901192172951217785e+00
9.038384862457052193e+00
9.218157790321976464e+00
9.383972249373160324e+00
9.119167189528322837e+00
8.950973285306531579e+00
8.852924420926346016e+00
8.936394079019612136e+00
9.206570239786985965e+00
8.958466114702869021e+00
9.032887271497562764e+00
8.967509834693895954e+00
8.984881776712782653e+00
8.853876837308318315e+00
8.562150907659107801e+00
9.018985255420723490e+00
8.871328542000028961e+00
8.910736304288056076e+00
8.440853392607959194e+00
8.997829004780420803e+00
8.914583343608704524e+00
9.104328986158961357e+00
9.247846623987166836e+00
9.513073588473801578e+00
9.290638500577927061e+00
9.079209162507796194e+00
9.182964979875194445e+00
9.008377860049233021e+00
8.707047380556160121e+00
8.824358801622508963e+00
9.193314084326297930e+00
9.079827068877200702e+00
8.888745689089613933e+00
8.766208023104651303e+00
8.734126360835512415e+00
8.903828845122315983e+00
8.798429785999754671e+00
8.727568191230758998e+00
9.116863880555074573e+00
9.070450580825573539e+00
8.879469482917635048e+00
9.186068643109280174e+00
8.703099531216263784e+00
8.973965402296983029e+00
9.088391543535101036e+00
8.937908629188735077e+00
9.040483820165897910e+00
8.633297515869157834e+00
9.035104802937381052e+00
8.811260178256581810e+00
9.263539720918949172e+00
8.787255632298816010e+00
9.425412308546281537e+00
8.964376557646735577e+00
8.663926614607722954e+00
8.917086151907565039e+00
8.731360171247018798e+00
9.248702740177103365e+00
8.589627984451720266e+00
8.923773493932630529e+00
8.762136928392646240e+00
8.786042485065458152e+00
8.628745611944731664e+00
9.115983034106035277e+00
9.580042394886872259e+00
9.301104894576978310e+00
9.074099889692947229e+00
8.794056475126946992e+00
8.922166933221316043e+00
8.732663158999351083e+00
8.923396337392343725e+00
9.158032066279645278e+00
9.041256972960381333e+00
9.221734671807851669e+00
8.850941716324127739e+00
9.071993107063848427e+00
9.520852574480027641e+00
9.085579295424055957e+00
8.800615421517095527e+00
9.241933137228174999e+00
9.070126776576337591e+00
9.150359165853057419e+00
9.084030009587273469e+00
8.831606203874097005e+00
8.981529722197885590e+00
8.830278189902303509e+00
8.989609979052534783e+00
8.959490477006843534e+00
8.725145184538225962e+00
8.980643140917278444e+00
8.743600251673930401e+00
9.115779182999251162e+00
8.797549437932337568e+00
8.519168215702535463e+00
8.770961221933323060e+00
9.338987056729896707e+00
9.270038268296366013e+00
9.001244881443206225e+00
8.729008132982635004e+00
9.256485830691532968e+00
8.992433783907461731e+00
8.781841791251363105e+00
8.921088291037325035e+00
9.215407880809740604e+00
9.017118299167883322e+00
9.045498047971385347e+00
8.972491156257106582e+00
8.792323255571565355e+00
9.016350602231691269e+00
9.068670571002369840e+00
8.635090600286147833e+00
9.175434728058309730e+00
8.877057085992479557e+00
8.839247048660137551e+00
9.151215911087060562e+00
9.222233423412696141e+00
9.025012878491619261e+00
9.200869874542480176e+00
8.796960720385909482e+00
8.705635681054763708e+00
9.038741716443594143e+00
8.743077522559934422e+00
9.235915472798479797e+00
9.177438923135959215e+00
9.373179121908066236e+00
8.987000783613419586e+00
9.186234468527356256e+00
8.809920069452559233e+00
9.320297199377304054e+00
8.729247704054472479e+00
9.202508307404745125e+00
8.642577163783617067e+00
9.427653275706269653e+00
8.725172548326915134e+00
9.327949509744604129e+00
9.272929597945427815e+00
8.910854750683128600e+00
8.902507324429244306e+00
9.470273790807675951e+00
8.796200641497913253e+00
9.334468324676565842e+00
9.147535109116502028e+00
8.751314322907790100e+00
8.819897194894934955e+00
8.932720210649678805e+00
9.087515827947379776e+00
9.251151394297597363e+00
9.368694022334814520e+00
8.829800022408466731e+00
8.736883965741920832e+00
8.637234390241422588e+00
9.330490464287603203e+00
8.904194108597961232e+00
8.522422616285787456e+00
8.949893048304359056e+00
9.501095856727166833e+00
9.124746736299931271e+00
9.009675589901537052e+00
9.072926375701497292e+00
9.113960118954942402e+00
9.070418857414644265e+00
8.996540565536058409e+00
8.601692224888628502e+00
8.698157531054976133e+00
9.129913137538958168e+00
9.007666070483402621e+00
8.667550222189115416e+00
8.602494533139378063e+00
9.005248473050297520e+00
9.145331061289006414e+00
8.732523367534261283e+00
8.728469379029284880e+00
8.989180233900084360e+00
8.745294416139561378e+00
8.829391671897704796e+00
8.591274162334679332e+00
9.012928686451683546e+00
8.818425829331189902e+00
9.004645748044060483e+00
8.869607205878553557e+00
9.051134478541941419e+00
9.245973222819632298e+00
8.911943658547118119e+00
8.837348233143918819e+00
9.134218529904766015e+00
9.092823621208879104e+00
8.988064648740552443e+00
9.029518350226808820e+00
8.735957506407370232e+00
8.570079243100913402e+00
9.158196973119304474e+00
8.789106688997824435e+00
9.065004437477373500e+00
8.988487727430124252e+00
8.689413195387233557e+00
9.155470268859053462e+00
9.380641291237894919e+00
9.122957646382440444e+00
8.669254403670473508e+00
9.230656051920348659e+00
8.852440838440138293e+00
8.915375371136388338e+00
8.997616305491035860e+00
9.209079076195868296e+00
9.155507827338285054e+00
8.901267318124412853e+00
9.024963998302615309e+00
8.466118689559902322e+00
8.960696593931459120e+00
8.928528514023287954e+00
9.144782892332663948e+00
8.962191066035403608e+00
9.087214342709785342e+00
8.782451802171461708e+00
8.669200023285654311e+00
9.092312454473196581e+00
9.176461349400616641e+00
9.189935390783645630e+00
8.880836233729644036e+00
8.869305694570233101e+00
8.693285263250622563e+00
8.765421554587259578e+00
9.691387276879833479e+00
8.899133357018632395e+00
9.228526370751589880e+00
9.166307343574843003e+00
8.823011169518307995e+00
8.560342423784540244e+00
9.091593089154281770e+00
8.853824749787200687e+00
9.098695298269820597e+00
8.694797469856634820e+00
8.795146570105771389e+00
9.413293257631128341e+00
8.840643999942583875e+00
9.181549713701581794e+00
9.105815554644928866e+00
8.685111349394317060e+00
8.896405126820873477e+00
9.248590062174280035e+00
9.359967364079505359e+00
8.689009777673234680e+00
9.045802844363818096e+00
9.387834532066491988e+00
9.092830017255234765e+00
9.169415012702303969e+00
8.796710227474765276e+00
9.180632675541430032e+00
8.962752800391742269e+00
9.269951555032825752e+00
8.690468264679555688e+00
8.765828705284523181e+00
8.978530148768777863e+00
8.705208721501428215e+00
8.978194347125217689e+00
8.964268210349496613e+00
9.124551211460032007e+00
8.842764343405985272e+00
8.882224668419816282e+00
9.175879862231539619e+00
8.874274068985148034e+00
8.999706451380225403e+00
9.129013151669756354e+00
8.769882569402355443e+00
8.572432630096987083e+00
8.842360457188625844e+00
8.942195391144135641e+00
8.989930049202547124e+00
9.273537370069036001e+00
9.256790062343284831e+00
9.035788870869586376e+00
8.757067374248180158e+00
9.050692635493060578e+00
9.157460646814511662e+00
9.583429591413002768e+00
8.637883005521345581e+00
9.248289045285444487e+00
9.401587226594784852e+00
9.013075873254891235e+00
8.769464238232330899e+00
8.908902491823656788e+00
8.638730256478876157e+00
9.115910774627668189e+00
9.089594793772807435e+00
9.091985430378166200e+00
8.968765568010892864e+00
9.630079931535354021e+00
8.960435740092131951e+00
9.276663357141849531e+00
8.937138871144002294e+00
9.278942908693652569e+00
9.275001618353632793e+00
8.920257142650962479e+00
8.847683019501252133e+00
9.150540211787047795e+00
8.903412627776736699e+00
9.307197806694544440e+00
9.196747944951729536e+00
8.784081703865698643e+00
9.100486965847684573e+00
8.883187742509026208e+00
8.632954360843665853e+00
8.550066473311156656e+00
9.134908308848581626e+00
8.778192428250683577e+00
8.895847380534005922e+00
8.913748670089484349e+00
9.025690964586186027e+00
9.193951494890804099e+00
8.895324947159497952e+00
9.150906511924937092e+00
9.188462470387237957e+00
8.814190317123937746e+00
8.940462239477119155e+00
8.731491456408377871e+00
9.302129973241251903e+00
8.942191522748434096e+00
8.900415627717540801e+00
9.075643805105906736e+00
9.052680868784298340e+00
9.158852452175475278e+00
9.091217204647012551e+00
8.896856278301921606e+00
8.832857800438704388e+00
8.948713943410647076e+00
9.591188299149827401e+00
8.622874243178902276e+00
8.953131057467672349e+00
8.786798164329612248e+00
9.327495994869439144e+00
8.713124083097108397e+00
9.098663979245328548e+00
9.526596751623774395e+00
8.908233572653756482e+00
9.099399498050189550e+00
8.745576861507109001e+00
9.117658857504064684e+00
9.119743738694129576e+00
9.054570129299229109e+00
9.019858245885648884e+00
9.453922823031442491e+00
9.327060481587105656e+00
9.115477097932670247e+00
9.256742617427736519e+00
8.908035830100191177e+00
8.964491557854989523e+00
8.630296108831380764e+00
8.983850086347331398e+00
8.999046629467347458e+00
9.025439394264164861e+00
8.580541669891367462e+00
9.099656558956871422e+00
9.211515097786842077e+00
9.182579595231002756e+00
8.766714131154923706e+00
8.992588051367432556e+00
9.166337562077901069e+00
8.816159217309992968e+00
9.216374039209114244e+00
8.989123163950518247e+00
9.227751308865020263e+00
9.232506216118844478e+00
9.150536388468918148e+00
8.817658052869944640e+00
8.968997763524857447e+00
9.120540818003735950e+00
9.542643369017438815e+00
8.808106355641976748e+00
8.807306228904439038e+00
8.966672849345597385e+00
9.087847449939824074e+00
8.723402852745781644e+00
8.859423710545877739e+00
9.290449379671034791e+00
8.768087737035537899e+00
9.010847230142530861e+00
9.197760602414941644e+00
8.905959065018585363e+00
8.960214430599391378e+00
8.821708752934453557e+00
9.181635174756857865e+00
9.166510630652231484e+00
9.143684052144150698e+00
8.522671226896122221e+00
8.979689870194196288e+00
8.814169716675630539e+00
9.216303324312914214e+00
9.009487056849419417e+00
8.695692735659129369e+00
8.897662040751189494e+00
8.825172570387259441e+00
9.602864136145941032e+00
8.716336809268289798e+00
8.993583337415993029e+00
8.930088865364194106e+00
8.895383425921746579e+00
8.981123468316051017e+00
8.968777101544695540e+00
8.989876831791406175e+00
8.732198440763342617e+00
8.901935358313593838e+00
8.806713573371716564e+00
9.158358859048385980e+00
8.947849940806907654e+00
9.204793914328712745e+00
9.089877946631167660e+00
9.230795034590142834e+00
8.783383296404712937e+00
8.859072739569009869e+00
9.046475254646058062e+00
8.789386918624146006e+00
9.158117337996312557e+00
8.791280205740495290e+00
8.757789594604195926e+00
8.673193572891118919e+00
8.945193861583002004e+00
8.897934524128611855e+00
9.011100808204304258e+00
9.119868989163178341e+00
8.973516981308574003e+00
8.775250664125328726e+00
9.300454140752123067e+00
8.856400276012397654e+00
8.696180954996972190e+00
8.572495661638024345e+00
8.866698994847906690e+00
8.810831369011182801e+00
8.613006050541827108e+00
8.616993841777228269e+00
8.839399172298739060e+00
9.224052063155657066e+00
8.910242621684567155e+00
8.908713974827698223e+00
9.415653318118195614e+00
9.521099796268176263e+00
8.969937087198676551e+00
9.049566371407946619e+00
8.999878895786203259e+00
9.442677851573140657e+00
8.613544401122117833e+00
8.662989143252415758e+00
8.971863218271289853e+00
9.014133310429230050e+00
9.582748902025667093e+00
9.095517766927489589e+00
9.696121986085309175e+00
8.988231554881672025e+00
8.593636941905904436e+00
9.602719085936508137e+00
9.161144506607273641e+00
8.309522714910153596e+00
8.662554047777799582e+00
8.986658703416777527e+00
9.045227639055621438e+00
9.035944542876013230e+00
8.614329498253606943e+00
9.463446652607643728e+00
9.545285209667351722e+00
8.987869952610536117e+00
8.814968189720556069e+00
8.644240915967086991e+00
9.087875815536522239e+00
8.990266217366361445e+00
9.262465242176375568e+00
8.708799349348492314e+00
8.859092021820899276e+00
8.723907449016156335e+00
9.229205805263589468e+00
8.907869641373491021e+00
9.064597705188154109e+00
8.968925408709656821e+00
8.935744324425892060e+00
8.649613738110739192e+00
8.932836350771301781e+00
8.881536316442351975e+00
8.844304785688464676e+00
8.805611289018804300e+00
9.124651704473697222e+00
9.437609544451797561e+00
8.551348273650278387e+00
8.751851431280138982e+00
8.656438784537296982e+00
8.659945814952465071e+00
8.877297486801401405e+00
9.145959166999226397e+00
9.292606559358167928e+00
9.575425794862960416e+00
9.387119701645220360e+00
8.732974849528771344e+00
8.908541407216528540e+00
9.028054215659526704e+00
8.787720946339387496e+00
8.931122441151167379e+00
9.093838630218735730e+00
8.882220543812014313e+00
9.126089686344201368e+00
9.695314912931056739e+00
8.759914909493305757e+00
8.846810866853036970e+00
9.082265925499045878e+00
8.882819621644605590e+00
8.570575663703294822e+00
8.566616406862378241e+00
9.331270616801852213e+00
9.275355063854016535e+00
8.607307197615305938e+00
9.142221447639776954e+00
8.786245855547095474e+00
9.049332404896308191e+00
9.189821535078122494e+00
9.259430079200827279e+00
9.324286344222942446e+00
8.921003550439015939e+00
9.052990458967830278e+00
9.069144530846772412e+00
9.020463216599470258e+00
8.740886580748140844e+00
8.708594457755946650e+00
9.016767222948436356e+00
8.375939367713671757e+00
9.025258510109484433e+00
9.375733962547780465e+00
9.053759608417950133e+00
9.059651780008302069e+00
9.502252780589650172e+00
9.248888266637882438e+00
8.596040409757904399e+00
8.840529884844267272e+00
8.894812920733771833e+00
9.523169417871361730e+00
9.313833029172451816e+00
9.133826190974156489e+00
8.808440931969627741e+00
9.359399594646331977e+00
8.959597534842769662e+00
9.017999395651585814e+00
9.229229929179670222e+00
8.530864483968343848e+00
8.765365374847656099e+00
8.654841392951857060e+00
9.144740039776660723e+00
9.032182015062232949e+00
8.952567058696283553e+00
8.711505420660978771e+00
8.592812160517057762e+00
8.924350036253343887e+00
9.069185648770721642e+00
9.063849956803061048e+00
8.831748283801823973e+00
9.422138782400503842e+00
9.062085108747305995e+00
9.235000242841872264e+00
9.431905181202671073e+00
8.912108919012856845e+00
8.865002034332123415e+00
8.858778490499931380e+00
8.853099134032538231e+00
9.497882316560048110e+00
8.997594451918409675e+00
8.796940908329522912e+00
8.764954163257856479e+00
8.917869132260426213e+00
9.297159479032066187e+00
9.147549340564617992e+00
8.961350492069716012e+00
8.862191769585031409e+00
8.340144395305802760e+00
8.929034724291696534e+00
9.343908214981322402e+00
8.612497492624916262e+00
8.536591540220674901e+00
8.964469855509365814e+00
8.979968931916680219e+00
9.122627415548604901e+00
9.153322350889826708e+00
9.456600414753172146e+00
8.973074736502711701e+00
9.285452817428934580e+00
8.991821989853653108e+00
9.232199956203947622e+00
9.055871203719998874e+00
8.782842600346610240e+00
8.762816236784146895e+00
9.284831246056546306e+00
9.151869588244050391e+00
8.563009500806709084e+00
9.042192270529707088e+00
8.603610848602208705e+00
9.021169668982254919e+00
8.988888320241009922e+00
9.572464668443986469e+00
8.926421472030028781e+00
8.676382352007891541e+00
9.179333510970870691e+00
8.800537663231954966e+00
8.928649839635802721e+00
8.614841600077403072e+00
9.004759467079004764e+00
8.936522150613040338e+00
8.737968145771862538e+00
9.059344992414303022e+00
8.830165641148260747e+00
9.192606630732175432e+00
8.573876005091474184e+00
9.182985395375208526e+00
9.576975329452583452e+00
8.840697562942041898e+00
8.954115651392323016e+00
8.745790413471596025e+00
9.228372270464193505e+00
8.853588248438580166e+00
8.883214742005986153e+00
9.074068668788109804e+00
9.309048500997459286e+00
8.919723214190694804e+00
9.010127824715283396e+00
9.091213769260411581e+00
8.789558203636170575e+00
9.103533484831350719e+00
8.463945241183498780e+00
9.063145254797269956e+00
8.664734524558447504e+00
8.411546771437453884e+00
8.604097699099195751e+00
9.212011794241202978e+00
8.923349476197131480e+00
9.048465837585908389e+00
9.092781138447232792e+00
8.963151315860004686e+00
8.911501977236385486e+00
9.397195082164087054e+00
8.246466414923119714e+00
9.040814851179883149e+00
8.884414832795270556e+00
8.792013852480121017e+00
8.934127292992968705e+00
8.983287682441833510e+00
9.765630228908916521e+00
8.903972985362099024e+00
8.780684154370097971e+00
9.128998065339720469e+00
9.034747641706921684e+00
9.165212703735697630e+00
9.252998287329186056e+00
8.834005887641605881e+00
9.059536303307181626e+00
8.676308319127912227e+00
9.443057419172070865e+00
8.990753271663285418e+00
8.590830843792000238e+00
9.122491493037657051e+00
9.223134248394570633e+00
9.568932654245200453e+00
9.212216170980520147e+00
9.168297297446507343e+00
9.113189550588083776e+00
8.807431096036591356e+00
9.033147389654716974e+00
9.347117113027577417e+00
8.961373927489036717e+00
9.095133894938204122e+00
8.828305198126491504e+00
9.253726453086803971e+00
8.966228568957086864e+00
9.060532436139135726e+00
9.110789508384273816e+00
9.019161144672802166e+00
9.066047805352656752e+00
9.133674443053871883e+00
9.118548007443248338e+00
8.982527750145465006e+00
9.088501455380018967e+00
8.966866434830283339e+00
8.880695507974557756e+00
9.166266126459676755e+00
8.790391210005660483e+00
8.732337815647856161e+00
8.988521706165663261e+00
8.852506632076579507e+00
9.157618492510225749e+00
8.754770660085487322e+00
8.462217678429784229e+00
9.039119852510316022e+00
8.405899662579310316e+00
9.268944391014745321e+00
9.130728647912423668e+00
8.884059192773177571e+00
8.524183448850340739e+00
9.155179096861113308e+00
8.981095673732697904e+00
8.559199221903959653e+00
9.047846863510782711e+00
8.924719615757226165e+00
8.655017027431879839e+00
9.081334977790289642e+00
8.985440997025046173e+00
9.288865574075485299e+00
9.031287657918792178e+00
9.129340403826150308e+00
9.064154483103017412e+00
9.027460250387136398e+00
8.731149799040796466e+00
8.555197883895385047e+00
9.069793608858798706e+00
9.222119789679974033e+00
8.548775515907170330e+00
8.809560520567044861e+00
9.054730872440824641e+00
8.888677226747045523e+00
8.526114525555980705e+00
8.704108809362057997e+00
9.062221001409687560e+00
9.350840820518484975e+00
9.325170329728370788e+00
9.063576510244965689e+00
9.198640832410072576e+00
9.256386777505120733e+00
8.675346817675208655e+00
8.284845999249879966e+00
9.057543489048534013e+00
8.435095954613979430e+00
8.892889661348826635e+00
9.021746360452654656e+00
9.463449462808188883e+00
8.822907061168615783e+00
8.706385385966692425e+00
8.961006908019260919e+00
8.501040694663373642e+00
9.090027553469731458e+00
8.394394235726673870e+00
8.849660150839481432e+00
9.026584469643090358e+00
9.423332168305899259e+00
9.476669226320776573e+00
8.515296550134813458e+00
9.414310899139984201e+00
8.752195001111061856e+00
8.648416759126487108e+00
8.407654537012614782e+00
9.234142673238592280e+00
8.768347128626260201e+00
9.350443304061496264e+00
9.307390216402513516e+00
9.250655948369558956e+00
9.099195472287975761e+00
9.349643702539626844e+00
8.654327785820221663e+00
9.261339891358078447e+00
9.110425873800902963e+00
9.369972102149525028e+00
8.394162060027383632e+00
9.146355602648821304e+00
9.465039233259146201e+00
8.940865145139676784e+00
9.249646021908393578e+00
9.061619573032345443e+00
9.069492834476674759e+00
9.240086957459997308e+00
8.948141519394312127e+00
9.433380135254672894e+00
9.081414424349429027e+00
8.985166733392413008e+00
9.404473390189952653e+00
9.341716291676251060e+00
9.175199486238392765e+00
8.907342574017132364e+00
9.340945048637889769e+00
9.165584143392003114e+00
9.183195430619948141e+00
8.995338307384448839e+00
8.982365470023642828e+00
9.059283641885238936e+00
8.805679404461484339e+00
8.789426789304741305e+00
9.096472210531036495e+00
8.947139964154136038e+00
9.148616073009810279e+00
9.267000573266843233e+00
8.857224277586796646e+00
8.815326672550392928e+00
9.040074648139260205e+00
8.845522525091430666e+00
8.608118256011637826e+00
8.764764765309722705e+00
8.968011336850111093e+00
9.063152088544637053e+00
8.513573167513298401e+00
8.571846076632724021e+00
9.386794181936707560e+00
8.811766709849882417e+00
9.465514909402809707e+00
8.922591927419203373e+00
9.124356620609091806e+00
8.794970090015322484e+00
9.029417675858994130e+00
8.883038849316204022e+00
8.467338448898249936e+00
8.678318399435891450e+00
8.682265582259924841e+00
9.043784374110487079e+00
9.383599018594114938e+00
8.673860245300037519e+00
8.429168554309940831e+00
8.628908527983247367e+00
9.028422980464528180e+00
9.245809960557551221e+00
8.657645397244341012e+00
9.165041022205901555e+00
9.136414922233608849e+00
9.502612368192103531e+00
8.823122798315836235e+00
8.692540058547193027e+00
9.012827241907267251e+00
8.972292268923915515e+00
8.981618309599472383e+00
9.306468366033923800e+00
8.594470603530655950e+00
8.914121575612945492e+00
8.807321930731871973e+00
8.743822405336143078e+00
9.464278204963177288e+00
8.906207746451372032e+00
9.182299926321617178e+00
9.333365763608412635e+00
8.951710105585776844e+00
8.975346129623058999e+00
9.368470166680120670e+00
8.873362689561579586e+00
9.108732963824696327e+00
9.222287386193340097e+00
8.849885068173175995e+00
8.744557596379998188e+00
8.727863247224419752e+00
9.245800924193792625e+00
9.253505909205893332e+00
8.570908469567436683e+00
9.069216418231571097e+00
9.107751327885722503e+00
9.527567909340429964e+00
8.887799850424251247e+00
8.910280462945856073e+00
9.071917409827582546e+00
9.182560819473575719e+00
9.225439124387188272e+00
8.840898722186304681e+00
8.664724269417666491e+00
9.017630781821951658e+00
9.366056115201217835e+00
8.970633287862495919e+00
9.112009087292463505e+00
9.110428088267711999e+00
8.877202926303368713e+00
8.567878779240107434e+00
8.927076701507973056e+00
8.720353920925225211e+00
8.623952518656896160e+00
8.609521186425372008e+00
8.630724330906357267e+00
9.148418975015362165e+00
8.837968149811221252e+00
9.061447064157118092e+00
8.650398165486127056e+00
8.823271108672445351e+00
8.667668051232121584e+00
9.045355372880072409e+00
8.999677466998345921e+00
8.565562913326514760e+00
9.195467832660835228e+00
8.524702870003018518e+00
9.245591141144769765e+00
9.051847103932608718e+00
8.808471032334360018e+00
8.659057507938225484e+00
8.539471499251540365e+00
9.064922537482766884e+00
9.198003678727999954e+00
8.561363890815826494e+00
8.915576328721803279e+00
9.052999740816224161e+00
8.809688618753733991e+00
8.773837816023926095e+00
9.479367288997941898e+00
9.132708589118363918e+00
9.114034122771734303e+00
9.041732634925091716e+00
8.826983629195913394e+00
8.708589834298679833e+00
8.253747677953219508e+00
8.686044428517051941e+00
8.791871804199427487e+00
8.858884790886088823e+00
9.133613663491811252e+00
8.998230485943883750e+00
9.083192358249588594e+00
8.952033922066313210e+00
8.757879071469352183e+00
9.056990859750806422e+00
8.819062533481538679e+00
8.551349732205641985e+00
8.973187952852871518e+00
9.009663678354757010e+00
9.006936131870096673e+00
8.534661391347761139e+00
8.901750873284328236e+00
8.817304468448371679e+00
8.896041256075465142e+00
8.892838124973012626e+00
8.045164654981125096e+00
9.192846572437682440e+00
9.112937567906747915e+00
9.097580598434184651e+00
9.292195347003223915e+00
9.222069985417071791e+00
9.241645865507470248e+00
9.105079356310161742e+00
8.933342042722255627e+00
9.036740309800986637e+00
8.784840545001983969e+00
8.658218623488979304e+00
9.407553125344396250e+00
9.008997066273824572e+00
8.732359793045471719e+00
9.359057782148797244e+00
8.913367439734759756e+00
8.968576428996225758e+00
8.679333434328544428e+00
9.303414914135226255e+00
9.013591666154727733e+00
8.616461046542699620e+00
9.107633865950937491e+00
8.519260426498172833e+00
9.146789040092125234e+00
8.939884337335231024e+00
9.297611243743423515e+00
8.949659192894458215e+00
9.090449312748457800e+00
8.756974721876616741e+00
9.322404527361916493e+00
8.829419042515239013e+00
8.696202285147638378e+00
9.625460827420024401e+00
8.971725273712252147e+00
8.814279743595616168e+00
8.531143253042406727e+00
8.493135566626673238e+00
9.016463440394550943e+00
8.607628901004162003e+00
9.405431636330920497e+00
8.886920557525527897e+00
9.384354829825015898e+00
9.070837552373511414e+00
8.969739115421251796e+00
8.970807548973414924e+00
9.218370321380445986e+00
8.819234092260078484e+00
8.743301151996517362e+00
9.690854522059485276e+00
8.872040746468565331e+00
8.745626214300623147e+00
8.898743691669912081e+00
8.664029939163992111e+00
9.090999959909366268e+00
9.280082107552361848e+00
8.557626081804764695e+00
8.557373698552977359e+00
8.556640951016220242e+00
8.755350187439805865e+00
9.130099442592401360e+00
8.970427589136100721e+00
8.725580789294847150e+00
8.622875626937636540e+00
8.960204772293034026e+00
9.227152272236722297e+00
9.175519416046078902e+00
8.918744831619228819e+00
8.728956173737072888e+00
8.797883654319448965e+00
9.205585790200302654e+00
9.212863875618943155e+00
8.947189235070242219e+00
8.740920550121535015e+00
9.022075525608391544e+00
9.360626893901871526e+00
9.350137106073153959e+00
8.860693483633150791e+00
8.650419906378729706e+00
9.128958282041212513e+00
9.141940315728753319e+00
9.039025354440305193e+00
8.977367300944585793e+00
8.971452737497999763e+00
9.105308899653309140e+00
9.030748218529279114e+00
8.914825674412842460e+00
8.941397318462405153e+00
9.478236422157220176e+00
8.907912058124257015e+00
9.335916957881801537e+00
8.714150310544891198e+00
8.947604112120279396e+00
9.088952499076190961e+00
8.723053213611100531e+00
9.039376056956617944e+00
9.141497546964776788e+00
8.405223713628554805e+00
9.360094542738227830e+00
8.988719842977459962e+00
8.793347079746281381e+00
8.913447091283908108e+00
9.314490521183984129e+00
9.151916071088182392e+00
9.220462507279719944e+00
8.766476548337321262e+00
9.527407389955540040e+00
9.008894572514662968e+00
8.686340748194588457e+00
8.766248247590873177e+00
9.294182200199465171e+00
9.063794902040930523e+00
8.894764674589119124e+00
9.031547634181492867e+00
8.832942297953298549e+00
9.294365468448415157e+00
9.027091052153902950e+00
9.286027948035092905e+00
8.892794459986150812e+00
8.717185903657009405e+00
8.653491787383218892e+00
8.857520001136011345e+00
8.908914625005472487e+00
9.247766490637120640e+00
8.807520943489764775e+00
9.120958029394166999e+00
8.876570339413769162e+00
9.151324824057912366e+00
8.909509495611754204e+00
9.296951756204888895e+00
8.493601354085004829e+00
8.882739584992139115e+00
8.864606366349377709e+00
8.833917777844403574e+00
8.905814805635763776e+00
9.013799221919025939e+00
9.189815885599776024e+00
8.756326489827356951e+00
9.166155660850215270e+00
9.121405651955384997e+00
8.988664541112170170e+00
9.015039075268978408e+00
8.702395173004051188e+00
9.269337125111736242e+00
9.354468357633885844e+00
9.069649092607537710e+00
8.790190735701296276e+00
8.840762166116595822e+00
8.599188867797156632e+00
9.214007684082407224e+00
8.501014184651442207e+00
8.793341523781490920e+00
8.897603298348615297e+00
9.373512885661918759e+00
8.595603263387097570e+00
9.195521597884594556e+00
8.737644315007990770e+00
8.998948316975507566e+00
9.409684609480523321e+00
9.501523922678085654e+00
8.844133329987913683e+00
8.685225364588871955e+00
9.227677208623452643e+00
8.783141923401903028e+00
8.964161325540223046e+00
9.098187767350339072e+00
8.576821629529726820e+00
9.059664208724695911e+00
9.116242628028292216e+00
9.006681325576893826e+00
8.835243433755911369e+00
9.147027981516851369e+00
8.993195123453903150e+00
9.425279949149608427e+00
8.967265636070219870e+00
9.128064209786408867e+00
8.369200908871318845e+00
9.388886902457546313e+00
9.439649050335093605e+00
9.149027262103754055e+00
9.049901627786692160e+00
9.103629080466321355e+00
9.176970666176874403e+00
9.065421882056728720e+00
8.976756799095344519e+00
9.289339714524645686e+00
9.176326226646981610e+00
9.084693099751554257e+00
9.105864079887027174e+00
9.084602007799855272e+00
8.668372181482613570e+00
8.998416705281607975e+00
8.690598054976966580e+00
9.046489438717399523e+00
8.999627250650330978e+00
9.492292278229454539e+00
8.686054507186831586e+00
8.933730621698327212e+00
9.387138766613409402e+00
9.201776007548071235e+00
9.069229399246326651e+00
9.133318727761322364e+00
8.609550748728471703e+00
9.116921211620914178e+00
9.033021594634959683e+00
8.668158218370864532e+00
8.811766021172481089e+00
9.399360072598506477e+00
8.876660273604988660e+00
9.235685709533282051e+00
8.975373127428559528e+00
8.734232576635946543e+00
8.181462351989592818e+00
9.107761461287552152e+00
8.933502787907457332e+00
8.675672239277409048e+00
8.910287187207416082e+00
9.011295003497796330e+00
8.707771376632441829e+00
9.007594912393084741e+00
9.224060023857719059e+00
9.075536221580597029e+00
9.221915603538890949e+00
9.100658541770838994e+00
8.770260988579071437e+00
9.047580147436667275e+00
9.437035363369068008e+00
9.081935522082764223e+00
9.292169266001495842e+00
9.201219590412369698e+00
8.903765622039648164e+00
8.858098819530408008e+00
8.887442603460552704e+00
9.242280638228168144e+00
9.181551973671020050e+00
8.805555103923593308e+00
9.130239820511315330e+00
9.067936016308069114e+00
8.787908850086440182e+00
9.407973822051554080e+00
9.054128592588313040e+00
9.100899882542821118e+00
8.980193672425249574e+00
9.053293975017838946e+00
8.776692302023391790e+00
8.673331254902135967e+00
9.076819676357779088e+00
9.075270091573173659e+00
9.026325236250903217e+00
8.902348521926695568e+00
9.011573365383144463e+00
9.182241587472464772e+00
8.876531384923653789e+00
9.310262410286275880e+00
8.951519513498494618e+00
8.805337645589650819e+00
9.100046949294364751e+00
8.940769377609402824e+00
8.861901250622901571e+00
9.324127096614462928e+00
8.836386703692225453e+00
8.620746581498712757e+00
9.044631126185048942e+00
8.756845418922992508e+00
9.336644962477219423e+00
9.289468805857174161e+00
9.179150352370378130e+00
8.899441733448830050e+00
8.635052522075053361e+00
8.805356614630779788e+00
8.904269583399296195e+00
9.256989490787765007e+00
8.837837036067018204e+00
9.076385889454064326e+00
9.147322725723796566e+00
8.750083436700961670e+00
9.061588637540504365e+00
8.999294089676444841e+00
9.444800282470122710e+00
9.194495858867353988e+00
9.198010284362378997e+00
8.727481247085533411e+00
8.705069544705482443e+00
8.959366827220806684e+00
9.225465592546514770e+00
9.010160859542390099e+00
9.054618620024379894e+00
9.336178810492393509e+00
8.977529684459453208e+00
9.161650187979134330e+00
8.967475997512215358e+00
8.977632247744212535e+00
8.941500983655750190e+00
8.827152631772438696e+00
8.990143365275669041e+00
8.944602869959206615e+00
8.662544371548749567e+00
9.326993018332021990e+00
9.326106542314260395e+00
9.064741169153331057e+00
8.921020711003741610e+00
8.895920593651805319e+00
9.222560200006553188e+00
9.010131035627997775e+00
8.849399672130223493e+00
8.630153838584742942e+00
9.117720252228663114e+00
8.589903889144865801e+00
9.193192222295516913e+00
9.233511759736098057e+00
8.601092318493185118e+00
9.252377204254372600e+00
8.679994158844225538e+00
9.526332466112307884e+00
8.503141511639348948e+00
8.943756802776334780e+00
8.863331798758235180e+00
8.744481511695569864e+00
8.768436208648516583e+00
8.773024196114324269e+00
9.222616235509649485e+00
9.111347985448238873e+00
9.068017388818320867e+00
9.129569358525213119e+00
8.872824868838550927e+00
9.179706013846551826e+00
8.862054521888724778e+00
8.846400370291071624e+00
9.195230243819631610e+00
8.666931694486002868e+00
8.982017675385550959e+00
8.931359622582764501e+00
9.028416546951513411e+00
8.688002984356998581e+00
9.091315376423306560e+00
8.877660796828092060e+00
9.309917954362367354e+00
9.131988161431417339e+00
9.290025578154853747e+00
9.522741141070456550e+00
9.088059793015331067e+00
8.530036175278207011e+00
8.746695344287315876e+00
8.707450764589442116e+00
8.721771324960837291e+00
9.285127790961160699e+00
9.015836234486323875e+00
8.824565720442704375e+00
8.693002960194100126e+00
8.473599358787602398e+00
8.817692445474495599e+00
9.063620410439215291e+00
8.435916639272997841e+00
9.539475445371204287e+00
9.480503290939230610e+00
9.056614737769804080e+00
8.687583032193732180e+00
9.097670861879375792e+00
8.426712891102363656e+00
8.832964603387555513e+00
9.489281846533918596e+00
8.821573595658042777e+00
8.941247615067126731e+00
8.582325663020956341e+00
8.756661601249788873e+00
8.977037196949359199e+00
8.741249317631650584e+00
8.899316453456460607e+00
9.182038054736857191e+00
8.951199697968885260e+00
8.565252339704498397e+00
8.927651118835836286e+00
8.744807897923372764e+00
8.955193924727266719e+00
8.901559239807317780e+00
9.218425292515169289e+00
9.199960166611207413e+00
9.157436539602556991e+00
9.078155866947390962e+00
8.996141860075994146e+00
8.948313640510265898e+00
9.031646089297247215e+00
9.179815098874350099e+00
8.876549325333794371e+00
9.383470585457436286e+00
8.627121084287926678e+00
9.240912176269510780e+00
8.928041441014482160e+00
9.162138171628551930e+00
8.777303174572793409e+00
9.049137180917650625e+00
8.918816439764412962e+00
8.882880969790084791e+00
9.138660900071897686e+00
8.902349872423707566e+00
8.997533824480640874e+00
8.951714201071963473e+00
8.891899501912183368e+00
8.922743835056806461e+00
8.509493851480618432e+00
8.722006088696247161e+00
8.868317833950145612e+00
8.852790642742050409e+00
9.065062959422405697e+00
8.680592752646527188e+00
8.971187836348171629e+00
8.746285514776234393e+00
9.099043078927921968e+00
8.938790764846441306e+00
9.424659709416479458e+00
8.939168159622976617e+00
9.071958465458195064e+00
9.236097254754795927e+00
8.995153585881157099e+00
8.787386042952578080e+00
9.015922980563029654e+00
8.978908651126975116e+00
8.842398131913764558e+00
9.036355960761547124e+00
8.850154377258531824e+00
9.096728831731750731e+00
9.265512600738038174e+00
9.349268338782831478e+00
9.236404901033086645e+00
9.090534579413629857e+00
9.064654180694466490e+00
8.733295306319480034e+00
9.124267857399512849e+00
9.035469956089338339e+00
8.736223926335403789e+00
9.042274945864276603e+00
8.997442349843616682e+00
8.730877197919594934e+00
9.098760006774332609e+00
8.554656988699553821e+00
8.447496221807067940e+00
8.588572093357985437e+00
9.017095276880068511e+00
8.982098238406562629e+00
8.869951911312952575e+00
9.488368723722301112e+00
9.139328882592987924e+00
9.143580172774694148e+00
9.087413691311265751e+00
8.520758154629396230e+00
8.975690447322362431e+00
9.057115965302060090e+00
9.310864135591017998e+00
8.903292893373924599e+00
9.036940623512563775e+00
8.869782402146304534e+00
9.184602561446947533e+00
8.359738920658763561e+00
8.584570110221902084e+00
9.327285685298297935e+00
8.936264153994397219e+00
9.037767094575514193e+00
9.159692066506847752e+00
9.151513027691850155e+00
8.659295605533273488e+00
9.266416686948145909e+00
8.977440893617924189e+00
8.833530926438696085e+00
9.313132119259972086e+00
8.958213604630767435e+00
8.868860434377584312e+00
9.141480623432190811e+00
8.834348421660898509e+00
9.161393069146887669e+00
9.133147290670384777e+00
8.952147323687499991e+00
8.662726670944820739e+00
9.204278807736166357e+00
9.290063439043986904e+00
9.424034813849003100e+00
9.460277013873126251e+00
8.815616376208435412e+00
8.847630164131292219e+00
8.974801130330998689e+00
8.763840995949511381e+00
8.856542794035918931e+00
8.962018058957646360e+00
9.382071011830465324e+00
9.130629304355769804e+00
8.742827153042643573e+00
8.988275528250140312e+00
9.180174290939870474e+00
8.540093811311445293e+00
8.686535926967099641e+00
8.731691582277804287e+00
8.575905210531738376e+00
8.898873801123489358e+00
9.182072735411891173e+00
8.829322822133441662e+00
8.998381861161146134e+00
8.803222144240239189e+00
8.910907992782425069e+00
9.232929444841603939e+00
8.815508753494246008e+00
9.047215239744248905e+00
8.847477007464961574e+00
9.107604850033466093e+00
9.200899721197016490e+00
8.905219809225952687e+00
8.828867779684232531e+00
8.931005003880258641e+00
8.802565240668238644e+00
9.346231727926385346e+00
9.005952217606319365e+00
8.920250636565182134e+00
8.926631675192524540e+00
9.766856312072421886e+00
9.007260005663697555e+00
8.584231320929657016e+00
8.829196336817284774e+00
8.935915244493235932e+00
8.568436436089429620e+00
8.765717881283675794e+00
9.243403644477934833e+00
9.302871131886755407e+00
9.215715913375897017e+00
9.255492638589842613e+00
8.910589644992127134e+00
9.113425091588208460e+00
8.773726699520885575e+00
8.788586875450564051e+00
8.917410146783836922e+00
9.118461871154419640e+00
9.044024223345308755e+00
8.998771624995848484e+00
9.173169866049663668e+00
8.742386199578286110e+00
8.846424119383330620e+00
8.854789750803332637e+00
8.915176967278339859e+00
9.249353629607503180e+00
8.831146451639350303e+00
8.839884669249199689e+00
9.111592551411064278e+00
8.744743350322636388e+00
8.858180241269822730e+00
8.771204133523513136e+00
8.863083167932057194e+00
9.086847045446308613e+00
8.989903251551620400e+00
8.941573736452525623e+00
9.223437847120262489e+00
9.077677441451781348e+00
8.686543218893197249e+00
9.226613140421683568e+00
8.827466056238282732e+00
9.084076048100451217e+00
8.910114023406521255e+00
9.089544752567960018e+00
9.160781037304705166e+00
8.950053314121941384e+00
8.889266305064763785e+00
8.830117120716002077e+00
8.972716846228278698e+00
9.205422431550736917e+00
8.380777320282795984e+00
9.173834429242027966e+00
8.682690780903007166e+00
8.895746998838868436e+00
9.142156155510203774e+00
8.668258689420282437e+00
9.101532551318188169e+00
9.069107115673705977e+00
9.202039168707235817e+00
8.993858715427133887e+00
8.938885478742415458e+00
9.100662585024911877e+00
8.865480327796253945e+00
8.890016428210257615e+00
9.178149494390234864e+00
9.052158768710976133e+00
8.774014495638947864e+00
8.775039924253103862e+00
8.835965079534132016e+00
9.237335968623092697e+00
8.570235507100953498e+00
8.982730772409070141e+00
9.135957574957695115e+00
9.110794069092124303e+00
9.375827986604683417e+00
8.793502578870532105e+00
8.939291597121778565e+00
8.965468070048881799e+00
9.339672867933149547e+00
8.680297510973026931e+00
8.874324587920634499e+00
8.479139560994063629e+00
9.087405845063475596e+00
8.849633502729666645e+00
8.818355556858202604e+00
8.896036099077027970e+00
8.773851845395210347e+00
8.798905685092105244e+00
8.756940974092660923e+00
9.078337445312925524e+00
9.058944240405994108e+00
9.105907815976422626e+00
9.153088780723720674e+00
8.838340375100065316e+00
9.315925390708120091e+00
9.011034811942399969e+00
8.796136895237701481e+00
8.781333118196629428e+00
9.020445266471517343e+00
9.170453268509190181e+00
9.403743329587687327e+00
8.770357172589044126e+00
9.002343943495988654e+00
8.928108353900425342e+00
9.185938979500663848e+00
9.028073242622067340e+00
8.870144508594647093e+00
8.914673454648811557e+00
8.888127601933794253e+00
8.656509910801011287e+00
9.014396536228266754e+00
8.882143094329288502e+00
8.842605482115512672e+00
9.144741941514469730e+00
9.290145480242166798e+00
8.907602457033284793e+00
8.793209586138095446e+00
9.046961531664265976e+00
9.203337165893382021e+00
8.952967556679100269e+00
9.168932106947790928e+00
9.072078530616741077e+00
9.082988042912294446e+00
8.922697501585265201e+00
8.728295438293400821e+00
8.910542919696906594e+00
8.837491124614698990e+00
8.951821821680820079e+00
8.983860219098179556e+00
8.775248637769740512e+00
8.609920362908791702e+00
9.000557688060631278e+00
9.080671468279494007e+00
9.102293270268479120e+00
9.186958005823351314e+00
8.754042878717818610e+00
9.058579013392030532e+00
8.926097863105049157e+00
8.994383096389388044e+00
9.316969195438716156e+00
9.112598713996032274e+00
9.237260288362513450e+00
8.630671007317539889e+00
9.052291024632131311e+00
8.919373399575544425e+00
8.765801557632913799e+00
8.649531734318786746e+00
8.706178082171428301e+00
8.900818485746890829e+00
8.968352458559660789e+00
9.122756874839458519e+00
8.878150648869494788e+00
8.990885806503888134e+00
8.787299908913034585e+00
9.198763434399428007e+00
8.890152026973536792e+00
9.535170216184820191e+00
8.534588356119714447e+00
8.811135182607916505e+00
8.870865428989647583e+00
9.409029652599814497e+00
9.222279045651001539e+00
8.595837696148146634e+00
9.169961968494126481e+00
8.765632525804338826e+00
9.392429634656334514e+00
8.856590644800238721e+00
9.072577641048708230e+00
9.052613715872281475e+00
9.005764687718858852e+00
9.256300189908429843e+00
9.104295551959115329e+00
9.127973731072286157e+00
8.988632469625487786e+00
8.984782905780598128e+00
9.031898726504783426e+00
8.847581058794283138e+00
8.775569698042446021e+00
9.027827466569389614e+00
8.926899724974054706e+00
9.021850149112776052e+00
8.588309062252797332e+00
8.702396050560741614e+00
9.267243473245693863e+00
8.625514818584356647e+00
8.898817864503151043e+00
9.079322006618490093e+00
9.087048571346015180e+00
8.938894336501956417e+00
8.965093366233084282e+00
8.899814100542798201e+00
9.418387907129803338e+00
9.552946992377616908e+00
8.944033028095057958e+00
8.652220147904088776e+00
8.835241290596760777e+00
9.344280344756098700e+00
8.971081175865075252e+00
8.647667432443471469e+00
8.948576276103320737e+00
9.003472352668763889e+00
8.861345686794287246e+00
8.816924899026224338e+00
9.197805305114954422e+00
8.892157617819107074e+00
8.922891340679200312e+00
8.845177281554549964e+00
9.166393958500924199e+00
8.983005318480371315e+00
9.002165712392507402e+00
9.213531480428857279e+00
8.934126025394313331e+00
8.906473451934783014e+00
8.732853470896026593e+00
8.559161963828398001e+00
8.929626747796973518e+00
8.895234583543500051e+00
9.063767009642498707e+00
9.157196619088203704e+00
8.829492933205951744e+00
8.817705364222131692e+00
9.205692206759426455e+00
8.882292366969577913e+00
8.902668152655511591e+00
8.692090862673756746e+00
9.065068948780838909e+00
9.118749996182692996e+00
9.140246652375683567e+00
8.666799639484461082e+00
9.175897545713622705e+00
8.909385164883289576e+00
9.562332002220387039e+00
9.779783670626343905e+00
8.800560747825855401e+00
8.766131147999850270e+00
9.284573228508682163e+00
9.122527225682810936e+00
8.979984071633026588e+00
8.631575669468647405e+00
9.059257364534101242e+00
8.508595820166016566e+00
8.711390708089199464e+00
9.094381875489847999e+00
8.819639370862812910e+00
8.896403732818553678e+00
8.755866918601986626e+00
8.899172441849021453e+00
8.364917655455302636e+00
8.748778555827321668e+00
8.849088189421026485e+00
8.687989639433737921e+00
9.089631655100124163e+00
8.897062370319032354e+00
8.886118180163304459e+00
8.828797286692660506e+00
8.675765451422270402e+00
9.046834870696580211e+00
8.973804442222515831e+00
9.202234284417334820e+00
9.206543820581417847e+00
9.040638935108686880e+00
9.121977064917683009e+00
8.675503321022379311e+00
9.135619807962743977e+00
9.073600620383352577e+00
9.172299547803804742e+00
9.074529398561992366e+00
9.142627757295755941e+00
9.228706650367016096e+00
8.918149103600251593e+00
9.002317420094428257e+00
8.600230998911204239e+00
9.157198005505497562e+00
9.001338543358508915e+00
9.246765951364809055e+00
9.022767090307327820e+00
9.012874851241718943e+00
8.810711829149919794e+00
9.197985483274377927e+00
8.992357784008206067e+00
9.340857101890259528e+00
9.104795684663606892e+00
9.080867986247792345e+00
9.097784011598905707e+00
9.034248220089500236e+00
9.234707085954870109e+00
9.219949224449411673e+00
8.870094068710248081e+00
9.278635052492751001e+00
8.860401604382332152e+00
9.073895104423865376e+00
9.521671191144822188e+00
9.097616368260158737e+00
9.230703439589145631e+00
8.754583131345455627e+00
8.966118576088950576e+00
8.882761600375877364e+00
8.793785754953566070e+00
9.003059371960789647e+00
9.357157232040487216e+00
9.044446133322994186e+00
8.515814667875416077e+00
9.152064939923709730e+00
8.854271886268815450e+00
8.957716646053858867e+00
9.042439144645031845e+00
9.133059729394206627e+00
9.103924974437555662e+00
9.006649750340713467e+00
9.304643833715266155e+00
9.111764437914896320e+00
9.028621118357136766e+00
8.771138373790703824e+00
8.860917674462369220e+00
8.944650382269037081e+00
8.975404430918766607e+00
8.959164312945340214e+00
8.876979895153912281e+00
8.890138736634336070e+00
8.871052459095857046e+00
8.842514850496554502e+00
8.896782419961187571e+00
8.803538967034668872e+00
8.760195716734155980e+00
8.866812897098887092e+00
8.979049810015910182e+00
8.889267516464567365e+00
9.053095408049079751e+00
9.088386693839753505e+00
8.938713254380875384e+00
9.150621102201892398e+00
8.708746449852009519e+00
8.999243566511372805e+00
8.626178333653308883e+00
8.932681040198591660e+00
8.948872412919495645e+00
8.962470990587254605e+00
8.678911889124941936e+00
8.744627550399345139e+00
8.852312048742497552e+00
8.833085098518631995e+00
9.035960792744406334e+00
8.833756677010644154e+00
9.052361079605875105e+00
9.099918998261509628e+00
8.608005697046213101e+00
8.569414619364369656e+00
9.119167107228291158e+00
9.262905291886662340e+00
8.857251197470057846e+00
9.112493478267492009e+00
8.884679643437083385e+00
8.901136741564373622e+00
9.068920302891168461e+00
9.471820886264314510e+00
8.778749505702561962e+00
9.109591030570282300e+00
8.609374189292680057e+00
9.143147549697124177e+00
8.809536317034147856e+00
8.597953900480849398e+00
8.618472418141172042e+00
9.180538929567614304e+00
9.053898616485518858e+00
8.788748055904330059e+00
8.849353378283918659e+00
9.607840261753930022e+00
8.746669919913157898e+00
9.405877875850404024e+00
9.196039837190172150e+00
8.873525535608706605e+00
8.675770824289967820e+00
8.803466882141139038e+00
8.969742952590250340e+00
9.365719333433663252e+00
8.843163835474886270e+00
8.805042679221271484e+00
9.207672238358464156e+00
9.049568642477067826e+00
8.670251588173513824e+00
8.992738243596793524e+00
8.858824672045315651e+00
9.039893502064062503e+00
8.950547531618070707e+00
8.993391654879586028e+00
9.331851125134081215e+00
9.056601541339269090e+00
8.769138597213929742e+00
8.901909945680724690e+00
9.015454065716184573e+00
8.884398636086826784e+00
9.087854506251680675e+00
8.862092955055230092e+00
8.997901305581574860e+00
8.885034427841940641e+00
8.948445841268627632e+00
8.764227928753347996e+00
8.910100304742853083e+00
9.177276150608486560e+00
8.944051967958692728e+00
9.007857887158158050e+00
9.066411761004859571e+00
8.772187571956120422e+00
9.383520402780032299e+00
8.811134859170156375e+00
9.138207843053960389e+00
8.962963350891717695e+00
9.097469117344665790e+00
9.092890006652941892e+00
8.826620836419003524e+00
9.056952463430356204e+00
9.079406718552336386e+00
9.038103541016642595e+00
8.882203241761441603e+00
8.969576540285387978e+00
8.786085532418464794e+00
8.749776764373777382e+00
8.402508746284818031e+00
8.945275617476960761e+00
9.066647531261306625e+00
9.057971838701366352e+00
9.268601945932275044e+00
9.213888496051017896e+00
8.978385023172700485e+00
8.577939532979673487e+00
8.823189846682192083e+00
9.214778762409673973e+00
9.325996678394334438e+00
8.821299242191404488e+00
8.957449667952673167e+00
8.929463354481514514e+00
9.566534430255533294e+00
8.397714685322279493e+00
9.452751568253344061e+00
9.271623396767315839e+00
9.117650697390724090e+00
9.189417082684617100e+00
8.541025922841075868e+00
8.906683036270377940e+00
8.856166304104446496e+00
8.979843392010467440e+00
8.654396937558223257e+00
9.103473668679280095e+00
8.909990000808221566e+00
9.310410972375784411e+00
8.968472573132634906e+00
9.033451228629530760e+00
9.187304455736558850e+00
9.056570239285145263e+00
8.727446524195814348e+00
8.643635003927160554e+00
9.068863936222442135e+00
8.799868230786662693e+00
8.880492217475438821e+00
8.879526378071389558e+00
8.789072136493922827e+00
8.840057344921413929e+00
9.457373481457032938e+00
9.265801546820252810e+00
8.890638059171212859e+00
9.024451394921984004e+00
8.981660266976147611e+00
9.139915462720423989e+00
8.833943144383221480e+00
8.679126226107843678e+00
9.070445712895581991e+00
9.114722540777362880e+00
8.995006302518502750e+00
8.945338832675238550e+00
8.630241294900221405e+00
8.755766148858064923e+00
8.926679511822189994e+00
9.077788035887373042e+00
9.222923379358288543e+00
9.055790252886547265e+00
9.050115564300636350e+00
9.024841250897287281e+00
9.042614918036852245e+00
8.894828658594459370e+00
8.859550578664650899e+00
8.900480643800197100e+00
9.087115490773140181e+00
8.742045165966976228e+00
9.472738351441179816e+00
8.829202570041262632e+00
8.727806391945634346e+00
8.983926987636049688e+00
9.098080825015701478e+00
9.504794382475793668e+00
9.124804410377414854e+00
8.941788840833456931e+00
9.000558550226799071e+00
8.991758049920424156e+00
8.750523691474061394e+00
8.991708426314550806e+00
9.116121487517951039e+00
8.652829970809811755e+00
9.079370234560094843e+00
8.565009959885893309e+00
8.670763936236912883e+00
8.776360954024317707e+00
8.982274540086951475e+00
8.598726897381830270e+00
9.131240760174296867e+00
9.296465519679355083e+00
8.608578010756565035e+00
8.611358220826206278e+00
8.964012750578548960e+00
9.230967547927132699e+00
9.100257231166750671e+00
9.115141746368086828e+00
9.069128589784948957e+00
9.173788496344078780e+00
9.001918943806265005e+00
8.873654649555488660e+00
8.730037648350581492e+00
9.144472056878855781e+00
9.156112816067727422e+00
9.084800193657150302e+00
9.077482399982702788e+00
9.358860442447417327e+00
8.861297663139735548e+00
9.495010095368476399e+00
9.070534979078436422e+00
9.026265402339953781e+00
8.796590536907814339e+00
8.874943600324277426e+00
8.789003526117721066e+00
9.059910766999362153e+00
8.942774097966987412e+00
8.995899372471974687e+00
9.180180750267629364e+00
8.977654507880730606e+00
9.189368660899580377e+00
9.136666689777564798e+00
9.184742466481218059e+00
8.897827307493269444e+00
9.051569271067993583e+00
9.107163750267169178e+00
8.805187548410048137e+00
8.703921433629250970e+00
8.777560786105793156e+00
9.212502822237009781e+00
9.197503510093198997e+00
9.250922274085587205e+00
9.073458240779318729e+00
8.568363930524075300e+00
9.097233899986429506e+00
8.918811343133302927e+00
9.101832162820354455e+00
9.057620995837794453e+00
9.077642706186930255e+00
8.759747784986640085e+00
8.800542872436206920e+00
9.079859696075081033e+00
8.867020511365403479e+00
9.296227995899199570e+00
9.013492552920180145e+00
8.906786510471620844e+00
8.654527718648514778e+00
9.244300043384100718e+00
8.824632157240600350e+00
9.128744445677302366e+00
8.989409973985431179e+00
8.830939719231482243e+00
8.778793137524807833e+00
8.977627009892827914e+00
8.995105927407934132e+00
9.181929036066534877e+00
9.113737502528538315e+00
9.100349956104071936e+00
9.035953305679504055e+00
8.495030730258513074e+00
8.842725863518754892e+00
9.108969946622064384e+00
8.944216853922236865e+00
8.663387681623946790e+00
8.898364944870076343e+00
9.042672342282463305e+00
8.684513047145628661e+00
9.194441994996823908e+00
9.258152171923221374e+00
9.100068301288345651e+00
9.214139162130395633e+00
8.620034245280409735e+00
9.276497360189956964e+00
8.736263052498266291e+00
9.185352742992810349e+00
9.017435925211328751e+00
8.845528613141176777e+00
9.076709529209479044e+00
8.901024986574206821e+00
9.285092683154282156e+00
8.921635136174549174e+00
8.954774952890355522e+00
8.895005212612950629e+00
8.903197491423860299e+00
9.089111848481575606e+00
8.923040951169085133e+00
9.146397323792763601e+00
9.071544616203556899e+00
9.020285985053989819e+00
8.853799042344562054e+00
8.823922341286269955e+00
9.345958397129059847e+00
8.964912895690495986e+00
8.978284203556949450e+00
9.024037984497880416e+00
9.429378600907769581e+00
9.215502958299968128e+00
8.747315575958996448e+00
8.830690855209892831e+00
9.011206893700157039e+00
8.975817113278221626e+00
9.079623666176399155e+00
8.653727104599465036e+00
8.966480420200150903e+00
8.484432993568185921e+00
8.966389175627677233e+00
9.025906767897032168e+00
9.361270916004315268e+00
8.839054544634331378e+00
9.158775403871546317e+00
8.843133654528783083e+00
9.091853591722836470e+00
8.899485456689506080e+00
9.245357078545520579e+00
8.743385254250076954e+00
9.021945231509180374e+00
9.377037411108455345e+00
9.257294093643738009e+00
9.287268612262664647e+00
8.826168079770434716e+00
8.809661706641579215e+00
8.533047839837685444e+00
8.466986175097323652e+00
9.201598953944840176e+00
8.556829724010485805e+00
8.834543307080599206e+00
8.911202433182790372e+00
8.887326955820915586e+00
8.585843682439007196e+00
8.841072551042964633e+00
9.093860957816700008e+00
8.957123574535755139e+00
9.042053210748500547e+00
9.129342634568857306e+00
9.408415108793636961e+00
9.229485191546883627e+00
8.982093739876406246e+00
9.109943962524361893e+00
8.867280354134546627e+00
9.263051894737367675e+00
9.449513144292939870e+00
8.978737476460562306e+00
9.207185231213221854e+00
9.037974492173512786e+00
9.152244042201340690e+00
9.097756973731989660e+00
8.766950807627562625e+00
9.155460096066793341e+00
9.170180434861679331e+00
9.459661405628581932e+00
9.397877370354512649e+00
9.105632241464572729e+00
9.261817209126519401e+00
9.101584465267871238e+00
8.714467238417308081e+00
8.896636274211919826e+00
9.228307759472782479e+00
8.870140802434402616e+00
8.964821160775581887e+00
8.915336252246936155e+00
8.724781110501735881e+00
8.850650947647915601e+00
8.890371864238115762e+00
9.188555723811244746e+00
8.688436118869224956e+00
9.064633388526589286e+00
8.632459321381022121e+00
8.959617817071169554e+00
8.744498628761636638e+00
9.291561155316067300e+00
8.771142180898225504e+00
9.053116018044967461e+00
9.067765242619982402e+00
8.931760243284079692e+00
8.534256577358583229e+00
8.634366944771524999e+00
8.792418620674546048e+00
9.080906516856392940e+00
8.667736034218798125e+00
8.824964169870360919e+00
9.041755937151632949e+00
9.057256181442829401e+00
8.669924974669623197e+00
8.746597535099427390e+00
8.821470809382164546e+00
8.640550903871128341e+00
8.690810403718138843e+00
9.033126750008296568e+00
8.879468957560666453e+00
9.021093795313317898e+00
8.829837372450208832e+00
8.773616968781167813e+00
8.751681872710614485e+00
9.141788308384771966e+00
9.119968931495991527e+00
8.659513468438762018e+00
9.103698472146886544e+00
9.005537459754339835e+00
8.767433547420377948e+00
8.762847637953036894e+00
9.165421728296676562e+00
8.943721554952158925e+00
8.534246049355294517e+00
9.259207198312706666e+00
8.950177355771145926e+00
9.108529249882497680e+00
8.961646287781741549e+00
8.933960128883676077e+00
8.308206279889915891e+00
9.437729034610530476e+00
8.984135666246134022e+00
9.345577529489279556e+00
8.891113456655764580e+00
8.827022456631747005e+00
8.931774377141714183e+00
8.660540767317696620e+00
8.725244128503877761e+00
9.149151205205768633e+00
8.933818929644774087e+00
9.274280011142121083e+00
8.954304431803565834e+00
8.718491141330229510e+00
9.163704337477371453e+00
8.864613569385531022e+00
8.537157504087865334e+00
9.417301204033702078e+00
8.797226494835879151e+00
9.282786883324391169e+00
8.677665410458752504e+00
9.161325298739372514e+00
8.995207233470260633e+00
9.115120362658721831e+00
8.768748639604849515e+00
8.864664936379689664e+00
8.949517474828361685e+00
9.402857137034979829e+00
8.983464451905090797e+00
8.903826099241383574e+00
8.772141717009885653e+00
8.722492460213073784e+00
8.583186251333406958e+00
8.793100538860201709e+00
8.819936008833389351e+00
8.510262037585142991e+00
9.374850868914135660e+00
9.299367558405164047e+00
8.903663602588657966e+00
8.876322290477439481e+00
8.912234736051857453e+00
9.093463682423100991e+00
9.242623536208325774e+00
8.986423576268521174e+00
9.124531088489034047e+00
8.707488311670234182e+00
8.968276950582357188e+00
8.971359423116242127e+00
8.820367054278088759e+00
9.424655886127334625e+00
9.045290717299486971e+00
8.737635076984156868e+00
8.853304083685934245e+00
8.863229670983699293e+00
9.120037561922430314e+00
8.777063259149459284e+00
8.753115468602056026e+00
9.097881533535566945e+00
8.646167635580027877e+00
9.094414221521290642e+00
8.478622753175637072e+00
8.915403153826423122e+00
9.014293720183299996e+00
9.000804730892623340e+00
9.339147292342735440e+00
8.377236311473328811e+00
9.106064028906420305e+00
9.366395305423035111e+00
8.414632032773239345e+00
8.761360028509278308e+00
9.209503818692924781e+00
8.803228920410994363e+00
9.020284261611697829e+00
8.479757837035350576e+00
9.039375538757854045e+00
8.749549115236332497e+00
9.092410644969357136e+00
8.912933751788646219e+00
8.901269499255702655e+00
9.272704567083721372e+00
9.153845114387110016e+00
9.155373038699352151e+00
8.552208742241665718e+00
9.190890947044756842e+00
8.865053465042985081e+00
8.835050763081225611e+00
8.985048944035721519e+00
9.119447138039534551e+00
8.850332029598700245e+00
9.037751007589060137e+00
8.550867838320957759e+00
8.947573366852514809e+00
8.843421524390445043e+00
8.774700232271410272e+00
9.151522298129950883e+00
9.129384652049322924e+00
9.556508380898694810e+00
8.932105427991448465e+00
8.953307045896981009e+00
9.051148441887827190e+00
8.593225783958626351e+00
8.789088249872376579e+00
9.188844144817728932e+00
8.909961345650760478e+00
8.805368827397918707e+00
9.443324562793712573e+00
9.023274767419088960e+00
8.430741821833464655e+00
9.332770197307914017e+00
9.164767144962571166e+00
9.142780136686909032e+00
8.871525745705650223e+00
8.616440116927869042e+00
9.165703948799832190e+00
8.968866912567078131e+00
9.429917529068239546e+00
8.904492456741648354e+00
8.482353391901124695e+00
8.876264782793978014e+00
8.869222578662162348e+00
8.894368741903429409e+00
9.148593599905391116e+00
9.314682188080631420e+00
9.279793504897064338e+00
9.358746190093890860e+00
9.189090178760139338e+00
9.238879934710325870e+00
8.933135897834496575e+00
9.219515489986495282e+00
9.325135821494367150e+00
8.715317245438496840e+00
8.924847715409924831e+00
9.018792665312028944e+00
8.815229722229137366e+00
8.592506437074767689e+00
9.076852352198098828e+00
9.153693228172741669e+00
8.997153203509189012e+00
9.184376580171354831e+00
8.539480493301903508e+00
8.969859171140031506e+00
8.910454599241928619e+00
8.819328396964360550e+00
8.714283313422047428e+00
8.855629186732766556e+00
9.492939505238391362e+00
8.941995458315895817e+00
9.122357716955489693e+00
8.891501013695753741e+00
9.085600529663313552e+00
9.307050857456687254e+00
9.020838255803143468e+00
9.200432529550267802e+00
8.606718617880943611e+00
8.972490901196302104e+00
8.828829277860888780e+00
9.229122275203648584e+00
9.182578876306498827e+00
9.002725761708806118e+00
9.015154987880613646e+00
9.029855152517129113e+00
8.635585149349831013e+00
9.162989156470843000e+00
9.148162611060511651e+00
8.625464363410610957e+00
8.833950886227277977e+00
8.969721101909559735e+00
9.233845511786149984e+00
9.043373278356066081e+00
9.297829810625310998e+00
8.343744146768877101e+00
8.876731117630935586e+00
9.075116406146355175e+00
8.695800708622437369e+00
9.325697153785483806e+00
8.388882110470065712e+00
9.189007877544888458e+00
8.792379025535948855e+00
8.941604510571275810e+00
8.962135440006651521e+00
8.785206540263834185e+00
9.070686082741035605e+00
9.340061301925977943e+00
8.876946353633984543e+00
8.975723822589495526e+00
9.289288557612325192e+00
9.079629836296760459e+00
8.808337368391118360e+00
9.122099166075610555e+00
9.075194035795037806e+00
8.848682499707207327e+00
9.459615427874634719e+00
8.947848901783718389e+00
8.816996779564302500e+00
9.114247466834877187e+00
9.215411049359861551e+00
9.086211371577080698e+00
8.590297748930742827e+00
9.056891825781734795e+00
8.955230993375318249e+00
8.979046223381747183e+00
8.918560360300562095e+00
9.181975721209003183e+00
9.189338160065204875e+00
9.020281629738795104e+00
8.706183698635674872e+00
8.967947144304792673e+00
9.271041384084782067e+00
9.127121585347099497e+00
9.433609288504761992e+00
8.576894156235269406e+00
8.928830590958694913e+00
9.007166426303793827e+00
9.038328263784178418e+00
8.518810978266232681e+00
8.754526208848112390e+00
9.172829163690447984e+00
8.562824719896413583e+00
9.274082043444110468e+00
9.053890002745681898e+00
8.679507806560012639e+00
9.030467999463709816e+00
8.933998540135336341e+00
8.918207402583023580e+00
8.840193789794822621e+00
8.986087511976005970e+00
8.741564085787290495e+00
8.534752394394056196e+00
9.635180223875817518e+00
9.158911831705889739e+00
9.172341628760138477e+00
8.490513266224034794e+00
8.906063251116425050e+00
9.100428521135711435e+00
9.050640971568686410e+00
8.929446430938172696e+00
8.838811805772593289e+00
9.103959142651019576e+00
8.977477286162690362e+00
9.177802578851249393e+00
9.045528128556094671e+00
8.951600375506004070e+00
8.963726807085528492e+00
9.404079337588189702e+00
8.637831882863675759e+00
9.240939151676544228e+00
8.374340246082899952e+00
8.860505497086260007e+00
8.975335130601630240e+00
9.257835670658534966e+00
8.786102508319123316e+00
8.753879674096674890e+00
8.900681351556530174e+00
8.945029630563364975e+00
8.810121197823924888e+00
8.708510366269502256e+00
9.071589971236848626e+00
9.423251997622521969e+00
8.451747136330309829e+00
9.162630904089983375e+00
9.153508066981252966e+00
9.300330804729187051e+00
8.917242338745763774e+00
8.989723798702049962e+00
8.268741604217691332e+00
8.629098092452281321e+00
8.963300987847146573e+00
8.858167477339929263e+00
9.411475402380464317e+00
8.796415353989258890e+00
9.084379082054384824e+00
9.258853745513832223e+00
8.640228035437594656e+00
9.053452737146923113e+00
8.984138481162043277e+00
8.699368922537031423e+00
8.795697724520085359e+00
8.840831677699501512e+00
9.162511632806099371e+00
8.702001845033516148e+00
8.827346873102660751e+00
8.912403028471439725e+00
9.330406507774231528e+00
9.496835941682055804e+00
9.296542189909100529e+00
9.268440804400411182e+00
8.725583311673931419e+00
9.233117171814374302e+00
8.820263121666030770e+00
8.872524426476337212e+00
9.169348505890646095e+00
8.560167211054501735e+00
9.074355231945968825e+00
9.230806749056922555e+00
9.079943198761952772e+00
8.950292521971366710e+00
8.608227679755410477e+00
8.925086756726164694e+00
8.683541501711689037e+00
8.888742791402911791e+00
8.668960624329420384e+00
9.216591468545482613e+00
8.918350371009527322e+00
8.928566036372551196e+00
8.963880134976029979e+00
8.534287196090819094e+00
8.562246241801229729e+00
9.184701709320808760e+00
9.182736357942303584e+00
9.130231162631789132e+00
8.975111051444741861e+00
9.002602458061897295e+00
9.664391892295693509e+00
9.271407977106694176e+00
8.851856982517110950e+00
9.221061346585566199e+00
8.776242186708257620e+00
8.361526485371895134e+00
9.021784567070360694e+00
9.152776186970232430e+00
9.636164612478911096e+00
8.668781713305842018e+00
8.686229431513233123e+00
8.790702431398663919e+00
8.945977038038247287e+00
9.117092769428760235e+00
9.315235106536276177e+00
8.942961395119116474e+00
9.393422970518477300e+00
8.730887590104474683e+00
8.881098496505993367e+00
8.984447354015562937e+00
9.071452492781123311e+00
8.968029040683067166e+00
9.239446362545415070e+00
8.777008568188012561e+00
8.678368586777665428e+00
7.961304932939909484e+00
8.901914560278919808e+00
9.146272392435729870e+00
8.946924830136174123e+00
8.901150339807031742e+00
8.810486224333237359e+00
8.879622031043599151e+00
8.828146424756090127e+00
8.866635563462894609e+00
8.649179460582967494e+00
8.977707329064639197e+00
9.279953663271410136e+00
8.912860781644566188e+00
8.884472508832530480e+00
9.182543595267178560e+00
8.751237309620412574e+00
8.899641045363589242e+00
9.228596345656463029e+00
8.875365541284082838e+00
9.093470462128063758e+00
8.973484770381087827e+00
9.173705643834209056e+00
8.929377604087775921e+00
9.055467691635742611e+00
9.038348609873146700e+00
9.132194368325860623e+00
8.634473946948796552e+00
9.411434488499642370e+00
9.282381230161226071e+00
8.994541616681281937e+00
8.433502229291363506e+00
8.598546357499220250e+00
8.735543084406325320e+00
8.714857771441465673e+00
8.826834237204217004e+00
9.070523791313167550e+00
8.875500140688311390e+00
8.885703540619969587e+00
9.243613880678344330e+00
8.421564591909945108e+00
9.038478545606912107e+00
8.668400500075287951e+00
8.951715026114742457e+00
9.277864604065515053e+00
9.058926073874635776e+00
8.927702413526867886e+00
9.252218460674898282e+00
9.209297490830071098e+00
9.025153471794068238e+00
9.485703739469894202e+00
9.235153659873104104e+00
9.066202677030819501e+00
9.140175815921296021e+00
8.807706405190989685e+00
8.832990258753474322e+00
9.044835462301078266e+00
9.442278851656119798e+00
9.099922458553036719e+00
8.722988325509730245e+00
9.106580489845480741e+00
9.369612608032083401e+00
8.534941290367076050e+00
9.023905683437693170e+00
9.032510411440002329e+00
8.631577764224266147e+00
8.815160347967404775e+00
8.476178801869050261e+00
8.781052625002832457e+00
8.874998719676638004e+00
9.168676553740528590e+00
8.558733381228462278e+00
8.467241418154726418e+00
9.183146989278705874e+00
8.355675720506777537e+00
8.812010180059983711e+00
8.956194539470107685e+00
8.562977394491392502e+00
9.360434333218320191e+00
8.857937731047911711e+00
8.747639078030919890e+00
8.940087053708236198e+00
8.683134569558866644e+00
9.785764157838881871e+00
9.128522225481985330e+00
8.846620391873818434e+00
8.631051368749664832e+00
1.005212085296026459e+01
8.766781590193764018e+00
8.498595684906076642e+00
8.694278521860146824e+00
8.571612713312273257e+00
8.974112552459743597e+00
8.301683249195663805e+00
8.672498206911175345e+00
8.832042814767692818e+00
9.546630663227009705e+00
8.874899955090473469e+00
8.719182241018856416e+00
9.102931893829788734e+00
9.155590741790517129e+00
9.493623005753786259e+00
9.213605718474843442e+00
9.504429977105361971e+00
9.129910912014951307e+00
8.845775539113498454e+00
9.237593627375042971e+00
9.119242950592477470e+00
8.803968847762195793e+00
9.262969368647693713e+00
8.922968463963126595e+00
8.747706752740148417e+00
8.635639347930760934e+00
9.442180109293866863e+00
9.100087978693679247e+00
8.366483638367306241e+00
8.935616428476162554e+00
8.778682652450275015e+00
9.291530646875576949e+00
8.684856246995435569e+00
9.061589321387094387e+00
8.745363030214981848e+00
9.066447270522349555e+00
9.032732517412782158e+00
8.558669537222828083e+00
9.350419730346155589e+00
8.803999413427909815e+00
8.369445672474238762e+00
8.773341672368005106e+00
9.170411595424655005e+00
8.554067502865441597e+00
8.966284477494129490e+00
9.161085493736196739e+00
8.658534185348660372e+00
9.160367030926661158e+00
8.775028385500331041e+00
8.621831705595010220e+00
8.410427505794203284e+00
9.135236877382201470e+00
8.758291954387516398e+00
9.692600669327569918e+00
8.736679439187179597e+00
9.538359816817195025e+00
9.050467218056180485e+00
9.244030824174645389e+00
9.233247195556195663e+00
8.989736319335747794e+00
8.552834598600997040e+00
9.485709370813520280e+00
8.110565862198228615e+00
8.790385190774543389e+00
8.274505349968091394e+00
8.667608079536856636e+00
8.689369658360712734e+00
8.799290021528157979e+00
9.726010258718551071e+00
8.420290327264048358e+00
9.624358401871367263e+00
9.142407460375453709e+00
8.445991420952676521e+00
9.173035147215538032e+00
9.276034412456805711e+00
8.958857115157682571e+00
8.368355042260585464e+00
8.273762743765471939e+00
8.822555675249571294e+00
9.189871613963450869e+00
8.622617045332464869e+00
9.524017545109591865e+00
9.485899037667460121e+00
8.907423435209073759e+00
6.057342773271384040e+00
2.325656537741383811e+00
