5.010531662855679258e+01
4.600000000000000000e+01
5.050789092269747016e+01
5.053277928713697520e+01
4.599999999999997868e+01
5.221021366840991362e+01
4.600000000000000711e+01
5.204940203362000517e+01
5.115652302520177841e+01
4.883985214298510158e+01
4.997264477016035045e+01
4.600000000000000000e+01
4.996871996935126248e+01
4.600000000000000711e+01
4.855729307988826093e+01
4.741861783809924447e+01
4.768414207447959541e+01
5.126988142407937232e+01
5.312825836358320686e+01
5.168608807460621790e+01
4.934919405538525439e+01
4.963006122127670494e+01
4.791535039303494159e+01
4.799615378105175267e+01
4.704908334867985786e+01
5.264274567588557829e+01
4.907929925658592651e+01
4.876034655834849474e+01
4.899999999999998579e+01
5.100000000000000000e+01
5.100000000000000000e+01
5.223965344165150526e+01
5.122887171884865865e+01
4.865228610321940295e+01
4.889261854337848945e+01
4.931223094642578531e+01
5.031041991543600744e+01
4.754718658854442026e+01
4.837496119066421585e+01
4.908440520818396635e+01
4.830999605272604214e+01
4.720993870741653353e+01
4.982569420537100058e+01
4.599999999999998579e+01
6.168490712583542290e+01
4.600000000000000000e+01
5.241145180996849717e+01
4.857370090942595198e+01
4.766350056341023844e+01
4.999660826311564676e+01
4.600000000000000000e+01
5.218686388836313483e+01
4.600000000000000000e+01
4.977414859491423016e+01
5.103768744636991528e+01
4.600000000000007816e+01
5.717301118362691170e+01
