2.564479286921326562e+01
2.526867578154573835e+01
2.506398573974221122e+01
2.514192665643395230e+01
2.576596221974451240e+01
2.418122973349776572e+01
2.552744078199479816e+01
2.493288904926836125e+01
2.479298313892387640e+01
2.510185228228980137e+01
2.475243014270742847e+01
2.439235205972084586e+01
2.432266231292509318e+01
2.579269238859231450e+01
2.430044223110463264e+01
2.477462044873571045e+01
2.528298232577032678e+01
2.538484887268345247e+01
2.493122068495821964e+01
2.417807752324676329e+01
2.502822107120845985e+01
2.461859487118470113e+01
2.504081121162846557e+01
2.460106195346654445e+01
2.423803755186557041e+01
2.506013028544385435e+01
2.443016121663185203e+01
2.473338745683738793e+01
2.506834368416614112e+01
2.550337700097282934e+01
2.474024632326953466e+01
2.471023722693879776e+01
2.464458105053253334e+01
2.543662900754987888e+01
2.515860938596790675e+01
2.524908953366112385e+01
2.506498062873558297e+01
2.533384450723447401e+01
2.398879651736422147e+01
2.492426349463207202e+01
2.505700279081791138e+01
2.568266919037601426e+01
2.524915025108520794e+01
2.464167404494003932e+01
2.577778456824570341e+01
2.568610089881340386e+01
2.503967913364352071e+01
2.465331860279775356e+01
2.556146570667091211e+01
2.500136973521084371e+01
2.525436012593503676e+01
2.568457517349575525e+01
2.477564842555416647e+01
2.548240141198552067e+01
2.457684732135929195e+01
2.564071268373106705e+01
2.459587059393075137e+01
2.514259844702993263e+01
2.530177381338052101e+01
2.460783416412881053e+01
2.419868014268298850e+01
2.523183926994975224e+01
2.579955848505218796e+01
2.502977178654595392e+01
2.508876533166410638e+01
2.600594347502451242e+01
2.513467379881037189e+01
2.532329924485208394e+01
2.472031994353877948e+01
2.524523152221709665e+01
2.469402341211316454e+01
2.503744492934522725e+01
2.485493032634240151e+01
2.386170852874269244e+01
2.501231157102742486e+01
2.488700264276714336e+01
2.470802930755592897e+01
2.491789052385810521e+01
2.435703103311882955e+01
2.504503061398137831e+01
2.443850355213774606e+01
2.474998444428940658e+01
2.509888132956727347e+01
2.540526830888630627e+01
2.479779971920851267e+01
2.481792170334847114e+01
2.516290461389752053e+01
2.554253887235935139e+01
2.490351096722238822e+01
2.471553196547300146e+01
2.523638746536174793e+01
2.512458333927109777e+01
2.485362366861190608e+01
2.510191929854977388e+01
2.560681798498145412e+01
2.529953575697540202e+01
2.465956401495277817e+01
2.570896399565703661e+01
2.584712923613263769e+01
2.541056186776126324e+01
2.498544632326508363e+01
2.460327976764277835e+01
2.549448464188975194e+01
2.480498313387464293e+01
2.442742250773548562e+01
2.439185055922856904e+01
2.541429777604107443e+01
2.535574834241387876e+01
2.497904246461714095e+01
2.432534913628453310e+01
2.554662785650850765e+01
2.455288828461105766e+01
2.472645784544776149e+01
2.410892239481169597e+01
2.491382549947297420e+01
2.477620035382867769e+01
2.462718927518286094e+01
2.547674578989159144e+01
2.449321129880185310e+01
2.595881943767700406e+01
2.424845271838267635e+01
2.433876676861814659e+01
2.465354102856396779e+01
2.519558193695979043e+01
2.509526980970859711e+01
2.485961087364600530e+01
2.547083420358846340e+01
2.478063043004065946e+01
2.546439727233597239e+01
2.458754042551321817e+01
2.580950989004453433e+01
2.417817486385576942e+01
2.475978014928127280e+01
2.538742763433088356e+01
2.484359303813841180e+01
2.430687501316014831e+01
2.488697717629337092e+01
2.510297461295522936e+01
2.416470795627015633e+01
2.433328077611072615e+01
2.500595039707705425e+01
2.547752672855118306e+01
2.512128514419864445e+01
2.511484318481895173e+01
2.463959980985932319e+01
2.469024812082257725e+01
2.417678374456760082e+01
2.489096072692107597e+01
2.533850003765525472e+01
2.454884748138560013e+01
2.579268184003628406e+01
2.472257819887984809e+01
2.523171880214122709e+01
2.545449145016097248e+01
2.535908413472704837e+01
2.498709978143667598e+01
2.467701722921315621e+01
2.487022376667316692e+01
2.525216435710074592e+01
2.480133375089264902e+01
2.488624516004081855e+01
2.381949189846880444e+01
2.496463149451239971e+01
2.628351804326251440e+01
2.493817852604124141e+01
2.449497412904932148e+01
2.519707067468751660e+01
2.408111026835983637e+01
2.445570911099317968e+01
2.516819619756941862e+01
2.521666441859128938e+01
2.472935638150102378e+01
2.530339403911456841e+01
2.476464640982230137e+01
2.461539569288874318e+01
2.485348189352654558e+01
2.508293469929438047e+01
2.520986028095864384e+01
2.458956846218464065e+01
2.490780772219386918e+01
2.496148205874784409e+01
2.445275129375123413e+01
2.596491014512450235e+01
2.508618406636867704e+01
2.486793896603985132e+01
2.473096663636414760e+01
2.493503944124374527e+01
2.545372724359335237e+01
2.565064888067144011e+01
2.517889613862344333e+01
2.432953285763133877e+01
2.480677931794346591e+01
2.403026086607570733e+01
2.500758984762450154e+01
2.491879918821193485e+01
2.524631207101330688e+01
2.540843277739978845e+01
2.486236417569424972e+01
2.504091383291763506e+01
2.468474586013278227e+01
2.469943180912322589e+01
2.501751653061663916e+01
2.547950820131199023e+01
2.490307239198011757e+01
2.505224349095922776e+01
2.405348299072177198e+01
2.486112437181138901e+01
2.492317088194721109e+01
2.430879591759424230e+01
2.426679809977807523e+01
2.442139752268541386e+01
2.476625408372609627e+01
2.535323446888943977e+01
2.414925378759104646e+01
2.488504009369450287e+01
2.516914378700897004e+01
2.452920649944412190e+01
2.470780299670658309e+01
2.463471831830275249e+01
2.510371105289774363e+01
2.423838201143991000e+01
2.434051839814117102e+01
2.528223752142175584e+01
2.467821936119617021e+01
2.442668402539304395e+01
2.558205209809596070e+01
2.420832307035647446e+01
2.477141847881550518e+01
2.510858437746462002e+01
2.492870355245083758e+01
2.471048487528313586e+01
2.548270713390907005e+01
2.477806674594870984e+01
2.497285412343310895e+01
2.522072758800205960e+01
2.526946700843213378e+01
2.450531123695378355e+01
2.524229083524418726e+01
2.592232936158814383e+01
2.448659674459697300e+01
2.455323020288330937e+01
2.545163313867358923e+01
2.438693967812800878e+01
2.506045458496383915e+01
2.435714384832567347e+01
2.464385553495515779e+01
2.548571115647547103e+01
2.507368018668054432e+01
2.511491045557873036e+01
2.473015489046796134e+01
2.511260163751360608e+01
2.451573016038218000e+01
2.503155089061162286e+01
2.516818465058375764e+01
2.519706821901649008e+01
2.548911496686303835e+01
2.561584143121078228e+01
2.542498764933898769e+01
2.499673995662818982e+01
2.519194116299251718e+01
2.507730583460068630e+01
2.424110110348254565e+01
2.455460123668560612e+01
2.454024316183046395e+01
2.540361425529295047e+01
2.498357404941928195e+01
2.501651553213390144e+01
2.543356633511499965e+01
2.526746942864030743e+01
2.485982214751793151e+01
2.466210142761846313e+01
2.558843472957158127e+01
2.440810669926230503e+01
2.525520173729965023e+01
2.485465576286409117e+01
2.423999600989297321e+01
2.521580492285128372e+01
2.553704401151550840e+01
2.516412525932146949e+01
2.575405926160896541e+01
2.502587814493399776e+01
2.484525010658637001e+01
2.566002080685755971e+01
2.501289287752333834e+01
2.509977862836703011e+01
2.544655759790704508e+01
2.423123218996784800e+01
2.480679042282261548e+01
2.466177833445259893e+01
2.530377353566953502e+01
2.523589318412507154e+01
2.543502165926645375e+01
2.464504577500148486e+01
2.414164497888395644e+01
2.498396980761035735e+01
2.534375848332760839e+01
2.510429765881754349e+01
2.426016288822552980e+01
2.542615390061470038e+01
2.465511042454436463e+01
2.524697706285851950e+01
2.498263179983903015e+01
2.496121915525561974e+01
2.525405156667799034e+01
2.430693979739396227e+01
2.550810557935592016e+01
2.568791641257425695e+01
2.544927620696535087e+01
2.541110397385534014e+01
2.467563422611221924e+01
2.510656252821671330e+01
2.439880180742486715e+01
2.569183362164605811e+01
2.554396326544713602e+01
2.442718886253588195e+01
2.469065433525479847e+01
2.441717964353266623e+01
2.428610808406287447e+01
2.462401567366359956e+01
2.561496685766013215e+01
2.532729295462914365e+01
2.430488091864819467e+01
2.485833060289824914e+01
2.517819446396213223e+01
2.498830404910061986e+01
2.568904286084564603e+01
2.598546753185597424e+01
2.379847641211382481e+01
2.467295426929528546e+01
2.456519996787721993e+01
2.509624707781046382e+01
2.493710538567397705e+01
2.543341017245978009e+01
2.479416652208782779e+01
2.521666406258731286e+01
2.462800036196349396e+01
2.490519474822688650e+01
2.492900201200952637e+01
2.531784119706823688e+01
2.448921589720864844e+01
2.568815330114063045e+01
2.479246504412686747e+01
2.545168508423664377e+01
2.495942883813171065e+01
2.571960843748227887e+01
2.525002894020008526e+01
2.522652290034289635e+01
2.553659188327362628e+01
2.480531235519737976e+01
2.520995977402936461e+01
2.444836700560504994e+01
2.472229253110493374e+01
2.458821172104471131e+01
2.531995072216059484e+01
2.501244014323999210e+01
2.503120921321018955e+01
2.542720448065799133e+01
2.488166684197841505e+01
2.539763296260133174e+01
2.439274054793200364e+01
2.488548163987984907e+01
2.494313660909769226e+01
2.502535397169182474e+01
2.577456939977007266e+01
2.604463876565577252e+01
2.495978974987965415e+01
2.511786239906078677e+01
2.367514149653186095e+01
2.450252106685309528e+01
2.437211110186895979e+01
2.474268902830080918e+01
2.520951820629482043e+01
2.535636890169415736e+01
2.567122447952383268e+01
2.424291123444812968e+01
2.453183711827952607e+01
2.540080461011181612e+01
2.531884369509625543e+01
2.497145960601230996e+01
2.551855930231647562e+01
2.507354040744714041e+01
2.401414486099207934e+01
2.469337117799056358e+01
2.512528705977157628e+01
2.458990851317550153e+01
2.500733836688689138e+01
2.526425005691252679e+01
2.309788696740969272e+01
2.445293781976229042e+01
2.534203064821962670e+01
2.543129102697853483e+01
2.394910702656469681e+01
2.538448266166204803e+01
2.435283528562866096e+01
2.442720851085644895e+01
2.485393796244533604e+01
2.450380274229720001e+01
2.430757821286970355e+01
2.551189589394565971e+01
2.439765999571702082e+01
2.483405380123479489e+01
2.500910786173360023e+01
2.511231569346919201e+01
2.519258853976463897e+01
2.540820939361842434e+01
2.464438050457714624e+01
2.465094778716136048e+01
2.485839313487124613e+01
2.501799463994250772e+01
2.471991739718404091e+01
2.564422607870638160e+01
2.562794071007522945e+01
2.504314499967933116e+01
2.417446235921583408e+01
2.540416508566850595e+01
2.425812013309504778e+01
2.461349363065553320e+01
2.521711046351428820e+01
2.461896656280740814e+01
2.448737253882828568e+01
2.468627480961254861e+01
2.569803969021799972e+01
2.474058573614260226e+01
2.467554769806913484e+01
2.584874414482126781e+01
2.521834625390519591e+01
2.486695354749728182e+01
2.452355436422532264e+01
2.475087292885790546e+01
2.461404602228592609e+01
2.412736228553825413e+01
2.474846638656053344e+01
2.455541504476756742e+01
2.498432814645586220e+01
2.538890634274009983e+01
2.453719389765698722e+01
2.451122080121203339e+01
2.453035828708356547e+01
2.465047161601489378e+01
2.498997142668758897e+01
2.497183542752358321e+01
2.509624782409911248e+01
2.618717486127298599e+01
2.504287146941427267e+01
2.532884833975721506e+01
2.517366779913902164e+01
2.557273805559693258e+01
2.424347456440714410e+01
2.518188756425732677e+01
2.519401145756618376e+01
2.464587710668390841e+01
2.416770982937520884e+01
2.569825851616728585e+01
2.495495805416153345e+01
2.462266585951785203e+01
2.529247276244618803e+01
2.556770211495382128e+01
2.526793283300211357e+01
2.513280118520128070e+01
2.475021128067846377e+01
2.478174577960485081e+01
2.507403399035337799e+01
2.474255843528966636e+01
2.462714517931746272e+01
2.468640277797328153e+01
2.612156421203895817e+01
2.509305519449523558e+01
2.546650625287524150e+01
2.514373483213942251e+01
2.543841190447539091e+01
2.585354880507803443e+01
2.458306454462625013e+01
2.509370475929387467e+01
2.465177800037195865e+01
2.478239650130123550e+01
2.517147799434084376e+01
2.599726068009989532e+01
2.465421512085664446e+01
2.582205238661384072e+01
2.500442380856700808e+01
2.540517117232163713e+01
2.541150914104312264e+01
2.500915480035448013e+01
2.551515327757025275e+01
2.548967159903593327e+01
2.484457819909786380e+01
2.422785505625035185e+01
2.402974646809045112e+01
2.526443104300519238e+01
2.440337240887015113e+01
2.444838534322636292e+01
2.562379555510734619e+01
2.529361789627628454e+01
2.493046481189765728e+01
2.503501761773928180e+01
2.502100576811790233e+01
2.516611841701847396e+01
2.487355468538814307e+01
2.475005717128492932e+01
2.530529401728210459e+01
2.458123437667463307e+01
2.504477393008825103e+01
2.440298403682080419e+01
2.559820677191865812e+01
2.532595623599246437e+01
2.518181343587261622e+01
2.488940097523756734e+01
2.542110381392400598e+01
2.499196746643838551e+01
2.515473922945013641e+01
2.484569675505446540e+01
2.509320172193613629e+01
2.478509527006647772e+01
2.540837556845816536e+01
2.472970146327943652e+01
2.427906892496823943e+01
2.491665641372911821e+01
2.433280984896406451e+01
2.527189589372454748e+01
2.428913004256434505e+01
2.464063346723014192e+01
2.439418907082218979e+01
2.477446683149402773e+01
2.431214195108908527e+01
2.426408091633376074e+01
2.411072143021648273e+01
2.428356871639982373e+01
2.555122795042700190e+01
2.466933422658987496e+01
2.525837082387866417e+01
2.485325571697142877e+01
2.486257888956576778e+01
2.470324584196272255e+01
2.518181597095302848e+01
2.580413415822652823e+01
2.510069766654877199e+01
2.520468957496309415e+01
2.510956407717652894e+01
2.560438888374196864e+01
2.492087122521617104e+01
2.530930265687210934e+01
2.422423803651847152e+01
2.485239071953013479e+01
2.500739966769219436e+01
2.506488194128241176e+01
2.476249763189979447e+01
2.458405568449641621e+01
2.490654045247115533e+01
2.492666856561555022e+01
2.475983647351258909e+01
2.615403528615666318e+01
2.471043421134427831e+01
2.468477929026883544e+01
2.532411066967953417e+01
2.493783307834531726e+01
2.499287553494811576e+01
2.503870127089565756e+01
2.469340711036034364e+01
2.495681944832380239e+01
2.438788491208824283e+01
2.507008203701910176e+01
2.523478232326472792e+01
2.459709054191806743e+01
2.457917293247247414e+01
2.539859380800724864e+01
2.429885220237946797e+01
2.521395747299703061e+01
2.494027726543636092e+01
2.540585532249591694e+01
2.480640137642076937e+01
2.504810422259922120e+01
2.550393758743202355e+01
2.489381718221699558e+01
2.512420556879019173e+01
2.493785580932554069e+01
2.429882356572849034e+01
2.481187943210632341e+01
2.522047041013466284e+01
2.461727385697739834e+01
2.514437702268621777e+01
2.509448389530043499e+01
2.561833105543961864e+01
2.555682230153789192e+01
2.491847544678945070e+01
2.465702920733528813e+01
2.475529274021544879e+01
2.500903395049649802e+01
2.560275573897310508e+01
2.497402310222433641e+01
2.495518934578032955e+01
2.459732142343811034e+01
2.484196311416441461e+01
2.482543813370975982e+01
2.480645378225070274e+01
2.513946403634558635e+01
2.451618378948250410e+01
2.530593718103659739e+01
2.511028521193893326e+01
2.560348052412051345e+01
2.577438716215149483e+01
2.529401150045733360e+01
2.522753004429311119e+01
2.509819039388983342e+01
2.505129863037092264e+01
2.445009919351678818e+01
2.523293787129225763e+01
2.505316434862499975e+01
2.491870070319837893e+01
2.424044848907774252e+01
2.491633363670975143e+01
2.483044291718578478e+01
2.447606446277139725e+01
2.464401603910316751e+01
2.505274606785826208e+01
2.537005254918582153e+01
2.517489018643038534e+01
2.433403222594654025e+01
2.499798518978970563e+01
2.536233867174347267e+01
2.499225153043304815e+01
2.469387906162836899e+01
2.569624370081795206e+01
2.502676340606891969e+01
2.481244000895860680e+01
2.469320501074812668e+01
2.524861547933484474e+01
2.536634449567319294e+01
2.575816531168100099e+01
2.502649812893255898e+01
2.491344680043946269e+01
2.462209554402257794e+01
2.580572093664641642e+01
2.555814352027416447e+01
2.511984854839962722e+01
2.508663340794726793e+01
2.522595297916481627e+01
2.472451701412376934e+01
2.496968094164939700e+01
2.491621444075579106e+01
2.457070374274318780e+01
2.524270492484681583e+01
2.474798832959166006e+01
2.500189203488620038e+01
2.504987744126526650e+01
2.520035609782731356e+01
2.532360904945098667e+01
2.540402280815125025e+01
2.530339685203506761e+01
2.427091146498283436e+01
2.452324453402027160e+01
2.500423658899775603e+01
2.483907758182867553e+01
2.500913215280939994e+01
2.529867420295889247e+01
2.419879493406796556e+01
2.480535079870019644e+01
2.585525100448536406e+01
2.412809314615868672e+01
2.403110713211436789e+01
2.499349202773804279e+01
2.472123566628130575e+01
2.483402435841026090e+01
2.559657321963327448e+01
2.498195538747053135e+01
2.490182840699034372e+01
2.546742414676487343e+01
2.482754229676607949e+01
2.481204715466700250e+01
2.389893134464989899e+01
2.505519607377581792e+01
2.396569873854849320e+01
2.553765983769416437e+01
2.538913658509845206e+01
2.566479812660499960e+01
2.479195256758185195e+01
2.449610453502546648e+01
2.487768375237278562e+01
2.423922597325751838e+01
2.527338403839753767e+01
2.456675457978895238e+01
2.452815890087820350e+01
2.496299792668860817e+01
2.553169717532070493e+01
2.498713398521006823e+01
2.532267154624459238e+01
2.494362909941245121e+01
2.556092336988396951e+01
2.539727626946467964e+01
2.489986787022927572e+01
2.523268373692990707e+01
2.434156123556277507e+01
2.516643722636136005e+01
2.491269977848750727e+01
2.537268915088903753e+01
2.538925922212180808e+01
2.498539249702118425e+01
2.483707585320641442e+01
2.438180334573072372e+01
2.550401287554830176e+01
2.608570596543358278e+01
2.584934534152746366e+01
2.515517307511846212e+01
2.419129970563945164e+01
2.494117565639109202e+01
2.493327175556662212e+01
2.465839022568202310e+01
2.532563001618161636e+01
2.499102018984295270e+01
2.496881005894033478e+01
2.587298866411824605e+01
2.526291760914779516e+01
2.515152986373486144e+01
2.458218935941967587e+01
2.529774489044977770e+01
2.555665148879490189e+01
2.404096553904514977e+01
2.479143402280173447e+01
2.504596340770197926e+01
2.467112881984419914e+01
2.521784072359164242e+01
2.400303409406591371e+01
2.483904457457566650e+01
2.425607439443077595e+01
2.470106664073606240e+01
2.545370123641124849e+01
2.517586345455591612e+01
2.484345307289522609e+01
2.469669358238791190e+01
2.569991220449008296e+01
2.418778639474298231e+01
2.478846956394868428e+01
2.442269449809802495e+01
2.563309069867368706e+01
2.513056693572804079e+01
2.548704992689811988e+01
2.475819796637204107e+01
2.548255494333876214e+01
2.487914138295614208e+01
2.571515878331799598e+01
2.437301926914132011e+01
2.551993833277888513e+01
2.548796088665884341e+01
2.469585147975110218e+01
2.511022139817594123e+01
2.471219807370696131e+01
2.432340750364324933e+01
2.453888417501139330e+01
2.483246636485666059e+01
2.493216162329430929e+01
2.473202724950063214e+01
2.482577004351582417e+01
2.445724611303559826e+01
2.368078022511906511e+01
2.534609083510656191e+01
2.451091086878987468e+01
2.485804877272220992e+01
2.451969049785446586e+01
2.413153176319563897e+01
2.499944269329815683e+01
2.468494819662273443e+01
2.555234622173856351e+01
2.498898756011431388e+01
2.470177870465533587e+01
2.530100873838868836e+01
2.550544799549343722e+01
2.430559126160669692e+01
2.458437999487566827e+01
2.461292952233751308e+01
2.480898915063880139e+01
2.472515790883440800e+01
2.550054650938367473e+01
2.407066811838798159e+01
2.401465607612966835e+01
2.543670665309194234e+01
2.093239162944532339e+01
