3.602680973161312750e+01
3.593882532724762058e+01
3.568451582769117181e+01
3.630407989604474039e+01
3.732426194751491266e+01
3.529191761035183106e+01
3.589858499568796901e+01
3.599045013274605509e+01
3.693564435957853931e+01
3.546527370404208312e+01
3.519085395648230019e+01
3.496601165232691955e+01
3.731861349124968541e+01
3.742332847383823236e+01
3.564995690110072957e+01
3.636021556685057732e+01
3.696860107599870560e+01
3.538531846436443118e+01
3.622136216318219937e+01
3.612763241153508886e+01
3.571569460010989872e+01
3.697883379467100440e+01
3.577712290335989564e+01
3.667228931474158315e+01
3.634919533016073245e+01
3.535125174614842791e+01
3.586593222555531923e+01
3.488718606363612906e+01
3.560494610886347999e+01
3.554686741905192804e+01
3.631936583668986174e+01
3.574710347736564842e+01
3.691262079533144203e+01
3.610260260276598387e+01
3.538666258638976814e+01
3.544742564836504783e+01
3.673140485421249934e+01
3.590904648106924668e+01
3.537966625246610874e+01
3.537503357593586628e+01
3.568385965656841563e+01
3.534674942183768565e+01
3.463401852187471519e+01
3.689301111037285352e+01
3.561916966557247832e+01
3.593955341022085292e+01
3.586686294000641340e+01
3.582597202762764255e+01
3.664309186504902272e+01
3.569461103776237110e+01
3.583721441269526053e+01
3.696374584593286983e+01
3.595416138144351237e+01
3.540613591158279405e+01
3.582621622052209887e+01
3.550641193343750501e+01
3.462248337086733585e+01
3.557641207787691684e+01
3.598354320230829018e+01
3.599973663552172098e+01
3.677480221318152331e+01
3.686013026945619231e+01
3.583588546166766520e+01
3.660337764404595617e+01
3.563293704540955531e+01
3.678234566915094206e+01
3.695769762789123547e+01
3.563145633552063885e+01
3.445626629270226005e+01
3.655749445944267251e+01
3.545697429569774073e+01
3.541103838442903395e+01
3.617097208941411424e+01
3.547002624205592980e+01
3.642280301433446255e+01
3.749010684530671966e+01
3.558098219976989185e+01
3.709166633179150097e+01
3.587717336027689186e+01
3.754125851596980112e+01
3.524636807046839238e+01
3.539055832520108424e+01
3.731086517261780244e+01
3.520993914616034459e+01
3.688550302904400269e+01
3.590017136658696728e+01
3.587804539421345851e+01
3.561568876144932005e+01
3.689995883911051777e+01
3.569975428126584660e+01
3.613820521974339783e+01
3.619845066189322580e+01
3.623417549542033811e+01
3.438082613008587884e+01
3.745569764926161582e+01
3.567527032047885882e+01
3.578263794671758546e+01
3.539318413453774070e+01
3.494091790229990835e+01
3.605273699572524748e+01
3.581335434507594329e+01
3.574619865134294372e+01
3.683701921998842721e+01
3.628091145048262689e+01
3.504830846654011367e+01
3.565575619217374026e+01
3.557128364704537660e+01
3.470610887007973844e+01
3.476861726890921034e+01
3.603619168043022114e+01
3.548816705460684773e+01
3.624125422510459771e+01
3.537897146010894289e+01
3.543256938880259810e+01
3.562195484848188443e+01
3.571774464355257095e+01
3.755553083530087122e+01
3.689348539393422044e+01
3.563596822770198003e+01
3.599999999999987921e+01
3.635537816032030634e+01
3.695096116594007185e+01
3.547420490631783707e+01
3.499117405341258547e+01
3.589345148009538633e+01
3.735311620218558915e+01
3.569787373520087925e+01
3.549515590725362557e+01
3.481543330679319581e+01
3.603490952727783281e+01
3.523229379706863540e+01
3.537536119963895942e+01
3.563529608553610473e+01
3.618825005517708604e+01
3.563791346955043338e+01
3.560933215068533997e+01
3.590626859072408905e+01
3.731114813846881617e+01
3.581600471672967956e+01
3.682341417922451399e+01
3.549058023491760139e+01
3.566033861517360037e+01
3.687223944851677970e+01
3.590261359221999271e+01
3.616767621055847570e+01
3.566554581437781479e+01
3.697682550379028754e+01
3.536323612819838758e+01
3.622504577685008798e+01
3.508462928715064066e+01
3.556534482908866579e+01
3.473584124380834481e+01
3.666420180090098313e+01
3.536783395282145648e+01
3.548024805328603293e+01
3.620313146087777767e+01
3.635406743644251293e+01
3.625474116329016283e+01
3.695519545439452713e+01
3.587532227327244527e+01
3.674554312130854328e+01
3.594516308122347681e+01
3.637858340060816431e+01
3.565718166023349056e+01
3.577725091362295728e+01
3.552046475307187023e+01
3.560694769750587341e+01
3.692989043856986342e+01
3.564273165947647470e+01
3.617820944921108861e+01
3.628260868978181009e+01
3.636976065142903281e+01
3.594813211296145994e+01
3.698466519046490930e+01
3.636147608665256570e+01
3.543092095151764909e+01
3.713335936662891612e+01
3.673604088765080178e+01
3.657691593304308952e+01
3.568534730607633776e+01
3.658276435817823824e+01
3.582677986768274536e+01
3.624179868060706866e+01
3.547640472075638485e+01
3.731533648588423802e+01
3.574671780163676260e+01
3.618116554377154870e+01
3.536371082553482381e+01
3.567276983402433643e+01
3.644454198691723690e+01
3.632105487705957358e+01
3.849435190273364782e+01
3.711464922705920344e+01
3.498775129171110621e+01
3.562835839771987878e+01
3.580294041699082896e+01
3.697424202835542673e+01
3.766991747116036038e+01
3.615721521455406418e+01
3.565827602555690845e+01
3.702555076184648186e+01
3.494453073933997445e+01
3.537419635107223570e+01
3.472654692046030789e+01
3.633369561143734927e+01
3.675901734418670941e+01
3.506403551487842662e+01
3.580223721488506072e+01
3.554503268308803854e+01
3.587897606606038892e+01
3.690246184037005861e+01
3.569632648423003474e+01
3.690288147141885133e+01
3.647759807693643808e+01
3.423940800071058277e+01
3.567907391659908001e+01
3.586940697781563614e+01
3.603570805979493485e+01
3.640894062974058443e+01
3.596581187128555968e+01
3.593458575366593521e+01
3.653941646262813236e+01
3.653316249575438235e+01
3.641033273369927770e+01
3.597362945088843134e+01
3.563242219212147432e+01
3.529351012312437064e+01
3.707816208945073555e+01
3.602361894970001543e+01
3.618295057582910346e+01
3.514564555165451765e+01
3.583201674859112984e+01
3.619883898384376408e+01
3.562801278378556447e+01
3.647204240044929691e+01
3.408220578720227678e+01
3.626875918907325058e+01
3.595039450854418561e+01
3.561397101234207696e+01
3.688213129014860669e+01
