1.619722407637802775e+01
1.561945819965115412e+01
1.636157990851704724e+01
1.593638050802832673e+01
1.626470266886224891e+01
1.659216074486084480e+01
1.588077381153176937e+01
1.636417688231109580e+01
1.565049672035959816e+01
1.570111915410067560e+01
1.635503119328329902e+01
1.633214125094717772e+01
1.531649324407779034e+01
1.584723952324658214e+01
1.620015757152726010e+01
1.633822597152389378e+01
1.609480420094578079e+01
1.620671866422098617e+01
1.594668509658927569e+01
1.678163733655774692e+01
1.642890665661514049e+01
1.667432369480260235e+01
1.636916662889482055e+01
1.561568319121156456e+01
1.618936216604687317e+01
1.632381980701403990e+01
1.610272255918243189e+01
1.617923612586087145e+01
1.596623937103400692e+01
1.561893204950843028e+01
1.642570784206153078e+01
1.679917426391129354e+01
1.613329743419694395e+01
1.591357607218592563e+01
1.649274935356980620e+01
1.632168230761215355e+01
1.603541274064085442e+01
1.602183943380746456e+01
1.589712997156040331e+01
1.623444163450483302e+01
1.660624316065750250e+01
1.566623710493209742e+01
1.606895445133334022e+01
1.588772814062842897e+01
1.534378965429904440e+01
1.587467289164225370e+01
1.585565350465449619e+01
1.617900437254217039e+01
1.627453971418990619e+01
1.615289882064882576e+01
1.555057153503389955e+01
1.670779435851003214e+01
1.597792319296439700e+01
1.654889316804065302e+01
1.635629750286644324e+01
1.606025754440457121e+01
1.577598404998587789e+01
1.642921202900448208e+01
1.654678719752329030e+01
1.613009823682051547e+01
1.594038474087974500e+01
1.617043730875451146e+01
1.614352640906493264e+01
1.590391206182632367e+01
1.589042621779382003e+01
1.561027769732231008e+01
1.577843573492396700e+01
1.588238304483234664e+01
1.645288934328948471e+01
1.558188800893142378e+01
1.593925745507270086e+01
1.569575844391282970e+01
1.633311612043951300e+01
1.547101773739367481e+01
1.629445687840654955e+01
1.591147774080337385e+01
1.616972434258561364e+01
1.633980391928234255e+01
1.568768528789852468e+01
1.623334251557832886e+01
1.585301066676757209e+01
1.581816055270495980e+01
1.617774969632761284e+01
1.562504400070215382e+01
1.597929790209596490e+01
1.631737714731503175e+01
1.597702855789219356e+01
1.619013052112234519e+01
1.624364396186086523e+01
1.589651182213016334e+01
1.609652639165583210e+01
1.557630275031225331e+01
1.599609954511924315e+01
1.622327236661578453e+01
1.586455483049981474e+01
1.557324856044734673e+01
1.579022631702364876e+01
1.577052068801716977e+01
1.590011957143419608e+01
1.626406905524761726e+01
1.610657133897048254e+01
1.638167379255142819e+01
1.620817610291414468e+01
1.573788099815729957e+01
1.625607586607121391e+01
1.659508172238690094e+01
1.678797140251641551e+01
1.620421902118896540e+01
1.583662585991411120e+01
1.582476939039768560e+01
1.630946264360801834e+01
1.632071377983585947e+01
1.566164041353229486e+01
1.628444766782358144e+01
1.634305279016482970e+01
1.630096448129227937e+01
1.608686775140145286e+01
1.580490270580308376e+01
1.591416682735602173e+01
1.590585904438550280e+01
1.585219935067292596e+01
1.611047118275621060e+01
1.598644704884509338e+01
1.663107830630736572e+01
1.602557868233416016e+01
1.597681557474825631e+01
1.576541925038875647e+01
1.546226175686066640e+01
1.588416612197640276e+01
1.589447382077567994e+01
1.591326173551918899e+01
1.583149154335746545e+01
1.568033739188332731e+01
1.624633157759870628e+01
1.655487967459078646e+01
1.556708496716783685e+01
1.564399851164664490e+01
1.591617666572976475e+01
1.609762752798791752e+01
1.598858224512458470e+01
1.645863732723187312e+01
1.637546183642550801e+01
1.616688418230847546e+01
1.565345343140092638e+01
1.571456089702793690e+01
1.589515255493211754e+01
1.631661662096872334e+01
1.612366802894186080e+01
1.616701500513330458e+01
1.605995578374078292e+01
1.614174865652642765e+01
1.588063093132378789e+01
1.571789729571908900e+01
1.573002086081664785e+01
1.570488443649085220e+01
1.597501835094583278e+01
1.604124358440406439e+01
1.635929093505666998e+01
1.573465429803184890e+01
1.636169259650924701e+01
1.617947189663643215e+01
1.566780901545562621e+01
1.503147053387986354e+01
1.593054198659528531e+01
1.624292377087955686e+01
1.591179038568899706e+01
1.590921958587577834e+01
1.624089218752411767e+01
1.566178373197613638e+01
1.597464083121984224e+01
1.583375812392004534e+01
1.586719593881771395e+01
1.673029169276712835e+01
1.645261340254037563e+01
1.604603165947233734e+01
1.669091637538225115e+01
1.605293671973117497e+01
1.540798830276817988e+01
1.639364601533567267e+01
1.600107801832152887e+01
1.602008809565267455e+01
1.653803941263835142e+01
1.579599402581914624e+01
1.571318383495521154e+01
1.590014777972419679e+01
1.629039260573858527e+01
1.574220238540243244e+01
1.667623997790362722e+01
1.561856453872611361e+01
1.578644266837353705e+01
1.597887786599105020e+01
1.615349838044962993e+01
1.576720142490141718e+01
1.577675220642155551e+01
1.577942518558259977e+01
1.628857390357542911e+01
1.590973629980235060e+01
1.633698046501047330e+01
1.630197998295484041e+01
1.608953599516766531e+01
1.644594857543955158e+01
1.662843128499292078e+01
1.592985042772651205e+01
1.575653912017418712e+01
1.596453956301090571e+01
1.601109203369421152e+01
1.591905431756389611e+01
1.612423648282980437e+01
1.623750118557349964e+01
1.576622547173216127e+01
1.570916100931400017e+01
1.617898018529198723e+01
1.589898349458268001e+01
1.584156487699822158e+01
1.588407137857353391e+01
1.680858750723353978e+01
1.631772464672835810e+01
1.638753941262755731e+01
1.592131036202874306e+01
1.619814279527343004e+01
1.588871972442097125e+01
1.601808367050336557e+01
1.583483483263846914e+01
1.642306486474491933e+01
1.548607125546923768e+01
1.612952171927857492e+01
1.568666972699504214e+01
1.563178409653762735e+01
1.603720351004989197e+01
1.614151291417268297e+01
1.562117806478475401e+01
1.576483358126658274e+01
1.617466500158706566e+01
1.560163542892106925e+01
1.568169993201749790e+01
1.578055689926841332e+01
1.577968636400864888e+01
1.575240413730724320e+01
1.549928190139169182e+01
1.512012006579017864e+01
1.585166672426648127e+01
1.552377648992144366e+01
1.568744350365433782e+01
1.551290902873565081e+01
1.574194786084947850e+01
1.587610018528054567e+01
1.605112545268077184e+01
1.631672573742343957e+01
1.620866996046785502e+01
1.604444950702776396e+01
1.589062917123740881e+01
1.623940969417231983e+01
1.579119207057640573e+01
1.606469924190360743e+01
1.662120975127418632e+01
1.655415408774376829e+01
1.578908953675310833e+01
1.615200097701325532e+01
1.611692962880593072e+01
1.665325584898795697e+01
1.590893064086314546e+01
1.592130415615491934e+01
1.612047346586513186e+01
1.581209768067088461e+01
1.669107645646695559e+01
1.594808495575331975e+01
1.591742935846255058e+01
1.633547599807905115e+01
1.600082321939385821e+01
1.597433392450474088e+01
1.589079285969895317e+01
1.623020455166878051e+01
1.574561993930819170e+01
1.577824795989074325e+01
1.507298996319204321e+01
1.595759553963683786e+01
1.590666813050883732e+01
1.615454783438087816e+01
1.638197798111608705e+01
1.562630147149628179e+01
1.639913859932315887e+01
1.577197433152704242e+01
1.653994635911908873e+01
1.569358588826047374e+01
1.593260769427403467e+01
1.660197842944448254e+01
1.536326078942586193e+01
1.608472352186335996e+01
1.623799154404446909e+01
1.679897808900160427e+01
1.589037105784759341e+01
1.630532259491930347e+01
1.597101768315426007e+01
1.601553030852834425e+01
1.634819251341729185e+01
1.639152262099874591e+01
1.597360294480091447e+01
1.614595492989466763e+01
1.564871766521956964e+01
1.601927206242779889e+01
1.608294502787767755e+01
1.607587270771661636e+01
1.562935006428419449e+01
1.565565611561687298e+01
1.618104338225618832e+01
1.595346082439052182e+01
1.621883820850041147e+01
1.581667189395287920e+01
1.653220528743412387e+01
1.598001012531734055e+01
1.604802578097299204e+01
1.596280597937813539e+01
1.562686384331630940e+01
1.590210285314743288e+01
1.675321894763043318e+01
1.593864910881628560e+01
1.534466886764629123e+01
1.541473109343602488e+01
1.643206181311745340e+01
1.660451433731923032e+01
1.595212628398846988e+01
1.571506858399190776e+01
1.631896877741667495e+01
1.639456951549591679e+01
1.546745658968522363e+01
1.581826145993045429e+01
1.562142564586030247e+01
1.623410291088634239e+01
1.595416391966555203e+01
1.622279692953802765e+01
1.591266006365008323e+01
1.572789386666315892e+01
1.590421058891995720e+01
1.616369083743506252e+01
1.585583630225536567e+01
1.575660689427272665e+01
1.555863047906619556e+01
1.626372555216664395e+01
1.631557840307086948e+01
1.581738620395532458e+01
1.590829361927549357e+01
1.605321506734181725e+01
1.608081419516003763e+01
1.673022610700459012e+01
1.545851269484712098e+01
1.550451614748538276e+01
1.603338506367668614e+01
1.591332077700688963e+01
1.600800740482540974e+01
1.581014815057705469e+01
1.570077698091024487e+01
1.619166288170420387e+01
1.549640205263154158e+01
1.593650046219161709e+01
1.614778912384754150e+01
1.557875026603041668e+01
1.627336316081225576e+01
1.617094632934171372e+01
1.580504925365922375e+01
1.560363899642953278e+01
1.598948758256921288e+01
1.587744224976349550e+01
1.580839531336243020e+01
1.584231210493193132e+01
1.589497104831620433e+01
1.564243859340527187e+01
1.575134717986342281e+01
1.568104247189311273e+01
1.537303744544981399e+01
1.702584061594306064e+01
1.569581330351413939e+01
1.649473356401739821e+01
1.594694456813957117e+01
1.580744879452930540e+01
1.636936181962287407e+01
1.587041706192899682e+01
1.564731897194006294e+01
1.591648147654016121e+01
1.574034476018981366e+01
1.602707949800435827e+01
1.586596798788575668e+01
1.606736485367694911e+01
1.624004075319625073e+01
1.588367057553314865e+01
1.548706396611140867e+01
1.545941433562646949e+01
1.639677569164332382e+01
1.616381872965021316e+01
1.559251745298629466e+01
1.638540349513149152e+01
1.582806126268567937e+01
1.585597253053829547e+01
1.615261631072801052e+01
1.634208150326193731e+01
1.614559785910642375e+01
1.540565117555862606e+01
1.581732994392520553e+01
1.614245555090485951e+01
1.564145377102381040e+01
1.525662116940551805e+01
1.572095322001167794e+01
1.605945414171468144e+01
1.632599999752173403e+01
1.562354777743491141e+01
1.608163274995629166e+01
1.606741996484156232e+01
1.615386943610770132e+01
1.598563536699638021e+01
1.591252149286692052e+01
1.616298944288175932e+01
1.573470638000380006e+01
1.603773916311224212e+01
1.635972200705964497e+01
1.613954354348763687e+01
1.607712902802504118e+01
1.545788672134740338e+01
1.555226399051467467e+01
1.620482882428750315e+01
1.561566134396923999e+01
1.567081468581834791e+01
1.617275667000114581e+01
1.590999417985071496e+01
1.600940159268750307e+01
1.599728967502756838e+01
1.600201924183915025e+01
1.611823324639875565e+01
1.636725636104875647e+01
1.603121962056267336e+01
1.606964597764670799e+01
1.622509809466967923e+01
1.641763519554473305e+01
1.582266938942811052e+01
1.609312374224323250e+01
1.601444594149599965e+01
1.598496436347114980e+01
1.572848800415472681e+01
1.574698603228432425e+01
1.650866468455489056e+01
1.551961586748154076e+01
1.592976975335520073e+01
1.576008386449756848e+01
1.587025231798507718e+01
1.624021414562113819e+01
1.559846044532952902e+01
1.611834781576861886e+01
1.593781457862112916e+01
1.587542408123878523e+01
1.585388585415984508e+01
1.637858860420754681e+01
1.631436148435910738e+01
1.629558340942797301e+01
1.586374308912317233e+01
1.618298918877857773e+01
1.606645764766466655e+01
1.631214179786511309e+01
1.673061012119160296e+01
1.591484331809307839e+01
1.629109079155532669e+01
1.511164643637688876e+01
1.640787065928038757e+01
1.568764535366114998e+01
1.584642599535443885e+01
1.666841887635322195e+01
1.596076289424678940e+01
1.586815891661431976e+01
1.587549506648946540e+01
1.568008513887721733e+01
1.599598768603292598e+01
1.602959763664660287e+01
1.586296686231871256e+01
1.539987858824977707e+01
1.598703509962896163e+01
1.542000355405354384e+01
1.629938262277356031e+01
1.647155931741340140e+01
1.588938779215213337e+01
1.573000419694701790e+01
1.548445035962892469e+01
1.575199733658721435e+01
1.605126568327493430e+01
1.560366357915888536e+01
1.596108217609536517e+01
1.616568726328024752e+01
1.576427781063685174e+01
1.667302681179667445e+01
1.639783969365889504e+01
1.625999108512262481e+01
1.570870686029994090e+01
1.534114505242462911e+01
1.599512074842316700e+01
1.574052019533757552e+01
1.568405993575516000e+01
1.561097949241226424e+01
1.624474278262155735e+01
1.616566673584279812e+01
1.653744102834055951e+01
1.619400155718448531e+01
1.572051399614142220e+01
1.666448441935368763e+01
1.617727474341722171e+01
1.563742480991839479e+01
1.578793449096579771e+01
1.590150136174909257e+01
1.650324075145157821e+01
1.652063215134512220e+01
1.571511028887135097e+01
1.641810630127765336e+01
1.605313478723265064e+01
1.627869779749355672e+01
1.698281519453723831e+01
1.594780860041785786e+01
1.642944468166107796e+01
1.648712261902393905e+01
1.630825393802882672e+01
1.606494205002456965e+01
1.644306687753864793e+01
1.559429902607606166e+01
1.593326451987519832e+01
1.604577710637355992e+01
1.593395899724258236e+01
1.587340263616430391e+01
1.607706498657476502e+01
1.622353262981124900e+01
1.565694589401998371e+01
1.642171442376824686e+01
1.603410165984877978e+01
1.643170146765136863e+01
1.660028496855944979e+01
1.575024079515297082e+01
1.603244846748552277e+01
1.603867601772268614e+01
1.603560730058337924e+01
1.624638794776137729e+01
1.623366912301874621e+01
1.617635816315156916e+01
1.629190218693086223e+01
1.671752975246906203e+01
1.559331142035146556e+01
1.593024005157425371e+01
1.561284283023114483e+01
1.581432534395082357e+01
1.613367993842402015e+01
1.581030844829406945e+01
1.619445479091604412e+01
1.587742359199631714e+01
1.605074150850168380e+01
1.599667791548164431e+01
1.634500565276739081e+01
1.596137414511186137e+01
1.599278277607873022e+01
1.649203480949705636e+01
1.554152950952785517e+01
1.591778877426227012e+01
1.569320858423199461e+01
1.631167932907706586e+01
1.561147745084730332e+01
1.577707184569649002e+01
1.563571651719824196e+01
1.630814276409641295e+01
1.586126643489701848e+01
1.644962587211356464e+01
1.557653057683926612e+01
1.592073543056499396e+01
1.596046484590382697e+01
1.599849750621212685e+01
1.609684084349167676e+01
1.622142218083592624e+01
1.608772352131305183e+01
1.532680668091170340e+01
1.625189230500109616e+01
1.554192904786856566e+01
1.526425042358809847e+01
1.563630389223337858e+01
1.616403418498242672e+01
1.583947532186800267e+01
1.618929236872827460e+01
1.611890896532028350e+01
1.631847644280679788e+01
1.596099520470955824e+01
1.614775298142806292e+01
1.651232068057629121e+01
1.613201693830652417e+01
1.585111840955281615e+01
1.625553157742990606e+01
1.613882137150411111e+01
1.645441775859593392e+01
1.578748946619972671e+01
1.614354056771692925e+01
1.603212620142715039e+01
1.567637287014044034e+01
1.573304060698275464e+01
1.551605792704477160e+01
1.595307455685423825e+01
1.604592079595709464e+01
1.698309017933489073e+01
1.602978456735069557e+01
1.630288363205152180e+01
1.641138752311723437e+01
1.597234726255460124e+01
1.579118656139489651e+01
1.622828856260425923e+01
1.574541247640869734e+01
1.626766308454203269e+01
1.618071470151017976e+01
1.583894458846038944e+01
1.583772291313710490e+01
1.617372523513174443e+01
1.576950030704593253e+01
1.553089013540902030e+01
1.608089533413018657e+01
1.575299738047474563e+01
1.639880770262662324e+01
1.605893042224127143e+01
1.607570822449237014e+01
1.603369261341669727e+01
1.597314868949254141e+01
1.557284963619572515e+01
1.634473546071976457e+01
1.564369967612904588e+01
1.630282136322285069e+01
1.580584657086287237e+01
1.576197587452699445e+01
1.551119816529634932e+01
1.544822859413153004e+01
1.624125137677565078e+01
1.589382457941443505e+01
1.577981348797032624e+01
1.585654776173836389e+01
1.631262613957782648e+01
1.622079697042476099e+01
1.560104412001377661e+01
1.573482589866192960e+01
1.652209998104880384e+01
1.586752500486771211e+01
1.630263508019963226e+01
1.568423883188741996e+01
1.583038217243844237e+01
1.558800665291253829e+01
1.627438036184904746e+01
1.598163728655915961e+01
1.573523319340805671e+01
1.578183770211283488e+01
1.604002482563585019e+01
1.618658464374688677e+01
1.614329931659271367e+01
1.556438520543624726e+01
1.603697160302176883e+01
1.584302283441244441e+01
1.590853201136894057e+01
1.585580190084227503e+01
1.617831183520188532e+01
1.625025562166514348e+01
1.604143709945289942e+01
1.622704656448989624e+01
1.587007436960957385e+01
1.646632705652897855e+01
1.627442539020248802e+01
1.629581758992725682e+01
1.637923002181092613e+01
1.621918959932190774e+01
1.628029394995804680e+01
1.611894027467703339e+01
1.601478514286707977e+01
1.568374483910942629e+01
1.606840506035290517e+01
1.574246578646340744e+01
1.586806330195858727e+01
1.591728215602205054e+01
1.565309199491096059e+01
1.639353870339400387e+01
1.629210081700848534e+01
1.610723736902059855e+01
1.564209928394289406e+01
1.632074072198485482e+01
1.597149473157882937e+01
1.600685164486783663e+01
1.637694257381238927e+01
1.611965921349448649e+01
1.599137608163842650e+01
1.553146242792988119e+01
1.583643947823554932e+01
1.558187238591993129e+01
1.583008684298485491e+01
1.596975494123959471e+01
1.591857761486092571e+01
1.607421520613083388e+01
1.642490624990235304e+01
1.555732793223715049e+01
1.582221013527074938e+01
1.600039054231799796e+01
1.620565343608602049e+01
1.615779044114984231e+01
1.611003003095983388e+01
1.633334876436396854e+01
1.611270741516296567e+01
1.579479691733765634e+01
1.596069601008324312e+01
1.545086420542108741e+01
1.591091329946885935e+01
1.607460627116722307e+01
1.639446519119945123e+01
1.583545897584433604e+01
1.612295933019760241e+01
1.608620660685539860e+01
1.580243953670863988e+01
1.542280607121491798e+01
1.575673095298709825e+01
1.605483252583142928e+01
1.566571370856125789e+01
1.599550682680405345e+01
1.612735854439977601e+01
1.587469149985834527e+01
1.648184791132703353e+01
1.558285519278967790e+01
1.653483926136892634e+01
1.650045360651400017e+01
1.595055562097640767e+01
1.583228455763142328e+01
1.592407998316037343e+01
1.586891019585173446e+01
1.591384635433498396e+01
1.572801971597628778e+01
1.549425321532773481e+01
1.591544517345556109e+01
1.611725129644027277e+01
1.556381030629397699e+01
1.571683925017235417e+01
1.540054480562734440e+01
1.590536834821767798e+01
1.564548412104153030e+01
1.628028895607902271e+01
1.635862117499514667e+01
1.655935196012102040e+01
1.599410578059142729e+01
1.617999236976912059e+01
1.659469069228228122e+01
1.640801249344791657e+01
1.605359435667246970e+01
1.604149402716023687e+01
1.609856455567098266e+01
1.564644039851732238e+01
1.617915748155667899e+01
1.578311009876492221e+01
1.606705627081719001e+01
1.590590772014146737e+01
1.587096525670428804e+01
1.615441194512251144e+01
1.580380979736659519e+01
1.576676138054759591e+01
1.623022506661167697e+01
1.618694762928985753e+01
1.567611706603960897e+01
1.628046437956644255e+01
1.573602152058568393e+01
1.619944706415601843e+01
1.638501145918640844e+01
1.613601082582845692e+01
1.627949423825411301e+01
1.596726595172570384e+01
1.572458468700522971e+01
1.576949539982183879e+01
1.590524310039290157e+01
1.586876998010714956e+01
1.593858896137395043e+01
1.576441046369667376e+01
1.582383936716221839e+01
1.575332189621743595e+01
1.582151182746616769e+01
1.596183739500488130e+01
1.586908261818195953e+01
1.580131703953811417e+01
1.562784287078634904e+01
1.624220060636131890e+01
1.583343420686990832e+01
1.548656999227734943e+01
1.641436928574356457e+01
1.615711930976296173e+01
1.591037323783453417e+01
1.599975007532173343e+01
1.623939872958205655e+01
1.620016227504588358e+01
1.613525478183204243e+01
1.567177821213246069e+01
1.559277479140985889e+01
1.605786635503879722e+01
1.574307258313468694e+01
1.620983369337209723e+01
1.601655069333455828e+01
1.598664041349489473e+01
1.675206082618835524e+01
1.632869879195634510e+01
1.592344815266443980e+01
1.583928798074184030e+01
1.633231441670198691e+01
1.562235733262495430e+01
1.593773361759494911e+01
1.547125275047240756e+01
1.547108798808503849e+01
1.616165292205740300e+01
1.642404724605972177e+01
1.607072958055980649e+01
1.617726978132033366e+01
1.638354671710497712e+01
1.624708828841215791e+01
1.621305574477880995e+01
1.547867601888722966e+01
1.599678871603535768e+01
1.587135545738668441e+01
1.587481011424832822e+01
1.581884613523255467e+01
1.597033478324578226e+01
1.628626308790936861e+01
1.622348808639882733e+01
1.585257615668404796e+01
1.644680176307081609e+01
1.570150010285373909e+01
1.615915087573131004e+01
1.647392028741576198e+01
1.599502761343444135e+01
1.578750350198875907e+01
1.587815583812859899e+01
1.607071140541942000e+01
1.595787235391059156e+01
1.625660087314223645e+01
1.576412092435256618e+01
1.618600141867063513e+01
1.577605852576603773e+01
1.578290488378451606e+01
1.549824880136802108e+01
1.611561699115863888e+01
1.616837755116876352e+01
1.597978391270960685e+01
1.730376239908380143e+01
1.609229131058399531e+01
1.549354633664309588e+01
1.584058642344964518e+01
1.595555753898371520e+01
1.582742950028916162e+01
1.573192047735730981e+01
1.635405794375177635e+01
1.583565283537665991e+01
1.618382793405387687e+01
1.577692169421828261e+01
1.615316246065966155e+01
1.597080093073787133e+01
1.618883320190493791e+01
1.618638984629154010e+01
1.564052560506748435e+01
1.608934946609338468e+01
1.540700039685771117e+01
1.580173523686086767e+01
1.631957773579154747e+01
1.595216721898693990e+01
1.619042863976495994e+01
1.621064158915802622e+01
1.612640901135087645e+01
1.602113574039623600e+01
1.617771920927768292e+01
1.621547315573388914e+01
1.637880945333875005e+01
1.623152567381443845e+01
1.609197870682668707e+01
1.613186656780080952e+01
1.619818934853139325e+01
1.589627525820558418e+01
1.635116229842617486e+01
1.626627041726477074e+01
1.609692466551416601e+01
1.572536250734893137e+01
1.567952825245992798e+01
1.629501047126814939e+01
1.672246756745606433e+01
1.585376696007926256e+01
1.589461475340526420e+01
1.633056938693244931e+01
1.562027106740417182e+01
1.573920904042888225e+01
1.583344756022060551e+01
1.623074097826400930e+01
1.578557628315818562e+01
1.634339280339628786e+01
1.650009145640019170e+01
1.607469241581502928e+01
1.625761463527593165e+01
1.667914501601025634e+01
1.607494676126118094e+01
1.577867119401786589e+01
1.604407268779445417e+01
1.662304827658809359e+01
1.586500264389161252e+01
1.562097126042470663e+01
1.592460853222455341e+01
1.571661531543663415e+01
1.590152508037269818e+01
1.612654164514782096e+01
1.599948826878973485e+01
1.605763886675016039e+01
1.589932682068716829e+01
1.610910501123953864e+01
1.607847625633930377e+01
1.495012248899210938e+01
1.618932940698163492e+01
1.567216523917145565e+01
1.536745250307821742e+01
1.611908413186458233e+01
1.592504093280657429e+01
1.671420344578851314e+01
1.637253613276998365e+01
1.607048620955150398e+01
1.567519832735392349e+01
1.567291107687866436e+01
1.618254407314948651e+01
1.626174754676590695e+01
1.605759648653523186e+01
1.592888441062864935e+01
1.605029456443473990e+01
1.598027142075899931e+01
1.595876210696113873e+01
1.587866182726584263e+01
1.658125233433155543e+01
1.590194475478855018e+01
1.566940474170332109e+01
1.600970859577808980e+01
1.584733170631593779e+01
1.569691725776567104e+01
1.542981813087410892e+01
1.630169306684370056e+01
1.601136435103957112e+01
1.606411870582861212e+01
1.599245684226585418e+01
1.576062601035013877e+01
1.628166640754645655e+01
1.667371456874453983e+01
1.560541537712460958e+01
1.569091057881313489e+01
1.614983771722897643e+01
1.639381991630535040e+01
1.622269108539784099e+01
1.661509768253037223e+01
1.639409665404452099e+01
1.617785651053417695e+01
1.533444545223460942e+01
1.553573985804546531e+01
1.617794127571556473e+01
1.562811787096284988e+01
1.572578743222551800e+01
1.570545876322880829e+01
1.544536448886598201e+01
1.609380596391414642e+01
1.579168950617718359e+01
1.602801211156773675e+01
1.595609199528170485e+01
1.594714904934041932e+01
1.610927255749085418e+01
1.590030106313324154e+01
1.669758220125174475e+01
1.648188531683488023e+01
1.593329807112813334e+01
1.674959169194925224e+01
1.632201988326639253e+01
1.618047648657457316e+01
1.561608690421591383e+01
1.599812050356710458e+01
1.565180893627900005e+01
1.625857187451238417e+01
1.535194694480858324e+01
1.675762090462340481e+01
1.594489153417150007e+01
1.614944598421853428e+01
1.589022601981068483e+01
1.563510866775009767e+01
1.554837268503321646e+01
1.582037948382419401e+01
1.554289080562643655e+01
1.593271468730215545e+01
1.565624600625221063e+01
1.542486357885091941e+01
1.617757272228241661e+01
1.668132833576232343e+01
1.508380048220545255e+01
1.612118239477707604e+01
1.590158713684772351e+01
1.614313858946737312e+01
1.627531277193491377e+01
1.628290562945071329e+01
1.588852137453490521e+01
1.658995184063313388e+01
1.624529087457752397e+01
1.608570007087073250e+01
1.656490697125780542e+01
1.639966291780967467e+01
1.601439877700076053e+01
1.638738311695317762e+01
1.505570006256509075e+01
1.606824112576425989e+01
1.645926440769709131e+01
1.588887156051293204e+01
1.560231168274833102e+01
1.558051633565485261e+01
1.597101058800207696e+01
1.600677840676236130e+01
1.648096458172848955e+01
1.642457095250777499e+01
1.598010458302712777e+01
1.633467440353405919e+01
1.581607921106305348e+01
1.582053215954852909e+01
1.590692506422425367e+01
1.590549731183659610e+01
1.639849804479889528e+01
1.582714880137114832e+01
1.598015664958258775e+01
1.552995943995827588e+01
1.567626515782147401e+01
1.559561275621240028e+01
1.694623240034696465e+01
1.615953234469121114e+01
1.560093886272050412e+01
1.603686023243091796e+01
1.557668979661683117e+01
1.592243186667914401e+01
1.620835976860693961e+01
1.620145765869471788e+01
1.625933292182412160e+01
1.567706507428339968e+01
1.593250577924978550e+01
1.607080200852965035e+01
1.635146991614906042e+01
1.562452953268449640e+01
1.626067219498611749e+01
1.573385022023298419e+01
1.608514396513687927e+01
1.611375103551721466e+01
1.544025581523760060e+01
1.591442215951395767e+01
1.588266321436630157e+01
1.595905066062076116e+01
1.596219085753421751e+01
1.590599375969878615e+01
1.598134379760375268e+01
1.599059017715253539e+01
1.587234288140132143e+01
1.614640673988608555e+01
1.637186722124166849e+01
1.627495736641030888e+01
1.583081955559332776e+01
1.593166658805755453e+01
1.575087602113981333e+01
1.608276057949041871e+01
1.592681485166123423e+01
1.693841967047115205e+01
1.553289460706228020e+01
1.578157387634068165e+01
1.621371487277837176e+01
1.609681569726835093e+01
1.570645440332330800e+01
1.613502861653964615e+01
1.549297312420091899e+01
1.607845759615479864e+01
1.591199612171952715e+01
1.582285488208614410e+01
1.586150685138303196e+01
1.639351551771925131e+01
1.560023784879934894e+01
1.588396309441407617e+01
1.588962198326675690e+01
1.574994026220285903e+01
1.586382152714905480e+01
1.530510520686913090e+01
1.539942402217278605e+01
1.642995856405687505e+01
1.556903951619026572e+01
1.650334991810176177e+01
1.558085726517574621e+01
1.572613877441485641e+01
1.580939547968404568e+01
1.583444460714234836e+01
1.602586721341287657e+01
1.620914083750965773e+01
1.589003518817568050e+01
1.543778551068667682e+01
1.608489543124574439e+01
1.598053851776981560e+01
1.568591926267983538e+01
1.605718287809971656e+01
1.614758921893190546e+01
1.619529975641173181e+01
1.603803716098320464e+01
1.547068606397813895e+01
1.560606605356559662e+01
1.667249881961330615e+01
1.579770882310443270e+01
1.594135612010518344e+01
1.572642481016839433e+01
1.575623178469651542e+01
1.683471871502399964e+01
1.647976188333941394e+01
1.591835346422057107e+01
1.591391784157832490e+01
1.613455693968119320e+01
1.602050936968572259e+01
1.572727102486967965e+01
1.524331995255997008e+01
1.665104182755565532e+01
1.526888596352497096e+01
1.588543782578488361e+01
1.614127388695593268e+01
1.679088987280850986e+01
1.637546494133304265e+01
1.661454220079322042e+01
1.605950650542807168e+01
1.603368881057613748e+01
1.591321168357042737e+01
1.648270754142559724e+01
1.589203134268253947e+01
1.614654393274532751e+01
1.554043538754627107e+01
1.524626207274256906e+01
1.639738179173336619e+01
1.572145994560480098e+01
1.622029735339607726e+01
1.643577388691088004e+01
1.644010206348870540e+01
1.592949020468558707e+01
1.549566324368851156e+01
1.635862503121481737e+01
1.560001665994319886e+01
1.662995612124183253e+01
1.609900509290539006e+01
1.609943656482324670e+01
1.583406336474395815e+01
1.563982143190131069e+01
1.613877094206573304e+01
1.601016455175491160e+01
1.563911833630205983e+01
1.645238631926521933e+01
1.646601926301692487e+01
1.539956333858765802e+01
1.607921847554720429e+01
1.611601743446516011e+01
1.587766336417912605e+01
1.596809324850904943e+01
1.602931259868375946e+01
1.614158933655250294e+01
1.584193131881154848e+01
1.649074227045865726e+01
1.630120881101230168e+01
1.566065558221855269e+01
1.601019573231873139e+01
1.559710535817824351e+01
1.587759633449823937e+01
1.618600835132438576e+01
1.581342539839320516e+01
1.610974698302861086e+01
1.581357890127493881e+01
1.609294681887406853e+01
1.584521418955368688e+01
1.596639908624253046e+01
1.663666731414658884e+01
1.634761400160641287e+01
1.644134914939461112e+01
1.624213233870819906e+01
1.653613425806232229e+01
1.543578839619922682e+01
1.573081572063645517e+01
1.647484076337525138e+01
1.628864377119798590e+01
1.570533215480120148e+01
1.600912376135756787e+01
1.592544666185923141e+01
1.611587551697117249e+01
1.592245041624040347e+01
1.578976251605245729e+01
1.584246298402162090e+01
1.572341776653708578e+01
1.578588294385373025e+01
1.581118488861629423e+01
1.566834632694327745e+01
1.594048823914134694e+01
1.573618930164312069e+01
1.632432205403217296e+01
1.581655834617169099e+01
1.616208313355569359e+01
1.556816786152431220e+01
1.613451877412688518e+01
1.589997264175140579e+01
1.591384774597916341e+01
1.549874924630482731e+01
1.604197069567820577e+01
1.616565875298260480e+01
1.616271203532851786e+01
1.556801504070282149e+01
1.617950245091406103e+01
1.578380245862129172e+01
1.636038681989218446e+01
1.609644130427729536e+01
1.616942750741633716e+01
1.667611152034393385e+01
1.603499517032157939e+01
1.558479018316320364e+01
1.677882650901775108e+01
1.550392105741727455e+01
1.624182588306182851e+01
1.586372162123501184e+01
1.586688429251987920e+01
1.615754796436633356e+01
1.615299280053685038e+01
1.589232558645431048e+01
1.672448892835830492e+01
1.567698507601375901e+01
1.548860457529552370e+01
1.594757732226992708e+01
1.615767902939841250e+01
1.618059087378389904e+01
1.578230934033530097e+01
1.622165414102000724e+01
1.548315325331514813e+01
1.598384611477166750e+01
1.642929452482315966e+01
1.601318908043685241e+01
1.629086588001372959e+01
1.576434598301004186e+01
1.581195693283364001e+01
1.656753154683185159e+01
1.587738169231727525e+01
1.611228398579147481e+01
1.600783380921666321e+01
1.567846672990805246e+01
1.601267522173831281e+01
1.585584536418756940e+01
1.642434951120794651e+01
1.581290258879592514e+01
1.630624792030083015e+01
1.615396263531992105e+01
1.543813725008141624e+01
1.595803703530601148e+01
1.609827666481032082e+01
1.531439289790017177e+01
1.598886081281114002e+01
1.584603875381758797e+01
1.584516311443493919e+01
1.668958663742362702e+01
1.584953660944321996e+01
1.637154956384776838e+01
1.648000494721784648e+01
1.601401585451991494e+01
1.571291285810432115e+01
1.640510716325845308e+01
1.578789138638630618e+01
1.572258737386804484e+01
1.607433029438621119e+01
1.592750781981964536e+01
1.532087668622662768e+01
1.622830139886930212e+01
1.573870407934390414e+01
1.634319557401641276e+01
1.602987574927241354e+01
1.563851114889205540e+01
1.600236707061424113e+01
1.594452806269646139e+01
1.594026177320285775e+01
1.616755122071552719e+01
1.623552777922399670e+01
1.602191000960926459e+01
1.576030404869993973e+01
1.605587689068683943e+01
1.563109795164957916e+01
1.590905193450646493e+01
1.564539587979760071e+01
1.624931760848383533e+01
1.550683869366299561e+01
1.647086488469984289e+01
1.607722757582771678e+01
1.615115593665164084e+01
1.638443492528903178e+01
1.633533623269573809e+01
1.565425925788107442e+01
1.593037158277245879e+01
1.579449387652157277e+01
1.596613438890047121e+01
1.568758349899868065e+01
1.637051024164657065e+01
1.577826517504747983e+01
1.578637069014590466e+01
1.589508190696755108e+01
1.583257981227632527e+01
1.538569612202894277e+01
1.604613399117146244e+01
1.567239922207997260e+01
1.662828226926459507e+01
1.556952882577725461e+01
1.523213668045042724e+01
1.549960800273744965e+01
1.639224808444593506e+01
1.598692323965645734e+01
1.560966762430523680e+01
1.607288289969332595e+01
1.631153344847367492e+01
1.596074124242902492e+01
1.611049180145172244e+01
1.602636814395948406e+01
1.653503079516281105e+01
1.596815061284854131e+01
1.580624744837289875e+01
1.626949108600333815e+01
1.594701002669946099e+01
1.579588295419843114e+01
1.650554445921597591e+01
1.617825640638166718e+01
1.552486232445014203e+01
1.574610610573157388e+01
1.620662195175409437e+01
1.597911785533914575e+01
1.638936498635484185e+01
1.606615254240972490e+01
1.626051243232511467e+01
1.590289803478992603e+01
1.591227107300241705e+01
1.617407722543345727e+01
1.572424623611865968e+01
1.593493036958645526e+01
1.568879257635776803e+01
1.571882850267814291e+01
1.567102147823783120e+01
1.528676002866998651e+01
1.547540693737604123e+01
1.624302536325662771e+01
1.632054976219680853e+01
1.650847742900490189e+01
1.620976505553847602e+01
1.549708374055664706e+01
1.608928784210271701e+01
1.645201056798426009e+01
1.579708305123104672e+01
1.633772116818288112e+01
1.572485512002219643e+01
1.597791957067076751e+01
1.643985878979189508e+01
1.649780105650635420e+01
1.618697241477334003e+01
1.591747858222777268e+01
1.625404510302058725e+01
1.604947112651579388e+01
1.594426752774520395e+01
1.588799419333048135e+01
1.604283446631780663e+01
1.560578027942212564e+01
1.640434766875407391e+01
1.593150927079783408e+01
1.577027135990607221e+01
1.613412874829550603e+01
1.583453322600849056e+01
1.571238161839963965e+01
1.603406775558779529e+01
1.620839093262160802e+01
1.623560298007429381e+01
1.647328820668410287e+01
1.625682293153854019e+01
1.593469920582969657e+01
1.569148314722835380e+01
1.591387244310316085e+01
1.596528250226358381e+01
1.586203663270092257e+01
1.638500078649547120e+01
1.583108386438890491e+01
1.643445458870208853e+01
1.580119376506666562e+01
1.665472665017089682e+01
1.624889648332379011e+01
1.610535157977725262e+01
1.587329025388824988e+01
1.609674080426733767e+01
1.553621624985466276e+01
1.588667975176979752e+01
1.556403542593008460e+01
1.581925472921599507e+01
1.638619870328349037e+01
1.595676045054653791e+01
1.593488801592105553e+01
1.631961961028545005e+01
1.612214541005479163e+01
1.616162329009923582e+01
1.649202517136466284e+01
1.583737738808753726e+01
1.681933263835523107e+01
1.599540330029172530e+01
1.590816162350927065e+01
1.618019667804168549e+01
1.593307165099884415e+01
1.590387376195079661e+01
1.582251354544118804e+01
1.636215727948252407e+01
1.580660549400153592e+01
1.596071268440295476e+01
1.584588564463034110e+01
1.581997829279249856e+01
1.563249420055774763e+01
1.612764480723265237e+01
1.598681777543509064e+01
1.633468332069268669e+01
1.569494414906732693e+01
1.568718190206316976e+01
1.599467721988638402e+01
1.573292934307179358e+01
1.619140477180423687e+01
1.625295903526002306e+01
1.633588620564242078e+01
1.633162688484508962e+01
1.624748294253780401e+01
1.599885168619332276e+01
1.636352060105543416e+01
1.587648511175113164e+01
1.589809368139244583e+01
1.589370193866363579e+01
1.541365639501567841e+01
1.628538194571093101e+01
1.567701124197099283e+01
1.615870138777654930e+01
1.659273199867289250e+01
1.580075284299454275e+01
1.586952209485646570e+01
1.589165287630179257e+01
1.665756294374278923e+01
1.572243198096266248e+01
1.655888156765823638e+01
1.575908871967822655e+01
1.574986241945585164e+01
1.578777011730815616e+01
1.616730363475839738e+01
1.593353632410414988e+01
1.600606434823308888e+01
1.591856199393743765e+01
1.612531957352924294e+01
1.643005496038821533e+01
1.613814880893909987e+01
1.569247929645747419e+01
1.572194270266475513e+01
1.571220718589504628e+01
1.582899011304688841e+01
1.579021693096346901e+01
1.543537502091794167e+01
1.591568532137205594e+01
1.608665786177661516e+01
1.592065372245872723e+01
1.593803108586771522e+01
1.590797094383098198e+01
1.631483476575514047e+01
1.576005478334688270e+01
1.592962144809599323e+01
1.584081781128283062e+01
1.571170245107672336e+01
1.525488403211010713e+01
1.647228795395256640e+01
1.594873763764159058e+01
1.569061379389901134e+01
1.591347892487752880e+01
1.625439259571492556e+01
1.592278893364952985e+01
1.584650337125377462e+01
1.583858389599775407e+01
1.645318821042807045e+01
1.580257571672772698e+01
1.609411497619741738e+01
1.614101263573820688e+01
1.576355229464897079e+01
1.611525170191938372e+01
1.602943395645110769e+01
1.627590378992883302e+01
1.614592910584739371e+01
1.582876943790235913e+01
1.603398882353824462e+01
1.597565654795634238e+01
1.592595716698025754e+01
1.649269451791193219e+01
1.534443121898789286e+01
1.578915132531465915e+01
1.611803774664623390e+01
1.591892702966767992e+01
1.577400519431231807e+01
1.597197553533937864e+01
1.580652587236520645e+01
1.562921197070731694e+01
1.620135168804176118e+01
1.596576333534688885e+01
1.573285628480284970e+01
1.598639999459342853e+01
1.579457582562009677e+01
1.595682761133753225e+01
1.598928843949736844e+01
1.590838224188729200e+01
1.622168963960056232e+01
1.552639620129985687e+01
1.591355487923763512e+01
1.588292446826922877e+01
1.590396109200051988e+01
1.575960144393891404e+01
1.570089815888570328e+01
1.617013465848734910e+01
1.600431370567356026e+01
1.628658334581252731e+01
1.642471012714459278e+01
1.591713476201289623e+01
1.646246970647788999e+01
1.617423071712687133e+01
1.578139635937901453e+01
1.665168053414589622e+01
1.637668814843521048e+01
1.624496970825757458e+01
1.623572922676062547e+01
1.604540435601622406e+01
1.574199901509662070e+01
1.594789395319760317e+01
1.637229891369277723e+01
1.658364477189109820e+01
1.633237454596414295e+01
1.594186633200553338e+01
1.582666123833137028e+01
1.596323553835236808e+01
1.564606008091165279e+01
1.579000472913516084e+01
1.607812707121430407e+01
1.664244157389975243e+01
1.603442580419102725e+01
1.581567277554329998e+01
1.563546147674232323e+01
1.647092931250029224e+01
1.610690349150899081e+01
1.569617219748414882e+01
1.596575380872631378e+01
1.603719944700842248e+01
1.574085049585631779e+01
1.591299850658542070e+01
1.601477345157188026e+01
1.552403600126018191e+01
1.560936277988190213e+01
1.625332242087614176e+01
1.622849697407629321e+01
1.561551794938653615e+01
1.581204809488428253e+01
1.602030374953825032e+01
1.593994202382377701e+01
1.634624576465540358e+01
1.569005219826726183e+01
1.597736290391320502e+01
1.651446420184003827e+01
1.601489249803169557e+01
1.601284434207027019e+01
1.602177322076979848e+01
1.596747504828873332e+01
1.576009026420891779e+01
1.680733541213419358e+01
1.638193767539904400e+01
1.593388804260419178e+01
1.589482892887050269e+01
1.620219150348018644e+01
1.590656705056231068e+01
1.614620311827455623e+01
1.596126132413290932e+01
1.532303728877869808e+01
1.594047122478815481e+01
1.609970449532347914e+01
1.604934583594052100e+01
1.565910960924515116e+01
1.596532348624678477e+01
1.619047482174357100e+01
1.542869535144250115e+01
1.599985801350882575e+01
1.614360062243650162e+01
1.615509000899952952e+01
1.575045008682130288e+01
1.609344901010226181e+01
1.615422415045074445e+01
1.607658357443522945e+01
1.612681571307679818e+01
1.633142565941469826e+01
1.632215454869539073e+01
1.610113157105409698e+01
1.577300320802033440e+01
1.580149614503853783e+01
1.586968553097497470e+01
1.584222657013877722e+01
1.631497810744136245e+01
1.599432346603440536e+01
1.575515261313604931e+01
1.588816765173580947e+01
1.588464359894517131e+01
1.596711836240168303e+01
1.618031995859742622e+01
1.626401418909836494e+01
1.611917056057049891e+01
1.596582871523951042e+01
1.616495170478831866e+01
1.600349033322880388e+01
1.567506349579563185e+01
1.574761267230963036e+01
1.567311081746609425e+01
1.618829735756875010e+01
1.615113522111250433e+01
1.654156512007410029e+01
1.610768406493135174e+01
1.626607205169094073e+01
1.614543432907083087e+01
1.604681647772668640e+01
1.630037534425687440e+01
1.527549894173896661e+01
1.614645938496622790e+01
1.628583203263490375e+01
1.607010477266934956e+01
1.551924625292599558e+01
1.586576974878811086e+01
1.600234258301242107e+01
1.624769247522091220e+01
1.593428544491933962e+01
1.632324602890757603e+01
1.578056601447489271e+01
1.590187255595369287e+01
1.604097859100669510e+01
1.596943066739767225e+01
1.573360515024572770e+01
1.593616699126904912e+01
1.599598901429841113e+01
1.636678003789929292e+01
1.586591713373970869e+01
1.632612184158520563e+01
1.615781358775799603e+01
1.597063472467896439e+01
1.621071644735477690e+01
1.671887884733660457e+01
1.583754194455838515e+01
1.572734699981919704e+01
1.634339262459448250e+01
1.626544631887031400e+01
1.610122624935366531e+01
1.654553107038355009e+01
1.576410563828460987e+01
1.585591597067434755e+01
1.593151549922106369e+01
1.588927832381160599e+01
1.602374149154779559e+01
1.599109756666578086e+01
1.644440931949397111e+01
1.652997583040220420e+01
1.596059730072109240e+01
1.606062019851220057e+01
1.617352416247539537e+01
1.596263012444278573e+01
1.587459725365654961e+01
1.611012312477725317e+01
1.622121774389162141e+01
1.608563750065972897e+01
1.600441978317126512e+01
1.551224853304818474e+01
1.645656625989791166e+01
1.595711240879327875e+01
1.589992893163818977e+01
1.604271181521208689e+01
1.560596749247948445e+01
1.617918641907561295e+01
1.574443983585636353e+01
1.557361450348869525e+01
1.593372454194511256e+01
1.593484216292778122e+01
1.580950826597682379e+01
1.579271568251867564e+01
1.590851694032932073e+01
1.596219426342036485e+01
1.616486398375516131e+01
1.620472235312468001e+01
1.563339027131677383e+01
1.591015117114530497e+01
1.627443264608893259e+01
1.605359367729541376e+01
1.569356735978395534e+01
1.616765199938695119e+01
1.586726452152739952e+01
1.567460716451195601e+01
1.551303001633288758e+01
1.591990336917786308e+01
1.571939322353583535e+01
1.633963237203371222e+01
1.646648562824968920e+01
1.602604517258517802e+01
1.585068680434848964e+01
1.579447239816454562e+01
1.590410361378608783e+01
1.646560946669495706e+01
1.626776183832388512e+01
1.625105498667633697e+01
1.628489363162023551e+01
1.642922034357995642e+01
1.577785803717362612e+01
1.569700171020887680e+01
1.523599734854819765e+01
1.562666187640667381e+01
1.592217737676678979e+01
1.584034405001627732e+01
1.633273385329607663e+01
1.579378249938061884e+01
1.626097789247330283e+01
1.629324270171555611e+01
1.553060593887689400e+01
1.570579981797329516e+01
1.613584911874998795e+01
1.635862288794768205e+01
1.584725508265116645e+01
1.614072050884501053e+01
1.544392102708895820e+01
1.587944303440262850e+01
1.563237026796994300e+01
1.597672203340471775e+01
1.548508225511491254e+01
1.584503370870567274e+01
1.619299618384497208e+01
1.564997291144447900e+01
1.555958053894377890e+01
1.620209717682612904e+01
1.618894851301121562e+01
1.670832768823104075e+01
1.554999540015798587e+01
1.582420524882620860e+01
1.634478284178917917e+01
1.625053963238104870e+01
1.567457355365785787e+01
1.575994794585081848e+01
1.570953804781912488e+01
1.546887733784901364e+01
1.640866997372605596e+01
1.667990959262174755e+01
1.522135431115008330e+01
1.583931388617821057e+01
1.608725514188827788e+01
1.621084014390533667e+01
1.603845749304422696e+01
1.630978515603734635e+01
1.606995694973775102e+01
1.529044722166503156e+01
1.595833847740173361e+01
1.586593082365733487e+01
1.608917942287108716e+01
1.633175538551817141e+01
1.580696909787030613e+01
1.587750430443634109e+01
1.628915666798075890e+01
1.617412883903190490e+01
1.590726398671981912e+01
1.580831978659122683e+01
1.601542648868399255e+01
1.591464606960277628e+01
1.590471524133434222e+01
1.592708722762343854e+01
1.601476506865250471e+01
1.631951660701154694e+01
1.573914043279549269e+01
1.591225593570855068e+01
1.627735503579149423e+01
1.573405510888234282e+01
1.568891256843134485e+01
1.559687663308404915e+01
1.595671206233786421e+01
1.629194293737073806e+01
1.586063149181880583e+01
1.554078845622021809e+01
1.562302160004702856e+01
1.567807801163436565e+01
1.565293188052031859e+01
1.613613865148025539e+01
1.614507381598122393e+01
1.591037362937069233e+01
1.637066019417095575e+01
1.611490648695809824e+01
1.601843940095553620e+01
1.674761523805823416e+01
1.636757986009357424e+01
1.595055904753383480e+01
1.602985129669086817e+01
1.603747982865803934e+01
1.610295833161683632e+01
1.591661645090645472e+01
1.572594380726110863e+01
1.582881126662761950e+01
1.566640573669716652e+01
1.602143439775711187e+01
1.599769537350226045e+01
1.568569278927807176e+01
1.641548917407021335e+01
1.578799044400810025e+01
1.568436907103165900e+01
1.602440135443332281e+01
1.623426522327674704e+01
1.567745772720522268e+01
1.640039217083994316e+01
1.563794725727755264e+01
1.631998542196906499e+01
1.607690976615590017e+01
1.586539236753541537e+01
1.629336860753593186e+01
1.574259712631261898e+01
1.557045857425820756e+01
1.613491325576663016e+01
1.629648727053736934e+01
1.587696635454678784e+01
1.622200975213749885e+01
1.595961872268524040e+01
1.624166706347286748e+01
1.600562235362805552e+01
1.590379620412293171e+01
1.585617606677744718e+01
1.645024787583357906e+01
1.595318665281566162e+01
1.612887556938064648e+01
1.537695016310534690e+01
1.577595830701910096e+01
1.610411469554975739e+01
1.611242968525320407e+01
1.622046921218074900e+01
1.678949919514722211e+01
1.592280108355731549e+01
1.660520119252324989e+01
1.613088443491404789e+01
1.581105312370391580e+01
1.584574284147062961e+01
1.637037642722276587e+01
1.573995668037374784e+01
1.590244963730304484e+01
1.617921272073409966e+01
1.672910051386779529e+01
1.587576634716154800e+01
1.579244479761025310e+01
1.604752735002613662e+01
1.618157853773363897e+01
1.628303568099160614e+01
1.609022778414385257e+01
1.589508840222571706e+01
1.560298934998341736e+01
1.587899556932182321e+01
1.580867496024583652e+01
1.598563183210409733e+01
1.610969254712594179e+01
1.604217282857080207e+01
1.640995255826794619e+01
1.621792369132896638e+01
1.543240222614317858e+01
1.602914912314629348e+01
1.634734734364640829e+01
1.618530819583786240e+01
1.623942715681282678e+01
1.591441123604771590e+01
1.646711204134035000e+01
1.608865169662770711e+01
1.668114651937820980e+01
1.649119404345693596e+01
1.614284476294546167e+01
1.597696677008748445e+01
1.598839050059093481e+01
1.597334165927898297e+01
1.599391143856184527e+01
1.581894227162356437e+01
1.585531728447741528e+01
1.642247006677356325e+01
1.630680083940271885e+01
1.598122447635223686e+01
1.554289071018897772e+01
1.590175081574525251e+01
1.688644260887548398e+01
1.621930965060238350e+01
1.607295442497146709e+01
1.552276138509682113e+01
1.619492525933581106e+01
1.478873649371327126e+01
1.604418584400215764e+01
1.675324681296973139e+01
1.580859458630511938e+01
1.599018829084996263e+01
1.621125128212330679e+01
1.571400870640110448e+01
1.556903864138461202e+01
1.573502251212299718e+01
1.563808751248750184e+01
1.611779626170847379e+01
1.609696512611712649e+01
1.539878851416288619e+01
1.571758070997057111e+01
1.609046784960628784e+01
1.570153340846315082e+01
1.568433297106076374e+01
1.586597640142475640e+01
1.572651719833873152e+01
1.569555330394065962e+01
1.596462828175833870e+01
1.604069747200408003e+01
1.580876158729272341e+01
1.596806636965799875e+01
1.561821739850168989e+01
1.599922740554416656e+01
1.601816388212328945e+01
1.641210453439103389e+01
1.576889761059512551e+01
1.575878793656178445e+01
1.542735750163821606e+01
1.634962638281441016e+01
1.695530830616367979e+01
1.608045143686597811e+01
1.546191381739509296e+01
1.598566806810100083e+01
1.558813397114379029e+01
1.584597912154043620e+01
1.651373740679640889e+01
1.527868538526685604e+01
1.592841264000833057e+01
1.578467070277023332e+01
1.599953254869285679e+01
1.561035690121619091e+01
1.576018143784973802e+01
1.597907838367852662e+01
1.590553661835731170e+01
1.583085515893610840e+01
1.554968631198640416e+01
1.640379359110866631e+01
1.590492944867374980e+01
1.570399482411878544e+01
1.639352682845448683e+01
1.687796556999640529e+01
1.624862474124559952e+01
1.557374284439510781e+01
1.621447880220194548e+01
1.551631863309214943e+01
1.568524078956045997e+01
1.618836938829619498e+01
1.574920990622970329e+01
1.652828258258897520e+01
1.682119662816389649e+01
1.102638042332822543e+01
