9.095565707653994636e+00
8.699945631724519401e+00
8.582952617315395827e+00
8.671418645098022182e+00
9.922187958384354189e+00
8.864431685037255093e+00
9.022592212120237321e+00
9.284432690737251193e+00
9.151272689398116000e+00
8.642574169977052634e+00
8.672675191335191158e+00
8.866621794028697323e+00
8.917419742181683873e+00
8.426631379882215001e+00
9.147206491208370593e+00
8.966977677016659598e+00
9.114596143243945292e+00
9.472229224577956685e+00
8.681634038337262993e+00
8.754971510013424663e+00
8.988729372298069009e+00
9.143969412699798127e+00
8.836116879882153441e+00
9.218854868888625376e+00
9.396167695097242145e+00
9.538246003340509205e+00
8.752940649996931555e+00
8.847962669958189252e+00
9.135491435765374035e+00
8.649224295348671987e+00
9.138419003694412623e+00
8.565417973195097900e+00
8.552584423773918587e+00
8.905001811252390098e+00
9.037009870556452995e+00
8.763930656890883242e+00
8.459188677846496418e+00
9.340225889959214101e+00
8.992398840788606407e+00
8.639868781341251136e+00
8.550637568939805533e+00
8.915577333373196467e+00
9.338875717159254464e+00
9.048141140299986063e+00
9.394449862481948799e+00
8.671118110901360865e+00
8.684122031032147859e+00
8.533041451200245930e+00
8.810101546067745204e+00
9.478312811646720348e+00
9.236781802182402856e+00
9.412506539082118096e+00
9.090233315425900074e+00
9.378947839073818571e+00
9.340961321985799870e+00
8.723986080851341640e+00
9.461437205696933361e+00
9.023369054917633747e+00
9.402084849494295682e+00
8.587090613734861932e+00
9.311809005778247439e+00
9.010979158736185823e+00
8.996814533128775437e+00
9.333763103946143502e+00
8.645815251463405460e+00
9.454012686745766558e+00
9.351148477484876764e+00
9.103804191149528435e+00
9.424145189827100921e+00
8.512853702795419863e+00
8.925927739760535218e+00
9.096237739106525666e+00
9.304327356608563804e+00
8.966187630889255189e+00
8.892088213044436529e+00
9.038411034710337688e+00
8.765289049370011298e+00
8.983326492937870000e+00
8.993955040437105808e+00
9.373030245958435813e+00
8.809282202775330362e+00
8.949063642150340669e+00
9.044633681162626004e+00
8.778798647088454032e+00
8.842796061647181460e+00
9.127920706379352822e+00
8.959834359637724788e+00
9.445149173866308701e+00
8.978332224869872036e+00
9.342815147401729803e+00
9.284608608627820558e+00
8.973063672108350985e+00
8.729316717056024189e+00
9.027540375733492439e+00
8.615228486619075809e+00
8.933401615214240366e+00
9.126193526805868927e+00
9.472397839681603315e+00
9.313414864797531223e+00
8.782052851440539598e+00
8.939039026537876964e+00
9.127776885348206193e+00
8.784289669893359687e+00
9.398192978815565368e+00
8.651699740730451893e+00
9.177379670212463481e+00
9.035464776527355468e+00
9.074960514822423718e+00
8.872758995549469674e+00
8.552887998619532084e+00
9.029059714372591472e+00
9.013599819860802498e+00
9.066226292452116198e+00
9.058636029217305818e+00
8.645438597963950755e+00
9.192630069689650796e+00
8.958756966444887837e+00
8.992458591441481630e+00
9.345315192831225914e+00
8.826978066446258708e+00
9.173948549551088405e+00
8.849345442152582564e+00
8.484565008515726703e+00
8.986869127303970473e+00
8.955395395001007230e+00
9.110681089325911586e+00
8.911324388108551986e+00
8.874473515209665209e+00
9.092502754682392663e+00
8.769547073088231670e+00
8.767633723626328646e+00
9.344043344612217084e+00
8.873046198690023090e+00
9.019130205757205587e+00
9.078076062278270797e+00
9.188242542171447980e+00
8.636869285478296021e+00
8.855267883277575081e+00
9.260519830635979943e+00
9.388022301014865789e+00
9.141096903877606650e+00
9.014399429560139509e+00
9.495710262472433882e+00
9.294867285448294325e+00
8.757862658743809092e+00
8.719961484578201194e+00
8.851521502859087676e+00
9.270762748530774644e+00
8.723182378782370350e+00
8.676075994518045675e+00
8.915555971927364709e+00
8.586611915598922451e+00
9.043796202250515393e+00
9.309985549679060668e+00
8.590752822124963828e+00
8.855292908248349804e+00
9.310677209931379039e+00
9.144510495436906083e+00
8.909951368739339017e+00
9.255533929521062575e+00
8.994540821037929845e+00
9.082588117759394564e+00
8.908477974934090327e+00
8.901124007416640893e+00
8.820145571382379757e+00
8.694835619887244960e+00
9.641911113001517819e+00
9.264383169730095346e+00
8.437903202608195485e+00
8.986433199463530030e+00
8.758708257827525046e+00
8.832674322593247140e+00
9.112029918872412537e+00
8.550164177092426598e+00
9.074423258912252876e+00
8.900810700777482154e+00
8.857063288090200714e+00
8.425707172991863558e+00
9.034827714998311166e+00
9.022498439671673864e+00
9.239618234328608182e+00
9.354920533009025263e+00
9.263978354112204272e+00
9.281003065762005733e+00
8.994173220082988252e+00
9.007314348954203354e+00
8.568145805318049923e+00
8.847117130068209434e+00
8.996308047505213068e+00
9.412443668941049779e+00
9.080740542284832628e+00
8.662721191975460755e+00
9.204329198866640027e+00
8.636195305141207257e+00
9.100597598835989288e+00
9.049563523316637159e+00
9.408701905873069649e+00
9.510782885890156635e+00
9.186564360523007622e+00
9.220199902541672543e+00
8.618155683740837958e+00
9.026663439599509786e+00
8.648941551950622753e+00
9.035535683917819583e+00
8.830792091750645056e+00
8.957577684142229657e+00
9.380196234337095262e+00
9.411793975409286972e+00
9.284147461298177362e+00
8.492602918485220087e+00
8.987917721500664925e+00
8.965350183006879803e+00
8.718570700376359284e+00
9.438230901771968107e+00
9.132618036510240955e+00
9.239959012909155334e+00
9.050659572017531573e+00
9.137156973899090318e+00
9.454191066685099898e+00
8.623743653476758197e+00
8.938125444426647803e+00
8.958182547050880018e+00
8.641085173723070056e+00
9.106734325427703780e+00
8.739597475326171150e+00
9.189748568478904645e+00
8.845102198672057270e+00
9.086559735264069460e+00
8.877237854902906733e+00
8.432646536026195960e+00
8.753998487849052879e+00
8.843964120147965957e+00
9.096738539830521830e+00
9.306896688725501576e+00
8.730402443838897852e+00
8.632626058702644656e+00
9.516185912134938363e+00
9.043805194757700505e+00
9.028882686585003370e+00
8.857554131928134566e+00
8.617883412241203800e+00
9.226512653114090412e+00
8.748939386234704685e+00
9.085778936405162654e+00
9.852132665490564989e+00
9.226140311017910989e+00
9.317460343444459170e+00
8.956920230916514569e+00
8.610821361184994416e+00
9.463920704429652275e+00
8.785551033357783979e+00
9.143947350988694822e+00
8.893915968651604942e+00
8.731988888251370540e+00
9.054457181392354670e+00
8.923551836595954967e+00
8.690235696942197663e+00
8.573593903949285888e+00
8.810266664804105474e+00
9.105133993774897405e+00
9.244820199560493279e+00
8.769562550416065250e+00
9.419908337912650254e+00
9.116588910190740691e+00
9.060692778908391531e+00
8.661946797479593840e+00
8.931254147404020571e+00
8.789723629925440207e+00
8.841815120703163444e+00
8.676607282991476211e+00
8.647864837344020117e+00
8.948883675413858541e+00
9.034545305473800525e+00
9.231097975444662040e+00
8.759231536269428631e+00
9.236969052883049258e+00
8.546320261072342106e+00
8.847246209824502827e+00
8.782155205203086012e+00
8.798197394100656155e+00
8.991846267151782257e+00
9.124168743889615740e+00
8.735034070229351855e+00
8.897498085366681408e+00
9.108648148800376987e+00
9.150574348496210320e+00
9.621886401836299285e+00
9.109709756034778394e+00
9.008429096609960496e+00
8.979095742384918921e+00
8.959213423909137219e+00
9.009787224682101581e+00
8.882415940922300024e+00
8.639917342963149949e+00
9.241552844664923327e+00
9.217770698744928382e+00
9.303787340931924277e+00
8.835598013368111125e+00
8.947764755256775615e+00
8.905434056753701810e+00
8.981111112908777727e+00
9.006522259599947233e+00
8.972398131389274667e+00
9.178671922724186416e+00
8.141264997656858071e+00
9.508984673564507162e+00
9.531643319443107387e+00
8.896963604278209203e+00
8.975088286702884943e+00
8.966957265855416637e+00
8.772419272801613488e+00
9.060881663748338255e+00
8.941900513771138037e+00
9.139001896096520028e+00
8.674788591284414707e+00
9.008846428272795137e+00
9.223643878661384576e+00
9.037119651278779031e+00
8.936451929479527934e+00
8.881067727242399457e+00
9.952684064508121153e+00
8.825984493367361239e+00
8.735080675546365470e+00
9.267501932972194822e+00
9.172353995824837014e+00
9.298342155815554122e+00
9.201592185011433500e+00
9.236284071603565238e+00
8.709632832501329247e+00
8.793314486080062053e+00
9.020354113732464540e+00
8.899376331222164538e+00
8.795152693330958726e+00
9.048813927881585784e+00
8.990748688448057635e+00
9.036806908396705751e+00
9.207479921352378582e+00
9.393242703203394939e+00
8.618828819177808853e+00
8.645064677524441521e+00
8.949355300476078412e+00
8.400674205856839549e+00
9.034822122799031519e+00
8.790036711262583680e+00
8.982906251566385336e+00
8.962851693864269720e+00
9.224439297947574445e+00
8.836319452584669776e+00
9.303151477326839114e+00
9.103982412585500228e+00
8.602054385464185771e+00
8.928158834876962047e+00
9.310244656664721674e+00
9.042529066608919308e+00
9.256274617233126278e+00
8.847215432357694809e+00
9.039470185353257747e+00
8.941023962410580950e+00
8.844736098964208537e+00
9.377570025352843786e+00
9.170364652042025000e+00
8.665396453480273209e+00
8.738396950325181933e+00
9.127383174984219139e+00
8.904139489200563418e+00
9.208113146819133732e+00
9.135766296371494732e+00
8.695747401107002617e+00
9.004086617439476470e+00
8.864277609052090057e+00
9.161033032308996127e+00
8.956601998591560587e+00
8.845649720096274038e+00
8.704070517188618794e+00
8.686533540271094367e+00
9.069171000589870246e+00
8.982343912492634530e+00
8.921131199932373690e+00
8.950036548538582437e+00
8.585748782886925667e+00
8.847606549354551930e+00
8.900267035727530640e+00
8.937812341302699082e+00
8.931711159867559147e+00
8.863563475151066129e+00
9.172402769201335460e+00
8.742491815784758202e+00
8.792751485358422769e+00
9.081238590419417278e+00
9.096870154137736364e+00
8.892674386823394173e+00
8.958871089404995658e+00
9.147370928465820228e+00
9.037026130053737560e+00
9.078767889397449053e+00
8.473626830202555027e+00
8.964414413964023609e+00
8.812921806921060863e+00
9.123281905994947039e+00
8.813606018683847410e+00
9.020637661083618752e+00
8.969101302717445989e+00
9.027041214598122920e+00
9.058481618405608060e+00
9.210323750597613213e+00
8.639430815172470801e+00
9.257808535992120724e+00
8.809308144552144171e+00
9.277547449561028614e+00
9.366005329162049975e+00
8.532283769336475032e+00
9.160782817070284523e+00
9.189888260183604274e+00
8.891494892759105539e+00
8.719622995171789626e+00
9.079676867646437444e+00
8.524288417838745247e+00
8.551515600757140234e+00
9.011331036551228024e+00
9.073952534974926820e+00
8.820288633059981009e+00
9.454486343228280631e+00
9.429932050778958796e+00
9.181758232063657488e+00
9.215276853956366310e+00
8.816087029757250448e+00
9.153219827546651644e+00
8.742871289100094145e+00
8.733044745132435338e+00
8.820354680397048952e+00
9.221726426376173791e+00
9.095694249915259988e+00
8.852788762692231472e+00
9.208595441592583697e+00
9.026932879673367438e+00
9.242371612740251763e+00
9.014257549379541601e+00
9.029038519338357105e+00
8.947294908036168337e+00
9.259137798327779834e+00
9.305462877827173074e+00
9.117244184812886232e+00
8.944019596008859097e+00
9.477847615188457198e+00
8.887692629542215172e+00
8.889499442314699351e+00
8.813099402682754047e+00
8.951606549628703391e+00
9.011239373904059491e+00
8.923495436418523497e+00
8.915646054839758250e+00
9.132620144750513091e+00
8.716218088378074214e+00
8.748182712341515455e+00
8.797021803322229161e+00
9.498332375000996919e+00
8.828821780630565996e+00
9.218597418925993381e+00
8.870407645493793680e+00
8.465861883072408389e+00
8.965853406996915353e+00
9.075042995540155033e+00
8.848863051708253380e+00
9.172977497241641132e+00
8.823356003893509936e+00
8.699091139574475662e+00
9.076286492000628314e+00
9.324666048146935893e+00
8.931411449550571646e+00
9.110635638733059594e+00
8.742942505943746667e+00
8.643096097196520944e+00
8.780324864047084787e+00
8.899670306643495010e+00
9.292970611706945050e+00
8.830612430936835011e+00
8.806303901239248333e+00
9.131785033102195470e+00
9.030815757040061342e+00
8.839326679902441697e+00
8.967141326280255953e+00
8.880521590047793623e+00
8.990250153269721878e+00
8.813993795947459020e+00
9.242293990674905757e+00
9.003118093959733059e+00
9.107958846027282007e+00
9.105463094366564647e+00
8.979054002028538761e+00
8.696221172452379022e+00
8.899040061730527640e+00
9.110835881671526693e+00
8.780450021632173474e+00
9.006797913723522342e+00
8.981395373742849131e+00
9.284233021474870284e+00
8.502179947785485581e+00
9.533760882714707563e+00
8.812803057902971915e+00
9.072561388665526749e+00
8.803998681557901662e+00
8.559603996780886348e+00
9.249451031585826044e+00
8.903734724317905247e+00
8.705147351944365397e+00
9.083443003748575606e+00
9.179757960284941731e+00
9.387476003236171707e+00
9.067280511976990809e+00
8.713595487201891032e+00
8.871497692323217166e+00
9.197723492776820109e+00
8.784619185911846984e+00
8.691186107498362290e+00
8.964402772059708369e+00
9.254405978613979400e+00
9.017675550601408574e+00
8.894374442722268626e+00
8.772241581274194289e+00
8.867529595155655642e+00
8.995886679583666279e+00
8.699025340015140273e+00
9.243470330242111288e+00
8.773114913701135720e+00
9.413662212050118328e+00
9.444927787550470910e+00
9.016699672457951564e+00
8.910533262236041807e+00
9.135454851143572697e+00
8.942813581731870798e+00
8.702988920963408148e+00
8.897298441852624862e+00
9.300016026458724383e+00
8.957656702627437184e+00
9.134972179885755494e+00
9.143858362137939011e+00
9.317863763768867713e+00
9.185391651694974513e+00
8.684823682474810624e+00
8.975201507520241151e+00
9.226833565445101470e+00
9.116991846121914378e+00
9.053975796580235880e+00
9.101938100197449089e+00
9.012983343114001400e+00
8.847479246947900222e+00
9.047129143451103417e+00
9.234199411761430554e+00
8.860405077786777994e+00
8.512277678827862459e+00
9.023607020609624385e+00
9.128612770840737412e+00
9.162359026153483299e+00
9.078197702545772074e+00
8.510570484697687732e+00
8.961894775888584519e+00
9.316297439687831528e+00
9.061408310144811296e+00
8.826976003026420159e+00
9.538775454251274155e+00
8.697569964185701608e+00
8.937136404075069152e+00
8.859175769264814093e+00
9.170568564544264945e+00
9.320774312870661049e+00
9.109215414442552117e+00
9.156716809029889603e+00
8.649544907257878279e+00
9.015475808669696889e+00
9.282605835561099639e+00
9.239264298030199996e+00
9.188880252056012665e+00
8.941221422024865362e+00
8.898526300995131422e+00
8.765603278966516143e+00
9.097846061174974963e+00
8.598480196967152267e+00
9.080385954587550046e+00
8.948901668894361450e+00
9.234833699091256065e+00
8.691712966322546308e+00
8.910475251292247378e+00
8.596093495577662225e+00
9.255219274377648020e+00
9.038887590716868203e+00
8.591064679810932248e+00
8.841902258063820241e+00
8.775883907203560597e+00
8.636855863491852858e+00
8.945263674303946644e+00
8.811974858602701133e+00
9.173327406707510789e+00
9.220590340221288983e+00
9.161718700039719110e+00
8.905096970969564651e+00
9.232459449070312019e+00
8.906606513645217049e+00
8.978284682859976940e+00
9.189500679534674532e+00
9.158718041275676569e+00
8.546417401924047752e+00
9.055922979907748527e+00
9.008455966534979709e+00
8.983856127144026260e+00
9.022872529526784646e+00
8.903657841454599264e+00
8.874119790953193032e+00
9.204998626647959981e+00
8.790584572707370370e+00
9.141213955262101010e+00
8.747502097742900773e+00
9.080433156144684048e+00
9.001896685791193065e+00
9.112687900200260316e+00
9.347921011020854820e+00
9.154187052274423309e+00
8.612571986774744559e+00
8.802751855396190095e+00
9.223808860038925417e+00
8.809842646961575596e+00
9.080023207216232350e+00
9.100646998453786551e+00
9.103390173781528816e+00
8.819773101712485186e+00
9.305844990613831413e+00
9.030347565270592014e+00
9.124671315508637193e+00
8.805813271182119095e+00
8.990806293682460648e+00
9.046527375832200235e+00
8.642134456744180682e+00
9.033956354127719024e+00
8.865151361702713118e+00
8.981601736846236861e+00
8.577890907631848805e+00
8.933436511950127112e+00
8.999829189415628150e+00
9.168496294890323028e+00
8.791305356538257954e+00
8.771842334801544183e+00
8.832869559534787030e+00
8.781796674174183082e+00
8.966392205336614296e+00
9.053362192739646375e+00
9.629741476502324815e+00
9.178509612523454209e+00
8.812347322937791105e+00
9.263306180677084001e+00
8.896653423109912140e+00
8.978809562519966647e+00
8.690341488299749173e+00
8.866754289797805555e+00
8.913549518947954553e+00
9.144165284692158835e+00
8.602711162713452708e+00
8.772265954615154016e+00
9.254203429430667427e+00
9.246240840927320903e+00
9.027561422125534918e+00
8.709839930720596257e+00
8.959263794909089640e+00
8.923841557560324489e+00
9.372429841706694020e+00
8.844522188529804652e+00
8.948482818894474278e+00
9.330331208440709290e+00
8.817752402291484159e+00
9.049565080528621408e+00
8.936670984448992883e+00
9.023722007371070220e+00
8.826600620270301789e+00
8.982687354769449684e+00
8.852959374262423964e+00
8.818653107168865191e+00
9.041537060093508771e+00
8.884973538483047051e+00
8.772457826725162278e+00
8.795821068554168676e+00
9.271102582420738258e+00
9.100992631337893712e+00
9.113318320003076067e+00
9.118780943171898912e+00
8.991901699796271075e+00
8.954365390839562622e+00
9.235324942221383893e+00
8.786463077415678669e+00
9.138434149221177805e+00
8.950547533592054350e+00
9.012598636378996275e+00
8.640585793654235403e+00
9.085215959745259084e+00
9.214816787903020057e+00
9.176328593635771469e+00
8.927017126665102609e+00
8.855327335011255130e+00
9.122017233282496917e+00
8.906006768386523831e+00
8.936317091079194697e+00
9.049808090013204520e+00
9.052167097536385043e+00
8.989955034468772865e+00
8.940869335820094577e+00
9.213771972156298062e+00
8.601576522083144383e+00
8.794335763920997806e+00
9.273133679689685493e+00
9.241434099975377237e+00
8.667458898245119059e+00
8.820648335936047246e+00
9.157087255306262108e+00
8.840856176931453092e+00
9.241941042723270883e+00
9.214443818012442833e+00
8.656503513350585877e+00
8.774153146980172124e+00
9.397129124124036892e+00
8.953002556099862730e+00
9.175222905175978383e+00
9.230865082830073121e+00
8.776432014147014016e+00
8.935332633049430484e+00
8.995419013653355833e+00
9.094715822139844974e+00
9.006729090807358062e+00
8.800447276861561363e+00
8.905116905222548951e+00
9.304904207480861444e+00
8.822911624530147989e+00
9.322541622498873082e+00
8.547233491645892300e+00
9.090124339323208957e+00
8.743836739371085187e+00
8.833580986831451654e+00
9.129347921751799433e+00
8.746545507919352147e+00
9.020269423294005051e+00
9.411776158481227839e+00
8.892454290948686335e+00
9.194581756746424972e+00
9.251019868640987909e+00
8.817059475839295501e+00
8.982624896277336290e+00
8.842854615186562128e+00
8.928286357118340177e+00
8.763941425108921379e+00
8.942358825735716721e+00
9.051944636233081098e+00
8.778567097377582229e+00
8.705742951938185925e+00
9.191654377436178081e+00
9.254862735559147069e+00
8.746801843268249499e+00
8.955825167028764966e+00
8.735587655598356704e+00
8.979224452731019213e+00
9.187732070413545671e+00
8.920363158596170905e+00
8.846666353523417570e+00
9.183965484942728352e+00
9.054508587185745583e+00
9.302960679005357392e+00
8.975811742758766698e+00
9.203985192739633447e+00
9.130693516211133343e+00
8.580733743779644485e+00
8.665339295934957775e+00
9.317352332675715942e+00
8.877866939820620473e+00
9.183616030294610155e+00
9.005668632387919814e+00
8.558417128572237687e+00
8.983329669200632139e+00
9.127508561965163025e+00
8.864002067534476836e+00
9.057439985300767660e+00
8.811323543783702306e+00
9.013887003845557189e+00
9.369471534732122464e+00
8.918856642591235229e+00
9.119300023121841292e+00
9.164169124718778647e+00
9.223084331302935368e+00
9.085463647400811027e+00
9.304095963135683434e+00
9.010175755023448474e+00
9.445351124129954812e+00
9.252361284184299706e+00
9.272998671360937806e+00
8.981100635661993792e+00
9.181294367209478224e+00
9.026975404661493840e+00
8.773081172553579776e+00
8.646418163629833842e+00
9.305755619210787088e+00
8.608502147304159635e+00
9.376059552793945429e+00
8.907421206495996557e+00
8.814407894404785893e+00
9.463647475902122963e+00
9.072337188568210919e+00
8.657946896400680714e+00
8.748273497952812505e+00
9.267914404076947221e+00
9.042749677466572322e+00
9.042088710485257863e+00
9.422771939226763038e+00
9.488159981446694147e+00
8.903217306325130309e+00
9.011724579661793300e+00
8.990902426334175246e+00
9.164013472149193262e+00
8.533429892911581049e+00
9.258904310703492513e+00
9.276467665844950972e+00
9.156083286102862928e+00
8.667900486589093845e+00
8.705272167761783919e+00
9.116176283267005687e+00
8.766000511440237730e+00
8.818155033541236421e+00
8.866208880750560795e+00
8.859003303458610645e+00
9.340571411717373707e+00
9.186996174449184593e+00
9.011618116071735685e+00
9.022912803575916740e+00
8.858639688288812764e+00
9.153318141674491315e+00
9.031091266230175663e+00
9.161746080595724706e+00
9.295716875760039244e+00
8.794476855738425414e+00
9.045025709963779192e+00
9.227603867527681913e+00
8.831144846607420718e+00
9.112325830471801780e+00
9.040944321806952289e+00
8.981168404326647092e+00
8.968969512139308264e+00
9.340156685881069620e+00
9.213892335024752356e+00
8.827766427238813662e+00
9.257682962968413420e+00
9.033896599514582348e+00
8.945832134597205609e+00
9.194592012639313694e+00
9.062125288142278023e+00
9.168221754436087778e+00
9.127527203476924811e+00
8.617700452189382077e+00
9.152275005275392061e+00
9.579088065347272973e+00
9.453814350234983621e+00
9.009743246006971518e+00
9.048560260680156730e+00
9.032966166362349725e+00
8.831668999652563912e+00
8.560575965215843297e+00
8.801045746019001470e+00
8.909063587021547548e+00
9.297748988836934458e+00
9.138265965064091390e+00
8.995046949501057654e+00
9.265641562091531114e+00
8.934220520038945068e+00
8.740033727876449277e+00
8.652796898990658292e+00
8.851551306386742368e+00
9.114565068647040746e+00
9.110607490424817101e+00
8.807265137997546844e+00
8.602074721876173058e+00
8.698122814175714979e+00
9.019466279805705256e+00
9.114753450205123286e+00
8.711535931378502795e+00
8.971807421317445019e+00
8.871787834658711347e+00
8.759898265915545323e+00
9.280493792586250734e+00
9.085363785893076027e+00
9.072921647372377052e+00
8.963452188833016976e+00
8.874327534325136213e+00
8.674118148905055392e+00
8.858885604234499667e+00
9.356823234655893273e+00
9.006395925313052331e+00
8.742117728738211468e+00
9.201536936046579740e+00
9.360961845114847080e+00
8.507947724856137484e+00
9.086020079290939577e+00
8.841287064530133577e+00
9.121517154608401512e+00
9.054653877105776516e+00
8.682838862103508859e+00
8.947895680630818305e+00
8.737158848547949219e+00
8.842309387629954998e+00
8.963353103620368856e+00
9.198875247716360448e+00
8.875676628103265742e+00
8.850005028507723637e+00
8.615261365361781998e+00
9.509616621069550746e+00
8.959443153649704783e+00
8.628660855236201854e+00
9.008362675998935032e+00
8.811733081250558541e+00
9.016020441301801469e+00
9.281920217130567252e+00
9.160975423504279291e+00
8.926588578569555565e+00
8.673797063235246796e+00
9.488760930132395188e+00
8.717556232744067657e+00
9.133863576626467307e+00
8.924560689327503127e+00
8.970436737799161619e+00
8.852416246992174109e+00
8.870766078465811333e+00
8.714858012924640462e+00
9.013673872277554011e+00
8.977168483020314227e+00
9.210355296527547253e+00
9.176024340593217588e+00
9.089409069880531433e+00
8.961411249191412409e+00
8.832989848211898476e+00
8.677052089665791001e+00
8.962349055219247518e+00
9.013295113674114845e+00
8.600971726428616293e+00
8.988014091580541987e+00
8.932522550524746308e+00
9.104447287047969795e+00
8.931287818672025480e+00
8.738652085969450312e+00
8.990497705413476481e+00
8.980188701891556491e+00
9.343977755764679927e+00
9.148509395469341499e+00
8.954808114678709074e+00
9.321271010012731395e+00
8.815969200476308387e+00
8.712854632592009096e+00
8.808286380829541073e+00
8.993503291362438645e+00
8.791297925760309440e+00
9.109877299749525648e+00
9.040402880197259350e+00
9.119227626029889677e+00
8.939180184374940552e+00
8.867652823928054318e+00
8.970549105575807758e+00
8.867027593380404582e+00
8.891663684068742413e+00
9.207999322758269045e+00
9.174588266143249626e+00
8.842775859401880822e+00
8.854184916409428396e+00
9.550944237193998987e+00
9.157242696331710619e+00
8.902137177812145197e+00
9.022894636064481944e+00
8.853448217623865801e+00
8.733058938995874598e+00
9.087762441445336847e+00
9.343024393671379713e+00
9.085670824155537062e+00
8.904052505522535910e+00
8.680987016514627896e+00
9.070617630360008121e+00
8.748920180253193735e+00
8.611730223581092858e+00
8.982812224676825608e+00
9.039068714855261533e+00
9.199900829412669623e+00
8.776438607792410806e+00
8.875826267790152713e+00
9.007084362613190009e+00
8.846233727262113433e+00
8.811165262672048470e+00
8.975443718171442598e+00
8.963943536449725968e+00
8.796542358748915547e+00
9.224662921082924072e+00
8.904868996498720435e+00
9.279543190341495773e+00
9.019304454092150536e+00
9.342204927661729386e+00
8.881016005286568316e+00
8.954244179135343984e+00
9.014575887445557711e+00
9.085435713916696798e+00
9.075711070058899210e+00
9.231622260721685791e+00
8.976079845926788536e+00
9.022990110463469549e+00
9.146288997557819656e+00
9.198096471533322216e+00
8.913622016808831816e+00
9.407368844698725141e+00
8.926822984155370122e+00
9.025378511596686693e+00
8.862974880040415115e+00
8.975052651844892537e+00
9.044447437719764338e+00
8.996459638653885094e+00
9.537613430398115710e+00
9.126135570057286373e+00
8.654939557737261424e+00
8.945388057147507510e+00
9.074144700818733256e+00
9.152575691916894129e+00
9.113162757086641363e+00
9.103393166195525410e+00
8.941060441195967101e+00
8.927504266154844714e+00
8.889518495819780597e+00
8.994492822990892478e+00
9.047119367958329050e+00
8.619184914120102903e+00
8.741189475328015490e+00
9.222420872481196241e+00
8.897310261466962800e+00
9.129646979853385247e+00
9.372453073070731833e+00
9.513073484230320176e+00
8.809296696329406373e+00
9.169737954548372372e+00
8.849585472203807868e+00
9.456290105217620479e+00
9.159591507937495436e+00
9.008196751364460297e+00
8.853351233199122206e+00
8.920081139982105611e+00
9.092614174813054007e+00
9.038439023071154210e+00
8.959945009622080292e+00
8.832387617074523689e+00
9.000590227700612900e+00
8.504039954713189076e+00
9.136255708173269596e+00
9.214672777719155050e+00
8.844071273778931541e+00
9.010973211449872622e+00
8.788057750562218828e+00
8.845291516253089625e+00
9.107632294547604701e+00
9.196040691272303391e+00
9.467135926491058839e+00
9.163244877831001389e+00
8.539024450095197949e+00
8.969428253804075268e+00
9.416949642372191676e+00
8.814099724932772162e+00
8.795391276305569050e+00
9.132821972944764610e+00
9.026882517602990319e+00
8.913483523127631258e+00
8.865176761129093919e+00
8.966190712042386934e+00
8.967893433525008007e+00
8.946124361372568501e+00
8.818676635200283442e+00
8.703753995737253391e+00
8.895694143135219889e+00
9.287513212028235543e+00
8.826780073136756499e+00
9.190042711582622204e+00
9.036899268557908371e+00
9.130052686761569447e+00
8.986975855354405240e+00
9.426229968551950833e+00
8.558106038495964185e+00
8.926383344978082945e+00
8.905346764043052588e+00
9.090200529587052714e+00
9.037991035155400255e+00
8.639408323670158651e+00
9.023779437503948841e+00
8.602391648640884014e+00
8.681102877125141504e+00
8.811018022278902961e+00
8.999062521988500762e+00
9.024160913808671580e+00
9.025415952097127104e+00
8.861334021306081610e+00
8.970967510339015405e+00
9.170704478808378468e+00
9.176030687067203928e+00
9.145289920708261633e+00
8.980287528127682606e+00
9.070089653552779296e+00
9.065229976911554743e+00
9.325576053636583040e+00
8.761827491601930973e+00
8.872798167311806594e+00
8.976966128656423294e+00
8.965728776808020939e+00
9.164135899320196899e+00
8.635801357516895038e+00
8.871252221338389532e+00
8.953170190943438911e+00
8.947281916378296174e+00
9.088702499560799453e+00
9.013746345514007885e+00
9.329289854170799146e+00
8.847648239499378064e+00
8.870475534381512261e+00
8.869081045857349466e+00
8.839533071302518863e+00
8.523210577840972135e+00
9.181784856883611567e+00
9.568008616955433254e+00
9.389347963452067347e+00
8.858667337733544755e+00
8.863652061411865901e+00
8.744987523870053181e+00
9.261731245655907330e+00
8.666249542835332775e+00
8.669250579046277494e+00
9.001310319448377228e+00
9.155568779695453685e+00
9.123497449467006248e+00
9.215907848358620313e+00
8.828815351261525279e+00
8.850235504202952797e+00
8.689016090041786100e+00
8.649171244048392992e+00
9.098447937353627779e+00
9.107969845013558441e+00
9.142495239250900241e+00
9.069455789190994821e+00
8.776434346295571842e+00
8.887808516174516171e+00
8.921725724762788801e+00
8.917713483738751279e+00
9.335146051412557711e+00
9.143577428974291266e+00
9.326117848402187605e+00
8.744199678786502616e+00
9.057708618620504026e+00
9.288466078996687969e+00
8.917762195273205350e+00
9.010158272880079977e+00
9.125396821532437031e+00
8.988175543444423710e+00
9.340673437785543598e+00
8.825741671400095356e+00
9.146080941353293525e+00
9.218406466662290910e+00
9.628876137371198851e+00
8.655056204528051467e+00
9.037230915578955859e+00
9.198514607675326360e+00
8.623007569721750087e+00
8.522891799933306700e+00
9.195878122558911016e+00
9.147014775035883005e+00
9.307774317572915734e+00
9.231288284009997014e+00
8.577713292116177612e+00
8.863538230183699795e+00
8.702533856211015717e+00
8.919805582661535226e+00
8.955614179099002925e+00
8.791996172759530381e+00
9.223010706985995455e+00
8.760327216207254963e+00
8.854701416840324413e+00
9.032425559260174097e+00
8.878210179855873463e+00
9.292363434569949732e+00
9.213508944011776336e+00
8.984811709433735416e+00
9.085661242177799579e+00
9.041495639858887046e+00
9.084637038605080761e+00
9.321979059112273092e+00
8.955898818601514932e+00
8.842753226922756227e+00
8.985419501386042285e+00
8.967224502696051758e+00
9.156493952059566510e+00
9.075824080535944915e+00
9.081155928089058804e+00
8.962115530332637192e+00
9.057925195659034756e+00
8.861721723935975348e+00
8.990523736360271911e+00
9.153254213395211281e+00
8.978754788214974525e+00
8.939591343408997304e+00
9.450597616121516609e+00
8.826854862736919216e+00
9.262460360745112808e+00
9.241748347125348317e+00
8.999807376833139472e+00
9.430777770688832717e+00
9.251831550470752674e+00
8.987719826598542738e+00
8.783862659908427517e+00
8.641518639935966917e+00
8.987981474835654794e+00
9.091008137736439565e+00
9.092202475925509120e+00
9.235109277126706928e+00
8.738139631558086151e+00
8.943608310047975962e+00
8.811321824137710479e+00
8.713912480511252667e+00
8.816868141446883911e+00
8.796955695176251311e+00
8.824958565823592949e+00
8.832550525402089292e+00
9.164417916135452202e+00
9.230006962955162209e+00
9.313335462874023918e+00
9.159939291376621995e+00
8.931924574521278970e+00
8.773338644258348751e+00
8.862538307438757812e+00
9.040898952788175791e+00
8.788908429899237262e+00
8.789034859256286580e+00
9.103235634971163392e+00
8.719699942790535729e+00
8.900528131504811924e+00
9.086709888123973400e+00
8.529973320677235904e+00
9.213276043807688609e+00
8.715561994660369294e+00
8.770257613388407592e+00
9.373368913648526757e+00
9.036435532156149364e+00
8.877300308779782156e+00
9.080409720860366463e+00
9.147208464725416377e+00
8.834631147559393938e+00
8.965051063906866347e+00
9.402599821829372928e+00
8.809094278065810357e+00
9.297009113138775760e+00
8.743183294059432953e+00
8.665476440973661099e+00
9.016226022065684020e+00
8.476695772567046205e+00
9.214460182872478811e+00
8.880519831989557744e+00
9.173462667500118073e+00
9.291640174248124495e+00
9.072859979219627391e+00
9.068802132723083886e+00
8.891176906003810387e+00
9.039891535513307375e+00
9.001656275577493815e+00
9.060358582725006826e+00
8.805623569091176606e+00
8.611133150061599295e+00
8.836720456097838294e+00
9.286283420156184576e+00
8.892175759473092356e+00
8.841762392203072807e+00
8.629216948820376487e+00
8.795680698557449162e+00
8.804179660567415411e+00
9.285212504136543643e+00
9.308792201436009606e+00
8.848269745621916371e+00
9.059166264403598845e+00
8.741561707068074227e+00
8.993569986800990179e+00
8.892761767465749756e+00
9.316022819775792385e+00
8.701800380806924196e+00
9.208302568000208410e+00
8.890437103983362732e+00
9.298845165774157095e+00
8.913676003954849492e+00
8.982509192250310193e+00
9.175621549824100498e+00
9.099274169506069043e+00
8.676106524538619524e+00
8.780850697767327517e+00
9.147789740356774502e+00
9.086039611849363595e+00
8.820337560886803985e+00
8.954906824847414626e+00
8.870527003474258265e+00
8.958411089603663058e+00
9.164943344254819380e+00
9.126063175863729171e+00
8.825689392514489029e+00
8.820879457576003446e+00
9.072672716241124036e+00
8.656480790013434401e+00
8.683377256570720348e+00
9.013784678841783915e+00
9.328115775541732546e+00
8.704981063838298283e+00
9.287571311108848704e+00
9.204967570871895433e+00
8.642901703060440255e+00
9.256799924029307292e+00
9.254772068139191177e+00
8.705928767894425491e+00
8.853282905137094261e+00
8.550790163875582550e+00
9.236789001296369150e+00
9.021393816069334548e+00
9.239193329160677592e+00
9.050944079839856826e+00
9.186397666211705726e+00
8.871016994751894202e+00
9.084018109966207177e+00
8.934502585448376166e+00
9.593220400769324030e+00
8.826257801598698549e+00
8.851192473487119017e+00
9.193045426043850554e+00
8.859971404687104979e+00
9.167177621859554648e+00
8.613865846942548643e+00
8.897068834345706279e+00
8.726187344364092269e+00
9.273998086240485605e+00
8.804839954370418553e+00
8.702751028675216105e+00
9.113890948236310408e+00
8.968992710109530364e+00
9.351251306605462332e+00
8.802692437162786376e+00
9.250826655501871443e+00
8.856930664242113949e+00
8.902454565458636893e+00
8.929177607071416389e+00
9.179158528536493833e+00
9.024608100459008853e+00
8.909331221133220069e+00
8.966561311144042534e+00
8.879203907900022230e+00
8.848453433515954814e+00
9.167937039664026955e+00
9.117988221546546868e+00
9.105459025981291532e+00
8.924565964791010941e+00
9.317824185537718407e+00
9.197174093858816235e+00
8.662371197231067299e+00
8.694283526692425212e+00
8.895959155714360023e+00
8.900117177153363812e+00
8.579388156329933679e+00
9.475681146263687182e+00
9.225273440927095336e+00
9.219880224332722918e+00
9.165822783741912616e+00
8.908648425296565421e+00
9.043212685552813213e+00
9.053178304948261257e+00
8.909301691146975344e+00
9.217410857661196388e+00
8.994043547553591367e+00
9.080530464713707062e+00
8.868973058299513212e+00
8.744667246827367180e+00
9.086050128965970529e+00
8.857145089330815679e+00
8.875199646599918779e+00
8.652026057717577601e+00
9.060055658926302158e+00
9.472738460455618181e+00
9.181520015903416265e+00
9.031242647086829223e+00
8.711172168773771318e+00
9.131031040193889226e+00
8.843143723023240810e+00
8.918272384757417015e+00
9.361844980449630427e+00
9.083083745243744289e+00
8.927661575911509217e+00
9.140729247426454762e+00
8.994920569710355807e+00
8.874577972261574743e+00
9.159444726654429658e+00
9.240743683643298567e+00
8.894879789660109282e+00
8.679670571448308891e+00
8.741673594677910941e+00
8.644683084611694213e+00
8.831272746892286918e+00
9.047723763396042784e+00
9.433771726495502108e+00
9.059991009913126447e+00
8.702862948099898688e+00
8.412543725472199085e+00
9.274645873876364632e+00
8.637094416208933367e+00
8.750483572385103770e+00
9.220573336988007185e+00
9.087402369210950681e+00
8.910448761360385106e+00
8.725714895266339255e+00
8.646243502976938444e+00
8.982069265568295435e+00
9.347312804004117126e+00
8.570593756683770437e+00
8.838501208694585998e+00
9.230973892725771179e+00
9.184838785739994904e+00
8.894922544956518351e+00
8.287436881258999577e+00
8.680305460749119462e+00
9.041793799226155670e+00
9.090392774350853244e+00
8.962122058454321305e+00
9.017398362972528503e+00
9.084015953359031670e+00
8.904051551124048558e+00
8.897946599386438393e+00
9.473317678168056588e+00
9.052316177979372824e+00
8.528601196013219976e+00
8.909677699361969516e+00
8.840861579559430083e+00
8.747049094768778232e+00
9.013434883035884582e+00
8.867978565565939775e+00
8.471163306986309038e+00
8.844823714760762456e+00
9.146669460365885129e+00
8.911829029719188000e+00
8.602384910950959807e+00
8.594191193944293872e+00
8.456975135828626478e+00
9.056642260305483916e+00
8.830585242768862031e+00
8.731067866517193465e+00
8.589154200920333437e+00
9.159049387602312464e+00
8.733902809430613701e+00
9.283824879057840818e+00
9.129360517846389911e+00
9.447670975441601726e+00
9.110598595102578301e+00
9.066384559995983139e+00
8.935990605428539624e+00
9.170454385214883430e+00
8.823213928941250117e+00
9.040371663235907462e+00
8.843057691363013006e+00
9.109985790705165343e+00
8.923348794756247315e+00
9.235878329957131427e+00
8.540312452151622935e+00
8.941356698484291599e+00
8.740349268699056040e+00
8.733440888294943250e+00
9.010266718495552496e+00
8.864589579000826447e+00
9.003294186911192654e+00
9.467408887874366741e+00
8.987484280477790577e+00
9.017911058311721462e+00
9.191798759371980765e+00
9.167174256137601063e+00
9.364065337751677376e+00
8.854081502776798729e+00
9.006384378666361101e+00
9.030056020899204228e+00
8.830961725161804665e+00
8.703133008377312407e+00
8.856983428257082736e+00
9.157724941541493635e+00
9.305636615335819428e+00
8.686676391575941736e+00
8.930965672656476784e+00
9.157965201256628163e+00
8.894922992308549325e+00
9.290794775018039076e+00
9.134887181814125512e+00
8.721106146709100670e+00
9.172834034320578311e+00
8.927578138584216561e+00
8.883692685959717394e+00
8.744181625723662421e+00
8.827190298278241087e+00
9.319154055009446935e+00
9.115395818456647703e+00
8.938080343361468394e+00
9.048324755733251124e+00
8.983559689321241493e+00
8.748481778890710103e+00
8.757011685277678481e+00
8.919625006109830778e+00
9.394216499163642098e+00
8.959657564027001087e+00
8.867819050902483013e+00
9.005644820072772561e+00
9.134003817617976750e+00
9.110415083325458241e+00
8.801675811158181872e+00
8.724175304489563132e+00
9.029664303836751671e+00
9.644726577003870815e+00
8.876743758764071401e+00
8.679331771221837855e+00
8.875141416578607334e+00
8.647736964377438440e+00
8.878449734144144401e+00
8.966141469558241539e+00
9.455596061528595442e+00
8.748747150233580072e+00
9.150820780484492545e+00
8.781706678585846859e+00
9.012178106803078848e+00
8.960124147986050502e+00
8.817662807638113165e+00
9.397138265423391701e+00
9.094323252966084681e+00
8.735989769393185611e+00
8.787117463122239513e+00
9.017006952249008833e+00
8.643003655760258752e+00
9.247334175039188864e+00
9.129194371807194841e+00
8.926139415922442311e+00
8.982960832215674429e+00
8.804395844020261208e+00
8.838296378135737541e+00
9.371731841439945754e+00
9.476672045873458572e+00
9.303662312883412611e+00
8.990741443838777158e+00
9.189148418422721676e+00
8.960387316040030470e+00
9.127488478490421997e+00
9.040249853154159965e+00
9.347225849949291288e+00
8.740151016254309013e+00
8.996792863736445156e+00
8.803010840928147118e+00
8.919173019555504567e+00
8.949459851259808474e+00
8.792684151480294474e+00
9.103942777717737300e+00
8.994933487855874432e+00
8.936237268909726694e+00
8.931359861360226304e+00
9.037965506692769324e+00
8.349640281749342918e+00
9.442348138127428570e+00
9.004277381511128553e+00
8.754309891835998059e+00
8.857785018662973187e+00
8.869685680612267475e+00
8.844659108391182301e+00
8.848566536812624506e+00
9.317721280558547647e+00
9.226310966966106974e+00
9.221322292481442418e+00
8.980945745157351112e+00
8.930451846325004439e+00
9.199620714387371834e+00
8.662478592542989020e+00
8.952879892801414385e+00
9.136084116704578761e+00
8.783450138336958091e+00
8.994834226511507325e+00
8.677579950823375299e+00
8.823480474274113305e+00
8.654665861697536045e+00
8.855953008525478509e+00
8.910589460789667626e+00
8.208231428033867516e+00
8.921387053225226182e+00
8.955816573980357020e+00
9.659594484714576268e+00
9.506231125358050704e+00
8.957359311292668380e+00
9.003996831179803095e+00
9.144868894722643304e+00
9.017150380691113298e+00
8.909218163725746820e+00
8.617314466626565306e+00
8.991801200267397931e+00
8.927366295640537075e+00
8.718254237353944447e+00
8.756299828216114634e+00
8.757222902482222793e+00
8.845051069509388242e+00
8.651899158435590209e+00
9.092079980873775114e+00
8.855475024641910053e+00
8.715250879625388691e+00
9.353686470535569342e+00
9.191949021722216173e+00
9.267326472412490190e+00
8.888080358600435105e+00
8.353396692878156671e+00
9.163269292443281699e+00
8.804954217397748195e+00
8.591612528380423441e+00
8.759748238136273457e+00
8.889031532933961088e+00
8.986728289250489610e+00
8.798823402151885631e+00
9.147418823819053912e+00
9.052001935983049918e+00
9.234044509662192368e+00
8.827711068776380898e+00
9.219297930082676729e+00
8.796907285824639544e+00
9.337099333622724373e+00
9.147451107374878987e+00
8.895874194076675678e+00
8.932151429831458600e+00
9.272280059924048246e+00
9.335642507897453868e+00
8.728797491994841451e+00
9.061189794944679576e+00
9.269747453618744970e+00
8.927597900475376491e+00
9.266360946630552320e+00
9.114714469471188352e+00
8.649581119283404007e+00
8.768833841047356970e+00
8.889491948048373615e+00
9.012972022875649358e+00
9.331567718226347452e+00
9.176296588361958939e+00
9.129127213576738953e+00
8.462559861673247141e+00
8.666541321564944056e+00
8.453597322653219948e+00
9.216619406847824436e+00
9.493127928324213372e+00
8.992580568903902005e+00
9.020254416455413704e+00
8.917903780408991565e+00
8.940222236817399803e+00
8.904709256687375785e+00
8.829156508418400051e+00
9.315405224838553266e+00
8.975297543167206626e+00
9.142005743549807661e+00
9.228897342279413607e+00
9.239429224030333287e+00
8.796967014359280412e+00
8.887798422690041278e+00
9.255065432465880093e+00
9.465791745757618614e+00
9.228700987772276321e+00
9.102357648137559210e+00
8.585620918975864768e+00
9.228387220352995968e+00
8.853758587288407256e+00
9.072307198781462745e+00
9.381218350086738766e+00
9.360488249323100973e+00
9.039222781768936343e+00
8.867130471767341149e+00
8.476740230861324221e+00
8.984132266594210492e+00
8.747941447189939268e+00
9.145888328543835044e+00
9.009878176623722368e+00
9.359100939563116839e+00
9.216125700671355503e+00
9.373264827255082920e+00
8.702853731317777175e+00
8.666322366234670227e+00
9.165444868568123127e+00
8.864260013672963012e+00
9.137914419451163894e+00
9.063547335556672024e+00
9.066007355914459609e+00
9.118901219328963137e+00
9.462965688797918773e+00
8.648536756259380454e+00
9.097722813302953071e+00
8.867960803533202707e+00
9.009961294641348317e+00
9.056024037938708915e+00
9.029080416435935064e+00
8.940661334593430709e+00
8.717982706220135825e+00
9.302613379049006426e+00
8.830781324748313565e+00
8.981619230762673212e+00
8.846124369329686488e+00
9.291177801104106848e+00
9.448565259419149598e+00
9.182800039058918173e+00
8.701260629575779504e+00
9.234863449159087523e+00
8.971624867467308917e+00
8.860819224289995688e+00
8.909070743685989058e+00
8.864802432566062151e+00
8.537896434340179752e+00
8.802045233606127894e+00
8.828576361001079675e+00
8.582574905409160237e+00
8.909735454321660697e+00
8.787454096635807232e+00
8.509240236007183711e+00
8.933889480758566037e+00
8.912360322685330516e+00
8.824754538394346426e+00
9.035760529227626847e+00
9.151612215304121278e+00
8.840983776600285893e+00
8.845833616772926788e+00
8.993805002129526827e+00
8.914980628895708747e+00
8.880880994771420234e+00
8.943757073812037106e+00
8.774186049841382840e+00
9.039339629574294932e+00
8.635478493139979506e+00
8.739439653118456164e+00
8.866635888551705591e+00
8.902357143568158548e+00
9.120119617345547880e+00
8.788071475007344091e+00
9.042854755553987545e+00
9.708817967148107186e+00
8.876914576171115456e+00
8.460669060436956102e+00
8.500164338164807987e+00
8.695919255492047029e+00
8.801840505182463303e+00
9.076400567514422590e+00
9.475440482106577633e+00
8.976121425865654757e+00
9.357673603569327980e+00
9.011282893577412523e+00
9.155312437887804577e+00
9.014513885234071822e+00
8.992252378963019765e+00
9.000033959811730710e+00
9.573664918131488122e+00
9.322345305387319314e+00
8.588958400558873052e+00
9.251887485495954522e+00
8.933182657130405602e+00
8.732679911530988548e+00
8.805686237272011496e+00
9.027574391767300810e+00
8.908451810734986154e+00
9.160033863413680422e+00
8.930978735945682701e+00
8.955647741237374504e+00
9.062585363300645014e+00
9.163975084552230754e+00
9.303629994307408779e+00
9.119497449409889711e+00
9.073886430172374062e+00
8.541834384264598512e+00
9.400524640360204742e+00
8.519709081758147562e+00
8.298430806420068251e+00
9.183163035635422133e+00
8.790350699546003455e+00
9.051196083241132229e+00
9.209937654381988636e+00
8.779211017440232467e+00
9.382947275981099011e+00
8.942148896047276807e+00
8.845055176518826556e+00
9.166875181854006627e+00
9.335265076306361820e+00
9.180778664760339325e+00
9.252924799576501158e+00
8.547845682652038590e+00
8.815439592486805864e+00
9.116051946966821973e+00
9.038636071961674290e+00
9.054827223750555376e+00
8.805382847260782242e+00
9.275111938504650766e+00
8.858910929363524644e+00
8.868424401086082653e+00
8.626214447129697760e+00
8.878733629842770370e+00
8.869318872763194861e+00
8.832379063758530435e+00
9.257785443293819583e+00
8.925044235221964328e+00
9.128004947648834744e+00
9.108490908830860988e+00
9.154614635242928955e+00
9.453827573631425452e+00
9.286632733266149131e+00
8.877276324007137731e+00
9.123869838895137363e+00
8.955085343067153758e+00
8.904716991564491479e+00
8.946366259007394461e+00
8.826990165099452668e+00
8.871821284726195245e+00
8.747278277476477015e+00
9.065663278721496354e+00
8.995398407198051061e+00
9.295747014810697095e+00
8.923417317064554766e+00
9.059890899805944642e+00
9.374177313975696535e+00
9.210970983571051818e+00
9.099575536140946497e+00
9.243189209935108508e+00
8.894217862618253534e+00
9.173724429833653105e+00
9.111151899497423656e+00
8.855033422470542703e+00
8.803260962160083025e+00
8.998475287051412863e+00
9.130188661300183028e+00
9.276838952661039528e+00
8.880430877235598430e+00
8.767866664321635639e+00
8.485096165785881439e+00
8.629612575677745312e+00
9.171729481240838311e+00
8.588728573378295650e+00
9.259510131794923993e+00
8.939501780779846030e+00
8.924037112705203612e+00
8.723376822027422151e+00
9.039903171151951966e+00
9.055010032924831975e+00
9.183405811012015363e+00
9.064515969628518022e+00
9.018494884619059349e+00
9.010634474618717249e+00
9.167969895461789420e+00
9.113642417545296581e+00
9.129938271207103995e+00
8.728667782918495988e+00
9.024576710774915966e+00
8.772946790945082896e+00
8.646269573816095289e+00
8.249328415962878580e+00
8.771843799194117608e+00
8.875443064858757225e+00
9.320075312299746173e+00
9.245055252632646159e+00
9.037985901383994047e+00
9.022428944975962040e+00
9.009804380594520268e+00
9.455098525124267184e+00
9.342002794152849177e+00
9.404821706321738972e+00
9.340014936462090134e+00
9.604532074945113962e+00
9.101334673982472978e+00
9.122555970572550521e+00
9.404766636675295999e+00
9.245580825007779779e+00
9.377078321011049766e+00
9.452478981709791839e+00
8.976013255071904950e+00
9.109068296814438526e+00
8.541163594551724358e+00
8.937814116814251975e+00
8.823915445038371885e+00
9.134646529747314503e+00
9.324805725766434961e+00
9.379207406763608645e+00
8.916923964170665684e+00
9.559752213934217480e+00
9.234835182770572359e+00
8.612235225008227246e+00
8.708785642608951605e+00
8.512529206918218350e+00
9.019642520721442125e+00
9.093875555332415317e+00
8.662998224448305251e+00
8.778203543589013336e+00
9.122293354940689269e+00
8.868749425866841563e+00
9.212864804314104816e+00
8.701558056683738940e+00
9.002050918173891247e+00
8.654303105284284925e+00
9.346915323726356917e+00
8.904654655006183361e+00
8.971708514607799501e+00
8.990789386632371816e+00
8.990447877803168453e+00
9.081367604053953713e+00
9.058533554447162572e+00
8.792579458319439212e+00
9.280344067263326835e+00
8.941117898809045172e+00
9.441349716178075724e+00
8.931186780129317881e+00
8.586343043957464616e+00
8.487120618241831949e+00
9.577343129703683289e+00
8.900447390850073859e+00
8.430846992993176414e+00
9.157456270637702289e+00
8.992305154048219507e+00
8.901765796696544442e+00
9.265806187786093773e+00
9.216395848136475166e+00
8.796333445448835775e+00
9.236289658095749644e+00
9.077353136220088103e+00
9.049590671850083368e+00
8.281359866551499138e+00
8.696812327947377241e+00
9.238357086888473901e+00
9.248585837624535344e+00
9.050602891342457212e+00
8.940260413485516366e+00
8.787354631400681626e+00
8.535966386463860189e+00
8.550638937617874191e+00
8.637925809046206993e+00
9.055557924682810622e+00
8.852850626050031480e+00
9.420249967152127368e+00
9.210350460382528581e+00
8.815086996182506240e+00
9.195720095212257306e+00
8.757210073086993063e+00
9.175233110452067464e+00
8.683773890561404585e+00
8.584326735507930906e+00
9.168232378141874861e+00
9.013756392264006934e+00
9.498394561803973346e+00
1.003663065956046552e+01
8.662718463327792051e+00
8.781124841642688139e+00
9.155049395160082426e+00
8.605632740300833916e+00
8.945224893964271118e+00
9.500330722522559057e+00
9.150260851113380056e+00
8.958862526915826408e+00
8.292812099049299945e+00
8.838660469110863005e+00
9.040451619941354267e+00
8.993327075449045083e+00
9.213396130521132932e+00
9.210661752544469394e+00
8.527971250257033731e+00
9.461141903932171360e+00
9.033045859524479582e+00
8.952029323908337943e+00
9.568159767719063069e+00
9.054389009690400059e+00
9.070157416299457154e+00
9.378342807687168659e+00
9.548539436238870692e+00
8.523066952803123542e+00
9.161748851003679306e+00
9.681871722240726896e+00
8.429756672714116661e+00
8.692822297587843750e+00
8.643514584349196284e+00
9.096997952649173769e+00
9.198319704904852401e+00
8.633889893459205211e+00
8.981322795324564012e+00
9.245779558713538293e+00
9.317563147310146121e+00
9.137135607896624379e+00
9.145446583976724497e+00
9.044179833044806216e+00
8.954962647061991632e+00
9.088622261906095900e+00
8.635446004649365292e+00
8.850718565429660956e+00
8.398147633630463460e+00
8.901745593352272223e+00
8.587812409569723471e+00
9.430102685453570999e+00
9.177265807382807949e+00
8.739389229056529373e+00
8.854472852629733381e+00
9.047636992947719392e+00
9.111851497520049747e+00
8.996228602154173970e+00
8.957896937587285890e+00
8.994539299788156583e+00
9.343310077149606485e+00
8.638317700279415590e+00
8.688561378789097844e+00
8.982667875123778956e+00
9.236317041697715169e+00
8.333139290497420859e+00
8.697855684048944269e+00
8.805657333849424617e+00
8.741088602521758233e+00
8.968033480184301354e+00
8.418283998008687874e+00
8.846662160073041292e+00
8.690452418841903892e+00
8.848218090962426174e+00
9.053055196191134968e+00
9.260543007917148017e+00
9.239889756650736530e+00
9.022061813462318725e+00
9.204579894385476635e+00
9.141821787385119080e+00
8.513179819705507967e+00
9.147875376928906732e+00
8.826358946402152128e+00
9.014815644134598571e+00
9.117741759366149168e+00
8.871027149032226333e+00
8.868971247474613406e+00
8.853116033600295864e+00
9.265775609644119726e+00
9.046659307497028735e+00
9.279489853908566843e+00
9.100769740483226400e+00
8.643343870691387210e+00
9.393072580086249346e+00
8.581076256767035559e+00
9.354447856668906880e+00
8.653813599708190196e+00
8.684526902466259912e+00
8.796468225890457404e+00
8.820357025559959041e+00
8.789330586377795740e+00
9.439306107878504548e+00
9.115829467428959276e+00
8.858299796049285746e+00
9.046189298041735327e+00
8.707535140740560564e+00
9.163861971029980680e+00
8.636760181783488477e+00
9.212007152157898560e+00
9.150120111019788283e+00
9.164498490311471457e+00
8.703953944334816839e+00
9.038862482205455962e+00
8.626173939699123494e+00
8.823914380678962388e+00
8.881585357350511245e+00
9.444872424491554952e+00
9.954108314135048374e+00
8.914043570491980262e+00
9.612155968641927117e+00
9.024318589054034945e+00
8.960245408608779272e+00
8.928757632459877414e+00
9.019351056997681582e+00
8.915279819108171466e+00
9.067393225167005966e+00
9.015699779355172083e+00
9.173712081296654830e+00
9.020280495073754068e+00
9.244271630145160401e+00
9.134464884377006655e+00
9.224361416570660666e+00
8.814891240665277294e+00
9.135223227104841470e+00
8.588141450565210278e+00
8.724205648611162545e+00
8.927089844669646723e+00
9.385435319099897811e+00
9.142737453299798034e+00
8.877789462962411449e+00
8.829938166991450288e+00
9.014921863660905643e+00
8.836591346304658146e+00
9.035826212137642699e+00
9.166319570392374771e+00
8.780997104824090016e+00
8.987172586202458291e+00
9.022354928933417284e+00
8.930860124970866565e+00
9.015398568172672711e+00
9.124624748260238505e+00
9.088516575236866402e+00
8.674378382578272095e+00
8.687351019236734473e+00
8.690189368970212769e+00
8.821039344298247542e+00
9.082038722725672031e+00
9.229213523989590939e+00
8.721269910610693898e+00
9.509820077749903788e+00
9.285245066194338648e+00
8.870027305204844836e+00
8.657434427862783721e+00
8.492322092380328868e+00
9.354130875683608792e+00
8.821672942381267646e+00
8.721134773011097963e+00
9.098388641669144405e+00
9.129120727997037221e+00
8.942399950932243158e+00
8.725449015007551878e+00
9.265373891802701323e+00
8.836741351749608953e+00
8.987197091105050717e+00
8.722932273690236826e+00
9.054330121366925610e+00
8.513227026159494670e+00
9.139583212695882253e+00
8.692437237091141355e+00
8.653599073732053171e+00
9.045639845271509216e+00
9.241961448913892596e+00
8.683449425619050643e+00
8.887689127790755705e+00
8.846283682082555444e+00
9.430694511916110301e+00
9.050746554239902153e+00
8.643258543469162447e+00
8.677658926504808079e+00
9.090918798747175344e+00
9.361703031579317269e+00
9.200845484790173501e+00
8.574571253261842330e+00
9.051739623058125517e+00
9.014362469272301226e+00
8.675597201047379414e+00
9.143589094944667650e+00
8.888831062148872419e+00
9.370447929036636481e+00
8.965659058419667815e+00
8.950641875912211276e+00
9.019818399612146820e+00
8.929029470192487494e+00
8.761222324618145763e+00
8.840449153259536175e+00
8.644616507270013628e+00
9.163198419432806219e+00
9.322929736625393815e+00
9.345858803082332855e+00
8.576048591978281621e+00
8.986714640332172266e+00
8.560687950578154570e+00
9.053595450848357373e+00
8.933747551904849260e+00
9.023323164621865899e+00
9.143836610353968553e+00
8.837261980518482218e+00
8.850846666701665200e+00
8.872614157714673766e+00
9.097000838458582095e+00
8.513801936640678747e+00
9.053741042598167255e+00
8.829215599912064505e+00
8.840479051949587941e+00
8.798735114086531084e+00
9.035118824412517569e+00
9.030566401395853759e+00
8.714350422890515091e+00
8.983072893593394781e+00
8.907620734238665960e+00
8.629248482908980833e+00
9.022959312660285391e+00
9.084269245150395022e+00
8.914707115494318046e+00
8.767022959474818578e+00
9.369281934475139906e+00
8.932155987194306590e+00
9.142787498321107265e+00
9.036320768337899878e+00
8.958910252000389818e+00
8.948770743382905124e+00
9.072343493362836853e+00
9.083388572917703740e+00
8.702888422396183543e+00
8.883495316593688074e+00
8.803378154467838002e+00
8.646434753727149314e+00
8.845154065492453199e+00
8.699304727799530568e+00
8.583503800928699690e+00
8.974423475813978257e+00
9.044833164073908804e+00
8.864570983794425985e+00
8.809817001069074394e+00
8.937508137245865569e+00
9.092620056100898296e+00
9.257722736535967556e+00
9.251636232986017561e+00
9.510734146899237018e+00
9.179051658411845338e+00
9.049894091561807130e+00
8.713904106538352679e+00
8.720941278398864682e+00
9.042139818722302991e+00
8.803589772029329907e+00
8.819963006781140535e+00
9.185280026768188222e+00
8.775983588716886885e+00
9.322953385972537532e+00
8.992730979993535101e+00
8.926911588765401362e+00
8.670282696378045273e+00
8.771599155447139751e+00
8.982067408992151059e+00
9.083447913338954294e+00
9.292027824725357377e+00
9.531273857522398529e+00
8.971386479959948090e+00
9.180109693821282946e+00
9.032517618207876353e+00
9.078871034077961255e+00
8.702474192926663576e+00
8.636103473809253472e+00
8.959073844107805940e+00
9.314797449717147515e+00
8.867880478014139811e+00
9.277884347193284142e+00
9.010698909110459454e+00
8.449136627708693226e+00
8.830046658877044763e+00
9.132694961549129076e+00
9.031903289390958989e+00
9.124849671920337357e+00
9.292128031079414541e+00
8.691813116393943162e+00
9.004701176538180363e+00
9.438933248878326410e+00
9.288367273046933548e+00
8.657817287787924698e+00
9.058001714180242914e+00
8.803831186312123691e+00
8.707794934304311951e+00
8.959303453952561114e+00
8.980364884327084241e+00
9.064415350995748355e+00
8.975601143787615754e+00
8.878783396459052568e+00
8.958867298027536563e+00
9.308545373113124910e+00
9.184060074461305234e+00
8.953088994827570701e+00
8.986197307556865965e+00
9.038073204726725152e+00
8.912232732823680337e+00
9.365940119022335253e+00
8.975010080791433253e+00
8.689316490131991699e+00
9.112809027695268682e+00
8.915859689258688547e+00
8.861446062623484110e+00
8.898513929680190060e+00
8.909301617544594265e+00
8.877251623897944199e+00
9.161566857836598743e+00
9.089254191595911081e+00
9.508224746315510956e+00
8.983292422990750481e+00
8.882458848807937457e+00
9.604077997104520037e+00
9.304995202226136186e+00
9.076660889611760652e+00
8.623973832122628025e+00
9.163514738742822630e+00
8.914030299076603825e+00
8.834766285910752970e+00
8.975274413158066622e+00
8.838938230024595555e+00
9.175112221433304072e+00
9.010667550038544249e+00
8.826960666307227754e+00
9.134068559270936305e+00
9.200227079034348776e+00
8.568229020331314061e+00
9.227550560324255358e+00
8.938379889379790555e+00
9.009910122021551615e+00
8.994305926087108105e+00
9.329116442063906334e+00
8.846204738234028753e+00
9.009657859796968538e+00
8.880957611618459424e+00
9.055546689675454175e+00
9.076209848026454807e+00
8.427101116034076966e+00
9.425882435263970294e+00
8.506867993757952107e+00
9.032591448677917967e+00
9.030784118073000855e+00
8.938319912428315916e+00
9.022409599486765686e+00
9.117983458971659516e+00
9.109978243394019515e+00
9.146071572641556457e+00
8.695408781944928833e+00
8.882332545340947405e+00
9.155068079681411675e+00
9.058577028669326126e+00
8.865547207059071511e+00
8.732076841253242350e+00
9.217246124373533078e+00
8.867655200240619706e+00
8.698191612881664980e+00
9.097865767759278910e+00
8.922689276185588270e+00
9.111417202362861900e+00
8.841438843241615331e+00
9.227277495272199204e+00
8.549540667636472691e+00
9.052710811668196911e+00
8.356975853985870728e+00
8.572319847911987978e+00
9.168206586827952975e+00
8.968393725061687860e+00
8.782524635442074512e+00
9.198948933274724737e+00
8.743794179266298983e+00
8.813531702668067069e+00
8.224791398887068894e+00
8.927540475332721215e+00
9.282560081084527681e+00
9.297545454048535163e+00
8.491180327049184129e+00
8.783909090764838723e+00
8.911296303328411383e+00
8.847719237585343066e+00
8.759751589469910726e+00
9.081715285043623354e+00
9.146058034389785263e+00
9.071417227141434836e+00
9.283039088379865689e+00
8.952487431425392828e+00
8.747471264461895046e+00
8.517833134746632950e+00
9.146242374572496558e+00
8.721959157573314414e+00
8.143259361470613911e+00
9.263266673834081644e+00
8.597039899493033488e+00
9.082665883059894085e+00
9.294667490298879287e+00
9.147836881246117713e+00
9.076514209802041933e+00
8.986936027747827183e+00
8.795278669754218015e+00
9.230320297348043823e+00
8.772730972855923071e+00
8.665263452869757188e+00
8.941418185798472251e+00
9.175542106908842754e+00
8.977718178940408578e+00
9.383204500887682542e+00
9.216779922418776749e+00
9.294161092176203454e+00
8.720512844643367956e+00
8.807256879513277070e+00
9.007559525960546765e+00
9.329591019659481788e+00
9.713839364165217205e+00
8.855239535624832570e+00
9.027209171935574261e+00
9.256785712705742242e+00
8.600944700123735132e+00
8.629360221757361060e+00
8.715757576512023874e+00
8.744484818798142101e+00
8.791967238173059584e+00
8.999943788643170350e+00
8.729637697879786273e+00
9.011998801599794717e+00
8.742618254538733424e+00
8.896990002197085801e+00
8.949788125464039013e+00
8.696040151695470399e+00
9.038471311160787280e+00
9.152948870756706157e+00
9.207796954707227144e+00
8.841906141987536216e+00
9.086048460340972355e+00
8.560783539867536263e+00
9.034294958964736111e+00
9.129117958159286061e+00
8.947535574110615286e+00
9.023811602362972195e+00
8.582377205524718278e+00
8.915152499570734079e+00
9.020758088557201404e+00
8.967365178513688306e+00
8.977828172201682833e+00
9.004132177910545209e+00
9.049011567635028896e+00
9.011555411576072316e+00
9.092590043477624562e+00
8.893419374256319898e+00
9.096537270068822068e+00
9.120495392305290494e+00
9.253549296102834276e+00
9.602322031180877460e+00
8.829699686249542268e+00
8.738765462792686733e+00
8.849468841542943665e+00
9.078747763668051363e+00
9.275746035201700934e+00
9.280116309794724572e+00
9.335562451828709030e+00
9.181916759210089651e+00
9.108401766231589036e+00
9.299764790305593110e+00
8.852636327622185775e+00
8.949664293469904663e+00
8.981616595196038944e+00
9.155554338828357785e+00
8.951528354997321912e+00
8.892363239335418612e+00
8.741214657161330948e+00
8.963432266917088498e+00
8.990339782441292726e+00
9.367718372715405195e+00
9.082078035244425251e+00
9.178118676408685062e+00
8.686422812005831773e+00
8.687191620811393733e+00
8.818854958269980671e+00
9.431751516039966532e+00
9.013496306016275383e+00
8.936775673728593716e+00
9.370844048401895776e+00
8.845407342931109085e+00
9.145852095288564243e+00
8.871303980595904193e+00
9.183126942539919568e+00
8.800531277462214419e+00
8.853857169209245370e+00
8.749981151574223404e+00
8.686775193129076200e+00
9.142109642638086342e+00
9.537717811250121969e+00
9.312089711385995727e+00
9.062497403513782857e+00
8.779841463480183350e+00
8.474615229659223203e+00
8.680379752300520835e+00
8.979537019456046210e+00
9.037391021901582278e+00
9.160899484855436370e+00
9.214864002015854538e+00
9.433890636387102901e+00
8.579784310664933855e+00
8.878348058689951472e+00
8.679180041245514232e+00
9.101522631260882790e+00
9.089002915411702688e+00
8.868792342848685450e+00
9.223405911009827207e+00
9.105542690398380046e+00
8.688298484925731202e+00
9.286113196299591976e+00
9.006236988179763259e+00
9.150431881553751978e+00
8.973460603047339390e+00
9.035159953344662043e+00
8.914164336587404591e+00
8.829519794242040476e+00
8.858459091959261400e+00
9.343384990341826679e+00
9.029470423659450518e+00
8.705486348489827719e+00
8.747643393007356494e+00
8.810349838389763377e+00
8.942656279960305099e+00
9.024255395301858940e+00
8.738232933973391070e+00
9.095335035845792504e+00
8.676090419223243089e+00
8.911832798251086984e+00
8.679052466343122774e+00
9.353384900891722253e+00
8.886860529916329909e+00
8.942181300687501277e+00
9.188559855785106478e+00
8.881329572330717070e+00
9.277321201981854060e+00
9.183210210780149652e+00
9.076018697735594998e+00
9.002935252015406675e+00
8.826068363681926598e+00
9.403607479451231654e+00
9.482266033707473341e+00
8.695660608237613332e+00
8.830766998103911192e+00
9.028541264868316318e+00
8.861005556848077447e+00
8.957508582098167693e+00
9.047398452885691000e+00
8.856940526521396961e+00
8.769335305188935337e+00
9.093119064251588668e+00
8.767306051373511266e+00
8.917342982044310418e+00
8.978018072985163300e+00
9.054668129012489075e+00
8.987472966289162812e+00
9.082814791470083193e+00
9.044079007196467401e+00
9.368159095072273956e+00
8.926831346605419881e+00
8.741785770475559048e+00
9.206667754080589461e+00
8.498423788497522224e+00
8.974418159543448681e+00
9.005811224191646147e+00
8.787937257998841289e+00
8.655946664728233486e+00
9.368483613297167167e+00
8.428664850715261281e+00
8.794133590221830943e+00
9.048526755338365035e+00
9.305377585665310036e+00
9.308213282305231928e+00
8.678032985892505380e+00
9.009800656214478565e+00
8.794607734854171355e+00
8.437858384463176264e+00
9.005343465335807096e+00
9.088135493105349738e+00
8.855808519326027195e+00
9.103268931710907452e+00
9.250860857674727100e+00
8.668527375506664967e+00
8.754853193694355440e+00
8.872894865793181651e+00
8.753404580673427304e+00
9.532021347554175961e+00
8.615522979724582697e+00
9.092863182106865949e+00
9.005314692721384517e+00
9.128452250608805940e+00
8.651336904553899032e+00
8.884190858845853356e+00
9.184747278329524534e+00
8.780422913719011291e+00
8.705236433141193331e+00
9.102174942234020349e+00
8.894368520216385576e+00
8.362551154226080641e+00
8.651292876916960140e+00
9.077389686194523577e+00
8.917519845435888826e+00
9.357203062347954514e+00
8.817314454689858749e+00
9.319027146595251665e+00
8.847237371146949414e+00
8.884761697537024716e+00
8.719638266766128964e+00
8.788686716805026222e+00
9.441005345665248072e+00
8.705265638557539987e+00
9.000870186582933030e+00
9.436238558848334179e+00
8.957530040043755193e+00
9.190549074295162768e+00
8.891138315644342427e+00
8.769890997419572898e+00
8.962993761343042820e+00
8.904261164713433985e+00
8.791166240969698009e+00
8.954888414954844222e+00
9.198792301716602893e+00
8.804407605680179216e+00
8.996323184482907465e+00
8.879933969068700250e+00
9.099887054466703873e+00
9.333364583493347411e+00
8.457093920632933859e+00
8.979617775256947709e+00
8.670106088612342887e+00
9.292798559646342937e+00
9.262697465603325853e+00
9.142928198909036297e+00
8.771459250545953878e+00
9.206894719506136582e+00
9.207014474437826834e+00
9.007641085824181104e+00
9.188511131512710151e+00
9.152742650123757429e+00
8.436783305881256467e+00
9.062043157436452390e+00
8.912539534134612751e+00
9.127827265393039013e+00
9.144787011797610887e+00
8.640833122760817275e+00
9.004448068575719333e+00
9.087326567859022930e+00
8.359463769442966097e+00
8.835895073201520233e+00
8.878210827799062344e+00
9.079943185428055230e+00
8.704193467298873443e+00
9.060468142782726275e+00
8.960694800068552013e+00
9.497065952933802180e+00
9.137359545878700473e+00
9.403252276931491238e+00
8.778118476060720710e+00
9.000910126533614886e+00
8.889642385668647506e+00
8.951123065832934600e+00
9.088984921667433881e+00
8.766705530029767601e+00
9.078870671912090629e+00
8.873891389936646945e+00
8.694377926917207233e+00
8.900224471345262955e+00
9.040782432980526195e+00
8.496189605084156327e+00
8.850026506363741774e+00
8.931095259910298623e+00
8.927430465096033885e+00
8.978816942931302947e+00
9.109060922746937905e+00
9.236410610395347831e+00
8.926703681095300880e+00
8.661617997784919254e+00
8.758056134431210893e+00
8.664159557913199805e+00
8.782441449018131507e+00
9.018621518953093386e+00
8.664019865526849884e+00
9.096086251149355206e+00
8.794914594816443554e+00
8.747848202276182761e+00
8.785431999843794415e+00
8.768017453952243301e+00
8.879233293071463251e+00
8.999145592266351912e+00
8.877978861246127451e+00
9.176757894826700124e+00
9.614466425150759221e+00
8.989644484858684947e+00
8.779567750036877172e+00
8.735968886609517980e+00
8.969823302844005752e+00
9.139990052367268802e+00
8.955698895286820616e+00
8.806116477536974685e+00
9.192645411209571904e+00
9.088690070764757323e+00
8.800922980746838320e+00
9.015583859204323147e+00
8.870763023810798842e+00
8.783302157052316872e+00
9.266761224853224732e+00
8.834414379869439671e+00
8.898197348164693210e+00
9.096038248276380855e+00
8.897344112258862125e+00
8.982145151978379261e+00
8.855138049767264263e+00
8.809961170774943895e+00
9.156207504912529771e+00
8.911431699623019398e+00
9.008391978255223975e+00
8.761962036454240987e+00
9.478829740972416928e+00
9.133821301522562663e+00
9.063910473062186668e+00
8.760179546810638485e+00
9.015202736919365023e+00
9.048012479172278688e+00
9.141663312097639604e+00
8.772597598968928878e+00
9.005171057797475953e+00
9.030683631813094081e+00
8.838449123864643653e+00
8.929640310570245987e+00
8.827599780780133187e+00
8.635949897566357336e+00
8.563224900537928619e+00
8.869066832641472331e+00
8.714698990025823377e+00
8.544839851328957181e+00
9.031606289857521119e+00
9.339583756482591426e+00
9.055447648716922870e+00
8.944484899784594489e+00
9.034735797816642489e+00
8.977032319029639496e+00
9.040774206994898421e+00
9.062289415679291693e+00
8.907502761350015064e+00
9.341229231576377856e+00
8.591622929627074967e+00
8.647636192734236005e+00
9.092580003841698399e+00
8.824776761433085426e+00
8.951217861952853738e+00
8.970483058351824468e+00
8.725164588355662332e+00
9.072761576840903786e+00
9.046936639623666565e+00
9.419396815981381010e+00
8.727250376590774295e+00
8.644575489151945291e+00
8.999070663819274785e+00
9.163174403177080762e+00
9.023304195302033648e+00
8.569564021599839876e+00
9.023573576587326173e+00
9.208936279269492431e+00
8.542608085607026780e+00
8.495371488826936712e+00
8.798662111348319215e+00
8.826243537345952461e+00
9.065095937315437169e+00
8.905768394119021991e+00
8.812159837061336987e+00
8.586197501891371431e+00
8.919269435612752872e+00
8.741773186058841461e+00
8.831087556887224466e+00
8.987182117507938273e+00
8.887268030390680806e+00
9.190533026484379420e+00
9.265654052996424639e+00
8.628668731802342506e+00
8.826700882300476891e+00
8.830410979900069179e+00
8.957396620381617325e+00
9.374827843858906107e+00
9.089534436272629137e+00
8.756258692731185178e+00
9.118896137994223494e+00
9.294285969131266256e+00
9.228528940393070812e+00
9.192836866131992579e+00
9.161748782661863544e+00
8.763915066984448998e+00
8.872048304114835915e+00
8.722440554493845255e+00
9.043145829905322231e+00
8.805945573840652685e+00
8.877091191340731768e+00
8.558359303498583870e+00
9.277867336988459002e+00
9.089218911684277202e+00
9.059306738903824652e+00
9.264620294826853453e+00
9.275763332139590034e+00
8.918811676425306700e+00
8.698442519716211407e+00
9.048472852810338196e+00
9.137119824452536676e+00
9.125068323807404624e+00
8.875722996611518312e+00
9.149243657380393913e+00
8.908479368270560528e+00
8.757519844715057289e+00
9.293956767584086620e+00
9.231223424684765533e+00
9.155387612856420887e+00
9.275814655030401923e+00
8.731622227345736675e+00
9.115588587990785641e+00
9.178700320985845096e+00
9.418475976124257798e+00
8.820184093975399264e+00
8.834588663551802057e+00
8.980266469698753085e+00
8.589865131528524600e+00
8.746297816727668817e+00
9.270368301863250338e+00
8.902577905912892220e+00
8.824961882744318586e+00
8.581261225254797509e+00
9.269147496843730849e+00
8.985183959872118820e+00
9.080856852559501036e+00
8.974213511742195948e+00
8.682030516820333332e+00
8.816794874862271314e+00
8.713308149292593896e+00
8.894453396541285528e+00
9.048956720889005823e+00
8.749170911111342264e+00
8.588198642538211303e+00
8.912821328580349700e+00
8.520483495895973647e+00
8.549217646851724695e+00
8.827707034771407280e+00
9.393504033241903528e+00
8.898236770898881431e+00
9.465419330078789883e+00
9.028945148109752239e+00
8.896100346211184728e+00
8.530249293117691423e+00
8.991753683678254561e+00
8.997289213694395826e+00
9.041776884675199355e+00
8.865773175385189830e+00
9.085959993295407600e+00
9.210129679760948207e+00
8.771033882580425711e+00
9.034715696392536799e+00
8.731578950095432390e+00
8.949234702179230894e+00
8.708918038747659907e+00
9.080916920870039988e+00
8.880443058479823293e+00
9.375507749140423286e+00
8.702226671657196988e+00
9.329893106256870183e+00
8.925738171416684352e+00
8.858726378992015427e+00
9.164586072192424382e+00
8.992843964417536640e+00
8.953046540600519521e+00
8.971411843447334888e+00
8.802785016170814103e+00
8.649276991343235466e+00
8.663807968139137117e+00
9.144015118130910835e+00
9.083667731388519684e+00
9.092276931291497277e+00
9.129589016105082777e+00
8.851833390794526579e+00
8.745332976960868976e+00
8.743147388495289718e+00
8.917508040182065443e+00
8.640428131161556280e+00
9.239068711371798415e+00
8.901763404378566946e+00
9.032452431100498558e+00
8.585373454131802973e+00
8.990584921396253648e+00
8.826722590148257552e+00
8.924455706476702943e+00
8.744966118847537828e+00
9.020825750389459330e+00
9.062321691204235918e+00
9.076615167863327116e+00
9.017535668816170968e+00
9.322470428610420967e+00
9.154942576711675883e+00
8.611080884351688169e+00
8.825664336725193237e+00
8.860645523770475762e+00
8.801669012528744673e+00
9.054246714315102196e+00
9.466178567781021513e+00
9.119814891723905248e+00
8.953288875127617175e+00
9.478494119087217840e+00
9.014330810405436267e+00
8.715608675626128843e+00
9.183742380656211068e+00
9.021049469632423268e+00
9.305613786190749082e+00
8.491432682480237304e+00
8.876685354225394065e+00
9.073767985861078245e+00
9.492191400493309672e+00
8.795532513912508676e+00
8.511307669470021153e+00
9.135107532956794785e+00
9.279746514224047615e+00
8.923480955891641031e+00
8.828709187420976434e+00
8.741978213484225435e+00
9.023950982887477323e+00
8.626150913121390928e+00
8.625377294307011056e+00
8.790350128831905252e+00
8.755825590610063713e+00
8.851135775301502306e+00
8.911283070393695382e+00
9.074514589038846779e+00
8.816493033077877683e+00
9.310503819096945577e+00
8.849577767777994097e+00
8.780455967247842608e+00
9.078387178243504607e+00
9.244602692649809939e+00
8.781040000516748378e+00
8.808592943148834564e+00
8.769344163251274082e+00
8.901305939963593872e+00
9.041501096710236496e+00
9.014560124356250981e+00
9.308833991299467314e+00
8.960945421828256485e+00
8.824073643599064098e+00
8.859910350765320075e+00
9.024189385681541609e+00
9.277777810762691146e+00
8.877502075827219841e+00
9.019908891880477952e+00
8.916614906734487533e+00
8.984443837743070205e+00
9.050893238686304798e+00
9.296941649976435684e+00
8.825310988981303950e+00
9.299457169069004436e+00
9.312168910528665577e+00
8.832783412516496568e+00
8.870843341697362661e+00
9.109262877928227198e+00
8.921873526680622390e+00
9.143687567641437752e+00
8.952200896429479471e+00
9.286939256239682194e+00
9.257738883995084933e+00
9.402071988158425597e+00
9.197094209526641251e+00
8.911227389867915960e+00
9.061920495576563539e+00
8.787607487583834143e+00
9.315100080750223555e+00
8.949526433205068798e+00
8.791178026968486492e+00
9.399190602288648222e+00
9.123468425408381322e+00
9.138873425652390026e+00
9.113564799608676381e+00
9.139851728263371555e+00
8.896432468983272557e+00
9.132046006314487485e+00
8.700779136334181985e+00
9.278400936387811271e+00
9.220474367683879180e+00
8.726186827299477144e+00
9.001476798673138546e+00
8.996162595571503218e+00
8.642109905470936937e+00
9.164250723657893616e+00
9.222999441182516023e+00
8.923022736200303839e+00
8.784408709698318773e+00
8.810451309372929529e+00
9.330433325060562666e+00
8.910899129434364241e+00
8.997127112953885231e+00
8.803360102894375316e+00
9.263106202803673028e+00
9.102399608379263540e+00
9.040537833557232616e+00
8.824035109991919867e+00
8.657571890078820331e+00
9.021123365945596717e+00
9.055199531946726665e+00
8.834243062230969556e+00
9.061823703871910496e+00
8.904911819334889955e+00
8.888200457897834639e+00
9.145151461974640128e+00
8.885363022727981175e+00
9.126877624321849680e+00
9.097607867377382362e+00
8.605257594938562349e+00
9.061802742770014518e+00
8.992247971188678690e+00
8.836006963416116022e+00
9.311614107723158895e+00
9.228136994961364081e+00
9.480831889056922535e+00
9.106521376290894310e+00
9.012721295380417885e+00
9.155204263947496202e+00
8.829533682663011973e+00
8.768191752317569865e+00
9.032399456479803135e+00
8.815577091078086625e+00
8.518385310310387482e+00
8.946116615061121990e+00
8.939849610493004306e+00
9.188989235968890057e+00
9.167207908016440143e+00
8.770641308704087535e+00
8.869037167532965782e+00
9.008086423205645232e+00
8.596624092566980124e+00
8.748884164087471049e+00
9.182556687172601428e+00
8.984697788024892162e+00
9.339987627903852285e+00
8.966063399373169318e+00
9.075286503829115503e+00
9.106131435813750841e+00
9.026259571489763545e+00
9.248724681527464853e+00
8.793170282412981820e+00
9.008220748492297147e+00
9.070605381432907066e+00
9.101176429936140622e+00
8.846508378119425586e+00
9.168149762157266736e+00
9.096828086779442657e+00
9.046079268284016095e+00
8.949229420265698565e+00
9.317527683629725388e+00
8.746486258916489120e+00
9.162876707661956388e+00
9.490392523879542352e+00
9.020631157443808945e+00
8.755315761103432237e+00
8.880239540439493595e+00
9.197511583554179637e+00
9.292428302625108216e+00
9.118199147347741729e+00
9.150911555813301845e+00
8.647917038512034082e+00
9.554608178943716723e+00
9.131317772743891226e+00
9.177361335618245519e+00
8.857047739398694830e+00
8.981881888256969759e+00
9.067170754714794612e+00
8.636790574925580444e+00
9.131007269638175217e+00
9.277534290699776420e+00
8.992313840525193669e+00
8.949223386203374986e+00
9.033878557009156651e+00
9.190359122983467799e+00
8.970658604640810552e+00
9.044627159455497889e+00
8.786037908866433099e+00
9.073829636871060700e+00
8.845338662067971924e+00
8.933279430390708598e+00
8.801979896758597377e+00
8.734374435104417245e+00
8.928800617347228297e+00
8.622762755350045438e+00
8.620845599230873901e+00
8.586179849477286297e+00
8.661697391712980476e+00
9.309039765661880850e+00
8.605445756824931181e+00
8.893003047844196374e+00
9.155263757758749676e+00
9.032880268441676463e+00
8.863071013860395198e+00
9.270048752443049267e+00
8.623267727201069377e+00
8.750880802986330309e+00
8.920578125478810350e+00
9.156253799156619522e+00
8.955803824043318428e+00
9.010119802370434527e+00
8.882607847696986525e+00
8.792299854700379669e+00
8.994067856430653762e+00
8.513544498548300865e+00
9.104540474902883318e+00
8.904864730028551278e+00
8.955078068617501330e+00
9.032408008669284172e+00
9.012481134305998509e+00
8.752719747452765375e+00
8.837527671081220504e+00
9.004072864597652881e+00
9.118970300914551075e+00
8.824791497449462341e+00
9.191906284589625997e+00
8.687466427743581576e+00
9.096486509875898463e+00
9.176009163238971311e+00
8.904278342918169997e+00
8.826850374612169148e+00
8.618197074308582728e+00
8.677397407249658912e+00
8.912798458453941919e+00
8.903304050471813724e+00
9.124979277302292857e+00
9.180426975282877322e+00
9.281357099016286583e+00
9.044758929810351233e+00
8.851690162458721645e+00
9.524180293702851685e+00
9.088842478726725460e+00
8.800799280893871313e+00
8.980219146683085185e+00
8.964755631007069070e+00
8.881135994527566524e+00
8.952729690125037720e+00
9.171656057292338460e+00
8.886691112020082883e+00
9.015041446407099812e+00
8.998151831581219895e+00
8.851534607628112283e+00
8.789052508651266749e+00
8.935757076031901391e+00
9.261235277190115411e+00
9.157575822308418267e+00
9.140178321797055361e+00
9.108729025306177007e+00
9.266709568870725278e+00
8.612392790329099768e+00
8.790105378282046189e+00
8.759357121505921384e+00
8.863757493990174652e+00
8.657499999270536151e+00
9.110794234571262251e+00
8.919477484834127168e+00
8.673810496256823654e+00
9.293919877640751892e+00
9.378827175558225093e+00
9.443875182239509058e+00
8.784284816690494324e+00
8.978738160756719822e+00
9.078324591706083524e+00
9.243773859459770037e+00
8.846860484794445867e+00
9.353727549863872781e+00
8.937225350270280089e+00
9.177187458539172837e+00
8.983847145741430396e+00
9.022220106830998176e+00
8.797425386527043756e+00
9.314325605042947487e+00
8.829376241946691906e+00
8.928736594105176394e+00
8.676982612027982711e+00
8.750303196444850329e+00
9.061220243797459162e+00
8.708604558639217785e+00
8.791925386577062795e+00
9.202599426066553789e+00
9.145063489535964152e+00
9.399805610379402765e+00
8.954854513444171715e+00
8.734624008704036768e+00
8.819185745420053735e+00
9.059147323158137866e+00
8.954891503914662820e+00
9.018705646287727973e+00
9.246656100206392281e+00
8.897108282544426316e+00
8.782382820593937822e+00
8.546330852031772451e+00
8.800461030923173666e+00
8.582525220160320600e+00
8.990495274053960983e+00
9.052157633944522885e+00
9.074632269300648701e+00
9.017275784438822939e+00
9.203314661331274849e+00
8.913728232301092902e+00
9.102471927736376145e+00
9.265230517081823436e+00
8.784014530058065873e+00
8.864915873637908561e+00
9.159834579135448962e+00
9.129366486822769744e+00
9.132919514073579492e+00
8.725926604771697015e+00
9.103370363972041801e+00
8.808634600545609317e+00
8.725356579981188077e+00
9.062300159325575422e+00
9.443582849245343525e+00
8.954181903294115230e+00
9.035237577260588182e+00
8.984298155495249461e+00
8.941341149672068056e+00
9.021146181741189096e+00
8.848054354150383105e+00
8.978692137038395416e+00
9.112528839417985083e+00
9.122290543553107867e+00
8.682483306912674337e+00
8.970170266583094687e+00
9.017185482207123570e+00
9.326400795585486847e+00
9.242327401033621825e+00
8.947017202748943632e+00
9.111649991654838132e+00
9.031130300427033575e+00
8.983236212075828675e+00
9.053793215126169969e+00
9.522578382401661656e+00
9.079502250753510140e+00
9.090632341826699658e+00
8.637630637442988757e+00
9.063769900771404764e+00
8.931632468477838316e+00
8.934760460721173914e+00
8.832962859583926019e+00
9.485844544376696774e+00
8.819428338560376446e+00
8.893747809057389375e+00
8.936893406768620096e+00
9.283337112045911610e+00
8.784787856302520126e+00
8.968853592661856666e+00
8.817672879549558473e+00
9.158681225029262407e+00
9.299223937961068387e+00
8.823898818866052096e+00
9.021679860090605629e+00
9.094808432040561996e+00
9.165869902521041723e+00
8.922459172786304293e+00
8.751392614010059745e+00
8.989205208852636630e+00
8.991525350913228465e+00
9.479562238405737418e+00
9.193912697221252373e+00
9.019327944206750658e+00
8.879697388832692440e+00
9.166962411373814845e+00
8.679727978751003548e+00
9.104353029000629149e+00
9.339270291539053304e+00
9.108242564500331540e+00
8.999066917103210272e+00
8.724916354722815015e+00
9.327753254591497623e+00
8.514343734291468735e+00
9.155388897962767558e+00
9.228763379441737413e+00
8.562388196605697388e+00
8.937270960969273759e+00
8.794950811392567402e+00
8.562850955908372086e+00
9.296733664219374305e+00
9.048661020222468210e+00
8.784492312458901608e+00
8.983737293075751751e+00
8.798467204317475421e+00
8.799958692587878772e+00
8.980431130549849428e+00
9.146126165814854048e+00
9.189349405625174327e+00
8.828354617538700211e+00
8.632213501753419393e+00
9.197504655744731750e+00
8.624136325876630593e+00
9.397656349333653125e+00
8.873529018956244130e+00
9.332316483792036266e+00
9.534595850803464501e+00
8.834275573542415216e+00
9.306974758200068365e+00
9.014919334713672683e+00
9.208000509086481600e+00
8.896924563321542578e+00
8.929254396916689984e+00
9.217503284764339000e+00
9.203529647934081126e+00
8.876805573708320907e+00
8.941959773689703184e+00
9.173403307646905702e+00
8.668538439925695727e+00
8.972877913550066253e+00
9.024459124020793865e+00
9.144334510773706626e+00
8.879420843186160539e+00
9.146879304794795829e+00
8.672372989022418821e+00
8.745122180423924974e+00
9.217527969844990565e+00
9.158270130555392186e+00
8.997133352889292723e+00
9.288739285576136595e+00
9.120578536278857840e+00
9.412534355633020766e+00
9.169362941381541177e+00
9.115123834784885304e+00
9.207837375147670755e+00
9.425957326207438314e+00
8.866040378048724691e+00
9.182399578283728658e+00
9.097540937798594740e+00
8.948087646011343210e+00
8.843597271718527608e+00
9.019346802651106998e+00
9.219069525228301032e+00
9.386864173326859628e+00
8.767746704396326862e+00
8.866112980883956496e+00
8.952184751543432739e+00
8.984760317545550379e+00
8.879393103974626555e+00
8.755018301796370750e+00
9.073166446107149952e+00
8.993984907818742158e+00
9.075118211217883868e+00
9.269888832202324735e+00
9.156444726909839460e+00
9.144181756804043104e+00
9.077018344451619924e+00
8.531117325050280087e+00
8.718017835156013362e+00
9.163440316800880225e+00
9.060557043401656685e+00
8.974338377047137882e+00
8.742610126050847086e+00
8.615242852692984954e+00
9.251322682701713873e+00
9.352626816841302926e+00
8.565801834193932152e+00
8.786330907854518202e+00
9.215932435033197478e+00
8.833080871728290262e+00
9.369941085469728037e+00
9.015573796602758705e+00
8.661818009027868470e+00
9.255670489735360107e+00
9.210147273869072393e+00
8.852547183433816969e+00
9.446175268808298497e+00
9.001132837016962540e+00
8.940938338241233296e+00
8.893775272281061461e+00
9.341518808743197511e+00
9.054163229155090420e+00
9.042217398613287216e+00
8.778906777953730867e+00
8.864164611498047464e+00
8.870061793252279614e+00
9.039008190779266982e+00
9.275142947657682768e+00
8.960016600115215724e+00
9.062419009569232742e+00
9.032900468779621050e+00
8.726536847038421030e+00
8.598390006760466164e+00
9.187435338490379522e+00
8.807261619079577386e+00
9.118752205247190545e+00
8.882763210124323905e+00
9.294978353670527937e+00
8.945892852888992053e+00
8.903472385175358994e+00
8.807043877965304191e+00
8.982868476620994969e+00
8.950579156095248123e+00
9.162988805497175093e+00
8.780000070242570231e+00
8.831388089424876853e+00
9.451053142926314266e+00
8.759289712720548238e+00
9.179367907797811199e+00
8.615069888712055146e+00
8.741130253852558596e+00
8.390276172705497970e+00
8.917667931872285791e+00
9.572935588991610345e+00
9.081414047712000226e+00
8.911278019273321860e+00
9.338792416452095679e+00
8.669831960783200842e+00
9.081842417329012207e+00
8.917138944557176927e+00
9.238569669617195501e+00
9.084495732251930633e+00
9.098391342404944737e+00
8.983074446330475027e+00
8.826649949003572360e+00
8.889139185350531491e+00
8.810489730293472377e+00
9.484615481381293733e+00
9.126072598931038726e+00
8.827506534831311313e+00
8.917987689577490329e+00
9.180508101492186768e+00
8.930796654299143711e+00
9.102182654992464705e+00
8.713981137020885726e+00
9.045045920520564664e+00
8.990919080456926338e+00
8.870870236181627178e+00
9.267819145716275742e+00
9.001887057486870347e+00
8.851395662451084334e+00
9.125596802537232932e+00
9.245094373657796183e+00
9.203070592126083582e+00
8.499709538223934047e+00
9.348131168467821439e+00
8.869565155403968504e+00
9.012256884558730974e+00
9.107126952430535383e+00
9.006182053385870745e+00
9.200238731342826881e+00
8.779461939882926558e+00
8.826481493854672067e+00
9.381222366082123898e+00
9.211366684549364692e+00
9.057239659453026448e+00
8.904150728792590286e+00
9.338984630860771574e+00
9.304543309863786860e+00
9.303259188814907432e+00
9.062302781314830469e+00
8.515839348791637065e+00
8.776824725364061663e+00
8.945015951686221101e+00
8.796446572554666332e+00
9.219628788196475355e+00
8.657395810791616242e+00
9.004585963373585855e+00
8.921905081202897492e+00
9.056877075419111023e+00
9.250044718421886358e+00
8.836687987090282803e+00
9.093042691462848381e+00
8.685891205528371017e+00
8.997635091774265348e+00
8.982315347365940283e+00
8.993441052592126894e+00
9.056545298175606717e+00
9.271965125569233024e+00
9.278234454420756450e+00
8.974189701708732869e+00
9.151351566044851893e+00
8.845826281793723211e+00
9.133746111065240925e+00
9.754320200968201959e+00
8.822906114031274782e+00
9.166492155764444760e+00
8.748812958586148270e+00
8.547076202891922492e+00
9.401495717019448861e+00
8.663047611910586809e+00
8.944535983600413687e+00
9.458499321055255038e+00
9.105743798181345383e+00
8.992627665804800330e+00
8.852305975937126092e+00
8.820008428531393108e+00
9.355585538202470630e+00
9.493489816722103569e+00
9.141447915880796415e+00
8.855022295901385121e+00
8.677906996169172160e+00
8.778057884930250410e+00
8.623313729712416276e+00
8.955228238637124250e+00
8.880669794224179014e+00
9.190203716880176898e+00
8.565179640091914237e+00
8.889581014062672537e+00
9.389144477899678876e+00
9.210587076096222958e+00
8.339791369801931253e+00
9.186424628604003217e+00
8.904147872645307160e+00
8.685651212347318406e+00
8.916092079534118753e+00
8.712683483093858428e+00
8.915164670885360465e+00
8.440291147864503074e+00
8.989514540051217750e+00
9.061350701832029841e+00
8.979939307708347584e+00
8.758272599481720988e+00
8.720474528759860178e+00
8.776847147700131302e+00
8.896226908774165665e+00
9.329684044366203466e+00
8.839315626837036532e+00
9.132663488029219678e+00
9.560362596062946139e+00
8.885787408943579990e+00
8.947969045874462068e+00
8.706416022572055269e+00
9.056516903142576069e+00
9.281978460685326837e+00
9.147440430794832267e+00
8.853616217616421480e+00
8.878066286692252618e+00
9.211837085137736025e+00
9.074047065434001524e+00
9.112984372878379702e+00
8.837773365906807399e+00
8.914777941977472864e+00
9.200800356314111639e+00
8.788467336017076192e+00
8.850201879751468326e+00
9.008309862018704095e+00
8.968091457533862609e+00
8.882764145575761106e+00
9.396943447765973900e+00
9.186215174578832077e+00
8.996096748458620951e+00
8.666169306336607647e+00
9.013210697892221290e+00
9.055452014142813866e+00
9.214434902509783143e+00
9.320688366863970842e+00
8.472373526152319201e+00
9.639797578993970717e+00
8.568128740751475902e+00
8.938985580257698516e+00
9.174370508578196137e+00
8.875648525088294605e+00
8.710831444620216857e+00
9.342337147931793595e+00
9.115023537514113983e+00
8.871612518521711621e+00
8.775127297156327444e+00
8.865226743291168887e+00
9.234172356876939602e+00
9.289967207217046052e+00
8.710622532669642482e+00
8.923070633751972736e+00
9.113567774028618729e+00
8.957372290567530371e+00
8.794011101000043240e+00
8.629180155027119881e+00
9.122775463242094318e+00
8.977513486435658052e+00
8.949809228668877736e+00
9.344841346501516099e+00
8.692889807199598806e+00
8.919073179201440382e+00
8.626839785679344175e+00
9.136063574771847939e+00
9.026212769380890677e+00
8.824128862849637045e+00
8.970854860992050206e+00
9.115481088983017344e+00
8.865370394762662087e+00
9.029587144380126773e+00
8.570514388749453261e+00
8.912871742498955641e+00
8.475323241535111407e+00
9.053764737218509495e+00
9.255243775071493317e+00
8.560446694554697089e+00
9.093770670483252161e+00
8.602070301358466509e+00
9.013908707783647500e+00
8.937276054424460270e+00
8.559445310871396373e+00
9.159410841899481071e+00
9.182378459546269411e+00
8.976145116734754126e+00
8.966392090177860652e+00
8.856353368851481278e+00
8.880963682217934974e+00
9.171480837792248764e+00
9.286114983393112254e+00
8.932166486550190854e+00
8.985363846538227506e+00
8.553221308707533055e+00
8.865825213187012110e+00
9.136845411396127048e+00
8.887511592104369029e+00
8.784815446944586270e+00
8.729613300635461925e+00
9.087351504836332694e+00
9.199009114176089241e+00
8.931888295590445281e+00
8.877126145535530810e+00
8.468278751276466565e+00
9.125642133438848447e+00
8.644020003352119730e+00
9.366727933432537512e+00
9.287875818233338521e+00
9.150899246999285808e+00
9.190637398541525727e+00
8.902651356666520854e+00
9.337708013141993391e+00
8.784075145511303973e+00
9.420961542312197068e+00
9.053864295690353003e+00
8.851047862679656930e+00
8.831874294463878172e+00
9.063532178965637343e+00
8.569094047759255872e+00
9.276951086881480180e+00
8.938019593064939983e+00
8.661512397685573461e+00
9.275423004022462337e+00
8.857014401954673488e+00
8.892027223464941343e+00
9.361475787046733998e+00
8.823811162485782233e+00
8.969991236937941537e+00
8.819994733188149638e+00
9.319423817541201416e+00
8.885888610019771150e+00
9.076622767167279449e+00
9.098383047524761125e+00
8.688997997580818478e+00
9.127665800915943706e+00
9.364186789350741336e+00
9.092627279121039408e+00
9.044247660452153781e+00
8.968338591935681947e+00
8.981668622400684754e+00
8.655112506052089927e+00
8.911132555673940914e+00
9.175903271889298551e+00
8.670701873307926633e+00
8.388406356207044112e+00
9.357791870645769450e+00
8.818415968451839504e+00
8.934617945386618132e+00
8.967298175631738033e+00
9.270981231515788679e+00
9.001115827048160156e+00
8.715983538441372858e+00
8.855576800173404095e+00
8.419930346660750686e+00
8.698199938141698340e+00
8.895199050122265305e+00
8.967255940992648888e+00
8.895657672785119985e+00
9.240322334111247926e+00
8.891177870840257569e+00
9.250225642665053982e+00
8.693715928630139089e+00
9.042493269190886807e+00
8.875639944951807081e+00
8.916662056438202200e+00
8.643109500795706168e+00
8.973164732918155195e+00
9.344547667802716617e+00
8.940888284433080813e+00
8.910877027956621177e+00
9.300835615159904535e+00
9.196131932833388589e+00
8.728396843563324126e+00
9.237617878288368445e+00
8.996338978220752125e+00
9.443237919619310361e+00
8.825057460883421356e+00
8.805088330814635711e+00
9.145341506815320543e+00
8.861247778968566635e+00
8.918879886133476376e+00
8.866864877626520425e+00
9.239671096115991134e+00
9.003654829131576776e+00
8.824732576638583126e+00
9.132528216382622688e+00
9.306144535090005832e+00
8.941132411447318518e+00
8.810526254902503851e+00
8.864506644256261225e+00
9.331019406021416884e+00
8.825813988821527900e+00
9.000720022684530974e+00
9.113086677804401958e+00
9.151482351795868553e+00
9.187426341761256054e+00
8.029228023148984761e+00
8.940632042933440715e+00
9.475749818426480786e+00
8.846843852640903449e+00
8.701663193215303238e+00
8.903790198685639368e+00
9.012815735012152274e+00
8.730262913484349241e+00
8.219763683670645804e+00
8.605539785041305123e+00
8.741768071370580984e+00
8.565623035571013233e+00
8.850866946276394032e+00
9.179943774675940915e+00
8.879383966719803567e+00
8.818395169470118589e+00
9.339785832516840358e+00
8.852497542068588743e+00
9.202777437694033225e+00
9.206712896228976817e+00
9.255050400377355047e+00
8.771415081171067385e+00
8.848603766440714224e+00
8.555955727807347699e+00
9.044159486020543426e+00
9.327066347937606139e+00
8.597488023903565590e+00
8.936348959252217838e+00
8.801017993665114503e+00
9.166751181114149105e+00
8.970012729730717282e+00
8.848400627685258257e+00
8.689273791941085179e+00
9.126532883161866394e+00
9.245446392039550432e+00
9.079931803703683357e+00
8.904598246129195260e+00
9.207759833228031709e+00
8.945298313642204846e+00
9.274424795121694487e+00
9.088207946529337278e+00
9.282603275597120174e+00
9.099849815625196570e+00
8.651565889370706586e+00
8.885692652567781735e+00
9.531855211377575188e+00
8.948825170366392356e+00
9.019483540712545988e+00
8.572434832555478224e+00
9.414048538383495313e+00
8.777048685340188783e+00
9.109328423402464736e+00
9.283488235030917579e+00
9.174746501697287115e+00
8.631985895483774485e+00
8.772512695459267817e+00
8.656726440621770990e+00
8.545400585446994768e+00
9.217294853984034475e+00
9.154169826744984917e+00
9.052738483974394512e+00
9.265370391205532741e+00
9.114441188053900689e+00
9.169704952634615935e+00
9.141020113677265968e+00
8.839954080537753001e+00
8.797277086423545001e+00
8.449376086356533477e+00
9.341750653976411911e+00
9.061398248978044023e+00
8.722840382453192376e+00
8.827417109053687483e+00
9.278863326833196368e+00
8.800217798491198451e+00
9.104854228322098564e+00
8.730190930959865980e+00
8.879537814291493802e+00
9.123667860181761569e+00
9.054478569903405827e+00
9.186612859696946742e+00
8.692066731652893452e+00
8.990690964271273344e+00
9.430762263555996228e+00
8.395924192057639956e+00
9.036206649673582447e+00
8.886427907024382122e+00
8.580935387149017046e+00
8.666391000051001825e+00
8.969713074807195596e+00
9.038815281986160244e+00
8.837736737856129565e+00
8.692537212804865021e+00
9.196037444838975006e+00
8.960181759002908919e+00
9.225298242945264349e+00
8.883687595388433778e+00
8.408022342208553823e+00
9.082238034695667039e+00
9.201343110832802097e+00
9.203185781379847441e+00
8.636487661582100017e+00
8.718640788452473700e+00
9.253250131996320960e+00
8.716546755199296115e+00
9.082377330236424129e+00
9.079321269390218774e+00
8.837654788816863061e+00
9.045216109892189493e+00
9.034160115963921101e+00
9.677995797897773755e+00
8.705425291457665082e+00
9.492856763838927847e+00
9.017553577235258189e+00
9.079026301321869497e+00
9.202295903335317107e+00
8.541552849857982466e+00
8.745746775784798643e+00
9.227226610500864012e+00
8.926330027647233933e+00
9.004095093466155220e+00
9.270324813228269178e+00
9.216342126181588768e+00
8.908712559591101865e+00
8.938221214684418214e+00
9.074520738730820213e+00
8.529607005566683497e+00
8.822577701574138231e+00
8.802470729877061473e+00
8.826014496764139849e+00
9.165681981012955504e+00
8.596227606806058574e+00
8.912759193438812844e+00
8.989250017959632189e+00
8.828448280484792576e+00
9.330955898320141273e+00
8.365118424229345706e+00
8.804562321054497431e+00
8.834800496022518601e+00
9.040938529894475550e+00
8.264752052629502188e+00
8.870454251764854803e+00
8.650242441810510385e+00
8.303399836037836934e+00
8.382586406305454929e+00
8.737636500976941889e+00
8.838991325080700179e+00
8.435050697116187379e+00
8.881121393104921324e+00
8.814110987505843653e+00
8.561634059077325887e+00
9.343411625618376348e+00
9.071712170104422768e+00
8.801447441326168075e+00
9.196996255091834271e+00
9.339292074684539813e+00
8.692254764813904799e+00
8.857662799585471092e+00
9.064993209678025465e+00
8.716143399091203392e+00
9.273933137081183276e+00
8.599025072642225709e+00
8.968477346516925408e+00
9.437338074113345243e+00
9.078974958643993176e+00
8.909281747065392665e+00
8.807160649519175877e+00
8.680569685346352315e+00
8.516586237217220301e+00
8.940904738511651573e+00
8.444642936226035346e+00
8.748709966959660633e+00
9.071653145961109388e+00
8.516151521347934406e+00
8.842320771430681958e+00
8.826550656639248871e+00
8.721825792039547665e+00
9.282773175641985119e+00
9.415658776921208784e+00
8.475916776082270232e+00
8.762212023306211961e+00
8.756494049973650107e+00
8.483359872051273953e+00
8.444207395864630428e+00
9.426062842194202318e+00
8.485060614970704407e+00
8.589971801102130655e+00
8.553808463983187949e+00
9.224991825356704922e+00
8.992860527347747990e+00
9.666287547337397257e+00
9.040991814337900223e+00
8.446471949645811605e+00
9.376938781572359716e+00
8.648788328882929477e+00
8.415020920196390364e+00
9.077953206220112037e+00
8.653908837681672850e+00
8.301964504191056804e+00
8.823612778650124611e+00
8.674544151767900502e+00
8.944920714747514268e+00
9.294657574341288253e+00
8.831599506852079173e+00
8.368613781913074590e+00
9.168135916062523094e+00
8.669367612875896967e+00
8.894746797836470265e+00
9.339483523404226162e+00
8.920169218521966314e+00
8.374865754851532174e+00
9.670649851359709004e+00
8.416098308129708272e+00
9.599199724646831910e+00
8.153966771172026284e+00
9.238929132820125290e+00
8.370868055983724076e+00
9.775049514160613739e+00
9.563473997545550276e+00
8.818128412414090178e+00
8.872117994860820644e+00
8.462359030615091982e+00
8.710984373546855508e+00
6.744506175482235300e+00
2.514822402085002295e+00
