4.884759206453589542e+01
4.685984537324167576e+01
4.949592262779164287e+01
4.782807911975658754e+01
4.875978778661743718e+01
4.827150296727415224e+01
4.905446160068623840e+01
4.931702872405061555e+01
4.811860073706092322e+01
4.811860072790126708e+01
4.881544011508910330e+01
4.841965843619261989e+01
4.944769388761457662e+01
4.955569517789507472e+01
4.831260990704816294e+01
4.768348869952653502e+01
4.966772430741070110e+01
5.002064798451884542e+01
4.966306267264423724e+01
4.924201596203229059e+01
5.065812430329305727e+01
4.864032641858059236e+01
5.002785973910862083e+01
4.958488750754143126e+01
5.116599063436677142e+01
4.857732629925256163e+01
4.834942822801291129e+01
5.158889304154809707e+01
4.802615874940489249e+01
4.897384125059515014e+01
4.899999999999999289e+01
4.838196601125009977e+01
4.961803398874987181e+01
5.010211435331657981e+01
4.900027206660534063e+01
4.941912601483368661e+01
5.059013983279507443e+01
4.898964880753060669e+01
4.960684720828783156e+01
4.762720012778627421e+01
4.962805798412156122e+01
4.947276450385840718e+01
4.999423221305092824e+01
4.757644800844232691e+01
4.873692229861782721e+01
4.918941789455070790e+01
4.794611025371126800e+01
4.999818746920581702e+01
4.999818769922541151e+01
5.124210707271635101e+01
4.697359404275043460e+01
4.888860610494837999e+01
4.871371704200316088e+01
4.931060639710760540e+01
4.844862022652819178e+01
5.157947903581014515e+01
4.887529829160373396e+01
