9.011824708809921702e+00
1.134214425845206264e+01
9.426367246550320544e+00
9.749889281125309282e+00
9.203774671387874307e+00
8.188125720655170525e+00
8.136302316941289803e+00
9.059975726849769373e+00
8.882202591593848950e+00
9.445089318945742107e+00
8.774131979809968840e+00
9.167497289697292828e+00
9.317680312984101931e+00
9.284907714800320733e+00
8.580546010673931079e+00
8.782845580886743164e+00
9.690302559744615962e+00
8.356845456010050910e+00
9.276262256932835015e+00
9.440099958094656074e+00
8.907535622656435947e+00
1.016693676021248294e+01
9.606384319335644406e+00
9.141080317421247159e+00
9.610502437188792157e+00
8.539158418478631773e+00
9.102843840199033920e+00
9.021491925612965090e+00
9.102946572010695903e+00
9.220300122482109728e+00
8.296595556766561685e+00
8.988776532973236755e+00
9.704882594325219713e+00
8.554152180834130093e+00
8.928361339567912225e+00
1.039835538501585255e+01
8.915008301280110459e+00
9.009005332523358334e+00
9.047893480078339934e+00
1.045058583013377174e+01
9.760098519492572677e+00
9.030269609579148593e+00
9.216673795298486738e+00
8.596805098321222971e+00
8.783281031336322542e+00
9.409947048608275466e+00
9.452415138947351636e+00
9.425977823324279470e+00
8.735191965306119855e+00
8.702908584325907526e+00
9.512448712829089104e+00
8.602573902296731134e+00
8.416519949962177449e+00
8.941903583557477830e+00
8.948561665371288498e+00
8.963142948403376664e+00
9.055463932659087334e+00
8.977879821429077367e+00
8.537220611705690132e+00
8.866744936751601358e+00
9.892559525748907845e+00
8.785082810467024217e+00
8.340590132780619115e+00
9.053859280900692141e+00
9.434587872393894514e+00
7.987334802625195351e+00
8.772587372298453090e+00
8.657387246923684998e+00
8.580968840356785421e+00
9.764363760618957500e+00
9.579720492825451572e+00
8.620357351542942581e+00
8.900186458784318688e+00
8.790532509483655943e+00
8.981088876673078758e+00
9.864610514990834744e+00
9.038359381955061167e+00
8.844672218535430730e+00
8.743609568358534645e+00
9.005882634729056591e+00
9.486460200623408667e+00
9.349451994755481721e+00
9.011820092328422405e+00
9.198104162081733648e+00
8.703787341277267942e+00
9.868000651990758598e+00
8.732269999589959752e+00
9.641263928931513405e+00
9.262946789870362352e+00
1.000811504986141642e+01
8.957681424023583361e+00
8.326476090699756583e+00
9.275531412793384334e+00
8.775641102499086799e+00
8.976099426033197659e+00
9.042607800116597261e+00
8.660431088691961321e+00
8.578433922829690417e+00
8.317366199235351587e+00
8.964884250786456121e+00
9.844722758191965184e+00
8.893980189926063318e+00
9.791703544130328396e+00
9.352810861974322876e+00
8.629069939200048722e+00
9.663978677002871720e+00
9.070424586030068070e+00
8.344348336865291316e+00
9.155632038084691615e+00
9.830206637967462413e+00
8.845463777764210889e+00
9.062521062989770115e+00
9.457304263921825438e+00
9.194598121326190920e+00
8.963554369662068311e+00
9.340313498296659134e+00
8.658444795035117991e+00
8.739589534386709602e+00
9.029007565803382818e+00
9.714518546668561072e+00
8.578537482794180491e+00
9.393892602859235552e+00
9.301664049966403169e+00
9.146673530152837017e+00
9.023736910065114358e+00
8.904338226240327003e+00
9.118721381481035948e+00
9.370635551831171028e+00
8.904931733578159481e+00
9.363660996995026409e+00
9.121793180511119203e+00
8.832692807141411251e+00
9.157663473630631046e+00
8.659306461476118599e+00
9.185903102044120416e+00
9.051679754761890351e+00
8.444882989288311492e+00
9.273720087956309754e+00
9.610029315195104616e+00
9.282576077153303018e+00
8.797351057866212187e+00
9.705281652821623695e+00
8.880480449437477830e+00
8.984569120691464406e+00
9.115520025104165924e+00
8.941171940866391665e+00
9.059927456346471786e+00
9.372717740586541169e+00
9.331070440530881527e+00
9.321354460193978397e+00
8.723793734784221598e+00
8.822651567789543847e+00
1.000200153705515405e+01
8.766578827869089707e+00
9.134742604054558512e+00
8.933343625058542514e+00
9.470010711803761083e+00
9.673776444709117683e+00
1.018280212961370879e+01
9.668581369420584437e+00
8.853362100573820115e+00
8.597302043323104215e+00
8.767280599560837828e+00
8.197090134800095740e+00
9.424307117589759031e+00
9.426353756343093693e+00
9.227525414388884073e+00
9.241500144184215060e+00
9.440559454763288727e+00
9.070295203441240517e+00
9.287537066097369731e+00
9.243598533648574644e+00
8.906331092027905072e+00
9.007689237963516504e+00
9.347888246770114762e+00
8.773305548385948782e+00
8.801711702211607147e+00
8.478326669297079121e+00
8.618564876655945284e+00
8.841230735894965775e+00
9.525929984945678441e+00
8.343984995548424877e+00
9.706954686982523839e+00
1.002827742998719707e+01
8.952090516076898652e+00
9.038278912942171672e+00
9.584367398520113213e+00
9.236977438616291280e+00
9.027477558063971230e+00
8.479707098413131305e+00
9.587879341488545037e+00
8.574934687811994749e+00
9.448964311351000234e+00
9.004632993793469709e+00
9.314244871349973920e+00
8.657925660424179881e+00
8.643468152460835441e+00
8.612723181389643656e+00
9.329115146016086157e+00
9.307622663746636604e+00
8.210496773888216637e+00
9.385159720626861102e+00
8.548957052318117533e+00
8.842134894748040708e+00
8.618277435576182199e+00
9.114980797117803846e+00
9.018521305584611625e+00
9.140188041324275758e+00
9.100041171911447790e+00
8.976067160508579335e+00
9.664144982102568449e+00
8.767819922230655649e+00
8.945811707225027831e+00
8.891259428797628317e+00
8.965619361923906183e+00
8.730690856947775913e+00
9.427377184397569110e+00
9.242746476717140780e+00
9.226403952343980919e+00
9.411108092835299033e+00
8.561412979209897856e+00
8.768546725028064870e+00
9.047204013241884724e+00
9.288127459381218642e+00
8.796670312227949040e+00
9.326553045800210384e+00
9.596724783199281461e+00
8.918285181174718801e+00
9.339927129962820374e+00
8.487452295138725233e+00
8.811198412911819489e+00
9.320084493433771655e+00
8.629390891420998244e+00
9.059910469205847861e+00
9.130852118587235111e+00
9.208912824911209327e+00
9.387998325789984833e+00
8.600104854353791239e+00
9.037556284155998654e+00
8.753702927869289496e+00
8.524171704055053311e+00
9.699312555352987530e+00
9.338705420526427048e+00
8.966780782532092431e+00
9.457180323571641622e+00
9.053893118865889988e+00
9.083304984002960936e+00
9.072287860089639722e+00
9.245295885431206173e+00
9.177785605364464416e+00
8.911188543809458906e+00
9.513255187620362818e+00
8.466453971522724942e+00
9.231366080970371257e+00
8.817089745437044712e+00
9.102515142574956641e+00
8.911865212103508682e+00
9.143375083200293574e+00
9.349268285981654714e+00
8.519773910347922197e+00
8.835053489950896122e+00
9.145513822905144252e+00
8.845169787038649645e+00
8.506009932703168630e+00
8.659348548236222243e+00
8.829164432831060338e+00
9.118178505750762497e+00
8.816363203170071827e+00
9.011883262809625705e+00
9.193060161957470555e+00
9.078424676596373644e+00
9.014269263865774207e+00
8.428852159097163010e+00
8.600517339178674447e+00
9.227751585521112077e+00
9.059725653899226572e+00
9.207228588757171650e+00
9.126564872596008016e+00
8.915091377041608922e+00
9.131758597197789484e+00
9.318077939994891423e+00
9.210205135997831860e+00
8.761912093978045490e+00
8.611964907327170238e+00
8.943564947396385634e+00
9.173697722604796212e+00
9.139645051860586733e+00
9.316052424357751605e+00
9.068511452095837200e+00
9.321324594027965205e+00
8.998086780691775033e+00
8.462410567101805725e+00
8.740691194682678855e+00
8.941576370747949198e+00
9.145623773195277195e+00
8.964892452248214738e+00
9.498158107789546278e+00
9.075926530379769375e+00
8.749739172428071754e+00
9.124156789323205174e+00
9.496256939880973746e+00
8.986069156873071506e+00
9.044379875852046169e+00
9.091964729612568519e+00
8.472367429603147926e+00
9.130313479822133260e+00
1.034615872590841512e+01
8.713762112640409896e+00
9.711762500017757205e+00
9.070073616320462051e+00
9.309402331145962606e+00
8.990191575743976315e+00
8.999830732168021541e+00
9.091148880512967878e+00
8.863846960191388291e+00
9.123068671372077887e+00
8.826397562176286016e+00
8.853243293228981514e+00
8.993445937139281199e+00
9.873227434937135172e+00
8.808339709896836567e+00
9.514502047679384233e+00
8.580319501025414297e+00
9.091243042113848816e+00
8.579169822971289605e+00
8.806746030371172651e+00
8.824768146933351431e+00
8.647191934019698323e+00
9.121791451960461927e+00
9.216516783475878327e+00
8.916697696008817786e+00
8.584068209813381145e+00
9.285319386430629152e+00
9.038410307004276945e+00
8.639700206078568812e+00
9.874411485482866624e+00
9.153064811265062772e+00
9.180898128271314462e+00
8.665964579540709423e+00
8.719875432804899518e+00
8.618167434519619974e+00
8.408601714003323124e+00
9.020204533168692862e+00
9.109335492550529878e+00
8.693272975172256167e+00
9.150955260058889706e+00
9.306657131770471381e+00
8.732756370572152704e+00
8.739087023252961828e+00
8.455858118040849192e+00
8.994657681260610715e+00
9.404416821658852399e+00
9.504389824614577265e+00
8.898168067131054570e+00
8.949282995748975011e+00
9.460251083562955188e+00
8.808888815257782667e+00
8.726356332607446475e+00
9.463830852952391126e+00
8.880652465874863566e+00
9.510504999547100269e+00
8.450416861564587379e+00
8.892759281055784726e+00
9.382092186046453008e+00
9.010912809684473501e+00
8.721799740534867951e+00
9.635815603994705825e+00
9.047748346023134047e+00
8.459873167336596111e+00
8.902618574602351842e+00
9.687159704877856825e+00
9.385264466864457589e+00
8.957489049877178644e+00
9.118118299661524873e+00
8.869130685918877433e+00
9.600721152280533133e+00
8.868430547611684034e+00
9.172351860416419811e+00
8.596855896254121276e+00
9.763045660093496281e+00
9.210635338737244382e+00
9.102793576829460775e+00
9.030530182134567596e+00
9.300600804138962729e+00
8.917337939349987863e+00
8.621344047470982375e+00
9.678426757806994019e+00
8.832339635929933763e+00
9.313856114043623791e+00
8.739729980302646695e+00
8.941769120298342699e+00
8.984255482195660392e+00
9.229433704016962281e+00
8.970202385240808596e+00
8.693397286894281706e+00
9.088371045491305367e+00
9.370056096881182128e+00
8.864046436679672070e+00
9.298539618585749622e+00
9.419518414373202475e+00
8.478073187510190678e+00
9.354093136871018288e+00
8.440417330718416267e+00
9.202233548271138375e+00
8.982335070957056189e+00
8.857802663564035228e+00
9.180278818984108469e+00
9.184624637033719452e+00
9.103503041797614159e+00
8.772310687538599439e+00
8.960741865014052010e+00
9.950903677224715693e+00
9.154869001012901464e+00
8.731702175494159945e+00
8.549636253535567221e+00
9.038633442821982555e+00
8.448752084838190513e+00
8.497193123852238017e+00
9.035119053868424288e+00
8.894780305731055492e+00
8.990919162480834004e+00
9.120998312197349023e+00
9.468991154028737256e+00
8.975835003932290945e+00
9.141420013888350127e+00
9.017314598222082367e+00
9.485652886535071104e+00
8.741685994076341615e+00
8.765922030676037480e+00
9.148925828077484113e+00
9.407882670249366086e+00
8.969062563112800035e+00
9.030124142337003335e+00
9.808673982183151452e+00
9.979165126732059576e+00
8.862846367587787100e+00
8.798098498907261700e+00
8.503205656487574871e+00
9.206574131528812543e+00
9.230381166163308393e+00
9.260076627673067051e+00
8.701003896531657844e+00
9.254498332054664544e+00
9.002124666267000919e+00
9.150390317374773375e+00
8.525044697317825992e+00
9.202039665622077536e+00
8.947708126175884402e+00
9.458276237989325708e+00
9.135682666261280005e+00
9.345269491242220283e+00
9.243445244938643057e+00
9.419602534648667813e+00
9.126480207499886532e+00
9.017152259280209137e+00
8.905368389152279462e+00
9.153383698220750375e+00
8.850498144443440296e+00
9.060478429695796976e+00
8.482566252726376987e+00
8.999261261116933142e+00
9.412347731952301899e+00
9.090231500385065999e+00
8.833472094618869619e+00
8.655197591548837721e+00
8.845894884314187578e+00
9.505200049899640291e+00
8.670041049741755046e+00
9.319262469806000482e+00
9.242290031029982700e+00
9.188561072377975592e+00
8.605722224737041515e+00
9.296162819534353972e+00
9.015182217561473976e+00
9.174118612972852915e+00
9.248148641032313932e+00
9.095853130291148503e+00
8.835215059445069130e+00
8.962059145835002738e+00
8.893875854696842609e+00
9.470505597238624063e+00
8.855582562038437189e+00
9.685828268266202912e+00
8.849623365516192663e+00
8.888474862495717943e+00
9.046708963537346548e+00
8.635346851626200859e+00
9.119157367850691642e+00
8.933247169291153256e+00
8.748719696366071830e+00
9.027207018116884640e+00
9.133775040861225492e+00
9.250594114194688800e+00
9.418775648685416613e+00
9.038015434871493170e+00
8.985681971744137186e+00
8.833867954438806791e+00
9.438516617908291551e+00
9.279908141020500878e+00
8.857315292242486038e+00
9.149532599402066424e+00
9.138481880670092039e+00
8.958652121638545296e+00
8.866671709706208659e+00
8.801413351979336497e+00
9.040202213420590382e+00
9.407474241778690072e+00
9.323329744086455761e+00
8.784746043968215901e+00
9.228879127275392946e+00
9.314449323861122565e+00
8.990299491604957893e+00
8.892640245751286088e+00
8.720164786481941377e+00
9.592467394956344151e+00
9.040882358942193164e+00
9.466189721197336482e+00
9.098907196205894721e+00
9.784201461591818472e+00
8.893397169334733121e+00
8.971363239362945663e+00
8.942661985714265072e+00
9.369794118132313443e+00
9.252520341387235447e+00
9.132605491476329718e+00
8.951835373321427980e+00
8.662088139877200277e+00
9.082769709753412357e+00
9.414846621381807168e+00
8.620161032743110852e+00
8.799813870021658602e+00
9.065720132179466262e+00
9.122892154374353524e+00
8.861365611128599440e+00
9.122865539353606223e+00
8.940493806312145963e+00
9.416688113275753835e+00
8.646889718212861453e+00
9.051185718344029851e+00
9.076560978548839032e+00
8.603204670081128214e+00
8.962606918590060090e+00
8.805569562164272668e+00
9.042754802054981056e+00
8.932931815142504561e+00
9.245377966245136747e+00
8.879955428527919636e+00
9.241690710172971279e+00
9.111113695649670774e+00
9.025510669890845605e+00
9.375118146827464471e+00
9.551823124969466505e+00
9.502122928454904027e+00
8.793613380346984698e+00
8.654858064778528259e+00
9.430076809131730187e+00
9.315718524304578807e+00
8.857563139084854598e+00
9.159931537807347368e+00
8.684044702171746621e+00
9.132389324869359726e+00
8.725803124859345061e+00
9.004108070193399982e+00
8.701042590528562215e+00
1.000113040900873607e+01
9.397414282915487860e+00
8.507928599138287140e+00
9.256176632248669378e+00
9.414888496377137983e+00
8.704204558679396797e+00
8.593215511885283320e+00
9.300391216667296845e+00
9.607571068939851244e+00
9.342546714402034880e+00
9.032727555306642842e+00
9.372199716039171236e+00
9.050159656838452804e+00
8.879493717085759741e+00
8.797867353438418192e+00
9.116232135705381268e+00
8.950189909566949709e+00
9.241542200812896013e+00
9.003657968208656825e+00
8.109738604434612697e+00
8.965444711277704926e+00
9.555455842205606842e+00
9.381791244414866782e+00
9.050995895546234848e+00
9.133104150178471770e+00
8.721275260302634891e+00
8.886963897767124365e+00
8.830793013126227109e+00
8.567919311083102230e+00
8.662836679349549485e+00
8.763485052034338807e+00
9.054426954288910423e+00
9.381610367958048258e+00
9.228155994399934059e+00
9.203030900604298736e+00
8.755138370518379176e+00
8.637722604245874791e+00
9.060001050207741713e+00
8.815244699198677480e+00
8.606177732790964541e+00
8.852184763521607991e+00
9.083948501876234261e+00
9.169510793728308684e+00
8.051158981979236628e+00
8.954363663353831271e+00
9.177789065443599625e+00
8.559537340990345911e+00
9.246949589569037897e+00
9.048990409976608973e+00
9.107666699668456545e+00
8.943093294738313048e+00
9.170017505023851712e+00
8.983750482301164908e+00
8.606950778441222027e+00
8.333717102939568022e+00
9.116825262583322598e+00
9.257113301924686510e+00
9.397806455085246924e+00
8.838186457600691881e+00
9.440827136712334422e+00
9.292995828887686827e+00
8.784944686170707229e+00
8.786529658306463375e+00
9.112178642132725770e+00
8.956119445250392275e+00
9.386816364108796051e+00
8.632078741026518287e+00
8.969819090980889698e+00
9.210132588246690233e+00
9.235264475061731204e+00
8.692489697923198477e+00
8.776328498221740659e+00
8.995299037983182089e+00
9.430392752834839243e+00
8.936582542513056282e+00
9.809479258308931193e+00
9.435861507261108727e+00
9.976789643919726558e+00
8.938336316739924570e+00
9.371622272534283482e+00
8.894207704653624091e+00
8.657527673105963828e+00
8.754237867471580614e+00
8.801519881171850912e+00
8.966064702896522576e+00
8.932145185516995767e+00
9.663340309725606758e+00
8.949219807165947671e+00
9.290461203939470280e+00
9.077115390344273393e+00
9.570906192162022208e+00
8.830840680066586401e+00
8.653629065115431729e+00
9.593867187389196971e+00
8.950571468188199376e+00
9.212238172603459674e+00
9.143270516452489005e+00
8.870068567044993912e+00
8.813647144648456333e+00
9.055548119780295835e+00
8.514883764318742720e+00
9.355558422230974003e+00
8.913914745002500695e+00
8.944047655974639355e+00
8.440471666548239327e+00
9.217568324123483592e+00
8.862556312402649183e+00
9.445302086661303775e+00
9.581878756577676626e+00
8.669602551316652139e+00
8.348331540762043090e+00
9.033460995233671298e+00
9.382259225543869263e+00
8.856777019150325003e+00
9.247771473403668452e+00
8.622422861111807890e+00
9.586451455359345175e+00
9.105722195277538233e+00
8.743817521411870075e+00
8.666985037445014584e+00
9.313997604854279189e+00
9.364259091131522439e+00
8.941587076104195120e+00
8.759195596590156896e+00
9.127822638805325184e+00
8.911200203882598814e+00
9.106605316652933269e+00
8.966846756686349451e+00
9.201730921353242110e+00
9.017839965767576516e+00
9.343166382387018132e+00
8.555261972089024169e+00
8.908518982553847110e+00
9.334248095273682821e+00
9.045551540149240566e+00
8.849602128655297051e+00
9.127166869541913030e+00
9.691707679374014006e+00
9.376250640663826630e+00
8.925594464276063178e+00
9.003552078754633925e+00
9.042471566331288457e+00
9.308402401186850028e+00
8.617454782015064652e+00
9.474762941179344367e+00
9.149197159520202405e+00
9.323618651166762916e+00
9.329789305982885139e+00
9.130613237160565276e+00
9.858288483033240013e+00
9.196119497011945754e+00
8.835114756659203650e+00
9.177064842627048691e+00
9.186310883595911747e+00
8.815022425961526409e+00
8.938948143828982396e+00
9.062819436668759110e+00
8.974833125211846507e+00
9.135905886701651824e+00
8.829369521824606437e+00
9.023940966346884807e+00
8.970882963388653764e+00
9.420792882208621322e+00
9.042651741536699816e+00
8.850094311610630982e+00
8.984722696284080712e+00
9.315084965120192351e+00
8.933748170909700193e+00
9.456263118437123083e+00
8.445703247302457584e+00
8.953977528560310262e+00
8.658873796875907303e+00
9.329427461006666533e+00
8.717107433513580972e+00
8.824920657260905799e+00
9.157875656767858530e+00
9.568635673211744574e+00
8.590275842556479802e+00
8.374427615129905078e+00
9.190196073128811705e+00
8.839047493784383036e+00
8.937540918588748440e+00
8.759683170023139454e+00
8.859667911089678327e+00
8.296338836885396972e+00
9.246079514305407088e+00
9.061558509900004665e+00
8.561127512849763477e+00
8.880702858590721505e+00
8.998956289827882316e+00
9.141380275879813055e+00
9.564003644552922623e+00
9.204270533481755834e+00
8.909098383515113184e+00
9.001911080613279381e+00
9.946364864472865719e+00
8.620729556953047990e+00
8.617584735886769209e+00
8.912257466052713184e+00
8.952893161544496436e+00
9.812943032438273150e+00
9.013323957502416661e+00
9.252547990324059057e+00
9.114182228184631640e+00
9.974504338778334755e+00
9.374474332710798663e+00
9.304985517123217420e+00
9.318318919615002471e+00
9.392698839422340740e+00
9.301996537943423959e+00
8.709397754407012471e+00
9.112663799248357677e+00
9.356094990756428587e+00
8.942146258835999006e+00
8.645062420075563026e+00
9.646630196353516595e+00
9.774408036906107711e+00
8.789564551648203050e+00
9.032669431681478400e+00
9.580375153182368209e+00
8.962578682518804740e+00
8.980345094860901156e+00
8.717660341615427910e+00
8.742515212149921666e+00
9.341290946092172476e+00
8.907848603339591165e+00
8.950901936822262428e+00
9.241060345324017433e+00
9.193815498272275732e+00
8.998173409704387282e+00
9.537467077000131965e+00
9.019001350585174492e+00
8.769952953530818718e+00
8.622939373319585599e+00
9.125183480858725105e+00
9.230259477561101988e+00
9.485438677919573180e+00
9.308827616204721878e+00
9.137585247231180929e+00
8.954253667829387808e+00
9.127792840589643575e+00
9.863953493178108545e+00
8.822448012817941887e+00
9.570107930119272410e+00
9.120232857010998728e+00
8.703664472559536236e+00
8.926251087680194374e+00
8.800373839095883000e+00
9.474861958988213928e+00
8.848479470379231770e+00
9.086624302904137807e+00
8.829881202379128879e+00
9.959824595917394774e+00
9.012739172777639141e+00
9.223747610494802629e+00
9.079993785482173507e+00
9.006820021009076527e+00
8.288308689767880821e+00
8.706624343857312098e+00
9.217385291062932140e+00
9.366946118606987781e+00
8.450065905418773227e+00
9.214060547499821396e+00
9.383539520784253796e+00
8.711860534912114318e+00
9.267694533366228171e+00
8.785681780435830035e+00
9.134427015668197924e+00
9.343678850773635247e+00
8.810718978503212284e+00
8.966726309914223592e+00
9.386444849542694868e+00
8.843552287155747038e+00
9.264908798728544781e+00
9.858934609369073954e+00
9.092726376754729500e+00
8.799848376107448189e+00
9.175722013634336705e+00
9.089881408050272782e+00
9.498038729775611699e+00
8.745624917645244523e+00
8.640041859583453387e+00
8.712577220386032550e+00
9.593885317392917500e+00
8.459609955311309548e+00
8.897544085845323636e+00
9.034091253936122001e+00
9.258209841852734101e+00
8.818092800640206619e+00
9.602159884524825273e+00
9.020764401405795496e+00
9.134632594099624470e+00
9.055903097320268103e+00
8.766195646572045419e+00
8.912939858643804669e+00
8.834372932834485326e+00
9.240310251936032060e+00
9.766071114264136099e+00
8.715189189581737494e+00
8.925850187291814564e+00
8.888191771962565824e+00
8.977208053378952002e+00
8.710192611148686481e+00
8.915284279615631746e+00
8.603209072646530231e+00
9.178750477014455456e+00
9.344798738860204068e+00
8.604569342571096513e+00
8.699380134032351108e+00
8.842966144916339033e+00
9.164962297893632481e+00
8.509624159445909442e+00
9.133757660499798092e+00
8.606507941606340140e+00
9.040763789255324312e+00
9.112469248609295747e+00
9.184610210444565936e+00
8.650760003830040290e+00
8.874941095942212144e+00
8.613302139912217825e+00
9.152218577643768782e+00
8.691221014679891610e+00
8.617548050917489988e+00
8.729933344543404417e+00
8.711208725754989501e+00
9.091349374475596434e+00
9.103743691786139181e+00
8.831599549724588272e+00
8.991793428992172821e+00
9.199458112535754850e+00
8.786272740643955359e+00
9.241111835119571793e+00
9.086238987809172940e+00
9.447093065946596369e+00
8.566265258728268606e+00
9.170169256655739787e+00
8.950669409926918618e+00
8.637063065271883389e+00
9.274877437413557857e+00
9.071646577458585270e+00
8.923560205975771709e+00
9.187274785851768044e+00
8.782849296331944444e+00
9.427893151265827498e+00
9.218715893064263867e+00
9.103535409670431733e+00
9.469206819791825325e+00
9.292891747112625112e+00
9.648107780731452365e+00
8.737812814130560213e+00
9.480546113004439945e+00
8.942475857849215615e+00
8.701147150602739799e+00
9.173038360187060647e+00
9.241384526920478848e+00
8.462777799429794356e+00
9.068784371110977460e+00
9.469983109396393317e+00
9.144992431014372869e+00
8.998439771396274267e+00
9.312707930607716733e+00
8.667955014561897542e+00
9.079671786941723610e+00
9.034852927884493567e+00
8.869482106683197031e+00
8.853956052888905859e+00
8.540995121868931506e+00
8.809108050171309046e+00
8.587414617393967831e+00
8.764376328020249574e+00
8.834021721430412200e+00
9.759231348865810673e+00
9.050679338504286520e+00
8.983464367704790732e+00
8.775412813280050628e+00
9.287472851047887445e+00
8.945550043397039630e+00
8.994618012905181814e+00
8.782724529544168490e+00
9.292902188923470419e+00
8.801804200055636684e+00
8.938345806896396795e+00
9.664671699900438284e+00
8.473668667371727636e+00
8.778061057319980875e+00
9.020754507498734753e+00
9.077210310566355744e+00
9.301405465193488098e+00
9.146390972899865801e+00
9.245243578819628993e+00
8.818296487860283861e+00
9.598925023290378888e+00
9.339272476376473620e+00
8.707328425902939983e+00
8.622436967682249431e+00
9.584153062944750445e+00
7.957579960369630001e+00
9.780569486844028049e+00
8.581613797825525580e+00
8.978053111357858995e+00
8.553588418573660590e+00
8.901644126343438046e+00
9.177191766819795760e+00
9.241618089807017711e+00
9.725198701451324368e+00
9.060595652910736320e+00
9.195473497954390396e+00
9.315297883225163389e+00
9.225461614842680902e+00
9.364510077272699462e+00
9.509171996112453229e+00
8.898695535700552384e+00
8.700560771066211174e+00
8.960008421511846066e+00
9.170576444234102453e+00
8.919871443533130773e+00
9.341911757095221702e+00
9.249187560304745759e+00
8.826701417707155883e+00
8.896594338302598715e+00
9.124204396084707014e+00
8.696441172485251059e+00
8.941666347758935984e+00
8.907104106109001052e+00
8.681074570061065643e+00
8.983684938999164871e+00
9.307526807448361694e+00
9.071170397722745804e+00
8.603506634199961312e+00
8.986209416649716175e+00
8.785357228657483475e+00
9.060042541481818645e+00
9.548172038747768653e+00
9.030185293286702830e+00
9.000991409378174879e+00
9.242750886997177062e+00
8.597232840777280671e+00
8.844030743484681878e+00
9.498784856375957375e+00
9.422071404407759587e+00
8.041789369205206484e+00
8.581685297946902935e+00
8.187212302833888344e+00
9.265116233076305718e+00
9.329775765922422082e+00
9.616946363132488074e+00
8.772738340131573054e+00
9.093201995347929056e+00
8.800292208242137093e+00
9.086065529514222305e+00
8.711680526659845825e+00
8.694150531628700662e+00
8.916694416629615816e+00
8.844348485478679578e+00
8.804699228759250929e+00
9.066243726293746974e+00
8.851862003800732737e+00
8.831628158768156212e+00
9.243900761489951989e+00
9.295821829019743632e+00
8.729825014421468410e+00
8.951993391241085618e+00
9.243987370643321100e+00
8.612514255204366975e+00
9.056238078809270675e+00
9.051783064489120179e+00
9.061867723100316852e+00
8.703389667146579356e+00
9.021378821021427186e+00
9.164744301785152203e+00
8.726154111525648460e+00
8.777217209128293618e+00
8.926486644068743814e+00
8.767020947347795357e+00
9.267220219249511004e+00
9.106813324184999558e+00
8.943357101634989093e+00
8.898043179400639602e+00
9.220994689710252601e+00
8.671940209041780534e+00
9.003602929528373267e+00
8.371753047850967633e+00
9.341211462650637287e+00
8.930656061039549343e+00
9.438773906109092948e+00
9.171536940755402156e+00
8.724765205728909123e+00
8.576912864307368878e+00
8.690186120944284554e+00
9.299641994163991399e+00
8.864817623848530559e+00
8.745833442103126742e+00
9.137693222426978679e+00
9.144825970554487427e+00
8.989052794620411291e+00
9.086330206953714850e+00
8.831535846736363382e+00
9.216054881875205496e+00
9.108849144382130447e+00
8.815159217290990057e+00
8.669856277962830760e+00
8.968745007390822366e+00
1.002778569184598467e+01
8.475651793586530758e+00
9.096218525857038273e+00
9.034033839622773954e+00
9.009523958067376270e+00
9.013262749589694423e+00
8.992155725672056121e+00
8.944072777306764976e+00
8.510322729272179032e+00
9.088040682795035963e+00
8.696201218112078024e+00
8.784455407535480376e+00
9.125135220645017142e+00
9.062004092024945834e+00
9.225802203288042236e+00
9.463054576043004928e+00
8.971822141559581354e+00
9.704867792208517585e+00
9.160011041103766516e+00
9.179018508582927893e+00
8.612510238653111827e+00
9.179907433238950532e+00
9.010005386627970125e+00
9.258134949989893059e+00
9.167128111181249039e+00
8.878372428730934018e+00
8.886039236331736646e+00
8.773129049470078655e+00
9.465501847949688852e+00
9.316427817913993437e+00
9.594049972431971440e+00
8.790595706247614771e+00
9.589581783470482179e+00
9.001337124516098243e+00
8.593516029256262456e+00
8.933168197194973459e+00
8.660006113840490016e+00
8.752656752911233795e+00
9.195178836262000388e+00
9.218322419213569319e+00
9.313133470154120630e+00
8.394299776229033228e+00
9.455855872969493703e+00
9.364679183051586975e+00
8.787687210661175641e+00
9.163659538246411884e+00
8.996716815377332921e+00
8.779379978260466899e+00
8.826779398148566713e+00
8.618884554113773078e+00
9.047577211352832549e+00
9.217703970260084034e+00
8.553039901829857072e+00
8.486473860760508359e+00
9.237317482887982933e+00
9.211653639819532557e+00
9.007929055309883637e+00
9.179486907338120005e+00
8.958637261205733893e+00
8.942080467310658420e+00
8.704125791750540131e+00
9.011221159623447718e+00
8.371184688997068690e+00
9.476807880908756587e+00
9.029252182871729815e+00
9.185854692625449402e+00
9.048230172859938136e+00
9.030902261982284074e+00
9.120572820363626931e+00
8.350846072194737957e+00
9.286494431475219358e+00
9.600784283891176329e+00
9.148270000047421746e+00
8.897590034617923749e+00
9.050711776286002319e+00
9.095227726283496850e+00
8.351425403041819351e+00
9.234883347143483689e+00
9.469100504181046318e+00
8.833146827802277556e+00
8.780187895233241946e+00
9.160236014215957567e+00
8.686976115960970191e+00
8.991495539222341904e+00
8.829335884828317660e+00
8.926046140910843363e+00
9.078247704997286505e+00
8.952244475970315918e+00
8.605971255924163898e+00
9.047422482349999129e+00
8.880781459811540657e+00
8.947837358447085165e+00
8.921610251731044272e+00
9.433380324831132313e+00
8.617138069417904944e+00
8.899172564600874580e+00
8.245655916281124931e+00
8.893600414818440214e+00
9.078387628632327733e+00
9.016124354935787011e+00
9.292784431081360097e+00
8.643870504569449054e+00
9.109109856198367439e+00
9.416057984795028091e+00
8.874018313373005284e+00
8.631458241766218009e+00
8.787597430078994520e+00
9.985915983367119608e+00
9.292599481633804004e+00
8.870649870375048707e+00
8.740662742586726708e+00
8.996640635190447099e+00
9.401875228364891868e+00
9.220214586272218682e+00
8.733022138320588823e+00
9.031894811047051164e+00
8.682901906893684796e+00
9.128675804764082358e+00
8.987863614715625005e+00
9.086360557801368643e+00
8.820054591986911774e+00
9.013803264700959161e+00
8.686128222764711637e+00
9.314730182401554259e+00
9.041406645346151905e+00
8.729167607828349773e+00
9.131064109723189048e+00
8.547473589366607172e+00
8.839190835278296632e+00
9.273958472121957897e+00
8.579164453475383922e+00
8.807543479709769585e+00
9.172347691788109714e+00
8.777516473465951208e+00
9.294014353303131415e+00
8.853934565368227538e+00
9.417125255110383009e+00
8.772545068464372875e+00
8.975083411731890948e+00
8.642124951439514646e+00
9.099858866537854141e+00
9.200281020738948712e+00
9.087382413041620310e+00
8.803678468357119868e+00
8.928099862702582712e+00
8.553962762856324176e+00
8.772007663169489433e+00
8.695127176516921352e+00
8.894814486235830486e+00
9.074384760363368940e+00
9.131327866186282449e+00
8.963800233447802412e+00
8.660352624369794583e+00
8.382335061733289905e+00
9.699653607107940445e+00
8.709401170885778143e+00
8.865183480899682777e+00
9.319202387747820282e+00
8.658920395034220618e+00
8.746255218330874825e+00
9.580034414284824607e+00
9.119026343667110623e+00
8.852735511525937184e+00
8.728305337344099968e+00
9.363696633960218563e+00
8.825594181817599804e+00
8.437579970961387232e+00
8.732868325805613452e+00
9.109519648186308771e+00
9.129787885357416144e+00
8.347133402730703367e+00
8.845359281531974815e+00
8.475387250157844221e+00
8.770814073530761590e+00
9.380392875398719355e+00
9.088448902323149170e+00
9.193978108922415515e+00
9.360969348883317664e+00
9.098125828707615881e+00
9.114237702944077313e+00
9.000162561849389675e+00
9.354970044325510159e+00
9.092676731374115917e+00
8.603721289010152873e+00
9.206165177727585913e+00
9.179791169110320226e+00
9.670638985554894873e+00
8.687272837109690116e+00
9.536301437631353295e+00
8.808535594608720487e+00
8.851347645334113778e+00
9.364490418607591238e+00
9.169591523541511080e+00
9.334558087663456405e+00
9.498853660145206490e+00
9.575894257800660725e+00
9.134175901004534026e+00
8.995829066478311375e+00
8.836106976932986967e+00
9.496246093130036314e+00
9.323790370823697771e+00
9.101771660701995614e+00
8.500473595909468827e+00
9.323323543376490719e+00
9.318097841810031312e+00
8.923172673572867808e+00
8.959745126153565664e+00
8.722052692081028624e+00
9.108503548059132982e+00
9.075355883854173911e+00
9.221808643798187433e+00
8.815709003716632353e+00
9.360071425134043110e+00
8.887255236632876532e+00
8.734754123769135958e+00
9.263668824830826765e+00
8.897659954129279569e+00
9.417292624166185178e+00
8.985520311656895132e+00
8.873627007277470113e+00
9.742028190072341332e+00
8.625218599973791811e+00
8.971867882209249245e+00
8.871758327299886560e+00
9.244737478106909379e+00
8.731619512224296997e+00
8.947256474138786331e+00
9.504152169605733391e+00
8.487649253156172691e+00
9.101927011439807202e+00
8.520975388105435755e+00
8.739144621163017490e+00
9.835314342575744107e+00
9.581437443526212405e+00
8.900947447761895504e+00
8.418307761522736854e+00
8.948008950060135192e+00
9.229286677479585421e+00
9.520917556613278876e+00
8.716616020309823298e+00
9.023509716356649335e+00
9.042454319600052415e+00
9.096186113078916335e+00
8.547539420228233098e+00
8.933690065540153213e+00
9.462879061910008716e+00
8.362473176546485476e+00
9.589636186572224830e+00
9.417763316651827310e+00
9.403709203708253028e+00
8.965615856275915618e+00
9.340386150481181815e+00
9.403970890779760339e+00
9.169717548072046753e+00
8.929143495897378102e+00
9.339488223190764771e+00
9.324998693700544905e+00
9.110187033974025184e+00
9.182252361875995916e+00
9.474211951275158583e+00
9.632322646311914482e+00
8.851663884366454127e+00
9.047647151048904490e+00
9.468033719426211192e+00
9.715211527425564597e+00
8.552675482647606131e+00
8.925938526924104721e+00
8.745942692597456158e+00
9.800959440085648566e+00
8.900929499924950861e+00
9.395564416091906068e+00
9.056731186725151872e+00
9.163728926743152314e+00
9.067721286875290332e+00
9.164749902733181131e+00
9.034746099698269362e+00
8.620576317053025406e+00
9.010787759765211291e+00
8.527989806201919265e+00
8.965059283418622016e+00
8.873858159249870425e+00
8.657965459360598359e+00
9.286246339961467200e+00
8.949835238811122196e+00
8.432379573908434622e+00
9.637250457460163844e+00
8.809693472707129658e+00
9.449148337876829729e+00
9.606522198946503721e+00
8.700539770238123083e+00
9.463988932088556183e+00
8.948084771264957382e+00
8.766286766578531342e+00
8.981629094441021977e+00
9.315428940420503068e+00
9.332408200879815041e+00
8.412852670773098396e+00
9.904856131714661061e+00
9.277644415233812225e+00
8.990155168738022340e+00
9.376765913053709767e+00
9.375856132035556456e+00
8.928156180775278727e+00
8.847668680209581638e+00
9.064217245327894190e+00
9.658475455676276411e+00
8.319492688190658569e+00
9.027695180932520103e+00
8.388987109153861255e+00
8.787161318766875340e+00
9.588250545367611011e+00
8.991753568441263056e+00
8.616081840278182469e+00
9.001862564530769717e+00
9.143358865814636971e+00
9.030096840103260192e+00
8.917237803893373282e+00
9.317511794041886120e+00
8.888731600215772133e+00
8.886451343770966460e+00
8.526844039823391341e+00
8.974357144691870403e+00
9.420507217756243890e+00
9.278087717524263311e+00
9.244044826643374790e+00
8.970619661708008508e+00
9.080894188841865500e+00
9.353577500399207878e+00
9.173223681007193875e+00
8.924344099816073239e+00
8.924079283700480758e+00
8.936007821219792646e+00
9.437595192819907552e+00
9.364496531127372236e+00
9.283216573840514130e+00
8.907958554827288822e+00
8.760803840940999621e+00
9.231499365073776886e+00
9.117294625378809414e+00
8.368670311734677014e+00
9.691818870873779801e+00
8.896683746848953689e+00
8.844437608763200842e+00
9.470297130136865249e+00
9.373292091686927563e+00
8.644590781164064097e+00
9.012561929416730067e+00
8.933273322493535673e+00
8.608275356527014921e+00
8.880878319451417369e+00
8.911725682515880820e+00
9.055890843889628172e+00
9.159123747540954597e+00
8.601985370361282079e+00
8.899830332333676708e+00
9.209385593713538043e+00
8.690474575368979160e+00
8.416081774307473395e+00
8.824095511962466887e+00
8.755349228346865686e+00
9.576037157123552745e+00
8.879963815023200979e+00
9.555750266611671151e+00
9.278564798473269093e+00
8.765674125401533345e+00
8.959974382609070531e+00
8.814178571850009192e+00
8.872510797923444770e+00
8.758444087451202620e+00
9.117588736815264383e+00
9.653859235074698120e+00
8.847773162678864267e+00
8.517427889645720285e+00
9.419750340478170614e+00
9.005680180357728659e+00
8.886796816909997787e+00
9.127302247020033121e+00
8.905655780358376461e+00
9.037087801269764853e+00
9.533994701080580114e+00
8.575665743299413890e+00
9.224072208379086035e+00
9.237023906132549200e+00
9.296465017329179403e+00
9.075357019129492997e+00
8.438930224444238348e+00
9.028053811130247297e+00
9.237673222788536975e+00
8.575841579208418608e+00
8.911807430790817719e+00
8.591647013458622695e+00
8.790610686053392797e+00
8.752996763844762995e+00
8.824232288433680793e+00
8.559959080051068980e+00
8.864216460434253264e+00
9.265258646643323104e+00
9.091837025393806115e+00
8.676636629396810463e+00
9.253553799952765502e+00
8.898576119348128088e+00
8.580970629232215430e+00
9.132140371533191470e+00
9.391088061988279279e+00
8.957431366514640558e+00
8.763394011258846206e+00
9.317190889080475102e+00
9.232801740274050317e+00
8.979232112485384221e+00
9.098733304848908077e+00
8.330586588897425315e+00
8.956200356194763401e+00
8.642505095644594348e+00
8.619945089495310242e+00
9.000593753466844760e+00
8.909717413062953284e+00
8.627703526161212721e+00
8.372349922491867602e+00
8.704163094192219674e+00
8.908432514213751929e+00
8.866360955129051646e+00
9.182406849838177010e+00
9.537230525362414113e+00
9.141175052113831967e+00
9.528054644277503371e+00
8.634512402384233454e+00
9.125611431247888206e+00
9.033968896024585860e+00
9.071281501835439798e+00
8.866474162644623291e+00
8.736412463455799582e+00
8.934360827380540826e+00
9.255028783528478797e+00
9.325561620828667131e+00
8.384766765402048350e+00
8.974058079083595985e+00
9.381383677093070972e+00
8.714623660617073497e+00
9.554627552717688488e+00
8.939532276182951875e+00
9.240414343918766704e+00
8.945048724752131974e+00
9.308403926935303829e+00
8.849287604675808439e+00
9.065818304056888266e+00
8.906888266412398281e+00
9.647536050096315208e+00
8.705688441570803349e+00
8.957703248256377648e+00
8.953781225345743167e+00
8.959868578653852111e+00
9.223186592872540501e+00
8.976872932572344865e+00
8.892282436256293110e+00
8.925199512932662671e+00
9.189645931299766701e+00
9.131631287047493828e+00
9.229516862121190712e+00
8.941998188319164598e+00
8.392066831536642013e+00
9.137487899449912021e+00
8.768597583547091290e+00
8.969214373661246853e+00
8.496171405924664910e+00
8.782364144170495379e+00
8.953511365964045510e+00
8.506475819824554918e+00
8.941013683352551311e+00
8.801381662239736059e+00
8.855535266742245781e+00
8.198950038193872913e+00
9.093268261459964918e+00
8.587392286733750879e+00
9.192611895555726775e+00
8.531964489191111056e+00
8.674519871730520748e+00
9.304837395783902565e+00
8.804004816510323295e+00
8.946240837499949805e+00
8.629038622299450623e+00
9.378234604087255732e+00
8.745296602217177195e+00
9.556741853328261982e+00
8.626616537535538143e+00
9.141674769735510964e+00
8.841822937631571122e+00
8.340002080938479168e+00
9.182398208654312555e+00
9.297277965946749489e+00
9.543750923195698732e+00
9.156639845619176654e+00
8.672480876157321106e+00
9.390682616201713628e+00
9.437363321594979482e+00
8.993277282541594531e+00
8.569211951883511702e+00
9.076210762275625399e+00
9.292649567828968671e+00
9.372906174088662112e+00
9.069344988008207764e+00
8.828827309482090158e+00
9.060022822090751049e+00
9.400682161322736263e+00
8.770169718489169597e+00
9.057558518986876805e+00
9.251837581145025524e+00
8.498978819294890741e+00
9.608728566272930038e+00
8.928019527930327826e+00
9.494793409198733158e+00
9.642745381146745842e+00
9.061408847106815045e+00
8.583831281421623771e+00
9.008805022170008669e+00
9.269025802879845344e+00
9.145391838274214535e+00
9.354801811285531343e+00
9.594320628008183860e+00
9.283634390659550206e+00
9.248651171980275976e+00
9.200138254604279808e+00
8.927628557119927422e+00
8.635393212400680696e+00
8.550433697111337494e+00
8.744896149702327648e+00
8.591736191613508211e+00
8.665786611752791302e+00
9.275606798470812819e+00
8.806540859746624150e+00
9.048043978325237546e+00
9.522675317636418058e+00
9.218687094469292020e+00
9.504449697415282117e+00
9.444927194480259303e+00
8.805718075063103001e+00
9.583456715001521076e+00
8.988331812940996812e+00
8.775985165316610548e+00
8.721805613090371168e+00
9.480625000330610064e+00
8.622291944392019403e+00
8.408389930144602786e+00
9.087585761132926265e+00
8.588789360704712550e+00
9.725870405383032491e+00
9.674578483157086239e+00
9.129747649276398036e+00
9.311142466120216454e+00
8.830464978053900182e+00
9.174303432501238476e+00
8.907446183864651701e+00
8.890918826103813899e+00
9.276230869615563535e+00
9.046580139215423699e+00
9.411905294864478577e+00
8.662948383788327433e+00
9.512607592707851722e+00
9.306916314003510493e+00
9.334225372830969647e+00
8.758843625617858564e+00
8.568865067812405201e+00
9.109915491237980945e+00
9.051267493328136737e+00
8.570267545449764768e+00
9.105907768948062753e+00
8.366189235272040392e+00
9.836468588666669177e+00
8.935159910683532658e+00
8.530781732897787961e+00
9.429003040937425695e+00
9.057834807768928798e+00
9.231538611721877174e+00
8.935325554886610178e+00
8.831129952426309160e+00
8.772279042511877734e+00
9.316507807807111519e+00
9.276884555866907078e+00
9.389483138172874277e+00
8.634785347516192644e+00
9.076016754174403900e+00
8.653939021417052402e+00
9.230636682275381588e+00
9.043420203176674832e+00
9.359498222543743751e+00
8.713583927816065611e+00
8.243129022996013688e+00
9.054815119172998195e+00
9.480609077118209882e+00
9.849310314841583036e+00
9.726572268292567713e+00
8.915476650987086416e+00
9.057671861947433456e+00
8.867145677327101794e+00
8.860915121872748657e+00
8.123832395735089307e+00
9.101877443991451599e+00
8.560700221977986857e+00
8.939754162019189820e+00
8.681627766442582939e+00
8.759666442686787846e+00
8.214031678530746561e+00
9.620972292832377093e+00
8.822043833311719041e+00
8.835218311588221241e+00
9.701227284500552273e+00
9.367108491552723848e+00
8.783617450377517955e+00
8.786302983412888068e+00
9.008583476217591368e+00
8.929222314421247475e+00
8.918529161285372098e+00
8.951986199463412675e+00
9.107918213193659795e+00
9.397250650432516395e+00
9.279123571251991720e+00
8.596836952004315080e+00
9.661901129957666257e+00
8.572976141434613950e+00
8.674169256492737290e+00
8.760563205646416662e+00
8.761973713049226120e+00
9.298738092720896020e+00
8.729393461302993984e+00
9.130337572668214108e+00
9.068671688859419433e+00
8.712049320568922894e+00
8.795343121860387470e+00
9.316737471950167659e+00
8.445115951286194189e+00
8.719785774714075899e+00
8.661787188388901271e+00
8.769192097202729741e+00
8.428757999502133558e+00
8.409588335910296308e+00
8.905747742701937142e+00
9.547830422100666681e+00
9.169327878164219570e+00
8.999112558252015504e+00
8.361876945422510587e+00
8.623177429561797780e+00
8.843404383362488019e+00
9.340965808358431488e+00
8.936823987658213397e+00
8.989523165114956527e+00
8.674437379284020366e+00
9.266072726167269735e+00
8.685188006126336902e+00
8.891921678604909118e+00
8.842362821183318289e+00
9.180310733484425612e+00
9.014527267487265405e+00
8.533295774161102187e+00
8.934799808796679343e+00
9.100209596509383658e+00
9.205636899838236076e+00
8.956296685012754111e+00
9.060972861251014976e+00
8.497199332825273288e+00
8.923248040119764468e+00
9.799901575543621846e+00
9.008949937626921312e+00
9.038837715152228114e+00
9.006256854804583156e+00
8.415178667989200889e+00
8.930330127856114686e+00
9.106058084352396165e+00
9.161257148864853761e+00
9.034328795417234659e+00
9.095251787460686188e+00
9.765656142334078638e+00
9.319633978253136775e+00
9.395682514264375840e+00
8.953962403761579480e+00
9.456117582015691525e+00
8.814190030775419515e+00
9.563694298191576237e+00
9.696082727083101815e+00
9.458955359814201103e+00
8.991225697927550442e+00
8.817781687078211306e+00
8.669589098685520412e+00
9.042831255864573592e+00
9.827627400929529244e+00
8.557949600871749496e+00
9.427039663679513737e+00
9.153869614631590323e+00
9.080472456746822019e+00
8.514646311310748672e+00
9.834665993015192953e+00
8.756968593066167372e+00
9.302122747551752724e+00
9.287473881320162050e+00
8.956279331085255535e+00
8.923180323602721842e+00
9.690210423903756976e+00
8.910970716960830984e+00
9.077878540828045573e+00
8.990690256298133676e+00
9.460849470744555845e+00
8.591316961018542031e+00
9.015633780091867777e+00
8.684927265043461020e+00
8.670883392877481555e+00
8.974796328237594878e+00
9.359552398310952981e+00
9.127947597261851342e+00
8.791432415159908587e+00
9.026890502314852682e+00
8.762356859286450472e+00
8.903045237927857514e+00
8.831039538570298220e+00
8.503442365431984840e+00
8.970643421785485572e+00
9.460692443810314600e+00
9.761802088219603490e+00
9.304968788650166189e+00
9.235837929150838121e+00
9.305234358857319421e+00
8.908841173378815981e+00
8.956852766957702272e+00
8.738837689430370759e+00
9.145364938612573269e+00
8.810595529600171005e+00
8.921597282711410060e+00
8.684569955257041229e+00
9.578521190030919286e+00
8.589290072622871364e+00
8.799480701965110896e+00
9.351260979822113129e+00
8.777965472811704473e+00
9.190017044796192636e+00
9.557764903467647954e+00
9.673246453187946514e+00
8.861160189096951356e+00
8.737565840747608448e+00
9.010131844790352673e+00
8.642338832296147189e+00
9.243553564755666585e+00
8.961729537704874460e+00
8.548949158254808722e+00
9.343398944395264749e+00
9.382095528918306115e+00
8.845074647286203628e+00
9.522286225473772348e+00
8.755023448200590863e+00
8.836040273399177636e+00
9.034137730961955270e+00
8.853396139270572007e+00
9.218140574259875208e+00
9.186794250384206606e+00
8.473074224508115648e+00
9.480976365161884800e+00
8.926367880556766110e+00
8.843134689809382110e+00
9.042875374811526257e+00
8.721824169354205125e+00
9.323739156472562684e+00
9.712810001446918307e+00
9.426272221574725663e+00
8.372466900617375529e+00
8.292682755733267186e+00
8.971651984737766483e+00
8.121023206988999377e+00
9.242923787723048790e+00
9.045377962744517220e+00
8.511261938515842118e+00
8.676747365575835147e+00
9.118280778256329100e+00
9.302129829257998139e+00
8.513121429935582185e+00
9.412240508372601511e+00
9.276016287158627804e+00
8.879856213359355266e+00
8.843368443437595872e+00
8.557354482545139973e+00
9.173358495000314861e+00
9.617991529670078421e+00
8.580532993284155197e+00
8.685788121718468702e+00
8.837492862551442840e+00
8.680771211435475365e+00
8.828892105839749149e+00
9.272781453274733465e+00
8.837409056415664210e+00
9.461884659299039768e+00
8.764210436663992354e+00
8.947312955384994382e+00
8.648324993723949916e+00
8.359361629230045665e+00
9.024719991373856942e+00
9.020306850945953414e+00
8.714319992881593535e+00
8.432458812219650213e+00
9.755802787648329755e+00
9.593848322304035392e+00
9.129255170734614566e+00
8.921437034167803759e+00
9.154379091146125802e+00
8.565177138104122179e+00
9.200848435971400008e+00
8.611376559011308274e+00
9.378670560020289315e+00
9.162861842412780788e+00
9.277858750089817974e+00
9.192355357459391030e+00
9.277203273351316781e+00
9.155023072937414241e+00
8.918681981868706643e+00
8.427301653735812081e+00
9.356035300043350489e+00
9.387951677894632141e+00
8.682793802470390787e+00
8.948551599483280938e+00
9.704455678956456666e+00
8.734771903503288470e+00
9.129944102426316377e+00
8.609627857690712815e+00
9.687393750194694064e+00
9.659082120404827165e+00
8.054951872119300305e+00
8.345381382283207472e+00
9.228851864043340569e+00
9.683791343287060371e+00
8.643062434563368868e+00
8.840961819142750144e+00
9.153489610268840337e+00
9.139304759324945238e+00
9.256987585382356443e+00
8.535804452848699597e+00
8.533745300811780510e+00
9.104929661500214877e+00
9.121919515005529888e+00
8.775004473033908070e+00
9.700833737955329994e+00
8.816665060519843777e+00
8.126407147792006569e+00
8.257383993368623720e+00
9.054061041994195591e+00
8.332630275888975646e+00
8.897571170987390587e+00
8.860301570283214190e+00
9.032277127083631285e+00
8.731307563402173955e+00
9.574273033866978366e+00
1.008283928654908479e+01
9.367829235200666460e+00
8.274989294082462976e+00
8.670563138622073396e+00
9.199838907675117028e+00
9.573939902600480778e+00
9.282559800027913255e+00
9.110707873094810338e+00
8.695131981306538194e+00
9.635813858540412724e+00
9.527801775478256019e+00
9.426926318614457401e+00
8.982845967736784232e+00
9.046079167841675428e+00
8.830171481268239475e+00
9.358299009758347609e+00
9.411337138844373840e+00
9.299965358883426347e+00
9.161324538324830513e+00
8.532217242832372150e+00
8.961602207747498383e+00
8.760868304498824699e+00
9.135165368444694067e+00
8.883251097803098517e+00
8.329985608412366460e+00
9.388413417967289121e+00
8.664226185561558324e+00
8.947695832314275677e+00
8.714397593222999561e+00
9.586163495629209663e+00
9.432787439593969481e+00
9.131440363510868963e+00
9.005800767067572821e+00
9.199362970217180191e+00
8.593907058875712934e+00
8.877329811346111654e+00
8.645615900288223798e+00
9.132215131131214747e+00
8.473153966383970115e+00
9.369880426441779875e+00
8.967320231362769789e+00
9.225852619319969250e+00
9.331423162247361347e+00
9.106309689180285716e+00
9.162172189304747860e+00
8.756065421046139718e+00
9.326950084617477543e+00
8.814196070424612728e+00
9.263246216461652693e+00
9.628364690692846395e+00
9.936474603141906670e+00
9.212628585727600239e+00
8.853585260942859136e+00
8.958314089570626138e+00
8.764912846127227652e+00
9.113472395343245935e+00
9.131274312321215447e+00
8.573332676331542501e+00
9.686185711256966258e+00
8.650995456411106233e+00
9.569161735095557120e+00
9.557563308518334466e+00
8.773254838467114070e+00
9.129666939510954649e+00
9.015202091216833580e+00
9.120244346513210587e+00
8.969268222747460939e+00
8.668942528901387945e+00
8.909287412145495466e+00
9.417412360021161888e+00
9.403812348704047253e+00
8.780185298426806284e+00
8.740284691822900243e+00
8.244547489698664577e+00
8.977215000117482191e+00
8.911455752408587117e+00
9.309776273809761804e+00
9.472434017897946035e+00
8.659799119093090525e+00
8.738051601496554355e+00
9.108008097509150858e+00
8.662630855700264476e+00
9.039948835963427243e+00
8.358168488072836411e+00
9.148727357564146345e+00
9.248190821425197328e+00
8.873438841525830512e+00
9.306773415842769737e+00
8.468093924835530473e+00
8.975205000005084699e+00
8.136679120135614340e+00
8.130177578460850540e+00
8.773899267460677720e+00
9.082467041909307426e+00
9.288277520781482721e+00
8.877348421019425118e+00
8.066660674604795744e+00
8.511680162529815519e+00
8.862184581001940842e+00
8.506148902424584435e+00
8.786758651348606008e+00
9.241270860205487381e+00
9.798887867338397228e+00
9.130811691422698217e+00
9.227289919720359279e+00
9.032251410415648607e+00
8.047191094105244247e+00
9.042877837496998694e+00
8.595683444703695386e+00
8.928773724065578676e+00
9.032110894175930937e+00
8.735205615870198059e+00
8.666915056067397316e+00
9.901376065451437114e+00
8.617992235152787117e+00
9.027936665865080812e+00
9.045869485785509312e+00
9.004455530741923397e+00
8.650792401892228867e+00
9.295954750811525003e+00
8.968749913140916519e+00
8.960596002922567749e+00
8.889130040763930651e+00
9.295802427887943864e+00
9.341120793770020470e+00
8.740744857470449602e+00
9.213811811057208701e+00
8.678875511615091298e+00
8.644143313065541179e+00
9.007417148417104613e+00
8.732054583479936127e+00
8.535738384499953924e+00
8.821096700284307701e+00
8.962508949989132390e+00
9.358190897159438748e+00
9.386354598611012179e+00
8.343065031496831097e+00
9.317782070022889940e+00
9.477277947024493443e+00
8.839150247501706303e+00
8.516318784803759812e+00
9.045317754493048312e+00
9.836674528042008703e+00
9.074739369331251027e+00
9.600456432760513081e+00
9.199827161885188787e+00
8.817132214160777082e+00
9.422956819841674658e+00
8.954579626786951962e+00
9.368732200515413666e+00
9.013205683872406837e+00
8.940368902087790559e+00
8.985219266205506372e+00
9.021956039931030347e+00
9.813156762865594018e+00
8.432540599001715265e+00
8.715618179569172952e+00
8.920781298257825398e+00
9.033127568017027542e+00
9.445497825455701602e+00
8.890656664343580928e+00
9.418174953624879109e+00
8.864951807791646488e+00
8.610667035193570129e+00
9.186214968267799819e+00
8.837720044378093220e+00
8.682296485623924198e+00
9.510714191880717649e+00
8.267111839927816064e+00
8.920612702153746909e+00
8.645517771877555546e+00
9.077652090230639459e+00
8.815541927305979186e+00
9.200843356558518593e+00
9.085068582737822140e+00
8.848433398930415805e+00
9.000337666437260964e+00
8.786717750374311464e+00
9.825413657910038623e+00
8.879053355892640553e+00
8.720461322327061282e+00
8.878829217354796910e+00
8.654334776233842064e+00
9.730479647644525443e+00
8.927234815003675550e+00
8.258708867465756498e+00
8.931635111684224526e+00
8.797190562426228766e+00
8.619356165597492847e+00
9.066630595788696567e+00
9.502824462946943385e+00
9.440839749517909496e+00
9.334329957292387903e+00
9.161313829310856249e+00
9.871287739591842580e+00
8.599724427423847573e+00
9.266774548356899288e+00
8.647403015085533440e+00
9.111227924029659420e+00
9.182014852309828612e+00
9.158097832246200554e+00
9.072367477468135988e+00
9.311425156640211753e+00
8.195943390253843219e+00
8.532088368895342612e+00
8.904795253925069431e+00
8.643758626422023639e+00
9.231416084871034045e+00
9.078337129297903374e+00
9.428100407459467647e+00
9.304805468332657981e+00
9.718325005713230880e+00
8.605384532645166118e+00
8.419459969098435081e+00
8.713945958109457379e+00
8.427875644530482546e+00
9.152649122859589426e+00
8.615652674051384352e+00
9.075522817205628812e+00
8.539272916724440776e+00
8.980193953112380001e+00
9.140763779604256456e+00
9.232411782470363093e+00
8.583245424349799535e+00
8.791589477712156153e+00
8.749755213335776105e+00
9.051753175869780677e+00
9.010697903983041712e+00
9.017420038942232097e+00
8.363073647125432331e+00
8.751991817190331702e+00
9.114544845816128671e+00
9.200238254710022545e+00
8.601658064639368106e+00
9.060348443624562265e+00
9.430861176114364142e+00
9.494915066206221610e+00
9.235711858489265680e+00
8.104268505372807851e+00
8.464124867779228012e+00
8.716175911643961882e+00
8.470556585783803882e+00
8.854057425338595522e+00
9.066620745351869459e+00
8.907099950077833839e+00
8.778501886300341894e+00
8.597388179826847221e+00
8.628918313716997801e+00
9.322929882273747637e+00
9.064767944031128621e+00
8.660849452860567510e+00
9.475353570409229320e+00
9.023741300734796411e+00
9.700319970245949719e+00
8.670671855458078170e+00
8.975086383137346857e+00
9.430204331115151106e+00
8.971636730879591681e+00
8.830041991099815135e+00
9.050208688063181128e+00
8.683086939183437991e+00
9.021296845620119242e+00
9.488228477285312934e+00
9.018685303009368326e+00
9.441713338817427470e+00
9.036762069098932315e+00
8.995205430723602902e+00
9.083752820306088438e+00
9.816120604460635946e+00
9.029396220931547035e+00
9.689608907034491736e+00
8.608507502922416066e+00
8.575123107487318208e+00
8.696626643215628505e+00
8.945567024729401240e+00
9.064961485280731424e+00
8.858602392203088982e+00
9.097817451799347310e+00
9.590998705854920203e+00
8.826284218919392188e+00
9.066381462445292527e+00
8.720136078422026316e+00
8.953179728049185826e+00
8.823358961118721311e+00
9.710743940033639277e+00
8.775044766395955875e+00
9.000921491113485828e+00
9.170739642242498491e+00
8.806754222344139293e+00
8.335051566631202391e+00
8.793852612709704530e+00
9.349744217534583512e+00
8.430388809275756401e+00
9.255241739638181642e+00
9.117456683474880919e+00
9.520425507133401410e+00
9.114771914956282473e+00
9.145031802195566328e+00
9.043750314369535914e+00
8.994971525059115791e+00
8.921108747611681267e+00
8.844134970213476166e+00
9.699607915054166085e+00
8.065217382564091153e+00
9.063330274681881349e+00
9.445600225894306590e+00
8.383418516597679115e+00
9.229988933002131191e+00
8.753651460020472896e+00
9.456921017945061791e+00
9.099903577538320576e+00
8.360895436349354171e+00
9.129446430463195483e+00
9.399082480115907856e+00
8.865318644283229688e+00
8.538647204581520711e+00
8.896209744332109537e+00
8.990523835647463713e+00
9.526721831591677514e+00
9.552812811194350218e+00
8.515960941246175864e+00
8.657924254847980450e+00
8.602308568846568804e+00
8.841124964728956925e+00
9.348649187785522230e+00
8.827103953552107640e+00
9.064596111837467163e+00
9.015505569264933072e+00
8.475852989460790354e+00
9.219102657204532036e+00
9.014230271794881233e+00
8.677237507242555381e+00
8.930758777641651491e+00
8.677225827431387373e+00
9.574416921117411050e+00
9.389853930138785998e+00
8.961214831858647756e+00
9.021307494055886167e+00
9.182133646049383202e+00
9.892373418545201247e+00
9.046546261253380905e+00
8.983513526445397801e+00
8.942983272099734648e+00
9.430130185712965130e+00
8.719297368613840860e+00
8.746837318397449934e+00
9.181529315270108071e+00
8.777593094355472303e+00
8.597320611446409799e+00
8.599458575231688329e+00
9.163746390721739132e+00
8.826195835921222255e+00
9.195868047229982523e+00
8.595641235185993878e+00
9.159539883244514513e+00
9.325979409825293942e+00
9.817408198483038362e+00
9.188434552229292507e+00
8.931204967521972904e+00
8.659746282985677723e+00
9.545109270759610354e+00
8.917175810404986080e+00
9.055048122945983380e+00
8.699289346781881704e+00
8.920114750949073468e+00
9.066236432241922216e+00
8.731500899313598296e+00
9.707485426954001184e+00
8.795869995221137216e+00
8.914628781302743832e+00
9.005529413981868458e+00
9.661860647961464821e+00
8.669043465472110910e+00
8.937287637024487807e+00
8.722121466476753682e+00
8.670264286850004609e+00
9.607436647962543930e+00
9.470114662443679165e+00
8.696542465963698731e+00
8.719124893290343792e+00
9.025824290120777249e+00
9.505807930108733927e+00
8.809141077618486193e+00
9.191273434743234105e+00
9.081152648126069593e+00
8.588464765047753247e+00
9.171618371558178495e+00
8.930788275854544267e+00
8.697957944994875845e+00
9.329078393662365798e+00
8.819445519187794957e+00
9.404645168707141067e+00
9.452035344596545485e+00
9.283931933427860272e+00
9.389808076589527985e+00
8.965191182946758985e+00
8.876207287389318523e+00
9.063684832355392018e+00
8.289669937753041395e+00
9.514034935165119222e+00
9.074773556064576141e+00
8.759229020743060090e+00
9.124760219462739741e+00
8.638492365294526465e+00
9.492425955575528818e+00
9.041731764142458161e+00
8.712073256724575998e+00
8.579907183317260433e+00
9.046405358946953967e+00
8.994344872177970629e+00
9.206190409707817324e+00
8.663421543278969850e+00
8.938274188642669316e+00
9.185424149657844595e+00
9.659051631106647662e+00
8.504722711822115144e+00
9.331799573663298375e+00
9.064322912750668593e+00
9.155139468576221518e+00
9.277120325778918541e+00
9.443584340153769574e+00
8.770479894465692539e+00
9.467017382836836248e+00
8.531920838756700931e+00
9.289671801189937739e+00
9.186672442362366908e+00
9.017761083794157528e+00
8.724619674233492717e+00
8.638824875868223785e+00
9.511981867909753419e+00
9.000674906656659147e+00
9.340302729611762445e+00
8.939876379252995164e+00
8.985803699650086074e+00
9.601693907513515924e+00
8.634977391655056067e+00
9.461555082097742542e+00
9.024586882897576601e+00
9.011000764590731293e+00
8.654806177378976173e+00
9.389829084004755799e+00
9.074209401167703248e+00
8.787514286539948927e+00
8.628597903342981823e+00
9.361642917851259682e+00
8.759504547221865778e+00
9.486963145733010805e+00
8.825428053033173015e+00
9.562625714969753332e+00
9.137724948960178395e+00
9.097659431580026990e+00
9.363765319941290244e+00
9.125114080820861062e+00
9.275143110585327477e+00
9.001874795113486982e+00
9.121080307095830619e+00
9.008104701124077351e+00
9.053462582162485006e+00
9.186737433978674261e+00
9.082136786286735486e+00
8.619993214294110473e+00
8.987851757119971197e+00
8.937835870965880503e+00
9.544771249492026044e+00
9.124743963272802461e+00
8.976195866714132165e+00
9.188954320042684643e+00
9.548310499813489116e+00
9.187363198229750338e+00
8.903278501285464941e+00
9.066727710646624416e+00
8.651671484159338732e+00
8.980136971681076830e+00
8.909104895681499769e+00
9.499671039366242908e+00
8.730146713854994189e+00
8.374522160739950039e+00
9.224909085239739071e+00
9.134978617876059914e+00
8.976198409518925558e+00
9.173169113967347243e+00
8.766735827538413517e+00
8.935211614089039855e+00
9.583174303999811627e+00
8.618218049209021459e+00
9.400206076727783966e+00
9.434610343759816331e+00
9.444505347919877281e+00
9.080629079815352611e+00
8.565996252979884318e+00
8.765862542943352764e+00
9.387397458315936305e+00
8.435026564498636859e+00
8.781322542043657364e+00
9.017127546646102942e+00
8.817872521671343833e+00
8.789920629801834195e+00
8.968430541734813133e+00
8.830430249773050022e+00
8.889792322637305233e+00
9.362525196792214288e+00
8.891178563394243284e+00
9.208570019988410849e+00
9.454503573843441089e+00
9.393852877948333457e+00
8.328277255566147730e+00
9.050808966768975949e+00
9.215152111074296215e+00
8.618466965693878379e+00
8.968479169496530901e+00
8.599695750768306723e+00
9.358045399308993595e+00
8.227231766285397541e+00
9.223788323347735130e+00
9.445824171893917764e+00
9.407359262833185909e+00
8.539375028667940626e+00
8.749775775788700471e+00
9.144548492733475697e+00
9.060469005966645284e+00
9.467275411105150695e+00
8.623942852203684950e+00
8.916410660038117442e+00
9.386789118532602672e+00
8.484931160959716223e+00
9.538791335831712459e+00
9.032624379470069798e+00
8.896349411795815953e+00
8.652730479076993220e+00
9.025291782296932297e+00
8.605501010132231343e+00
9.259169675581979675e+00
9.253327319544565555e+00
9.063153009206255106e+00
9.003650510568419918e+00
9.197617662912323411e+00
8.995744691178130026e+00
9.177623866604715630e+00
8.874116497563306893e+00
9.312175445560221476e+00
9.158513182613825521e+00
8.953120568435320337e+00
8.856615109625145976e+00
8.803794057660450534e+00
9.090964795295715106e+00
8.690610366680713739e+00
9.307062538689116593e+00
8.886892060655389614e+00
8.976477453986676736e+00
9.143530703836239226e+00
9.183431992343349393e+00
8.936867462182743083e+00
8.993507235604713657e+00
8.523460746295311807e+00
8.861406660483556408e+00
8.490554991566614973e+00
8.986980316023668536e+00
8.789734654474539610e+00
8.616401013213193849e+00
9.178589204548623925e+00
9.640397165441179084e+00
9.050403270090750851e+00
8.719088658767589095e+00
8.750374885800049185e+00
9.020963345059799465e+00
8.705896577500672251e+00
9.223393306916635837e+00
9.290310810814091269e+00
8.957795334697873813e+00
9.105903238285213419e+00
8.548998941026743736e+00
9.062238955386824557e+00
9.599820760304865530e+00
8.948545226086634941e+00
9.201690683274156513e+00
9.112802987966517776e+00
9.259106945132108635e+00
9.254412336692562135e+00
8.834322449741197403e+00
9.063702527519085450e+00
9.043668033116905036e+00
9.539245149070506358e+00
8.830599673114173598e+00
9.108261809289631472e+00
9.184343325167171557e+00
9.029339750125348729e+00
9.443852674012518378e+00
9.477644002079165020e+00
9.071787632364419096e+00
9.228372677128509949e+00
8.620224437328568357e+00
9.240655850243662428e+00
8.868385738663205231e+00
9.064116584365860874e+00
9.008537236254177571e+00
8.668269303824287064e+00
8.964264176914070958e+00
8.926318863042578045e+00
8.604242065204783074e+00
8.787004773977425742e+00
8.664543506377846427e+00
9.161817264185122767e+00
9.414525254205646121e+00
9.352959852138564401e+00
8.694303734958351626e+00
8.549273210017860336e+00
8.771819597605702512e+00
9.635074255352275685e+00
8.714970658023824868e+00
9.154099516420524552e+00
8.613725966503245957e+00
9.117641552792917992e+00
9.338188009886957630e+00
8.939956556353605421e+00
8.632419121265453299e+00
8.988856116112719619e+00
9.199289661148739583e+00
9.518015390086640437e+00
9.144298359224510619e+00
8.344141435032812026e+00
8.989383400282585868e+00
9.189510215977716001e+00
8.858837656021838924e+00
9.356606255032270170e+00
9.165578299154915953e+00
9.745471737915178068e+00
9.310743145882213412e+00
8.950151434675467144e+00
8.964304669864388231e+00
9.461452825865061200e+00
9.134389015002350121e+00
9.090716200141255143e+00
9.212963807451730602e+00
9.190054819189706237e+00
8.941078718625382393e+00
8.768371325071360189e+00
9.093033269071570501e+00
8.870514684645845804e+00
8.735538026312932303e+00
8.663781195266453850e+00
9.022103715112125499e+00
9.446885949127524995e+00
9.177589212153977272e+00
8.741709813893644210e+00
8.861295983704051693e+00
9.163278769199699525e+00
8.471778459201177114e+00
9.076255646183049919e+00
9.498983530671669229e+00
9.386063139361722207e+00
8.818259974675100921e+00
8.855601197866562302e+00
9.010403073748394220e+00
8.741237719973316445e+00
8.840904442054840828e+00
9.515177053567001053e+00
8.630780996943199668e+00
9.079976988851761632e+00
9.050356925152142296e+00
9.204553096302413806e+00
8.913619335483961237e+00
9.219741535916687880e+00
8.866510225337078666e+00
9.460237118101984422e+00
9.404922999809468109e+00
8.820214647055550472e+00
9.648744754393080214e+00
9.293840737367951021e+00
8.623457065936968036e+00
9.075832481474623847e+00
8.779815420021268579e+00
8.985047847467578563e+00
8.813226097226932509e+00
9.001425857345560999e+00
8.921507002496477767e+00
8.935022930355572157e+00
8.914373706575458911e+00
9.160140640115969290e+00
9.395125657423513132e+00
9.480526920235385901e+00
8.712940157793383378e+00
9.137786977187342785e+00
9.042273644241454633e+00
8.850009400879605082e+00
9.424518424308804043e+00
9.489047558878258570e+00
9.216867548540111699e+00
9.183534147929995228e+00
9.239453489841872980e+00
8.977550412265694391e+00
8.778143823359851439e+00
9.657586745614327839e+00
9.239825046015857524e+00
8.887603471289748924e+00
8.622780832774452620e+00
9.586935475158645303e+00
9.101150749904691750e+00
9.018029591059507410e+00
9.218336337747315312e+00
9.381175887641580502e+00
9.068288919116758606e+00
8.437341748538656816e+00
9.547131887271179451e+00
9.343508356624145250e+00
9.162147446356382119e+00
9.505077730735754571e+00
8.854846590929955852e+00
9.041811291534889605e+00
8.868850756847107775e+00
8.613464659671215884e+00
8.629614114224489541e+00
9.431905435339913879e+00
9.276017613052982114e+00
8.934525682287597803e+00
8.786468860010741011e+00
9.517144165838841374e+00
9.228830086691607093e+00
9.362602788287759381e+00
8.791080225729217545e+00
9.137091134934467007e+00
8.617533127711515917e+00
8.876714117984626284e+00
8.446307387012295109e+00
9.801715446628280759e+00
9.392287121842512576e+00
8.723101899900548517e+00
8.499837248506739940e+00
8.516660189444939633e+00
8.553106438743867557e+00
8.483109443291398932e+00
8.980652469705690422e+00
8.799836247762574004e+00
8.997860018689094019e+00
9.103356271305335312e+00
8.874229108165112123e+00
8.876123537543531228e+00
8.477421561504801417e+00
8.810660383752399127e+00
9.208701189566193435e+00
9.176637397512193317e+00
9.893994162880558108e+00
9.210149146071188397e+00
9.026223443310314565e+00
8.997782833082821341e+00
8.888860861076514297e+00
9.351722205866048299e+00
8.970090811391999708e+00
8.646337739479655227e+00
8.732522605439237751e+00
8.596696912589276707e+00
9.019612600606446762e+00
9.099210311172143406e+00
9.741086497070837069e+00
9.076523887510745681e+00
8.704724373656189229e+00
9.152730844005727562e+00
8.733592999284475411e+00
8.789834237350184765e+00
9.543272899176951540e+00
9.391761784393709789e+00
9.226009122499785775e+00
8.744795170928998829e+00
8.838282954007855352e+00
9.204767760896519491e+00
8.945164865577693192e+00
9.063158905224735662e+00
8.906371880325975710e+00
8.948221512444376913e+00
8.812995094917773997e+00
9.445068812031477634e+00
8.941120984139791616e+00
8.799254874238700452e+00
9.100155614121955949e+00
8.486906350717420722e+00
8.692022923378724286e+00
8.494090705735661828e+00
8.969277249590676959e+00
9.287482557932964511e+00
9.176834806295076419e+00
9.232855661994319618e+00
8.954237097939214962e+00
9.070311511325718001e+00
9.743304697701123729e+00
8.990952720188650105e+00
9.376188389346413743e+00
8.815282368295783044e+00
8.907419530453710266e+00
8.978596488093684158e+00
9.252891982573668628e+00
9.017371552777298405e+00
8.407173393991321575e+00
8.854266721076708535e+00
9.499853139649008682e+00
8.874517536418343511e+00
8.786311720569797146e+00
9.215220461630906357e+00
9.181068579301548738e+00
8.869820027435078913e+00
9.026615165225273074e+00
8.491927080107128489e+00
9.162268747044048922e+00
8.753648569337009633e+00
9.578234671996984417e+00
8.566122355230419316e+00
8.632323351868498307e+00
8.879855943497219073e+00
9.387832653009098749e+00
9.061141630888609910e+00
8.489344400355349762e+00
9.106367168321964911e+00
9.044519474049767638e+00
8.837128488233336299e+00
9.234449545886754152e+00
8.630215418348443634e+00
8.904755416958868963e+00
8.819122100075594162e+00
9.050725304795918191e+00
9.180141749168443610e+00
9.002849634287803937e+00
9.397008311957785409e+00
8.960144234126397933e+00
8.684967867532055408e+00
9.353433314460838588e+00
8.989792660581644057e+00
8.942597881278953054e+00
9.565089739432496074e+00
9.482189409763449817e+00
9.397902909354646894e+00
8.733105932663070448e+00
8.964724754673653706e+00
9.235896449689363408e+00
8.857495306261689905e+00
8.813544712554223892e+00
9.111508234702309750e+00
9.467517563548597082e+00
9.256479902154255868e+00
8.885024213467900722e+00
9.176614921617806786e+00
9.263835560809816627e+00
9.072776161580048182e+00
8.842249381313207479e+00
9.397037539930209959e+00
9.551454687524826070e+00
8.801896131525612788e+00
8.735946533471148356e+00
8.655088694905771263e+00
9.031852408889625039e+00
9.331403263099550927e+00
9.130999565682989427e+00
9.081549594430152084e+00
8.895085394224576447e+00
8.989052052545210003e+00
9.141740729220497741e+00
8.918563503804850967e+00
9.441635945965039411e+00
9.299276383249896583e+00
9.128537507289143704e+00
8.844645033755970331e+00
8.736273428277755215e+00
9.262747554222972468e+00
9.707867670826640705e+00
9.060311258477010909e+00
8.782779613000727181e+00
9.099667973911712338e+00
8.641305499298173487e+00
8.869076923247503075e+00
9.191511341410235403e+00
9.369955769675549107e+00
8.570871427829006350e+00
9.201972729664429806e+00
8.848934131664043079e+00
8.643128988033401683e+00
8.861603983081133507e+00
9.148421245631714882e+00
8.686829191601772138e+00
9.189415144261488422e+00
8.903972088513151917e+00
8.899855728861371773e+00
9.107313754648014736e+00
8.709705391142222197e+00
8.702683180589902534e+00
8.746611425373387760e+00
9.102371110714308600e+00
8.666137381173182774e+00
8.813564966222660502e+00
8.744464615889738113e+00
8.586119969814793862e+00
8.998140800855047416e+00
8.924565320581731243e+00
9.353905547163007483e+00
9.235508890369974466e+00
8.997070058510518109e+00
9.004019317700265645e+00
9.229075723241853879e+00
8.863783066114740095e+00
9.790573401683786869e+00
8.696313254241525570e+00
9.201872405355214113e+00
8.836111841286538038e+00
9.065694438483378192e+00
9.250839472908820582e+00
9.005593811221997314e+00
9.077994899733997869e+00
9.107073753775052793e+00
8.600392027708798182e+00
8.892909482360620288e+00
9.089446769204645449e+00
9.373053982308626075e+00
8.996977354450764963e+00
9.329903300051544335e+00
9.279394558008069893e+00
8.560758842731344131e+00
8.205223043508452108e+00
9.205463473800788776e+00
8.808271836688678746e+00
8.796453280027211719e+00
9.666300666988826507e+00
9.537438402889609534e+00
9.461698321977017656e+00
9.213673085238813343e+00
8.932346676542442410e+00
8.855875578427067296e+00
9.033345599977373297e+00
9.368744965535364955e+00
8.994377958258011674e+00
9.289858943881949216e+00
9.459539787812692779e+00
8.840886792373339631e+00
8.955180585404406202e+00
9.204968948382532545e+00
9.482138043390440529e+00
9.384026418827611238e+00
9.179148924620724515e+00
8.809758782786369480e+00
8.898105194389080097e+00
8.978078518886132287e+00
9.167904317773512446e+00
8.455619945202942134e+00
8.805992646925602685e+00
8.874136702437647628e+00
9.602124368417094047e+00
9.014412429682776562e+00
8.614439145882109017e+00
8.382189227275858912e+00
9.044528126545657187e+00
9.122002359271279559e+00
8.995050056496699753e+00
8.255735550166599879e+00
9.114482241015013031e+00
8.957014899301661615e+00
9.037301244282359036e+00
9.086741421533060858e+00
9.713876779930886940e+00
8.663586671376227955e+00
9.258119654615189376e+00
9.176594207869966269e+00
8.690334666690649357e+00
9.247042394259095133e+00
9.138500829394361702e+00
8.546422551436489101e+00
8.798247678347342671e+00
9.118400887857072590e+00
9.023646949926121152e+00
9.170769189597145044e+00
9.023953042837117522e+00
9.294992332435517923e+00
8.900133078518582153e+00
9.086383000808737620e+00
9.437954574469289426e+00
8.600101117393286643e+00
9.524726468405019020e+00
8.707134820421094545e+00
9.089025861847726873e+00
8.989467454189668416e+00
9.480134339532622079e+00
8.742569522824391370e+00
9.558326711826124367e+00
9.199837551150270798e+00
9.049341339091634850e+00
9.174708793834318143e+00
9.445202051462924686e+00
9.040791178174048426e+00
9.413095902447491170e+00
8.629149315757413063e+00
9.044902935349329098e+00
9.155586124665502368e+00
9.248746995235563872e+00
8.886173938137774897e+00
8.906492537727856984e+00
8.594347810846102220e+00
8.919413463428135458e+00
9.414971767186967710e+00
8.725158034439782995e+00
8.821303134583590833e+00
8.897107765157739934e+00
9.158286602613745941e+00
9.117458699445000647e+00
9.160776683727361203e+00
8.903712561729207664e+00
8.917027171529234408e+00
8.838472640821533943e+00
9.317871411318044750e+00
9.135947848208914479e+00
9.099730508116991246e+00
8.952778973116824801e+00
9.223733702047665517e+00
9.039605433619904318e+00
9.215388731146715529e+00
8.944340096904229043e+00
8.639384192405865193e+00
9.292587701785732790e+00
9.084494725643732949e+00
9.473467625073258347e+00
8.896755601298050209e+00
9.091817349215267186e+00
9.356829377995504515e+00
8.658333693428911459e+00
8.808587849756012389e+00
8.887544028980771671e+00
9.091588545753969797e+00
9.354350245864628377e+00
9.440713758194203109e+00
9.026296621453912650e+00
9.057818486802057478e+00
9.208521023977645825e+00
9.009562613849752211e+00
9.012877912414342774e+00
9.006838314460395623e+00
9.569201754575782815e+00
9.040371383130736405e+00
8.536020309164708664e+00
9.172820317194615214e+00
9.426727258340072524e+00
9.219415233385076291e+00
9.136367360385635905e+00
9.813464810859191090e+00
8.593149810361332186e+00
9.352729178078671879e+00
8.274776528037520507e+00
9.404878408342417728e+00
9.148190114983082211e+00
8.521351425217872588e+00
9.294912477406853668e+00
8.225128589252799216e+00
9.191158199294283904e+00
9.004221942220343777e+00
8.800659984453519158e+00
8.761784651811826308e+00
9.640607258867728291e+00
8.806778450782905665e+00
8.826785071675377736e+00
8.963854335392676731e+00
9.143374391474155871e+00
8.696237821739401852e+00
9.009017926873335469e+00
8.798359150777772086e+00
8.369131407253718180e+00
8.255118716032876947e+00
9.068505217181860090e+00
9.579443399419291794e+00
9.621188211380895083e+00
9.074267239828687437e+00
9.105763669883193856e+00
8.941544987867770189e+00
8.717359725196832443e+00
9.092288107196608848e+00
9.187976672528966660e+00
8.760057790030151281e+00
8.537900500567808137e+00
8.607167246439624719e+00
9.141690712582903444e+00
8.568171880279212616e+00
8.677150444558311193e+00
9.915174991623894485e+00
8.920767928170546313e+00
8.659931468425211776e+00
9.333528671056503967e+00
8.986464340211231416e+00
9.161263779830726151e+00
9.049227900071022290e+00
8.912706137328020972e+00
8.877676482939182989e+00
8.891456707496985246e+00
8.637073545564563304e+00
9.186735857210814871e+00
8.986102415071373528e+00
9.139916637418549428e+00
9.357254108495631328e+00
8.752146040610687905e+00
8.463345388145970816e+00
9.383424275467435294e+00
8.952259650302629268e+00
9.419327420090670699e+00
9.225997146747843658e+00
9.241711898708848238e+00
9.185741551582935926e+00
9.711536656717262517e+00
9.503425251404532759e+00
9.096261215774887887e+00
9.042814930324913902e+00
8.789175670326411449e+00
8.489503923453487033e+00
8.896916828925419907e+00
8.475825475584155555e+00
8.895690776480643436e+00
9.504470867361424880e+00
9.386921787160241948e+00
8.963411765235401063e+00
8.708492536711668563e+00
8.117587467355701136e+00
8.856716306231351865e+00
9.282578439473173404e+00
8.918480111181105841e+00
9.076463850357207264e+00
9.174679385834776824e+00
8.758171509611257122e+00
9.085785585088407501e+00
8.850164176002254024e+00
9.133658825119063351e+00
8.739626061828799308e+00
9.038048397933252431e+00
8.879028483639986646e+00
9.180794366179505062e+00
8.521484330631629689e+00
9.322032458734229365e+00
9.141007304732513106e+00
8.979965122567708846e+00
9.364685585266739665e+00
9.273521283173963070e+00
9.065741062712589837e+00
9.100035365208187343e+00
9.497304508119562172e+00
8.810440206434027033e+00
8.189674669600924162e+00
8.240599546230448880e+00
9.570644561712979836e+00
8.854419328133866784e+00
9.499704932627421883e+00
9.397169097568740526e+00
9.118589703177264028e+00
9.074244247672771380e+00
8.384180382360566952e+00
8.480418353589083580e+00
8.718225689106473553e+00
8.732311776559360084e+00
8.990400986269731831e+00
9.564946162474301516e+00
9.076078909821424290e+00
9.518311134074703972e+00
8.825645489985975090e+00
8.915221321720855130e+00
8.804346675243195364e+00
8.871740350639528927e+00
8.304908812564612219e+00
9.384913056385723706e+00
9.297613777374847288e+00
9.255419480010884214e+00
8.766252543290177002e+00
9.565957217546708691e+00
9.301193409264200795e+00
8.812016588289491636e+00
8.977975716067271961e+00
9.016697045572446001e+00
8.713761150437198566e+00
8.730118882904324806e+00
8.746373543240107296e+00
8.928936879674585825e+00
9.103399911768814690e+00
8.804801345017358116e+00
8.617766757036806169e+00
9.028795438773075333e+00
8.894236586988412796e+00
8.829253431703250499e+00
9.177290886427897476e+00
8.768656797608905151e+00
9.210537912445625253e+00
8.769089892036054934e+00
8.926839866903190313e+00
9.364269991563594076e+00
9.573893463353142508e+00
9.573258997011965477e+00
8.920229868737939327e+00
8.963811494038109728e+00
9.157095852467515229e+00
9.215628529550704329e+00
8.683886233408243172e+00
9.663797575233134651e+00
9.400968878807084650e+00
9.019401407126464321e+00
8.799405715984876863e+00
8.688392236598902585e+00
8.772533509034211363e+00
9.978161107904252702e+00
9.012764744030391739e+00
9.561654695095485934e+00
9.167660024579925349e+00
9.011603465109805811e+00
8.822475070645246831e+00
8.940253812955173629e+00
8.547442367970141675e+00
8.675192027994938826e+00
8.685419273491692849e+00
9.036587660943983025e+00
8.797455236726340999e+00
8.992653717170144390e+00
8.723094598600090066e+00
9.157013479026339553e+00
9.914703349457651527e+00
9.189169681939864276e+00
8.807260304221097513e+00
9.225960622865649441e+00
9.382602957804133226e+00
8.855503298240632759e+00
8.640047149530964532e+00
8.893512745383020501e+00
8.652065117427179430e+00
9.023663880867120568e+00
8.972886750127779365e+00
9.038813879460679601e+00
9.582306023625260849e+00
9.192794568153164647e+00
8.763872026123664227e+00
9.233358472445333476e+00
9.057588227717181084e+00
8.710339015553630659e+00
8.823792579164217997e+00
9.186078049382988553e+00
8.797308626424449329e+00
9.371556255243852718e+00
8.910531239975176376e+00
9.006839242647098231e+00
8.741779079310871836e+00
9.238406048321637698e+00
8.838706583471795497e+00
8.723055519520737988e+00
9.274299695260204146e+00
8.605460019857357423e+00
9.059822509898033616e+00
8.913042032957154248e+00
8.652122136635203020e+00
9.375116659332359603e+00
8.639383798199542497e+00
8.761925992181064160e+00
8.707508475098455492e+00
9.273931445981576260e+00
9.653953514677361625e+00
8.608186821927414911e+00
8.838256534776750328e+00
9.159952132282253245e+00
8.942473603859141917e+00
9.336908483527265545e+00
8.555569598039808099e+00
8.966700587070105755e+00
9.410020108087827850e+00
8.593422247009064208e+00
8.112784430630705756e+00
8.819341426764514935e+00
9.338997343564619413e+00
8.812191607952565064e+00
9.883666017974082507e+00
8.949361836121854097e+00
9.454065289290804586e+00
9.040980930200587906e+00
9.228785595845348411e+00
9.431294851457980855e+00
9.229911001148817462e+00
9.140099003756805729e+00
8.658963100131753521e+00
9.179886434170420273e+00
9.099019835637033538e+00
9.031817317740907569e+00
8.565703063133812023e+00
8.894050241246397093e+00
8.377399136442786443e+00
9.592661267795151048e+00
8.975959583448936741e+00
8.859874816445532986e+00
8.714907511363364279e+00
8.776150680396307635e+00
8.845905827112419573e+00
9.207448881631110638e+00
8.616126456945037759e+00
9.706420085080967652e+00
8.958791085007455024e+00
8.629234303884622648e+00
9.078087104805513619e+00
8.606595841365690447e+00
8.490342483528491968e+00
8.863358804679229763e+00
9.077929543098772314e+00
8.683355113150080129e+00
9.037680328806617425e+00
9.062214113830563633e+00
8.760603856803424350e+00
9.117095140354003036e+00
9.258028248161696894e+00
8.660592918454112166e+00
8.782380869236559917e+00
1.003232536061391755e+01
9.007867843265492169e+00
9.126664017968769471e+00
9.426890777523913911e+00
8.935942816431266422e+00
9.416871054374917449e+00
8.931481504166921326e+00
9.269299358144207801e+00
9.218570689797806139e+00
8.668592818696964741e+00
8.853124046398171743e+00
9.229654002334935825e+00
9.289900606019227070e+00
8.599519037735140259e+00
8.893704124994458837e+00
9.456859374346143099e+00
8.765939189529490250e+00
9.157557634501305444e+00
9.409175376405082503e+00
8.898471332342236195e+00
8.327560509470812278e+00
9.036737592016105935e+00
9.159777051199078812e+00
9.264604656776475267e+00
9.031461803560638657e+00
9.325930124034488955e+00
8.352071576979898992e+00
8.591709520317591497e+00
9.157730500504010607e+00
9.453116957768697759e+00
9.341596590868698868e+00
9.018220026213217722e+00
9.214160079147418969e+00
9.450470515936629567e+00
9.043951017748783627e+00
9.211759681339970030e+00
9.416248861062237907e+00
9.149787252169135243e+00
8.546931338985713111e+00
9.442171178760727202e+00
8.742329427103042505e+00
9.526736199500081881e+00
8.796134014012823243e+00
9.003236552969612561e+00
8.627841788105429899e+00
1.000550618978965112e+01
8.921374470496477471e+00
8.819714876649381807e+00
8.969811214760667895e+00
8.496569486650621172e+00
9.247972839008108181e+00
8.635172327845724638e+00
8.153615004701372015e+00
8.458029759898659350e+00
9.544988652207997859e+00
9.094234687553710117e+00
8.585185360490639184e+00
8.876583255483385670e+00
8.711542033222468007e+00
8.998200393256579943e+00
8.764110131268505910e+00
8.782369258662992451e+00
8.990643808071583365e+00
8.575707190119564061e+00
9.650738474545415002e+00
9.019554784213546839e+00
9.106548849613895769e+00
8.715360934516988678e+00
9.029622526184379439e+00
8.792286003746911049e+00
9.073369036053950509e+00
8.967540175313244433e+00
8.498986350213614926e+00
8.796863273054640331e+00
9.486402573327504584e+00
9.434993510824483565e+00
8.538832919472731930e+00
8.636767048254876400e+00
8.913969172734859114e+00
9.232717961503485782e+00
9.329642547686956888e+00
9.836613894537883596e+00
9.162894204412527444e+00
8.667389201338290050e+00
8.895864981706930408e+00
9.763496700531073103e+00
9.100114900178823518e+00
9.206296138604660229e+00
9.142558655521170863e+00
9.062942219904886798e+00
9.143033334340930907e+00
8.907589020954558734e+00
8.450571567069127710e+00
8.698458953800962234e+00
9.237079676904208725e+00
8.736250912859349071e+00
9.355417185706919270e+00
8.835803618256221625e+00
8.798482857278196789e+00
8.993437110454312489e+00
8.459730818278808684e+00
8.758277066578347814e+00
8.790866283966035866e+00
8.898481558084883503e+00
8.502075432597107962e+00
9.233591769024833695e+00
8.962737373415063047e+00
8.821008052130636656e+00
8.612533506971042030e+00
8.947396095307562192e+00
8.947175355925979900e+00
9.000900569600503331e+00
8.830193903576351033e+00
9.294671072511830445e+00
8.884037166465303059e+00
8.802802972608484211e+00
8.907425906928082782e+00
8.911422808437082566e+00
8.769035207386620456e+00
9.131865746062683087e+00
9.066715044284162417e+00
9.264665636567217533e+00
8.843609840681374124e+00
8.947540443666921917e+00
8.974539079104605577e+00
8.829206945753494296e+00
9.114277656246388304e+00
9.196039828817461625e+00
8.374923947814734149e+00
9.019786935693199226e+00
9.045519336928908416e+00
9.254284238123689832e+00
9.165948660292174921e+00
8.986538053404773407e+00
9.109970082672184333e+00
9.155661101398093749e+00
9.007024796784039111e+00
9.493096233901582082e+00
9.236099975361389269e+00
8.584856160716974216e+00
9.309325574999691710e+00
8.958043851859047280e+00
9.082151577117693719e+00
9.055235065150414542e+00
8.706529200839264959e+00
8.719391583688487657e+00
9.086680540313302856e+00
9.113969191760626032e+00
8.775201407691296751e+00
8.543605043081285544e+00
9.102810496274456042e+00
8.732657010439600853e+00
8.852580727806952154e+00
8.641136716104037774e+00
9.125912113505219025e+00
8.945503099869430486e+00
9.807640218192908321e+00
9.399084200195037653e+00
8.775285388879130011e+00
8.951296108935320461e+00
8.774652934906612245e+00
8.919472452432787080e+00
9.411349764075161772e+00
8.808018889993970646e+00
8.861530187315546314e+00
8.812344660684152231e+00
8.952835921549102238e+00
8.727963748837513691e+00
8.960934835129140907e+00
9.502345315367801248e+00
9.271680754723101714e+00
8.541862006521931505e+00
9.301617886632863375e+00
9.123157289373976297e+00
9.063702529357790638e+00
9.080093197736482935e+00
8.568803347281914284e+00
9.177502851275308515e+00
9.804253215652817488e+00
8.788038488768787460e+00
9.499791494127324043e+00
9.105050407652493405e+00
8.772097609812506747e+00
8.914368832089198946e+00
8.773481370952245229e+00
8.621647531169069012e+00
8.937465955187361644e+00
8.648380605368974017e+00
8.836710670366599629e+00
8.979103648746979971e+00
9.136854469380191190e+00
9.357200644244372256e+00
9.039196925026892870e+00
9.143280590391675844e+00
9.113227417606610814e+00
9.098638730183328249e+00
9.156078994374851732e+00
9.619993274910642711e+00
8.790899171975485871e+00
8.790510836380910575e+00
9.820819572210357506e+00
8.802953704912278354e+00
8.730064873525780200e+00
8.887202458313776532e+00
8.586629059786545781e+00
8.559363237483294640e+00
8.907970903114399874e+00
8.576549088094838069e+00
8.643067069797341517e+00
8.722950486177005303e+00
9.029118532629462734e+00
8.951057854113644296e+00
8.933451250882944450e+00
9.103567866274492104e+00
8.530524737649930245e+00
8.825520996385707306e+00
9.686602228461158148e+00
9.091316053900893479e+00
8.639444508498854702e+00
8.481758514517823144e+00
8.932010954998231611e+00
9.040839334328454768e+00
9.044486480046639798e+00
8.748440552175955176e+00
9.417074383007649985e+00
8.328711959148126454e+00
9.259065608393157731e+00
8.882380470171009179e+00
9.111190107321396781e+00
8.915858181497666735e+00
8.172674200496270913e+00
9.678503631528526441e+00
8.804651732202742664e+00
8.829039435082242093e+00
9.321268343849368421e+00
8.851987152248055324e+00
8.974786544543707834e+00
8.893830174974587166e+00
8.695010383138384924e+00
8.745698713686328674e+00
8.795658926887270468e+00
8.393397414004860835e+00
8.905987478651638867e+00
9.499143800133541760e+00
8.679670658647207659e+00
9.144680235841669003e+00
9.178538743557718149e+00
8.704873302295370152e+00
9.152533918610762598e+00
8.821356277487517161e+00
8.902995621845800400e+00
8.719973038832131706e+00
9.179043438966937529e+00
8.999039602578990937e+00
9.259325174428704841e+00
8.405534804043348629e+00
9.528223546102880803e+00
9.042425192104275311e+00
9.320640259003875272e+00
8.602753735668500212e+00
8.859544708245234546e+00
9.162137458775170273e+00
8.929669648683024263e+00
9.626015650795451961e+00
9.417775572097529135e+00
9.598942997794678078e+00
9.472366600023393701e+00
9.064655310634096352e+00
8.476914170875536669e+00
9.068599120056793694e+00
9.201750349897414694e+00
8.931597349938389385e+00
9.084038799862971914e+00
9.544954434025168410e+00
9.275391743902023478e+00
8.418803836724181977e+00
8.848235954027929395e+00
8.912315792587929053e+00
9.091844757755263018e+00
8.946245941767724474e+00
8.846374866285245275e+00
9.057632424253256431e+00
8.898251531456281782e+00
8.621913872111701238e+00
8.722961408028332642e+00
8.820476920965745649e+00
9.614616219840645073e+00
8.836319763187320930e+00
9.029754670245367265e+00
8.677047153855799166e+00
9.131849308716418534e+00
8.769838909919062786e+00
9.025905555871702290e+00
9.024143991965990708e+00
9.691071325671648751e+00
8.548054842521686680e+00
9.300533350052207382e+00
9.645211874414567177e+00
9.313185930906785259e+00
9.190364305781262289e+00
8.607453150386906060e+00
8.937799800621522905e+00
9.595022559766139381e+00
8.966643280483204137e+00
9.329642623811375657e+00
9.193113308338274337e+00
9.039187555522223860e+00
9.613148376401271733e+00
8.867950232875047689e+00
9.570725824649022329e+00
9.527548012999179861e+00
9.419785931111499977e+00
8.874305982905964285e+00
8.756583036495596772e+00
9.471931344598411684e+00
9.445304151917376601e+00
8.668726143107768678e+00
9.346563864445061043e+00
9.170491351995844198e+00
9.478004075716576438e+00
9.591728615908479583e+00
9.003670013824793372e+00
9.179709643125031349e+00
8.807454577079925073e+00
8.462513521280870421e+00
8.869251464401207485e+00
8.669511540293061813e+00
8.466996653643482418e+00
8.823709523438161284e+00
9.449102384688854883e+00
8.848892153171824759e+00
8.734901160066115722e+00
9.231735449506198066e+00
9.050860822282565721e+00
9.178143224873855033e+00
9.577318430455973086e+00
8.517356347105833336e+00
9.158409863791703742e+00
9.024441393821291513e+00
9.269123613433089659e+00
9.320417485792322765e+00
9.166207344596509543e+00
8.403673289529335122e+00
9.047356746998671539e+00
8.467230157055475104e+00
9.025089391628979385e+00
9.131425680702564662e+00
8.772549411335271330e+00
9.033224002479736114e+00
8.683824685637620888e+00
8.915375598610875585e+00
9.092386884524298551e+00
9.412630142124836397e+00
9.046336820640007659e+00
8.637228555153317444e+00
9.177343899432207408e+00
9.305354511590733679e+00
8.739466590954130254e+00
9.373187187794663089e+00
8.555751017185169616e+00
9.543063458880270744e+00
8.940015242405031870e+00
8.540525102353873521e+00
9.157108639543091400e+00
8.912302811332340369e+00
8.321106602497973626e+00
8.067654371201658847e+00
9.189565810195276185e+00
9.552390804522861600e+00
9.001354102878821095e+00
8.452479213756616261e+00
9.370987625855127234e+00
8.550926306386180897e+00
9.356952388123110254e+00
8.310382363142570838e+00
8.922113228560402121e+00
8.581165427547913893e+00
9.174080569843487964e+00
8.631490282107701972e+00
8.890280399479824069e+00
9.003949375172949132e+00
9.205922628216418602e+00
8.436236566389474945e+00
8.695309137641217490e+00
9.228754518939808804e+00
9.464731022378433778e+00
9.010909218320579228e+00
8.553751469098074267e+00
8.931100300880739695e+00
8.998774018569383415e+00
8.794190011357773784e+00
8.959311062809041104e+00
8.942754770896877758e+00
9.469864469086282099e+00
9.269966199317293487e+00
9.480398269877770900e+00
1.012251074357604708e+01
9.397600713295870989e+00
9.019838699051563324e+00
8.913650982553203761e+00
8.941843155015288147e+00
8.528094144348242978e+00
9.684737366716555940e+00
8.692846946533808961e+00
9.206788931119637809e+00
8.935802235398735860e+00
8.431480608138949506e+00
8.949868019356330251e+00
8.842948348769358091e+00
9.133720569275929790e+00
8.776885318179573403e+00
8.879979171560728801e+00
9.492635624907885372e+00
9.373455518588768243e+00
9.771457138384246122e+00
9.222769829918954443e+00
8.871617677530830193e+00
8.919203259732665146e+00
9.073757766798021152e+00
8.711367860864996260e+00
8.744353253030336504e+00
9.401643820779126415e+00
9.272265427502109247e+00
8.866666034072913760e+00
9.344478271072237163e+00
9.215559468192040526e+00
8.839009315511301423e+00
9.234287114284207121e+00
8.526387494354212393e+00
8.491726490785096004e+00
8.718450214693650224e+00
9.050690938793035656e+00
8.629762040541679724e+00
9.848283673362251633e+00
9.613464261699713020e+00
9.094709878491082478e+00
8.896502501748075886e+00
9.179977686794845937e+00
9.475412600289301324e+00
9.388903208373969633e+00
8.497118776164239051e+00
9.112004467322782020e+00
9.174698474656580061e+00
9.431702840917262520e+00
9.017663851917230744e+00
9.008593449197515923e+00
9.143845586984802765e+00
9.315001400714482571e+00
9.015597083679733004e+00
9.416242998990496105e+00
8.713319920215344183e+00
8.790373115977464735e+00
9.246885841258325911e+00
8.780172521220039883e+00
8.624184884817770680e+00
8.805894755228983684e+00
9.274201253667698097e+00
9.093219685692901066e+00
9.079975184315545178e+00
9.185009927104312411e+00
8.867696369947811519e+00
9.157184914190068525e+00
9.137484005180901647e+00
8.915392896997889949e+00
8.891633534202869171e+00
8.998658351892331098e+00
8.757362871914672553e+00
9.103293587188920455e+00
8.618618354981002483e+00
9.043178753016109184e+00
9.376584828775451186e+00
9.229638455672194652e+00
8.116683978119954901e+00
8.918260276602365977e+00
8.851734533409867822e+00
9.012993822299780078e+00
9.056959757322571747e+00
8.948513632923928540e+00
9.566400908396003544e+00
8.873107235462999398e+00
8.542652068931850806e+00
9.386339732351675735e+00
9.725399048964769477e+00
8.711199139026151173e+00
8.976169318942172737e+00
9.093806354034105865e+00
8.963320448596798329e+00
9.023252468522635183e+00
8.405650994501897344e+00
9.752499720582347820e+00
9.249149425818597337e+00
9.367369455826926483e+00
9.024206064198473598e+00
8.599612642701789156e+00
8.731646258955571227e+00
8.435669308187623727e+00
9.073338785359046810e+00
9.063259210175926839e+00
9.118613427663333937e+00
8.926077023145829514e+00
9.039580723524611727e+00
9.007317565997402298e+00
9.272594346988961789e+00
8.824632841982168685e+00
9.230309706854999519e+00
8.747107123093528003e+00
8.944314399143483030e+00
9.959239940276102487e+00
8.683889559321794849e+00
9.020920096359729357e+00
8.812643659084939074e+00
8.729235495945177448e+00
9.133531544000661029e+00
9.721846713856608702e+00
9.385416306777282003e+00
8.592256792481943961e+00
9.166124626239232853e+00
9.252586570474131022e+00
8.875549535373918886e+00
9.035511939942887594e+00
9.005699140030293037e+00
9.600758559688156168e+00
9.030271570808475090e+00
8.680197993475633922e+00
9.825016730003635956e+00
8.813615398229718068e+00
9.026754444586083892e+00
8.583242886312385522e+00
8.529801134412638319e+00
8.651926966971950961e+00
9.220646276692887611e+00
8.550153216900280739e+00
9.734722332062389683e+00
9.369980150603003821e+00
8.905413062054986284e+00
8.620280501733041945e+00
8.803659080777588741e+00
8.762967544130265907e+00
8.789776211432943853e+00
8.837760695180337578e+00
9.529891856632959346e+00
9.250066624003109084e+00
9.660980117140526957e+00
9.135351271916027471e+00
8.585200787534821742e+00
9.061052851839365374e+00
8.887803065157793725e+00
8.307381084231035828e+00
9.697652957392687512e+00
8.256333197763304099e+00
8.916583705271408533e+00
8.787698427225903330e+00
8.617908778727880303e+00
9.108448494533266881e+00
9.828192578829316517e+00
9.101248450610755825e+00
9.195249111511309081e+00
9.000254340415645871e+00
8.968044185932656731e+00
8.862529512113962227e+00
9.852389084677350084e+00
8.257896181124037227e+00
9.464378122240187707e+00
9.348953431323515417e+00
8.795080765892537400e+00
8.417838309663371987e+00
8.734983631060192266e+00
8.899238889879088177e+00
8.634245540375459882e+00
9.347969604464841709e+00
9.490275113128973317e+00
9.031168963878206668e+00
8.515680499370889223e+00
8.872403295745806773e+00
9.006614602359135802e+00
9.271421653068985691e+00
9.245443955565022520e+00
9.856312178157191184e+00
8.447946332403429182e+00
9.208642562229716333e+00
9.040519375978327332e+00
8.486801782225128932e+00
8.918144834752403938e+00
9.202014452595051353e+00
8.886921678714349682e+00
8.760792477774945297e+00
9.817946976573029616e+00
8.710563269435374067e+00
9.392083431036835961e+00
9.165940264461941211e+00
9.554104179741846892e+00
9.650364442816348642e+00
8.661859774190393324e+00
9.255638148818269073e+00
8.401441752821460440e+00
9.131613071064801801e+00
9.708864321758282401e+00
8.483325402447025709e+00
8.827202067479019476e+00
8.651367730038925785e+00
8.060112185312386046e+00
8.922616556346117278e+00
8.464593291634059824e+00
9.438887661180636712e+00
8.976684788781152946e+00
8.758226959340261075e+00
9.129934431966796993e+00
9.263748825135390774e+00
7.784225354778003592e+00
8.864920634129354937e+00
9.298211207177724091e+00
8.726465690199825431e+00
9.067266735706395409e+00
9.497437936962134231e+00
9.203788432764188343e+00
9.780260267867911139e+00
8.731669644120835017e+00
9.041920282595413028e+00
9.593980377767923784e+00
8.925382766427073733e+00
8.919548952523820518e+00
9.764098466954095557e+00
9.198088601826663435e+00
8.346991772027653411e+00
9.098015197814333987e+00
8.749826661294040520e+00
8.790394070527352000e+00
9.434496859183033379e+00
9.392153701522378384e+00
9.985130980759221231e+00
9.499228122290995557e+00
9.624845627912540280e+00
8.481082910677679720e+00
8.867029107304460922e+00
8.544165687984774493e+00
8.343089851175252036e+00
8.785760777670287069e+00
8.341859864099788524e+00
8.557073175967733647e+00
9.416814298507039993e+00
9.064323912568019281e+00
9.051075121542885071e+00
9.008234030232454614e+00
8.255494560959991901e+00
8.486716793175997253e+00
9.013333684267024637e+00
9.022519297947265926e+00
8.993989176338427427e+00
8.778647325000051183e+00
8.724208673689359372e+00
8.367208079690049871e+00
8.538257977866152260e+00
8.444724709306187904e+00
8.233375342045640366e+00
8.324094113409975293e+00
8.548232847323246730e+00
9.504047196565441169e+00
8.889005599875456909e+00
9.329315272122981284e+00
9.569355273512938354e+00
8.415557200763403856e+00
8.671636475095235497e+00
9.910046996657179363e+00
9.217626788725999276e+00
9.869656068279093475e+00
7.269117241631282589e+00
1.386283809420340596e+01
2.001734512233597663e+00
