4.914291341932437973e+01
4.799795305768963516e+01
5.172158532999883818e+01
4.957872913489637057e+01
4.954025516202155899e+01
4.955569749945589564e+01
4.730000725135803918e+01
5.152886595872652720e+01
4.806997944878762752e+01
4.981323223710433723e+01
4.845894847959208818e+01
4.864493020061502904e+01
4.817934551273051369e+01
4.756901957198409292e+01
4.871418774896331172e+01
4.743255953726074381e+01
4.978860016128956545e+01
4.800657436198322614e+01
4.804769792336256984e+01
4.915697408762540732e+01
4.881009063724462749e+01
4.779952519311571990e+01
4.810404764630860086e+01
4.917155173125135548e+01
4.839963047997132861e+01
4.755408646762236202e+01
4.870284633044145295e+01
4.899999999999999289e+01
5.017557050458494672e+01
4.900000000000000000e+01
5.061803398874989313e+01
4.764854769503418197e+01
4.774954388498380098e+01
4.839864539380401709e+01
4.837112924355791677e+01
4.740573017996229055e+01
4.824966915286628932e+01
4.970447668926089335e+01
4.982803314154592300e+01
4.825477310991826130e+01
5.166311759325327557e+01
4.857220867774413620e+01
4.925983564141635185e+01
4.850615472652125248e+01
4.856135914567461498e+01
5.053706183128893770e+01
4.824035970193732226e+01
5.011114842733567087e+01
4.777206325855632230e+01
4.871018191284615284e+01
4.864238923543214099e+01
4.925830979460840808e+01
4.917653591471574259e+01
4.991578884986818565e+01
4.722215392043275273e+01
4.901079636088096692e+01
4.764654745249454493e+01
