3.712463611761972260e+01
3.506320373246395405e+01
3.549780609625798178e+01
3.494057891685704931e+01
3.730547822623164933e+01
3.583856404364341586e+01
3.551310285630721353e+01
3.586474766107646417e+01
3.519707399428942551e+01
3.605892766075709233e+01
3.648095851689062386e+01
3.480023079156414667e+01
3.588724400193722630e+01
3.493326437293245590e+01
3.569667193863578092e+01
3.791853038870036130e+01
3.521953680631763461e+01
3.597359254438139686e+01
3.562269155412790411e+01
3.747281208862298740e+01
3.677419656054947694e+01
3.600765938218201256e+01
3.746310242195783502e+01
3.614342754461345208e+01
3.627934137951387328e+01
3.623615716256768593e+01
3.538747677685801563e+01
3.595690376152219159e+01
3.572267319847727407e+01
3.589517285556929238e+01
3.491212477257646185e+01
3.663381951099541567e+01
3.642711530825581434e+01
3.730976522212684898e+01
3.568564623124593993e+01
3.581274294527801061e+01
3.638430110378095605e+01
3.478704082153021204e+01
3.586012870095101590e+01
3.568401498518431936e+01
3.474549919102740603e+01
3.629694239493640850e+01
3.547743121579225800e+01
3.596165681062796438e+01
3.469852506860972596e+01
3.665309079869781783e+01
3.665895944325313138e+01
3.670027566854301426e+01
3.754402642398050460e+01
3.596328957010317140e+01
3.663362836287645052e+01
3.598683118805701753e+01
3.604055433417431686e+01
3.570752700190575979e+01
3.548700093112398690e+01
3.535761211333998943e+01
3.574256365076651321e+01
3.686900089705710570e+01
3.518112201653259064e+01
3.557502118838392846e+01
3.643349307092456257e+01
3.536142274648700123e+01
3.631635300431710078e+01
3.588060787256443263e+01
3.499337923766850622e+01
3.662836776083372570e+01
3.698050492323682903e+01
3.671128900452070809e+01
3.460251811784633702e+01
3.558467769499223010e+01
3.573317739689488803e+01
3.561497430754952376e+01
3.656520529082006021e+01
3.763097167317189218e+01
3.587250265486467526e+01
3.616359648705480367e+01
3.526797575804102536e+01
3.542046116707712855e+01
3.492362199897110742e+01
3.671338974008350675e+01
3.576726139163412910e+01
3.533789148910812372e+01
3.666572533831425318e+01
3.622675763045286601e+01
3.609146787444061033e+01
3.633902907960495554e+01
3.664918948535367349e+01
3.590588161834079273e+01
3.472095282923246629e+01
3.521279687869125752e+01
3.715082953811636202e+01
3.560993284918067303e+01
3.531201152540106136e+01
3.622946623248502362e+01
3.714191773908978433e+01
3.602175828503295918e+01
3.595168625674914153e+01
3.442779523681488030e+01
3.544534087712730042e+01
3.559380578249781735e+01
3.620594126026718840e+01
3.601984155373349950e+01
3.697565064010355229e+01
3.506310363169106381e+01
3.508930837520532009e+01
3.601425333598634637e+01
3.596582061309758416e+01
3.665343262207992581e+01
3.600153138701860911e+01
3.625974895440269563e+01
3.680231330445474214e+01
3.680871532634017029e+01
3.513729440655550462e+01
3.593644558626233021e+01
3.492743039723265497e+01
3.468776609027092661e+01
3.501540647870186973e+01
3.493978371852058018e+01
3.693275815772204851e+01
3.663368088585637139e+01
3.599999999999999289e+01
3.585983634890961724e+01
3.527225724017424113e+01
3.601013842833669543e+01
3.587495245147690781e+01
3.627858918048564618e+01
3.597215175985114399e+01
3.746262265447817441e+01
3.659029441723312459e+01
3.573650573744909309e+01
3.686484041126663413e+01
3.467911820426589742e+01
3.622140140755890769e+01
3.615521516293608073e+01
3.592014776492519701e+01
3.571301911492981418e+01
3.617577352859626671e+01
3.612084337295254954e+01
3.575142126343867943e+01
3.616064525574571320e+01
3.583017597951691613e+01
3.596915972652064397e+01
3.568150194159542110e+01
3.611821984541069241e+01
3.562275757482851901e+01
3.561863492798009645e+01
3.603954965737396776e+01
3.666285038733886381e+01
3.638022584382478186e+01
3.610067315580088376e+01
3.424652736303511347e+01
3.617608026554983525e+01
3.678518091648380306e+01
3.596532433013420871e+01
3.637315887901217337e+01
3.596168531719723660e+01
3.538445549437647486e+01
3.545004846197579695e+01
3.557806899149218793e+01
3.544711726474609748e+01
3.599873533508772994e+01
3.647129840370995879e+01
3.661296820713722866e+01
3.639992364497755517e+01
3.629245989093367086e+01
3.592497847763362273e+01
3.603987383015460466e+01
3.602475917246916026e+01
3.558978815232602955e+01
3.540195829587716503e+01
3.594859429637158144e+01
3.608541621193567295e+01
3.670395212831570575e+01
3.642470312086329187e+01
3.670320603239490254e+01
3.586903379760174460e+01
3.685018813883004896e+01
3.739249249519860996e+01
3.557483425675893329e+01
3.577617891030480735e+01
3.745962127428843758e+01
3.536314236007748946e+01
3.622139838906725373e+01
3.892293032717073231e+01
3.585263281842043881e+01
3.547796294620816582e+01
3.630334458689961252e+01
3.635779857342313903e+01
3.611500787406566815e+01
3.640984141553717279e+01
3.589258865859293479e+01
3.654428103023682439e+01
3.645823663434164530e+01
3.458049780326408040e+01
3.495626691771968098e+01
3.526331295364056473e+01
3.543114950900775995e+01
3.459250482135163196e+01
3.522393401675471836e+01
3.577224763989084266e+01
3.568940994646605702e+01
3.569113518079345937e+01
3.655505976848181859e+01
3.612395105228164738e+01
3.480171316796741365e+01
3.737035273767407517e+01
3.633341276233667116e+01
3.500807353945226197e+01
3.715936361994447168e+01
3.545962818008987938e+01
3.575436916829693246e+01
3.690381154166049527e+01
3.667259202770548399e+01
3.539452120578871330e+01
3.725531026937983370e+01
3.633733963581378390e+01
3.535316099029586923e+01
3.707515643734551247e+01
3.668317023683220413e+01
3.502196559780118434e+01
3.571729150803366792e+01
3.502544721324326105e+01
3.653518854084287426e+01
3.612637782804044662e+01
3.467214865716658068e+01
3.622766339007759484e+01
3.741425511682297156e+01
3.526664453018299383e+01
3.587445141981908137e+01
3.581869910612136465e+01
3.549567563565778983e+01
3.660429720718461510e+01
3.724354771405320719e+01
3.632626179248053688e+01
3.606840884120598645e+01
3.892957081552417975e+01
3.507878690282634437e+01
3.593448145550112827e+01
3.509938582983705402e+01
3.607947025469471924e+01
