3.587443343234659920e+01
3.473982827300613963e+01
3.700063299101675796e+01
3.655722220493183983e+01
3.619250691165706968e+01
3.576129706951886789e+01
3.563802615830724818e+01
3.549989256937649884e+01
3.692235470445623235e+01
3.546743847418306217e+01
3.564310650250428836e+01
3.423685006908281991e+01
3.531837657402454766e+01
3.584360024784562171e+01
3.647534572724023860e+01
3.616149722367398311e+01
3.662842134873754674e+01
3.599083612525434006e+01
3.736839053956772005e+01
3.551262910193190692e+01
3.570582752839281682e+01
3.566509227184413078e+01
3.622814388687245213e+01
3.617631873372065598e+01
3.678753500322980585e+01
3.589970992313201492e+01
3.704875072126050384e+01
3.626378279053614762e+01
3.706808872493154183e+01
3.573177369704110617e+01
3.545658365969705272e+01
3.627004194936836257e+01
3.700361614836022284e+01
3.539491152551229192e+01
3.578898310867917587e+01
3.561662953830425948e+01
3.665798278059371285e+01
3.506676987772841869e+01
3.540776682619368643e+01
3.648051627977366707e+01
3.700385921720105387e+01
3.703713467100335066e+01
3.583656305541298082e+01
3.695394576436682144e+01
3.546608377361804543e+01
3.538730759363174627e+01
3.694553658739211954e+01
3.560501222404349875e+01
3.573821519038152417e+01
3.526349259544176817e+01
3.744051830756236399e+01
3.638461616652681840e+01
3.683673255560275805e+01
3.581896232008707415e+01
3.677438434234066733e+01
3.648365853403455361e+01
3.566342699861025523e+01
3.620346056990090489e+01
3.565272450341010568e+01
3.632570259222483600e+01
3.513216063287800495e+01
3.689743678447859310e+01
3.747393770291640180e+01
3.616259725174644757e+01
3.600762582549835145e+01
3.682198090222342302e+01
3.629085431749207658e+01
3.636224496625832359e+01
3.563941966447750787e+01
3.570202078302092730e+01
3.542107562364925855e+01
3.578127990148077942e+01
3.517031594459961497e+01
3.727290221131577397e+01
3.564087814496713946e+01
3.676955897326782718e+01
3.548588289762746228e+01
3.731949440482735270e+01
3.691313590533647471e+01
3.595275757954855322e+01
3.524132855140133813e+01
3.620144193614238048e+01
3.601989280949886307e+01
3.580715693937747091e+01
3.696285707830878664e+01
3.616367843115132530e+01
3.656583166925265971e+01
3.449636471990041997e+01
3.665587502002403397e+01
3.585146305269453393e+01
3.608928541717807548e+01
3.586640322326925912e+01
3.552405102423609407e+01
3.613142062581447789e+01
3.603418610943950995e+01
3.624417636181586744e+01
3.784801156354996010e+01
3.566553905741390196e+01
3.620706511764495872e+01
3.618578922313507462e+01
3.604008779018673891e+01
3.726676507854614329e+01
3.626112538510444239e+01
3.664384330507648713e+01
3.605681821846236090e+01
3.568813956250099295e+01
3.489827291051123126e+01
3.556594413190591553e+01
3.630140883824714848e+01
3.683256281875227955e+01
3.711326614233026078e+01
3.617210178202410731e+01
3.630513046361166118e+01
3.583754647609933386e+01
3.645294419014632581e+01
3.592580951590549176e+01
3.602374975459584050e+01
3.640567872995135446e+01
3.545791134553856239e+01
3.562083553036009675e+01
3.606118408883776283e+01
3.599999999999993605e+01
3.600000000000002842e+01
3.563761654280306601e+01
3.505018539492780860e+01
3.753533901921072413e+01
3.694659899023962879e+01
3.439194123247253998e+01
3.508981010348890806e+01
3.708591140813138054e+01
3.647487668358089508e+01
3.643883172904786960e+01
3.624749597438842130e+01
3.501726493427472064e+01
3.624217500721762519e+01
3.671103443454697413e+01
3.585160552165889669e+01
3.491243109740288020e+01
3.670322606044297942e+01
3.592302544217034210e+01
3.476217760588876615e+01
3.637454721945449165e+01
3.625871004227856531e+01
3.617100079405088309e+01
3.579123499845862000e+01
3.658278998987739783e+01
3.621658545888089265e+01
3.690734810565344759e+01
3.676843492989491580e+01
3.528354642458853618e+01
3.538784299490143326e+01
3.579741479518185088e+01
3.513754496974846830e+01
3.620895793460879730e+01
3.563719688549684861e+01
3.617370076490296071e+01
3.476389001306822735e+01
3.690291019356490665e+01
3.620447216147260150e+01
3.403279173289354276e+01
3.572723018857822552e+01
3.450317822155825809e+01
3.736658036484820400e+01
3.462485474237658423e+01
3.569738894694602749e+01
3.755831025072950524e+01
3.606273482905037042e+01
3.637236400402655789e+01
3.677514880036225975e+01
3.498255821947466160e+01
3.543771667982707640e+01
3.519655652823391989e+01
3.609317026275525819e+01
3.604550210073519878e+01
3.602654440835534189e+01
3.604966438216701619e+01
3.560780591756572733e+01
3.639303536439981457e+01
3.478404705261773699e+01
3.584860385185039178e+01
3.613029627629256879e+01
3.654274491308066075e+01
3.671450463559406074e+01
3.583772041149816090e+01
3.582761894472705677e+01
3.645714228950343738e+01
3.520261321608163740e+01
3.691335415496234873e+01
3.537283990313014215e+01
3.479829679715169277e+01
3.723433758456743448e+01
3.548676960784530365e+01
3.538696337094728506e+01
3.633052105455057301e+01
3.577207968887807965e+01
3.666100974916329136e+01
3.580385150979513043e+01
3.653866252347983590e+01
3.645035642662151787e+01
3.579081454386261640e+01
3.489810673722107026e+01
3.729715341934507222e+01
3.674823268151015299e+01
3.450881059662406614e+01
3.474980005050877452e+01
3.664222903214850646e+01
3.555278628637267957e+01
3.603625131420618288e+01
3.551663697617412652e+01
3.611805609746115664e+01
3.668743816871661778e+01
3.461996193765795482e+01
3.657387467043706408e+01
3.603275888469061528e+01
3.540339798409289784e+01
3.738868734199006383e+01
3.505530952109088361e+01
3.469427607546049330e+01
3.552130991476580846e+01
3.577488461359980931e+01
3.618972888733948423e+01
3.630805780751347811e+01
3.645185443514542101e+01
3.553162161127826124e+01
3.501919517410015459e+01
3.592784991059929212e+01
3.534738215289804231e+01
3.518804377464531541e+01
3.570539537073905478e+01
3.601383430311522460e+01
3.567492512409322813e+01
3.676831117937440041e+01
3.656355650639736865e+01
3.489962762865556556e+01
3.577433338613104752e+01
3.453111614320401657e+01
3.570828990906547773e+01
3.507193821691283375e+01
3.582206306566038734e+01
3.580639085369666930e+01
3.602986687213556394e+01
3.494589291052415803e+01
3.621282287530352306e+01
3.637662609415277615e+01
