3.587443343232274628e+01
3.473982827566050702e+01
3.700063297845787957e+01
3.655722218668684320e+01
3.619250690261112879e+01
3.576129697438169330e+01
3.563802622741854975e+01
3.549989257600242354e+01
3.692235488633858864e+01
3.546743847291782004e+01
3.564310652314969019e+01
3.423685000591071059e+01
3.531837661489848301e+01
3.584360023849672672e+01
3.647534571985121232e+01
3.616149733906586761e+01
3.662842106721242175e+01
3.599083623097634188e+01
3.736839056527872316e+01
3.551262920183203420e+01
3.570582749586992577e+01
3.566509217686810729e+01
3.622814386398497533e+01
3.617631868687430341e+01
3.678753497004835538e+01
3.589970981050397825e+01
3.704875088826176466e+01
3.626378296415584401e+01
3.706808851639531355e+01
3.573177350238795924e+01
3.545658376824974312e+01
3.627004204672976329e+01
3.700361614635072982e+01
3.539491153521858280e+01
3.578898315014031795e+01
3.561662961880215761e+01
3.665798286663108030e+01
3.506676992128516446e+01
3.540776672883502840e+01
3.648051612138409894e+01
3.700385903348042405e+01
3.703713515351231678e+01
3.583656288189276040e+01
3.695394575071635046e+01
3.546608395897492727e+01
3.538730771576882717e+01
3.694553635159703475e+01
3.560501218680647639e+01
3.573821529742110670e+01
3.526349265315736403e+01
3.744051831334326153e+01
3.638461608037977868e+01
3.683673251860853526e+01
3.581896238270854838e+01
3.677438426473338495e+01
3.648365860235771407e+01
3.566342693594408786e+01
3.620346078948246316e+01
3.565272455089730386e+01
3.632570253660675519e+01
3.513216068490462618e+01
3.689743651181398576e+01
3.747393760087133074e+01
3.616259723610489374e+01
3.600762606681359301e+01
3.682198078219182236e+01
3.629085421909177001e+01
3.636224481378403084e+01
3.563941944435967457e+01
3.570202110270531648e+01
3.542107492170259775e+01
3.578128070233876201e+01
3.517031586496318596e+01
3.727290247794248756e+01
3.564087827479711024e+01
3.676955850371568602e+01
3.548588309552178544e+01
3.731949457404800086e+01
3.691313578079093105e+01
3.595275756560090485e+01
3.524132845387877211e+01
3.620144221104241922e+01
3.601989220219269328e+01
3.580715743904401194e+01
3.696285710885858578e+01
3.616367832447857467e+01
3.656583162079071059e+01
3.449636454690238452e+01
3.665587507039014525e+01
3.585146304726478661e+01
3.608928547575313672e+01
3.586640325659827511e+01
3.552405100177045227e+01
3.613142089044045235e+01
3.603418568669419386e+01
3.624417608289637371e+01
3.784801169646463848e+01
3.566553878385569476e+01
3.620706552996224303e+01
3.618578916067058771e+01
3.604008778546216973e+01
3.726676491701702787e+01
3.626112518561929932e+01
3.664384365440348290e+01
3.605681810629526751e+01
3.568813966587587316e+01
3.489827277098502378e+01
3.556594466972418900e+01
3.630140845411269623e+01
3.683256298699563303e+01
3.711326633390381602e+01
3.617210145410639655e+01
3.630513050576738721e+01
3.583754631337441054e+01
3.645294466815954593e+01
3.592580902975107193e+01
3.602374997535117984e+01
3.640567860052487248e+01
3.545791148919585822e+01
3.562083531962802141e+01
3.606118431456943085e+01
3.599999999999996447e+01
3.599999999999982236e+01
3.563761659633252776e+01
3.505018543518291096e+01
3.753533914192225041e+01
3.694659891367564342e+01
3.439194103343572806e+01
3.508981001555847001e+01
3.708591154827568204e+01
3.647487673820548082e+01
3.643883165288485770e+01
3.624749614215052418e+01
3.501726478655467645e+01
3.624217499842560386e+01
3.671103420490468494e+01
3.585160589065524306e+01
3.491243122886510264e+01
3.670322576872212039e+01
3.592302541980696162e+01
3.476217725904593436e+01
3.637454755205045132e+01
3.625871000883616091e+01
3.617100066091354904e+01
3.579123483816471207e+01
3.658279000112661805e+01
3.621658595015469473e+01
3.690734787814873386e+01
3.676843496205683692e+01
3.528354644819555830e+01
3.538784309262514682e+01
3.579741454541623824e+01
3.513754531533555081e+01
3.620895760121769058e+01
3.563719708657345109e+01
3.617370069944094269e+01
3.476389003481018847e+01
3.690291022805030252e+01
3.620447199852929998e+01
3.403279171824861038e+01
3.572723036141898234e+01
3.450317842633926091e+01
3.736658010701088273e+01
3.462485474469369251e+01
3.569738879673060694e+01
3.755831006610152656e+01
3.606273489212295402e+01
3.637236442765110667e+01
3.677514882939707519e+01
3.498255819077618867e+01
3.543771659276509922e+01
3.519655672147151648e+01
3.609317021945943793e+01
3.604550162349768527e+01
3.602654478224919643e+01
3.604966448638798937e+01
3.560780589957932563e+01
3.639303558854125953e+01
3.478404673486600274e+01
3.584860386052354642e+01
3.613029629061717429e+01
3.654274508912632768e+01
3.671450479991621307e+01
3.583772017070793225e+01
3.582761903556490068e+01
3.645714210063841421e+01
3.520261308931291211e+01
3.691335436174768603e+01
3.537283995882425103e+01
3.479829666309854730e+01
3.723433756942186790e+01
3.548676982421804382e+01
3.538696323341111594e+01
3.633052108615833475e+01
3.577207975881776747e+01
3.666100977762059188e+01
3.580385139264008387e+01
3.653866245616423214e+01
3.645035654614007825e+01
3.579081447418909079e+01
3.489810680341323490e+01
3.729715300588970450e+01
3.674823267605368926e+01
3.450881069062022277e+01
3.474979983421069818e+01
3.664222936838580580e+01
3.555278626514063234e+01
3.603625130742430116e+01
3.551663701003828777e+01
3.611805599898490726e+01
3.668743818246500865e+01
3.461996192847806242e+01
3.657387461051044397e+01
3.603275866072397804e+01
3.540339802057060581e+01
3.738868754466937361e+01
3.505530951598576195e+01
3.469427613665631327e+01
3.552130987230786019e+01
3.577488458776405622e+01
3.618972893225215159e+01
3.630805776945521757e+01
3.645185445481560294e+01
3.553162161922802653e+01
3.501919538009624944e+01
3.592784984371861157e+01
3.534738209022835775e+01
3.518804381173393381e+01
3.570539546259718833e+01
3.601383429331374231e+01
3.567492517071369207e+01
3.676831134201119511e+01
3.656355614258215070e+01
3.489962764071785983e+01
3.577433357255502955e+01
3.453111603798632956e+01
3.570829006531069894e+01
3.507193836644942309e+01
3.582206282698072641e+01
3.580639086201215093e+01
3.602986683145319802e+01
3.494589287111317333e+01
3.621282292732333730e+01
3.637662606897042394e+01
