2.482713962363180116e+01
2.484592016671106052e+01
2.493865933903487075e+01
2.429145225439873101e+01
2.570483110891273526e+01
2.450269810921171754e+01
2.577896499937269326e+01
2.436777596808068225e+01
2.567533925429381725e+01
2.459816322838827318e+01
2.490443070931845071e+01
2.470032180422682444e+01
2.507456461663005598e+01
2.462536256869849538e+01
2.524721943164918159e+01
2.510763210535110090e+01
2.489181071328174255e+01
2.573318331970510897e+01
2.462658744564347657e+01
2.486595493862134632e+01
2.590741946845276544e+01
2.449956436118817038e+01
2.409205847001100409e+01
2.433986551649892505e+01
2.505398775611834594e+01
2.377853201976154907e+01
2.420348208260734069e+01
2.449084672392661233e+01
2.458554209326230122e+01
2.469502677227237797e+01
2.511306157428375840e+01
2.571131073541621248e+01
2.470601472128879550e+01
2.409451507614524246e+01
2.517100837730469109e+01
2.438085817612106965e+01
2.440808429362941467e+01
2.544331545338225808e+01
2.507423888051547678e+01
2.503414730532882615e+01
2.526840153843928505e+01
2.501410420879586027e+01
2.474024216744862059e+01
2.506998586087173564e+01
2.486443507176582202e+01
2.460749506681830212e+01
2.488740231707313555e+01
2.606947487409314235e+01
2.606823354489367262e+01
2.536088185088735969e+01
2.430978731049982144e+01
2.513348781161232637e+01
2.539892788087842135e+01
2.511285696128289047e+01
2.470886520304795297e+01
2.426609128302377272e+01
2.544196733209443195e+01
2.503019055135043658e+01
2.513963760772024614e+01
2.522462800740019162e+01
2.504192459824356121e+01
2.469196322244135189e+01
2.484316694463142028e+01
2.469691059890337215e+01
2.552264618599158297e+01
2.465729975669411900e+01
2.546462965610979978e+01
2.527091571056902453e+01
2.553407550083907296e+01
2.514089272339027303e+01
2.563552963382834804e+01
2.479275460809505560e+01
2.469932077271342408e+01
2.514163456310054201e+01
2.533513866748160481e+01
2.550498579479656058e+01
2.461131119554273283e+01
2.457753869006830527e+01
2.552639444603460106e+01
2.415035441494764967e+01
2.470084879454022442e+01
2.456202107347424857e+01
2.476457159740619574e+01
2.460020226658353337e+01
2.446857937075729339e+01
2.586515927019947014e+01
2.495971894949576253e+01
2.428145341843405092e+01
2.478642597303695183e+01
2.446431975643850265e+01
2.535932069751831719e+01
2.521691271974764348e+01
2.382796513761948987e+01
2.590788948111043766e+01
2.455958851025105005e+01
2.518235428716707602e+01
2.472980012474437572e+01
2.484387751673560274e+01
2.469920845528038100e+01
2.446822125768955303e+01
2.438280729806628244e+01
2.535733759275520427e+01
2.432845235091650693e+01
2.522924930861957904e+01
2.460037518817230406e+01
2.527878252359890610e+01
2.519267136007332653e+01
2.429775440577124712e+01
2.445416972838933845e+01
2.485681715986905260e+01
2.444658253619745025e+01
2.484602760584821723e+01
2.514418627838862719e+01
2.408341233252555824e+01
2.438446391265738811e+01
2.512514042109829759e+01
2.402890583101043731e+01
2.570344605052858000e+01
2.490837076879925149e+01
2.527464433490794704e+01
2.518230019900614636e+01
2.478243398877695469e+01
2.407040643363500010e+01
2.475675829180337928e+01
2.451923933337331007e+01
2.572849123507549862e+01
2.480725949141914555e+01
2.466370180283157509e+01
2.567023967686443697e+01
2.405862849979612861e+01
2.522192670903045197e+01
2.383784155135931115e+01
2.532771570308762321e+01
2.494131087823795667e+01
2.458449179207047663e+01
2.498337827758452434e+01
2.491463945976053296e+01
2.458459260678547409e+01
2.535240302431111914e+01
2.441219357616943952e+01
2.507592735047284549e+01
2.501390753371338604e+01
2.572659975496445739e+01
2.394744397199015751e+01
2.495641969877474509e+01
2.523559882562577528e+01
2.464980529876084958e+01
2.455465828897220959e+01
2.530147354121327652e+01
2.509944414651755196e+01
2.556794081975770183e+01
2.460755324704191693e+01
2.523459160262844492e+01
2.503656648232262327e+01
2.508682296282662705e+01
2.567797221374255656e+01
2.485443784698127345e+01
2.526181398396838418e+01
2.533464235103993900e+01
2.510326930877443274e+01
2.539593103473019298e+01
2.430821561911572815e+01
2.520741192507938422e+01
2.573219506496143083e+01
2.514816548000528584e+01
2.473859948481194238e+01
2.530162136151048813e+01
2.430318204413351779e+01
2.473207455630542029e+01
2.574793431691610479e+01
2.483343264645279902e+01
2.492832499321955453e+01
2.520117153683852607e+01
2.528608536488951586e+01
2.397504014423031293e+01
2.441214680439582452e+01
2.427124854201874626e+01
2.463514732872831559e+01
2.448706332733966917e+01
2.466628890703252353e+01
2.381379832628885751e+01
2.524080650896399902e+01
2.543773229592096996e+01
2.518128768894981206e+01
2.456888972530955328e+01
2.487646437497688723e+01
2.452316936174734252e+01
2.491951286618220962e+01
2.518657552196640381e+01
2.558937465344246931e+01
2.514566774543128247e+01
2.459379900289676613e+01
2.481855321782288826e+01
2.568524571650074506e+01
2.541036054830162527e+01
2.525105490738319958e+01
2.461215053135217445e+01
2.501667581363043169e+01
2.419017557318944966e+01
2.468001899438303326e+01
2.456441523780472025e+01
2.543317495642159898e+01
2.466682394111325038e+01
2.543652425254166261e+01
2.470430426073048835e+01
2.509008674572790198e+01
2.527975047985555790e+01
2.542579367548697888e+01
2.489524059933997080e+01
2.491300423793940055e+01
2.514684167852676211e+01
2.486266586433854187e+01
2.555217584644656270e+01
2.563421270948293085e+01
2.543241420486601356e+01
2.546332361933146160e+01
2.466012251844721703e+01
2.563982939605111966e+01
2.424647752460221639e+01
2.481256990577739430e+01
2.432669628520301330e+01
2.462512314346392372e+01
2.565326801156686187e+01
2.491231917941835405e+01
2.501154441695027586e+01
2.536620734317778414e+01
2.592747122075592259e+01
2.567203006061180304e+01
2.602805082068924136e+01
2.487258595951835360e+01
2.498594174996986794e+01
2.501918240463006526e+01
2.511089100283945541e+01
2.498110254385763440e+01
2.512359655129017355e+01
2.471144436704281944e+01
2.545874652523805892e+01
2.448198675216521636e+01
2.501171213988562414e+01
2.440473813258379110e+01
2.530271178723863201e+01
2.491528620076223532e+01
2.475570510832056925e+01
2.440107566311846554e+01
2.469054895899075319e+01
2.527036501883558728e+01
2.519710477634831491e+01
2.426305848339229954e+01
2.421417386701401853e+01
2.492617245889156408e+01
2.562911189648437471e+01
2.470246707457366142e+01
2.440371230884725762e+01
2.465467658843661169e+01
2.488722245817734091e+01
2.501749006742246095e+01
2.510767909850774871e+01
2.488924944330167222e+01
2.553811769983789048e+01
2.556317272119863304e+01
2.541025215648168967e+01
2.491837067319322685e+01
2.414826253750997509e+01
2.508326036192202935e+01
2.438112704080652193e+01
2.502201590553058708e+01
2.491973895574582798e+01
2.538837120703853856e+01
2.478375929622417218e+01
2.519633252989339667e+01
2.490106564804878175e+01
2.425097184001866779e+01
2.534003870535953240e+01
2.583208403596547953e+01
2.473854301897338104e+01
2.476739158139531582e+01
2.552103256002670051e+01
2.492582129501947463e+01
2.496713939083941725e+01
2.402904247337708554e+01
2.428714934270432835e+01
2.552519939000451643e+01
2.571535506907469681e+01
2.529743999191277481e+01
2.470371889144238509e+01
2.578084280567755471e+01
2.508199697227181346e+01
2.558392377565415288e+01
2.583260542621812306e+01
2.560713985445426744e+01
2.468584912845423673e+01
2.439398505395383410e+01
2.508330398328048716e+01
2.489535176351850509e+01
2.586781404589439859e+01
2.461146726740425095e+01
2.485083723364403596e+01
2.453335289970936373e+01
2.488383003142132566e+01
2.543783156099536669e+01
2.556740056069508782e+01
2.465994900588593808e+01
2.509206695845315593e+01
2.501525815722031254e+01
2.396977791697352700e+01
2.441798184026277596e+01
2.511010903480873679e+01
2.475822232313982596e+01
2.496000240096148559e+01
2.543442929341150816e+01
2.494049611741639438e+01
2.554857156081866520e+01
2.505119122435430512e+01
2.496533470015857858e+01
2.449843430074015771e+01
2.503671925052440272e+01
2.460103382605105082e+01
2.438957393489969405e+01
2.470250104669080571e+01
2.469124303570694678e+01
2.481873307760112723e+01
2.446649494609131636e+01
2.472981083152129145e+01
2.431897969451178554e+01
2.469565435588742019e+01
2.461234673182058685e+01
2.488871283879808161e+01
2.549821718907558932e+01
2.547070752698231644e+01
2.439751405663028905e+01
2.516124878129372178e+01
2.448810050041737796e+01
2.522336578173313981e+01
2.567286541604494232e+01
2.543313431279619863e+01
2.615764147186252231e+01
2.466506878975847883e+01
2.474801593165128821e+01
2.521939732664292322e+01
2.508807104321735792e+01
2.464035211783678747e+01
2.521927499089314040e+01
2.608210072492905951e+01
2.519530731406323909e+01
2.521662682915813747e+01
2.471803121458139429e+01
2.566895154221705866e+01
2.449740701468182991e+01
2.519585945546377559e+01
2.365348342716613672e+01
2.512249551780199752e+01
2.552492771680038430e+01
2.444671506043123088e+01
2.411619190591554940e+01
2.505907984446507797e+01
2.505701689145880451e+01
2.456525714125777426e+01
2.517859430552012867e+01
2.497960972634709975e+01
2.550006261073152913e+01
2.577044931921374982e+01
2.544172301597473762e+01
2.426315704443434385e+01
2.519478628173917301e+01
2.492597220935555313e+01
2.485280012559240248e+01
2.420185363070777029e+01
2.514361004235472663e+01
2.502838517365805160e+01
2.474162874991713679e+01
2.561039917897869600e+01
2.529452101656670848e+01
2.517034373797262603e+01
2.572374319565577494e+01
2.516574419928191020e+01
2.508443832023299791e+01
2.509353395711895018e+01
2.427413003649857615e+01
2.450640000501783078e+01
2.478218369203406368e+01
2.451642648742266317e+01
2.611686016584397763e+01
2.461704519431875582e+01
2.388745828537271976e+01
2.487752179229892491e+01
2.476357474467103970e+01
2.468338818560737380e+01
2.617557050458493961e+01
2.434803483958299353e+01
2.482660519267877319e+01
2.561140264507171338e+01
2.501096401024588189e+01
2.508345678306571003e+01
2.494340781504655169e+01
2.464819552150927962e+01
2.447617916031580165e+01
2.479212542177938161e+01
2.437330887167499327e+01
2.476385525333462923e+01
2.440233563282849616e+01
2.531570612359314509e+01
2.486045738071690536e+01
2.498806765245854322e+01
2.494418093583119855e+01
2.509012773960530751e+01
2.594085884834800027e+01
2.473155196107504139e+01
2.429343732342961104e+01
2.464401709824968023e+01
2.418148983718883471e+01
2.454754011764958932e+01
2.470443579831744429e+01
2.497548259562510964e+01
2.446183017044921471e+01
2.566375170186876531e+01
2.431173494344832520e+01
2.415952311854672985e+01
2.467984047748509724e+01
2.494453037987050337e+01
2.415407579312535802e+01
2.469969171775428407e+01
2.479039122832494968e+01
2.588283980106269411e+01
2.475293423602567700e+01
2.437741484501219347e+01
2.576735440303370339e+01
2.541928947356365498e+01
2.374323389062433165e+01
2.443625377914411700e+01
2.499689078649290508e+01
2.490745401380183566e+01
2.490537128729458516e+01
2.477335464765818429e+01
2.528308772954207839e+01
2.518055048762736448e+01
2.514094282743093700e+01
2.498157742263296655e+01
2.534725914840689143e+01
2.460276784432548070e+01
2.492781397354163886e+01
2.527507615969162558e+01
2.513258949508609064e+01
2.531508631652919661e+01
2.493251788740773023e+01
2.480668831424953424e+01
2.474545652697699083e+01
2.436272286067704940e+01
2.423892693379153229e+01
2.494020189002687715e+01
2.451631670357053139e+01
2.522208694541456353e+01
2.492128629863704958e+01
2.429789574126136387e+01
2.514536530907490430e+01
2.480449495967743800e+01
2.502887272791448225e+01
2.504824498102620822e+01
2.494718606487142054e+01
2.465733857332451606e+01
2.431970270147502333e+01
2.480434213594767101e+01
2.538523996939680316e+01
2.683578174314481402e+01
2.537245003419529610e+01
2.442975192251737226e+01
2.475753005303903009e+01
2.429588251321595394e+01
2.475571201776992680e+01
2.504813041339372859e+01
2.469761474937877210e+01
2.482135193601908085e+01
2.608223939446282458e+01
2.516098121984742519e+01
2.406278066925345627e+01
2.545607314904468055e+01
2.506165601232890339e+01
2.463966912154908329e+01
2.476852591436902884e+01
2.454680098892357876e+01
2.515413207295430453e+01
2.596992249174920175e+01
2.463139512091318650e+01
2.561701218891480991e+01
2.534085448532131934e+01
2.535504825608069979e+01
2.423215743913971920e+01
2.462980371850783712e+01
2.487460073199049759e+01
2.493407196370532120e+01
2.472388127149859827e+01
2.488504333684793934e+01
2.534673218308524056e+01
2.680995594796293346e+01
2.471939987605634670e+01
2.509247920821502476e+01
2.538443272267695505e+01
2.506389120007331428e+01
2.509423318443541362e+01
2.452074148989144575e+01
2.485633251122996512e+01
2.564885194082741648e+01
2.461634180247162007e+01
2.441030667950699851e+01
2.441124175166658361e+01
2.532064282084200002e+01
2.474056772989233721e+01
2.501787210202477141e+01
2.463209714489126512e+01
2.592432574292143599e+01
2.440365548336920654e+01
2.482559655910420915e+01
2.454392510231068769e+01
2.512274450336494525e+01
2.524862174282287341e+01
2.534336303759244657e+01
2.465712507130204756e+01
2.468771999994264021e+01
2.467841785339472693e+01
2.531075639605469974e+01
2.462407996058355408e+01
2.441369387113518030e+01
2.518430177104091428e+01
2.471910751845193488e+01
2.496023404246842148e+01
2.467235451286325087e+01
2.480304227779957316e+01
2.554978119947342918e+01
2.543608432043533440e+01
2.536947155789866315e+01
2.466047077911004948e+01
2.503348602114375865e+01
2.483209313635822468e+01
2.484504968301085981e+01
2.481209405590960415e+01
2.508828715862713210e+01
2.423036723308135976e+01
2.554665487580533423e+01
2.474019434107401949e+01
2.384347403852375535e+01
2.507658883925779492e+01
2.478463050060497608e+01
2.470337179922533721e+01
2.514430424654238649e+01
2.499966993155700479e+01
2.523134327174234315e+01
2.540365172572837693e+01
2.463286876747564946e+01
2.575816552534794823e+01
2.465910662705221412e+01
2.601937339377101921e+01
2.448953973621963343e+01
2.430311254340393390e+01
2.548419509673288630e+01
2.525374317262372514e+01
2.461778724373861849e+01
2.530796118978242504e+01
2.528743563401697969e+01
2.512594077595043629e+01
2.441463303359328307e+01
2.475383466468959526e+01
2.489447301838609050e+01
2.533097904244206688e+01
2.481492663155376022e+01
2.479800086666385539e+01
2.474528447265590714e+01
2.506068644073610230e+01
2.535071270924821007e+01
2.598509312383645309e+01
2.488187784371493905e+01
2.517181384983695480e+01
2.510012161898392336e+01
2.467083630733084121e+01
2.501265361068126580e+01
2.443868707133675144e+01
2.464669324124954386e+01
2.553985006526856338e+01
2.577035532371635540e+01
2.481770425587657769e+01
2.439554641010123603e+01
2.403856304990839377e+01
2.529033686793202307e+01
2.482063172433253584e+01
2.413994247389640435e+01
2.455756901416086890e+01
2.534319785500918698e+01
2.584783841014235151e+01
2.501627078041495977e+01
2.615349073437375083e+01
2.563007053602446561e+01
2.430610429745213352e+01
2.470172877001973077e+01
2.508171697413913392e+01
2.465470696708852927e+01
2.539203841779154658e+01
2.536195113380663813e+01
2.494123602145473129e+01
2.494162615803058003e+01
2.530904445163579553e+01
2.478860613273058533e+01
2.535766384928230721e+01
2.466438932121426220e+01
2.532391935825187090e+01
2.561542565098756441e+01
2.455639137392999061e+01
2.399492728235010119e+01
2.550920605781516315e+01
2.529849010041685631e+01
2.510919221254579625e+01
2.549511206419646214e+01
2.492730900607950062e+01
2.569699816716735441e+01
2.465464018619378095e+01
2.459548301208927512e+01
2.506431823690298799e+01
2.500873920792461647e+01
2.504616181347356374e+01
2.546716599488370392e+01
2.476598943754867577e+01
2.551050078495142870e+01
2.546245902800578165e+01
2.492330348190317579e+01
2.488450753641167523e+01
2.543479091366151223e+01
2.524470720339773067e+01
2.500039007075979214e+01
2.568520508531932123e+01
2.537902333121938625e+01
2.542192964173653991e+01
2.450383964678423254e+01
2.505967047076774534e+01
2.567567430812255580e+01
2.529270484501456195e+01
2.487942805011665826e+01
2.533562708155913867e+01
2.491979843924288929e+01
2.503277977110808905e+01
2.512609084987327890e+01
2.435760379115861696e+01
2.507838270048449658e+01
2.518550489717093654e+01
2.510584919914434820e+01
2.426178076337679101e+01
2.450683611971908960e+01
2.521728872516309394e+01
2.535575581387209709e+01
2.529951366779067357e+01
2.563066276496954998e+01
2.509375392156017881e+01
2.460552822659002103e+01
2.491970665533125029e+01
2.602198173827510175e+01
2.552749713467640547e+01
2.505021881529673777e+01
2.470912834112215606e+01
2.459833476974095134e+01
2.474811314955073271e+01
2.457715878579141133e+01
2.494897160035976924e+01
2.530348895246387642e+01
2.451390778873435750e+01
2.515262521520162409e+01
2.516274150879828753e+01
2.548708796519032305e+01
2.444009055447723000e+01
2.532956513216816674e+01
2.446129528458723357e+01
2.487887160448738655e+01
2.496063762263776908e+01
2.478673660099818932e+01
2.501328993482869478e+01
2.450095154074078607e+01
2.448812163970409372e+01
2.569831999924616284e+01
2.515823816584079609e+01
2.458458035944966724e+01
2.443810221750988632e+01
2.481831939209635252e+01
2.492138742877117252e+01
2.487064921323595712e+01
2.528877790342159315e+01
2.544664377376776443e+01
2.530105302903235298e+01
2.514262626543833079e+01
2.479308984264211091e+01
2.471209741312765829e+01
2.510071103804088466e+01
2.450654746350293678e+01
2.469994212630594177e+01
2.414800678604749606e+01
2.442846522655910846e+01
2.571072187558453592e+01
2.453625369120942779e+01
2.457557978536123855e+01
2.602724455553111582e+01
2.473875331133336530e+01
2.456294122218447029e+01
2.485166422877150794e+01
2.552102114607762928e+01
2.554126308601756534e+01
2.536408344895528089e+01
2.501704561122786785e+01
2.514337632095286779e+01
2.499534735783349859e+01
2.448504251076299809e+01
2.496676222171629433e+01
2.436173510345529891e+01
2.541897697680014545e+01
2.492576096760564042e+01
2.419208559236130895e+01
2.531209025085827591e+01
2.497465198977319289e+01
2.539950439056758569e+01
2.491235071933620659e+01
2.491687506750957226e+01
2.601631028583830485e+01
2.450308709050984035e+01
2.434204851911871970e+01
2.544024276700173104e+01
2.615493477168120506e+01
2.521623669843011584e+01
2.404452080760695409e+01
2.444051793818703189e+01
2.459660497738476437e+01
2.521245178542974585e+01
2.486917325836827430e+01
2.476225812899004808e+01
2.484570921453202530e+01
2.462362914500912936e+01
2.468280642973432037e+01
2.517539460245513538e+01
2.489013441219213618e+01
2.463919699653523310e+01
2.560857095372143277e+01
2.449850948371446790e+01
2.503897243754605739e+01
2.490716229629106948e+01
2.459506778402663585e+01
2.388353866521115876e+01
2.490175265394113424e+01
2.406613288361853975e+01
2.535605752388183021e+01
2.527694369894735971e+01
2.473537322995938936e+01
2.561220222032746463e+01
2.479390060108519478e+01
2.499140896033010151e+01
2.554122690747133362e+01
2.515218793064435943e+01
2.446089510153533197e+01
2.554636169097348741e+01
2.422784868352658094e+01
2.388607491957083440e+01
2.464298342812697129e+01
2.563082007473933999e+01
2.556056885710352233e+01
2.503566246700113140e+01
2.457979715378291274e+01
2.493854017139864254e+01
2.506603053547826576e+01
2.461582262329223525e+01
2.424640512156840799e+01
2.518677122571867599e+01
2.462778848500732209e+01
2.494749259434681932e+01
2.483537493023433385e+01
2.529968753616472910e+01
2.479801406612413217e+01
2.451716135582356770e+01
2.523923435264721959e+01
2.509650398845434083e+01
2.487012945089081484e+01
2.576471202569380736e+01
2.406044177520249860e+01
2.481865089412706382e+01
2.424061256133449760e+01
