2.423899736909485014e+01
2.507894386324479186e+01
2.487775854111976059e+01
2.537180733349563511e+01
2.371204570282222690e+01
2.507853502642149479e+01
2.521274668619054538e+01
2.470505860425700817e+01
2.488380689914755806e+01
2.516523866567910872e+01
2.431510612875052502e+01
2.483556991983072848e+01
2.414123475292464960e+01
2.560270658464288474e+01
2.537684480371758156e+01
2.499748336092115508e+01
2.532177939955115420e+01
2.449199354171998877e+01
2.530559169174422607e+01
2.551894413981480625e+01
2.599981198125459514e+01
2.426890690701663189e+01
2.529132646798092665e+01
2.475619721557782071e+01
2.573239195305796656e+01
2.428436814503001528e+01
2.496764464092607838e+01
2.523780188849940842e+01
2.503265694328117874e+01
2.485856580150035100e+01
2.471008103715190174e+01
2.447555331016242874e+01
2.560040290457781609e+01
2.466586517377878351e+01
2.485498740032374698e+01
2.399701271560909177e+01
2.494184615719103704e+01
2.458102814952205151e+01
2.449701007302531863e+01
2.435532694113527441e+01
2.621363091795477018e+01
2.506370236729977918e+01
2.468544716349379442e+01
2.590816771445546962e+01
2.461942158377933865e+01
2.480085864107028826e+01
2.459275116164142361e+01
2.390933392813256475e+01
2.530822578784018617e+01
2.504221437237130132e+01
2.492151395078807141e+01
2.621249906419129871e+01
2.483803349834313323e+01
2.547632504432970890e+01
2.492570718489760750e+01
2.409459105353059627e+01
2.464777157907912297e+01
2.460714064393126321e+01
2.505098409358406286e+01
2.409278353803556172e+01
2.489747991891384160e+01
2.539646852654232845e+01
2.500040790711360472e+01
2.575925086929616370e+01
2.522024558077065493e+01
2.463775909283420873e+01
2.451409742688088400e+01
2.511185181981839776e+01
2.490157582194533958e+01
2.623885638878384441e+01
2.475502616769733422e+01
2.649917119989426340e+01
2.474397861688031597e+01
2.557803025339416081e+01
2.472912145391641658e+01
2.469762268511163228e+01
2.384676037589935760e+01
2.517888699929687846e+01
2.515790165437672954e+01
2.455555353541479136e+01
2.431747552379773225e+01
2.433346512874872758e+01
2.475418620073771336e+01
2.497819408496895122e+01
2.528829806110672962e+01
2.517892127204856223e+01
2.559463938205556133e+01
2.491253813696882347e+01
2.431266475072173705e+01
2.460350740252157564e+01
2.440659787563174987e+01
2.575162240559444271e+01
2.556786975662169326e+01
2.473984693699135562e+01
2.444197646093190457e+01
2.443868091106615736e+01
2.534002050710450504e+01
2.494514587163776298e+01
2.463331919546869742e+01
2.479868709727511344e+01
2.504815207131358434e+01
2.491859238534496157e+01
2.536067221357252421e+01
2.510755295310854507e+01
2.444812691277007133e+01
2.578282552426031771e+01
2.534404929964041742e+01
2.484672595514706828e+01
2.447340839637423215e+01
2.543019582049048566e+01
2.453555671210077094e+01
2.498179017687471415e+01
2.395327523539540948e+01
2.499880839846447600e+01
2.512667994201400390e+01
2.470843727174293392e+01
2.499176043105835987e+01
2.487420879259206785e+01
2.461449400305710711e+01
2.498023501564926718e+01
2.451868535352941691e+01
2.522448388249219065e+01
2.508227979738946090e+01
2.596803314528809281e+01
2.514504615449198965e+01
2.475673032506424676e+01
2.501438691674298198e+01
2.541334926743956046e+01
2.518499422163899837e+01
2.540652562246848944e+01
2.465470865987966320e+01
2.479244475608850351e+01
2.412205912721985612e+01
2.510356177151394874e+01
2.530680656798622508e+01
2.440332273489001480e+01
2.503845114265188698e+01
2.665807771851173769e+01
2.513126133133348361e+01
2.484683916603615828e+01
2.471477930750902985e+01
2.585280576914049888e+01
2.535518942522480046e+01
2.461847981120160256e+01
2.460244727969832113e+01
2.486386543927728709e+01
2.478982912255827031e+01
2.526790227033399461e+01
2.560147726617731934e+01
2.513693367619426766e+01
2.522404495930976509e+01
2.542966698400649861e+01
2.525736003041987843e+01
2.533440134914000552e+01
2.500510561523614328e+01
2.464939475476541730e+01
2.498641797473240800e+01
2.509063821640100755e+01
2.510220216675890015e+01
2.560471583032326492e+01
2.550188373763608141e+01
2.499820449935546662e+01
2.493958138300857996e+01
2.521872290766252789e+01
2.476829476235198868e+01
2.535223356454779164e+01
2.412668118665310146e+01
2.631662666440855958e+01
2.472599293977622281e+01
2.402265675261516975e+01
2.524665084736479415e+01
2.520616551377734993e+01
2.475714508493865651e+01
2.458530230218534385e+01
2.462805046942927589e+01
2.492364283631141220e+01
2.594679169238914440e+01
2.525654609450776888e+01
2.496016004949993672e+01
2.435327024722217715e+01
2.491690734640089744e+01
2.482745569905136307e+01
2.485057983070948140e+01
2.513171567569059661e+01
2.458601282312464775e+01
2.550932352678369242e+01
2.561446912332036163e+01
2.401569853151636735e+01
2.504024787280828690e+01
2.516547135203104446e+01
2.476745022779466865e+01
2.566665967756234679e+01
2.467042922049985876e+01
2.515399105554529413e+01
2.534168283557957935e+01
2.484841392953227412e+01
2.487692572302439586e+01
2.453510383879784484e+01
2.413669391451634283e+01
2.425630901782519189e+01
2.461201710691958766e+01
2.463405901832759781e+01
2.534512958478674349e+01
2.478560853041655321e+01
2.548957957216133963e+01
2.475802497425760862e+01
2.445184008539187559e+01
2.528181734890020849e+01
2.509239837575634269e+01
2.418660616915480688e+01
2.469405543972610673e+01
2.565293881699118117e+01
2.434740795943718794e+01
2.577367288669915268e+01
2.527758708763428785e+01
2.426978149070102475e+01
2.560058208390807266e+01
2.482395135860361535e+01
2.462899455542382654e+01
2.539686285837507995e+01
2.507743438274476588e+01
2.528710336439975137e+01
2.573447766596238750e+01
2.420145092951656807e+01
2.468309366217082257e+01
2.469162683673677350e+01
2.433521266783242964e+01
2.480046294566087184e+01
2.532280840325977422e+01
2.498053021045938138e+01
2.527836870332477659e+01
2.549627113396511291e+01
2.449644500976360462e+01
2.443606028161197230e+01
2.626391328055544960e+01
2.503576553897604384e+01
2.497691699399456766e+01
2.487595749267856604e+01
2.504583685716494301e+01
2.511040188412466634e+01
2.538487284065147520e+01
2.515172248114106068e+01
2.437732187004208839e+01
2.463850224136787759e+01
2.510357550036266261e+01
2.398355427703396714e+01
2.520855581310999227e+01
2.507598950357172640e+01
2.498441628995922770e+01
2.532118423871401802e+01
2.501297687786628643e+01
2.475510439226954418e+01
2.534934562803189095e+01
2.451890472085984740e+01
2.513013591816979186e+01
2.483915167513561784e+01
2.470848305004557588e+01
2.427876000920879918e+01
2.562305144311861227e+01
2.486405269169147303e+01
2.426539764778549468e+01
2.478228287898094351e+01
2.463129813791285727e+01
2.536531609014517485e+01
2.559075957432771986e+01
2.550489280774143452e+01
2.479287568463614377e+01
2.414219616653367950e+01
2.398213502967712429e+01
2.567702366041635287e+01
2.483133901513567920e+01
2.520081491287290376e+01
2.422836802711323756e+01
2.535783090846065235e+01
2.508084274799614377e+01
2.496232408033908001e+01
2.458110079129981784e+01
2.510377024861393735e+01
2.479822330934930719e+01
2.499469472709155227e+01
2.494833908992084659e+01
2.476361703438281481e+01
2.440357195053125849e+01
2.519898025115397644e+01
2.463875871505774739e+01
2.493506097294957868e+01
2.598442728926484691e+01
2.493161152065929898e+01
2.512971284796553562e+01
2.465109205612376542e+01
2.517632295266641762e+01
2.461818717480156593e+01
2.528868489915910800e+01
2.522100205921976013e+01
2.552938793616254642e+01
2.557749207364691912e+01
2.445149066513327440e+01
2.503668615389996788e+01
2.466652802024685087e+01
2.504727515073659205e+01
2.453027618437792512e+01
2.529233011894722338e+01
2.551518116818438742e+01
2.472045253357354611e+01
2.501566990730452034e+01
2.539361224860372346e+01
2.498696425087117845e+01
2.578441601206786515e+01
2.497954360785865191e+01
2.466274288285159244e+01
2.509018561334010045e+01
2.602868661836629371e+01
2.524803879733759260e+01
2.514200957783499391e+01
2.529813452168305332e+01
2.458391110534221369e+01
2.480391314679402370e+01
2.430939279700732314e+01
2.556741418537505339e+01
2.483532030520726153e+01
2.544965880553291271e+01
2.499717356096346421e+01
2.483945927659511810e+01
2.470728138268423280e+01
2.558323698607996377e+01
2.460794075461379293e+01
2.488165895829786578e+01
2.502809070336854447e+01
2.499866320576536083e+01
2.445264019085609064e+01
2.402605477172357240e+01
2.475091412089823706e+01
2.477439971778744976e+01
2.399730569015060411e+01
2.486334587010457042e+01
2.470865613773002778e+01
2.579621740983303368e+01
2.528490450606696527e+01
2.444052622093237659e+01
2.547766427801659361e+01
2.489120058991611018e+01
2.548856258788584128e+01
2.514202209553944556e+01
2.507006648183964614e+01
2.408529437309271515e+01
2.484372040004081938e+01
2.527411685180953782e+01
2.575691894480895883e+01
2.441823151062237329e+01
2.624865630789513915e+01
2.478750618782170179e+01
2.408559428883822306e+01
2.626053382059384944e+01
2.460137449337618065e+01
2.410872321114542061e+01
2.518239999181304611e+01
2.533631482149794323e+01
2.549812074577702248e+01
2.458307621701771595e+01
2.619276053721095110e+01
2.564869682204712120e+01
2.562106148995951571e+01
2.478861063974962775e+01
2.564609978264404333e+01
2.473096715301550574e+01
2.445336585480920277e+01
2.550947072465340781e+01
2.520020511212582903e+01
2.558466232432913046e+01
2.536800972141275423e+01
2.458672552129823075e+01
2.549269996021497420e+01
2.615328397848670861e+01
2.467417667413542759e+01
2.512723557660607199e+01
2.522748806577605762e+01
2.506417509877882566e+01
2.500746391195374585e+01
2.460410429479777861e+01
2.444466663747453694e+01
2.434440675232123397e+01
2.431702738564843358e+01
2.430630365884259092e+01
2.568864083325104275e+01
2.442266419898501084e+01
2.456836195120429167e+01
2.542235046404430676e+01
2.511547362577508480e+01
2.690211303259030728e+01
2.484362235331677482e+01
2.445916218027836209e+01
2.507151975806840838e+01
2.492335099154477263e+01
2.468270523076833101e+01
2.453442485371124704e+01
2.441683743805813123e+01
2.503069296477800876e+01
2.528783549997672964e+01
2.495298547997862215e+01
2.475438666757624162e+01
2.510414355354904004e+01
2.445929736952126277e+01
2.535412833795263410e+01
2.517077869914171018e+01
2.462584034935295563e+01
2.562706929904758013e+01
2.536321869045978872e+01
2.512232092377108117e+01
2.499877590079337963e+01
2.462564795806097706e+01
2.480949540816311227e+01
2.511746242975027243e+01
2.556613004590951377e+01
2.512884550566565522e+01
2.519014446508253968e+01
2.498106189570045288e+01
2.407766407759322647e+01
2.461871776655938859e+01
2.422517628712891735e+01
2.498103686534702916e+01
2.508642053768248914e+01
2.491961662086028895e+01
2.559963414460583664e+01
2.441969752212051858e+01
2.443954550578635576e+01
2.476167287213980828e+01
2.473706161719789520e+01
2.513726679011520915e+01
2.541760594166560949e+01
2.514984142279861956e+01
2.446750576522943277e+01
2.519563937575914281e+01
2.483242844762965262e+01
2.599173344993678825e+01
2.468532927319061088e+01
2.512114784173349236e+01
2.497266332778325904e+01
2.542863756356377536e+01
2.573868466122133114e+01
2.470385583476072711e+01
2.505089216453677636e+01
2.474879295438506333e+01
2.470742366139310420e+01
2.453434770487646333e+01
2.448470881048189796e+01
2.450461634147412582e+01
2.468056258391190738e+01
2.624358492047433344e+01
2.573607423832663699e+01
2.516361870694768399e+01
2.563848072370539199e+01
2.496563698302034595e+01
2.520733853956221182e+01
2.426227068576901758e+01
2.485447317790272237e+01
2.488005294035987802e+01
2.505517780322255561e+01
2.458086137145344097e+01
2.492666153802835893e+01
2.462617930641344088e+01
2.470780621247403985e+01
2.469933454526045935e+01
2.540846918688078659e+01
2.532092473061327098e+01
2.475317485406464257e+01
2.540701643995580739e+01
2.443666497938407645e+01
2.463105949347287904e+01
2.522695879212944448e+01
2.522004333574216162e+01
2.463817637078820866e+01
2.463150213393691956e+01
2.490040777348197665e+01
2.564897969147573420e+01
2.462240186499887429e+01
2.416623428466666113e+01
2.388271342971393452e+01
2.462300675013415585e+01
2.587955161212157051e+01
2.429505800752802358e+01
2.522176809961857202e+01
2.427559137993647198e+01
2.489553935384468275e+01
2.676858655815467003e+01
2.459010520478334172e+01
2.467113653526360295e+01
2.455937189196279036e+01
2.434022363047624182e+01
2.523169601437966492e+01
2.531711393066454363e+01
2.450488038776248700e+01
2.535475953145522610e+01
2.497332851529978726e+01
2.535864693074963583e+01
2.528408329862073600e+01
2.442156463085984797e+01
2.443829439021434879e+01
2.488157949024809312e+01
2.521780786391089535e+01
2.435680807955794336e+01
2.556307431406943564e+01
2.513040613097912512e+01
2.476737951360960466e+01
2.483537073216830038e+01
2.487547595890258734e+01
2.464787642782094679e+01
2.501887205722949759e+01
2.564140162793361810e+01
2.499253981228898169e+01
2.504603116778237393e+01
2.470374246915812222e+01
2.522869730854896630e+01
2.472351344975917797e+01
2.490729344440982018e+01
2.446947182301158819e+01
2.487206569391044653e+01
2.475417275009438356e+01
2.450889689120857540e+01
2.549936976445283321e+01
2.496840785952480957e+01
2.516434820065443745e+01
2.514808592028916578e+01
2.542768553019273270e+01
2.455068606691543209e+01
2.439587375709217199e+01
2.510439263468135707e+01
2.486377083119215214e+01
2.441231872172991402e+01
2.597969557511395422e+01
2.497806830892906760e+01
2.539909100496116423e+01
2.520553207630484494e+01
2.523095181304727319e+01
2.588652774762724462e+01
2.466662080351811781e+01
2.502762083815585115e+01
2.425378645298858160e+01
2.498706612755723810e+01
2.489012615803221706e+01
2.502650755507736235e+01
2.473742943322924503e+01
2.465419049614553160e+01
2.457054211023615053e+01
2.635721856664265061e+01
2.506059205707015280e+01
2.482595904966977685e+01
2.457519099345555347e+01
2.469553325987749659e+01
2.460493149642576682e+01
2.548962251431861503e+01
2.572578325303578950e+01
2.504377007256455556e+01
2.498512173677972115e+01
2.527857079840066135e+01
2.446216276956469926e+01
2.458213645214602394e+01
2.495003914292854574e+01
2.587836175641025349e+01
2.526424975425607755e+01
2.573011724461633420e+01
2.401848358050209242e+01
2.558203446131383174e+01
2.469360112014030051e+01
2.558519424495507977e+01
2.544533986237567902e+01
2.443024377848952611e+01
2.422184385329226330e+01
2.486543390371650375e+01
2.453401110817283381e+01
2.558824174401371465e+01
2.522567575314333865e+01
2.466397804294673435e+01
2.591147137738180461e+01
2.509596518979037683e+01
2.480754955110948501e+01
2.538358844670507608e+01
2.490021437140489979e+01
2.454406750349947686e+01
2.509864449448567569e+01
2.431737660617437413e+01
2.533111337026756615e+01
2.409541096639039282e+01
2.493485861746207632e+01
2.493179921600075133e+01
2.477758512018325732e+01
2.474900944104604150e+01
2.561949243294149170e+01
2.480421791580008417e+01
2.497629968122092592e+01
2.520002979876479898e+01
2.472613326403214984e+01
2.456091887726837442e+01
2.472895932909294459e+01
2.451861077585021320e+01
2.485837172915717375e+01
2.524081808222236134e+01
2.522937700158747276e+01
2.537136627740136419e+01
2.500177068330910757e+01
2.430044130238805167e+01
2.573452614223463542e+01
2.468861686136914102e+01
2.479471233979345968e+01
2.517164616509262487e+01
2.518916860488087295e+01
2.511949043527503989e+01
2.558125819819825253e+01
2.541940532182417911e+01
2.487831478974277744e+01
2.524747216209168243e+01
2.424355942483437687e+01
2.440996349889181261e+01
2.441171482119285585e+01
2.490309503401213931e+01
2.536093747148204969e+01
2.498811826015683835e+01
2.523572684179024250e+01
2.476128518648763688e+01
2.573436717854587741e+01
2.455273023639764673e+01
2.519192691411872786e+01
2.477092304453675453e+01
2.483103164072159785e+01
2.534885131866731456e+01
2.496613645141939841e+01
2.497565055475129725e+01
2.490170852698270210e+01
2.464248062631332559e+01
2.487311471771411675e+01
2.483779291090192132e+01
2.430296002508930542e+01
2.495506696723543172e+01
2.454926592075962333e+01
2.461558574424164902e+01
2.471842452187744144e+01
2.550410922065156072e+01
2.479134732465135471e+01
2.389516857673331529e+01
2.418486620079063343e+01
2.509732689182278875e+01
2.482829192629562698e+01
2.479275900788254816e+01
2.439107427184940491e+01
2.521926343857129638e+01
2.465324155599597589e+01
2.473331805703758235e+01
2.457269451517359826e+01
2.536737611251434643e+01
2.500122065600248789e+01
2.469014524456838799e+01
2.538188389270253964e+01
2.484898122329707348e+01
2.651852667758918969e+01
2.451624466830082483e+01
2.467636993481176333e+01
2.482605763698356327e+01
2.468636697247888634e+01
2.436504987719776594e+01
2.467134523906550214e+01
2.458829188231583984e+01
2.523743913862113075e+01
2.421143096590254729e+01
2.505030231832208543e+01
2.478075575257437890e+01
2.471106960670908492e+01
2.408116468216173089e+01
2.509312780726281389e+01
2.404807894904697108e+01
2.402699783214693241e+01
2.629831338245868366e+01
2.474430294540521658e+01
2.477561118356912928e+01
2.600585618501548524e+01
2.513651845164606158e+01
2.522144903935326710e+01
2.423362241960843377e+01
2.560276633665416313e+01
2.501811526821883902e+01
2.458747805769931816e+01
2.462732537169736347e+01
2.551025697768761447e+01
2.381783454404611078e+01
2.502986650029321680e+01
2.511148153593579835e+01
2.480888678031280747e+01
2.523466801829386341e+01
2.587116914587839744e+01
2.542876386520498144e+01
2.433654826750017719e+01
2.502419358220598156e+01
2.444944774832955758e+01
2.393658825545175262e+01
2.454523758164438618e+01
2.497300889504192156e+01
2.574150525757456975e+01
2.442850260791326988e+01
2.503132557961644267e+01
2.514013126633751938e+01
2.454420120578275544e+01
2.554159534256650588e+01
2.462566268564093974e+01
2.539936110355970911e+01
2.444962553398918814e+01
2.442083747484608125e+01
2.546073287875334401e+01
2.473120453121604356e+01
2.488605009635524112e+01
2.522488767998137860e+01
2.498216165241156972e+01
2.485282982559995446e+01
2.553769172028342993e+01
2.619637728586089764e+01
2.589034731736864003e+01
2.464843920959220469e+01
2.539778822474484343e+01
2.480889743447164264e+01
2.494304134562919373e+01
2.446842540343179451e+01
2.610634677367119494e+01
2.527308365510440424e+01
2.515256463574801060e+01
2.466792064310255483e+01
2.480070735824192596e+01
2.512794752700222034e+01
2.540510493376338985e+01
2.494650976248937368e+01
2.527239221419914728e+01
2.488247593781382960e+01
2.464174052542085391e+01
2.453913286587202691e+01
2.548469373559103346e+01
2.482287190876139604e+01
2.516049014252442007e+01
2.576764283006082934e+01
2.488185939726090723e+01
2.480705428962792780e+01
2.485118654842271013e+01
2.482314560634685918e+01
2.428379858273586578e+01
2.477801017940261019e+01
2.591407024414758098e+01
2.449894561783082025e+01
2.519421282608263013e+01
2.527180542917767170e+01
2.400603731025739052e+01
2.533415970132718087e+01
2.416281494820120912e+01
2.547422497181609913e+01
2.540135178013360218e+01
2.471874221995966536e+01
2.449056460589513406e+01
2.410607751030111601e+01
2.422083994103057236e+01
2.558401497908986855e+01
2.491313137529614252e+01
2.422732415445838328e+01
2.373622319353105325e+01
2.474329129576491226e+01
2.470018187317540637e+01
2.559139075371943051e+01
2.419796513155801421e+01
2.404193221111117040e+01
2.557843602373130310e+01
2.512208046670570738e+01
2.396244811340476843e+01
2.488117721227737178e+01
2.482586750637931061e+01
2.470488760161745390e+01
2.505222731398100677e+01
2.414145581627165882e+01
2.464366846482939621e+01
2.402584242189607266e+01
2.399905469376497180e+01
2.491580357265133472e+01
2.430763781085461872e+01
