9.095565679488798239e+00
8.699945684547484959e+00
8.582952619738323463e+00
8.671418617349241131e+00
9.922187988129431702e+00
8.864431647953708193e+00
9.022592136181216915e+00
9.284432764838875585e+00
9.151272706364368403e+00
8.642574165426852417e+00
8.672675138336495948e+00
8.866621749895241322e+00
8.917419904586092017e+00
8.426631354675695462e+00
9.147206513386024085e+00
8.966977666066354047e+00
9.114596177556620660e+00
9.472229060739802975e+00
8.681633834042804310e+00
8.754971639790300131e+00
8.988729387588177744e+00
9.143969446784145916e+00
8.836116918801204534e+00
9.218854807969046661e+00
9.396167734119300619e+00
9.538246035501163789e+00
8.752940724973068853e+00
8.847962605836281469e+00
9.135491696954641583e+00
8.649224075851197568e+00
9.138418948185130120e+00
8.565418062638087804e+00
8.552584433243586304e+00
8.905001792144066286e+00
9.037009862389590253e+00
8.763930746465884880e+00
8.459188710268190192e+00
9.340225901429949573e+00
8.992398866935518598e+00
8.639868870078053931e+00
8.550637489844056915e+00
8.915577256862913913e+00
9.338875722974730564e+00
9.048141157262913126e+00
9.394449837506032353e+00
8.671118126143300131e+00
8.684122114657771618e+00
8.533041397610610090e+00
8.810101666242841745e+00
9.478312577948786455e+00
9.236781834826144788e+00
9.412506534799740976e+00
9.090233289033365693e+00
9.378947735423405874e+00
9.340961113296001983e+00
8.723986250326195346e+00
9.461437214539401452e+00
9.023369284927179379e+00
9.402084666066052421e+00
8.587090596828733879e+00
9.311808777193618880e+00
9.010978958323139665e+00
8.996815019319305051e+00
9.333763128800820041e+00
8.645814957322839334e+00
9.454012804164705130e+00
9.351148414406017295e+00
9.103804208631570916e+00
9.424145308860058634e+00
8.512853760094186484e+00
8.925927919765266338e+00
9.096237621681490637e+00
9.304327356471606691e+00
8.966187505116963052e+00
8.892088150087328557e+00
9.038411065327661476e+00
8.765289085059761121e+00
8.983326512880134729e+00
8.993955045959390660e+00
9.373030261384936779e+00
8.809282050594637425e+00
8.949063793744068462e+00
9.044633452924582429e+00
8.778798849603710153e+00
8.842796194110883690e+00
9.127920529001297467e+00
8.959834385721265448e+00
9.445149134665776103e+00
8.978332305821785653e+00
9.342815095806120240e+00
9.284608802084067136e+00
8.973063370498961078e+00
8.729316730486392117e+00
9.027540554229517511e+00
8.615228505078640353e+00
8.933401624060101298e+00
9.126193491592852425e+00
9.472397457926435393e+00
9.313414963290810533e+00
8.782053064104255569e+00
8.939039107191687705e+00
9.127776754639585377e+00
8.784289750506307115e+00
9.398193056801606105e+00
8.651700036820143325e+00
9.177379447373745336e+00
9.035464651511890821e+00
9.074960316261895699e+00
8.872759097129353734e+00
8.552888006315185976e+00
9.029059866991083538e+00
9.013599688502196727e+00
9.066226719443392312e+00
9.058635595436369314e+00
8.645438585060688297e+00
9.192630063141178809e+00
8.958757024355211485e+00
8.992458514813396420e+00
9.345315302944502633e+00
8.826978081220421046e+00
9.173948668729389411e+00
8.849345374683284859e+00
8.484564904699007926e+00
8.986869289478869760e+00
8.955395284649961596e+00
9.110681082080928306e+00
8.911324453238663068e+00
8.874473411378005494e+00
9.092502753375256930e+00
8.769547022586664298e+00
8.767633922687418035e+00
9.344043121898497617e+00
8.873045964290705356e+00
9.019130341698716080e+00
9.078075877068286559e+00
9.188242540433147809e+00
8.636869401352141651e+00
8.855268163425661143e+00
9.260519844935325651e+00
9.388022273190749445e+00
9.141096912646652584e+00
9.014399565783849155e+00
9.495710128233833203e+00
9.294867247110948583e+00
8.757862544581247022e+00
8.719961213258867971e+00
8.851521175318049828e+00
9.270763404027906773e+00
8.723182488088458086e+00
8.676075908805328751e+00
8.915556043451053014e+00
8.586611954365428900e+00
9.043796240447555590e+00
9.309985373150945875e+00
8.590753088241637414e+00
8.855292747886949201e+00
9.310677177670900306e+00
9.144510437539675962e+00
8.909951502544524615e+00
9.255533823704787721e+00
8.994541181302121657e+00
9.082588290044849799e+00
8.908477778403037561e+00
8.901124018818464378e+00
8.820145651214199134e+00
8.694835494047755020e+00
9.641912503037199045e+00
9.264382289625597622e+00
8.437902546709906915e+00
8.986433155463839029e+00
8.758708246456203383e+00
8.832674156100987162e+00
9.112030143050473541e+00
8.550164230380532970e+00
9.074423265727787680e+00
8.900810753091127125e+00
8.857063206416270873e+00
8.425707144019110473e+00
9.034827613304326377e+00
9.022498460773551443e+00
9.239617917052614260e+00
9.354921174499459369e+00
9.263978368556035292e+00
9.281003076934750240e+00
8.994173077251748083e+00
9.007314260497599534e+00
8.568145874881148316e+00
8.847117047880551866e+00
8.996308100062927693e+00
9.412443795827776682e+00
9.080740447961748174e+00
8.662721248155840215e+00
9.204328879405171193e+00
8.636195285652464193e+00
9.100597619104288327e+00
9.049563603648126175e+00
9.408702161041132328e+00
9.510782595136024753e+00
9.186564372577956661e+00
9.220200049341757520e+00
8.618155664649565395e+00
9.026663554619299035e+00
8.648941662910974770e+00
9.035535461474758279e+00
8.830792125678645021e+00
8.957577503866412272e+00
9.380196389948004310e+00
9.411793848398096074e+00
9.284147336322341459e+00
8.492602884774827388e+00
8.987917751329092653e+00
8.965350357484792809e+00
8.718570945287938301e+00
9.438230762070004332e+00
9.132617993069118256e+00
9.239958935978128451e+00
9.050658385589008148e+00
9.137157977856878333e+00
9.454191133279087111e+00
8.623743610570121731e+00
8.938125541793375817e+00
8.958182379192654921e+00
8.641085161416766525e+00
9.106734586954299715e+00
8.739597552577542672e+00
9.189748440832472554e+00
8.845102257292992931e+00
9.086559718925075302e+00
8.877237904488760378e+00
8.432646402401520191e+00
8.753998557996244045e+00
8.843964020398399128e+00
9.096738432998177970e+00
9.306896925893084926e+00
8.730402170152697039e+00
8.632626289827417310e+00
9.516185873542889695e+00
9.043805138272897892e+00
9.028882837164506014e+00
8.857554149120662856e+00
8.617883372652583418e+00
9.226512652036221951e+00
8.748939223368676465e+00
9.085778939362615603e+00
9.852132920859039800e+00
9.226140482166293566e+00
9.317459831966189654e+00
8.956920764532059209e+00
8.610821514820672817e+00
9.463920815753699145e+00
8.785551152508123351e+00
9.143947482653649317e+00
8.893915320945556147e+00
8.731989321065196208e+00
9.054457136094912428e+00
8.923551661860319228e+00
8.690235615323805618e+00
8.573593965773682157e+00
8.810266426113058102e+00
9.105134065712679359e+00
9.244820080347382785e+00
8.769562528898021014e+00
9.419908449953886986e+00
9.116588873185815345e+00
9.060692792118434369e+00
8.661946654561052839e+00
8.931254175866786937e+00
8.789723676536013386e+00
8.841815225423937719e+00
8.676607263287394289e+00
8.647864853072185554e+00
8.948883584879284925e+00
9.034545110554299541e+00
9.231098080563349129e+00
8.759230954093625954e+00
9.236969657977262216e+00
8.546319988827452363e+00
8.847246667622137295e+00
8.782155230831119042e+00
8.798197313113009344e+00
8.991846355990489315e+00
9.124168663654312894e+00
8.735033862643181379e+00
8.897498136053101803e+00
9.108647833036449981e+00
9.150574002922553518e+00
9.621886977064866286e+00
9.109709793302156910e+00
9.008429269151763563e+00
8.979095713126138634e+00
8.959213601065561861e+00
9.009787478614166290e+00
8.882416031032953185e+00
8.639917203918491495e+00
9.241552587744466862e+00
9.217771076077584169e+00
9.303787000891416525e+00
8.835598526760156446e+00
8.947764299760494922e+00
8.905434090888446619e+00
8.981111062207126849e+00
9.006522302723993789e+00
8.972398176732035324e+00
9.178671758211313758e+00
8.141264961788028387e+00
9.508984782336453279e+00
9.531643360759670003e+00
8.896963680176906308e+00
8.975088245685464372e+00
8.966957373427881350e+00
8.772419181152265821e+00
9.060881822418075160e+00
8.941900245703806149e+00
9.139001656417137909e+00
8.674788853191685689e+00
9.008846520884588926e+00
9.223643622155195843e+00
9.037119778132751691e+00
8.936451794407265226e+00
8.881067373334316173e+00
9.952684291125923011e+00
8.825984719724399241e+00
8.735080723278841219e+00
9.267501930549139288e+00
9.172354132840409235e+00
9.298342329457893740e+00
9.201591918784716384e+00
9.236283640153679642e+00
8.709632797306667840e+00
8.793314526011990040e+00
9.020353743691822856e+00
8.899376497776707140e+00
8.795153152424557419e+00
9.048813853606194613e+00
8.990748807815714727e+00
9.036806916646495935e+00
9.207480101099598357e+00
9.393242541368763909e+00
8.618828867591448173e+00
8.645063768940353555e+00
8.949355861499045162e+00
8.400674249456471898e+00
9.034821809042965057e+00
8.790036696863467114e+00
8.982906627071708172e+00
8.962852213456525163e+00
9.224438905983802783e+00
8.836319224445830400e+00
9.303151537480065514e+00
9.103982304106967405e+00
8.602054588407247238e+00
8.928158678939970727e+00
9.310244817491842184e+00
9.042529297070014849e+00
9.256274513207046084e+00
8.847215599102064232e+00
9.039470108665202730e+00
8.941023565092931946e+00
8.844736172374188854e+00
9.377569884824684010e+00
9.170364832270347932e+00
8.665396606192965478e+00
8.738396980645031675e+00
9.127383296079189634e+00
8.904139212028360006e+00
9.208113425239208283e+00
9.135766221317597413e+00
8.695747441489828589e+00
9.004086792403812822e+00
8.864277287479715994e+00
9.161033121465747442e+00
8.956601907267259577e+00
8.845649663486696568e+00
8.704070764650943204e+00
8.686533316923760850e+00
9.069171082398968409e+00
8.982343961054105819e+00
8.921130831427541708e+00
8.950037550661809505e+00
8.585748051599855657e+00
8.847606499826166981e+00
8.900266679382745849e+00
8.937812318395135236e+00
8.931711474563591935e+00
8.863562971847017025e+00
9.172402900958992689e+00
8.742491881506808227e+00
8.792751685128365580e+00
9.081238500963888072e+00
9.096870261879407948e+00
8.892674614389715515e+00
8.958870829774006950e+00
9.147370593331581645e+00
9.037026373849155192e+00
9.078768178816069678e+00
8.473626531150337371e+00
8.964414320979102513e+00
8.812921775623415499e+00
9.123282061180947977e+00
8.813605939327068484e+00
9.020637633409078759e+00
8.969101255002890127e+00
9.027041339534534359e+00
9.058481503700127391e+00
9.210324317622356816e+00
8.639430439887318514e+00
9.257808401599312731e+00
8.809307999126597011e+00
9.277547712638952504e+00
9.366005259234068347e+00
8.532283058230254014e+00
9.160783575979827731e+00
9.189888199360751742e+00
8.891495159763843859e+00
8.719622869468864224e+00
9.079676707205914354e+00
8.524288374363345966e+00
8.551514963360519417e+00
9.011331712079206469e+00
9.073952587106090206e+00
8.820288300113379165e+00
9.454486649041463409e+00
9.429931930549585672e+00
9.181758239307448832e+00
9.215276766832474209e+00
8.816087392655928667e+00
9.153219966528874707e+00
8.742871154488200958e+00
8.733044287747631529e+00
8.820354744051776663e+00
9.221726678182672998e+00
9.095694530792473032e+00
8.852788842052618179e+00
9.208595130741683121e+00
9.026933687297441722e+00
9.242370959177961254e+00
9.014257601709678269e+00
9.029038360861850521e+00
8.947294967567216872e+00
9.259137891001063991e+00
9.305462928448172022e+00
9.117244036089179104e+00
8.944019542340020834e+00
9.477847668960178495e+00
8.887692373285329239e+00
8.889499597036602196e+00
8.813099503766320453e+00
8.951606542753351548e+00
9.011239116738259725e+00
8.923495632867584959e+00
8.915645991834219686e+00
9.132620375830009962e+00
8.716218024859658797e+00
8.748182619354576417e+00
8.797021896583835598e+00
9.498332211824532578e+00
8.828821333290553852e+00
9.218597925750374955e+00
8.870402610025813317e+00
8.465866308816673680e+00
8.965853825666634691e+00
9.075043009956990758e+00
8.848863078727838172e+00
9.172977580080521776e+00
8.823355955839446096e+00
8.699091397118616342e+00
9.076286478889763032e+00
9.324666055046057167e+00
8.931411301437439221e+00
9.110635665541277461e+00
8.742942539133554902e+00
8.643095967197627516e+00
8.780324970244555161e+00
8.899670166010640315e+00
9.292970661791299491e+00
8.830612642705908399e+00
8.806303982328334001e+00
9.131784879419065248e+00
9.030815466334637165e+00
8.839326897837255004e+00
8.967141506207420676e+00
8.880521382554674048e+00
8.990250273145264259e+00
8.813993678052247205e+00
9.242293899702129778e+00
9.003117933238424797e+00
9.107958965721426381e+00
9.105463046362542556e+00
8.979053570959324659e+00
8.696221355879863779e+00
8.899040038406548447e+00
9.110835924729119739e+00
8.780450319694105943e+00
9.006797321030848735e+00
8.981395966493744609e+00
9.284233211643300621e+00
8.502180100067011637e+00
9.533760735600690595e+00
8.812802853957485638e+00
9.072561198969076202e+00
8.803998612924553768e+00
8.559604559466887252e+00
9.249450896157377144e+00
8.903734772196642666e+00
8.705147281824489269e+00
9.083442694284430630e+00
9.179757490714672841e+00
9.387476343328735595e+00
9.067280722583120678e+00
8.713595534522665886e+00
8.871497816683040938e+00
9.197723096536256193e+00
8.784619707251062337e+00
8.691185872426698822e+00
8.964402669835640936e+00
9.254406064289577571e+00
9.017675572967450037e+00
8.894374520581566301e+00
8.772241577448040672e+00
8.867529596182238905e+00
8.995886900422778609e+00
8.699025479570710928e+00
9.243470398753336426e+00
8.773114990231892563e+00
9.413662786531752147e+00
9.444927043590871207e+00
9.016699693324474296e+00
8.910533041259059317e+00
9.135454753465035438e+00
8.942813593430413377e+00
8.702988804941067968e+00
8.897298578614211806e+00
9.300016109800482766e+00
8.957656744865614584e+00
9.134972218971249447e+00
9.143857841592332392e+00
9.317863443977135063e+00
9.185391787073964309e+00
8.684823846768415123e+00
8.975201391022373798e+00
9.226833710896801932e+00
9.116991693694501464e+00
9.053976104353962384e+00
9.101937961260077259e+00
9.012983335541020935e+00
8.847479033960967243e+00
9.047129181825868116e+00
9.234199441481850457e+00
8.860405105845208240e+00
8.512277950379258940e+00
9.023607136407211016e+00
9.128612578978408720e+00
9.162358811925860991e+00
9.078197881435384531e+00
8.510570444254117461e+00
8.961894850153182546e+00
9.316297812521240118e+00
9.061408925843945639e+00
8.826975584916958439e+00
9.538775207387407917e+00
8.697570031841699745e+00
8.937136251454031566e+00
8.859175911784181068e+00
9.170568450392503124e+00
9.320774299914667438e+00
9.109215389811012642e+00
9.156716596011861498e+00
8.649544790374021019e+00
9.015475881372992717e+00
9.282605873716505585e+00
9.239264473422268864e+00
9.188880246762670012e+00
8.941221493384286845e+00
8.898526376910400160e+00
8.765602993635635443e+00
9.097845671386087574e+00
8.598480331854007730e+00
9.080386154759754191e+00
8.948901895349273161e+00
9.234833271355237017e+00
8.691713254199335381e+00
8.910475219256277057e+00
8.596093242504048604e+00
9.255219290604333793e+00
9.038887888086192035e+00
8.591064637134783410e+00
8.841902441500606002e+00
8.775883711958897493e+00
8.636855959951100559e+00
8.945263771891402982e+00
8.811974935124654351e+00
9.173327531351842978e+00
9.220590306393736668e+00
9.161718541308101038e+00
8.905096908505662157e+00
9.232459182278988763e+00
8.906606822050566308e+00
8.978284729381950768e+00
9.189500713029946866e+00
9.158717975557465252e+00
8.546417430391478831e+00
9.055923156102295479e+00
9.008455724565864742e+00
8.983855900365474767e+00
9.022872585651587229e+00
8.903657835308251833e+00
8.874119758483340448e+00
9.204998622510821349e+00
8.790584739048078688e+00
9.141214106578095411e+00
8.747502118227552970e+00
9.080433297319821406e+00
9.001896466337509395e+00
9.112687992188819308e+00
9.347920926657671714e+00
9.154186760852144999e+00
8.612572132971235916e+00
8.802751851133777450e+00
9.223808824066901835e+00
8.809842879940186222e+00
9.080023026696041555e+00
9.100647205936230222e+00
9.103390387317217503e+00
8.819773221633713689e+00
9.305844750322110670e+00
9.030347434929730355e+00
9.124671318663736486e+00
8.805813378691158988e+00
8.990806499055342016e+00
9.046527136281170556e+00
8.642134603106661928e+00
9.033956387341877559e+00
8.865151289172908733e+00
8.981601666659873473e+00
8.577890859525323819e+00
8.933436394645585921e+00
8.999829148721101291e+00
9.168496267398937860e+00
8.791305507796463914e+00
8.771842208722624434e+00
8.832869534116602139e+00
8.781796595347827861e+00
8.966392064851600452e+00
9.053362680769593496e+00
9.629741557980876721e+00
9.178509254571107334e+00
8.812347428295142393e+00
9.263306419771854650e+00
8.896653228558156101e+00
8.978809476074861351e+00
8.690341585040515682e+00
8.866754622050452284e+00
8.913548955555848252e+00
9.144165687319985025e+00
8.602711088130304162e+00
8.772265854644574645e+00
9.254203379082834857e+00
9.246241019283063522e+00
9.027561103811034826e+00
8.709840078546502440e+00
8.959263661200692397e+00
8.923841711303328594e+00
9.372429978002948303e+00
8.844522426995281350e+00
8.948483065741516640e+00
9.330331352649707810e+00
8.817752109615627276e+00
9.049565055418598902e+00
8.936670687288389203e+00
9.023721856460548807e+00
8.826600636101341379e+00
8.982687566147262714e+00
8.852959507167028619e+00
8.818652942732338573e+00
9.041536703655021157e+00
8.884973348331218546e+00
8.772458091787695977e+00
8.795821215005151572e+00
9.271102367747573680e+00
9.100991276084521076e+00
9.113320007951356772e+00
9.118780770196604379e+00
8.991901461734645551e+00
8.954365725517661190e+00
9.235324743970641848e+00
8.786463372310240771e+00
9.138434255046634647e+00
8.950547292944717626e+00
9.012598431838398483e+00
8.640585902580797395e+00
9.085216035562702075e+00
9.214816816111900621e+00
9.176328696792463546e+00
8.927016782439377351e+00
8.855327341393847362e+00
9.122017299723793826e+00
8.906007184167146207e+00
8.936317021145484318e+00
9.049808199219933513e+00
9.052167060642098306e+00
8.989954942769703194e+00
8.940869562830007666e+00
9.213771562272631499e+00
8.601576614041436031e+00
8.794336095373276763e+00
9.273133423252357233e+00
9.241434221001483706e+00
8.667458813570279474e+00
8.820648574065113934e+00
9.157087059459245282e+00
8.840856011668293490e+00
9.241941439446167195e+00
9.214443409113584948e+00
8.656503536127955201e+00
8.774153179732646635e+00
9.397129166898521291e+00
8.953002642911664921e+00
9.175222648613074128e+00
9.230865095467441606e+00
8.776432129922973502e+00
8.935332571048363093e+00
8.995419289348310699e+00
9.094715663511339088e+00
9.006729156277227588e+00
8.800447385983851234e+00
8.905116768006742234e+00
9.304904587146481276e+00
8.822911392616864745e+00
9.322541047481697873e+00
8.547234046944856445e+00
9.090124070074555362e+00
8.743836872614675571e+00
8.833580936120062788e+00
9.129347852217900794e+00
8.746545796627200886e+00
9.020269454503624829e+00
9.411775994526257350e+00
8.892454109122189365e+00
9.194581777074759543e+00
9.251019786698110536e+00
8.817059592361298215e+00
8.982624861055152010e+00
8.842854642013648458e+00
8.928286550313796255e+00
8.763941471251891713e+00
8.942358867749678808e+00
9.051944582565198516e+00
8.778567195382152022e+00
8.705742653600264447e+00
9.191654171139289176e+00
9.254862995931091518e+00
8.746801605256372625e+00
8.955825122495978619e+00
8.735587608024129480e+00
8.979224789816321106e+00
9.187731813124280222e+00
8.920363226613432062e+00
8.846666142324638216e+00
9.183965576303441125e+00
9.054508539755293128e+00
9.302960556348860877e+00
8.975811723196862602e+00
9.203985353560893756e+00
9.130693661739691436e+00
8.580733513172857485e+00
8.665339345000360183e+00
9.317352390596797207e+00
8.877867079346236423e+00
9.183616018880044862e+00
9.005668109026821355e+00
8.558417451482824845e+00
8.983329635332475860e+00
9.127508595481831577e+00
8.864001585380439252e+00
9.057440470974453817e+00
8.811323560032857216e+00
9.013887106733973198e+00
9.369471351041759988e+00
8.918856830388145696e+00
9.119299956508127636e+00
9.164169171627760235e+00
9.223083934720376575e+00
9.085464084466520873e+00
9.304096007277070868e+00
9.010175743566753326e+00
9.445350729471179818e+00
9.252361474628497007e+00
9.272998641030570255e+00
8.981100582822310940e+00
9.181294358682890788e+00
9.026975355358301201e+00
8.773078868440366662e+00
8.646420178917679777e+00
9.305755867078961074e+00
8.608501721273183804e+00
9.376059994893495286e+00
8.907421758959712221e+00
8.814408002416199039e+00
9.463647563388178696e+00
9.072337134431998962e+00
8.657946889573505445e+00
8.748273982366701063e+00
9.267913753757717643e+00
9.042749937210436073e+00
9.042088578785911324e+00
9.422771857148608987e+00
9.488160288129726894e+00
8.903216619515955443e+00
9.011724468718297132e+00
8.990902510478600007e+00
9.164013669720922906e+00
8.533429854218857358e+00
9.258904424025612201e+00
9.276467583347194790e+00
9.156083358098555891e+00
8.667900770215618778e+00
8.705271862710542763e+00
9.116175142628501149e+00
8.766001389016789602e+00
8.818155204890430809e+00
8.866208752067029408e+00
8.859002883748622992e+00
9.340571820330955788e+00
9.186996290640088603e+00
9.011618179586273314e+00
9.022912704791446359e+00
8.858639988726555003e+00
9.153318406690935660e+00
9.031090756114409146e+00
9.161746224190974175e+00
9.295716694287953885e+00
8.794476956848667371e+00
9.045025534392038935e+00
9.227603849459690366e+00
8.831144653498316899e+00
9.112326170970943551e+00
9.040944131235303161e+00
8.981168358061630386e+00
8.968969577001377758e+00
9.340156521910927268e+00
9.213892299014732501e+00
8.827766482908742773e+00
9.257682930054452086e+00
9.033896705717378239e+00
8.945832096975244951e+00
9.194591560043141598e+00
9.062125187607099619e+00
9.168221895727144855e+00
9.127527367879160636e+00
8.617700863542170353e+00
9.152275050106661425e+00
9.579088051669970127e+00
9.453814239517754459e+00
9.009743638940287624e+00
9.048559996081181112e+00
9.032966264363402331e+00
8.831669098182429067e+00
8.560575743735070020e+00
8.801045597098866580e+00
8.909063700376703920e+00
9.297748891682179107e+00
9.138265972422205508e+00
8.995046994924905448e+00
9.265641500730415814e+00
8.934221223228567155e+00
8.740032923239024143e+00
8.652797114539756862e+00
8.851550510378194403e+00
9.114565197409849162e+00
9.110607184664786473e+00
8.807265559137247735e+00
8.602074915651638065e+00
8.698122269815012686e+00
9.019466791052638044e+00
9.114753366491330056e+00
8.711535968561802790e+00
8.971807797803638351e+00
8.871787584568231466e+00
8.759898296649373250e+00
9.280493782098309552e+00
9.085363908496672636e+00
9.072921542425405050e+00
8.963452507421047599e+00
8.874327045098045375e+00
8.674118350091772456e+00
8.858885489140458702e+00
9.356823538283185471e+00
9.006394646994449360e+00
8.742118927857392308e+00
9.201537091288601644e+00
9.360961699195428309e+00
8.507947490111002153e+00
9.086020278411696793e+00
8.841287328159921799e+00
9.121517032761603971e+00
9.054654128753128361e+00
8.682838921755951844e+00
8.947895661494106534e+00
8.737158730824925001e+00
8.842309509493281539e+00
8.963353165561652958e+00
9.198875442411642567e+00
8.875676665438765767e+00
8.850004422346501087e+00
8.615261659751626055e+00
9.509616595455979038e+00
8.959443153598048326e+00
8.628660622602080110e+00
9.008362645778817068e+00
8.811732993976727712e+00
9.016020516797238926e+00
9.281920052060835147e+00
9.160974455227560043e+00
8.926589503064215947e+00
8.673797215063553168e+00
9.488761107963377128e+00
8.717556678877373955e+00
9.133863400774306029e+00
8.924560058842805788e+00
8.970435861525286825e+00
8.852417881309634140e+00
8.870765909348678591e+00
8.714858070344400076e+00
9.013674228070600591e+00
8.977168162944007435e+00
9.210355006053827509e+00
9.176024207984562864e+00
9.089408930959869792e+00
8.961411250410243667e+00
8.832989859333908456e+00
8.677052043685190341e+00
8.962349334579506888e+00
9.013294917317825394e+00
8.600971795250879737e+00
8.988014268443551558e+00
8.932521329804419707e+00
9.104448459237534763e+00
8.931287856181226559e+00
8.738652327419254462e+00
8.990497657522334762e+00
8.980188570317256591e+00
9.343978015405173920e+00
9.148509371349437203e+00
8.954807881609005094e+00
9.321270867989515096e+00
8.815968711254612344e+00
8.712854858624284660e+00
8.808286738239782920e+00
8.993503266917816319e+00
8.791297848949124472e+00
9.109877171359242354e+00
9.040403014030792050e+00
9.119227862892834935e+00
8.939180073971655816e+00
8.867653085061522944e+00
8.970548819825557629e+00
8.867027571254801899e+00
8.891663620126490031e+00
9.207999053100815345e+00
9.174588334103109588e+00
8.842776059468981487e+00
8.854185020854989929e+00
9.550944046832457346e+00
9.157243000594229798e+00
8.902136998330485440e+00
9.022894667889344689e+00
8.853448160607261030e+00
8.733058678201738090e+00
9.087762755637839973e+00
9.343024490039082863e+00
9.085670867138667006e+00
8.904052384440014123e+00
8.680986942612570090e+00
9.070617464572938715e+00
8.748920265492300175e+00
8.611730021850112493e+00
8.982812518630151288e+00
9.039068470516768983e+00
9.199901128466395406e+00
8.776438391583718968e+00
8.875826195104824734e+00
9.007084547306989819e+00
8.846233654174572081e+00
8.811165253906228401e+00
8.975443632379940695e+00
8.963943461777315491e+00
8.796542465913054443e+00
9.224662940527403876e+00
8.904868909526859611e+00
9.279542999162297079e+00
9.019304650790015643e+00
9.342204790375044254e+00
8.881015797599895123e+00
8.954244372642833127e+00
9.014575957331240730e+00
9.085435715934602641e+00
9.075710949364248492e+00
9.231622417118039436e+00
8.976079898619323316e+00
9.022990289440027567e+00
9.146289001750803394e+00
9.198096432150737911e+00
8.913622133324901498e+00
9.407368376630389051e+00
8.926823210377119011e+00
9.025378179227068642e+00
8.862975708279591913e+00
8.975051991202997570e+00
9.044447510240015475e+00
8.996459441416288172e+00
9.537613511025249124e+00
9.126135649827686436e+00
8.654939558711140180e+00
8.945388308080360673e+00
9.074144385406562208e+00
9.152575651106378274e+00
9.113162881558848127e+00
9.103393039408523180e+00
8.941060519849351351e+00
8.927503802937851063e+00
8.889518985797803197e+00
8.994493387699613152e+00
9.047119282139934882e+00
8.619184608406744275e+00
8.741189256540394581e+00
9.222420921110730418e+00
8.897309879706600810e+00
9.129647246416144668e+00
9.372453240414472475e+00
9.513073446894852125e+00
8.809296827888129400e+00
9.169737815092485533e+00
8.849585486819840696e+00
9.456290162301074886e+00
9.159591202866034010e+00
9.008196758039375140e+00
8.853351548205930399e+00
8.920080740235466266e+00
9.092613446293306367e+00
9.038439821376032413e+00
8.959945086248239932e+00
8.832387813625958373e+00
9.000590334072487764e+00
8.504039941808523295e+00
9.136255386773699527e+00
9.214673081618030892e+00
8.844071376904739878e+00
9.010973169276796924e+00
8.788057634948284402e+00
8.845291466380910350e+00
9.107632200368222186e+00
9.196040358917700885e+00
9.467136450862769337e+00
9.163244859997735858e+00
8.539024595636396597e+00
8.969428194945022526e+00
9.416949915185268694e+00
8.814099338022256092e+00
8.795391316337381582e+00
9.132821968886261743e+00
9.026882539157830010e+00
8.913483413853052539e+00
8.865177111311055569e+00
8.966190642925369048e+00
8.967893492904837061e+00
8.946124299863559060e+00
8.818676533531908390e+00
8.703753738241156057e+00
8.895694985727811144e+00
9.287512668277326355e+00
8.826779947824473282e+00
9.190042649229720695e+00
9.036899676716725338e+00
9.130052550759456764e+00
8.986975753002711897e+00
9.426229685413384018e+00
8.558105658246551783e+00
8.926383706186735267e+00
8.905347290534004756e+00
9.090200298124230471e+00
9.037990833366002619e+00
8.639408392750803856e+00
9.023779562440752855e+00
8.602391289873871472e+00
8.681103445946334318e+00
8.811017530837434109e+00
8.999062915509513871e+00
9.024160839263714706e+00
9.025415936964149566e+00
8.861333860750987057e+00
8.970967670063259902e+00
9.170704876668965611e+00
9.176030279414423063e+00
9.145289836391034655e+00
8.980287305039295731e+00
9.070089649406414267e+00
9.065229847258436280e+00
9.325576290383382982e+00
8.761827142806930979e+00
8.872798993401030287e+00
8.976965702524413615e+00
8.965728566711607783e+00
9.164136208579376941e+00
8.635801725091234005e+00
8.871252004891449161e+00
8.953170235774223329e+00
8.947281779286806014e+00
9.088702289481338070e+00
9.013745961468611512e+00
9.329290119946948678e+00
8.847648367439992612e+00
8.870475259590650197e+00
8.869081321225921855e+00
8.839532250590680817e+00
8.523211261056093946e+00
9.181784962132567784e+00
9.568008590762753229e+00
9.389347647290312793e+00
8.858667298720032335e+00
8.863652536536582360e+00
8.744987228107284238e+00
9.261731127322889279e+00
8.666250008523856962e+00
8.669250864455548822e+00
9.001310229041269650e+00
9.155568821224015608e+00
9.123496329461014298e+00
9.215908899629052797e+00
8.828815131908706704e+00
8.850235314414280907e+00
8.689016502365824124e+00
8.649170515966241979e+00
9.098448629835726109e+00
9.107969704190573168e+00
9.142495201579951214e+00
9.069455774394940661e+00
8.776433972885556045e+00
8.887808614730712264e+00
8.921725877828672324e+00
8.917713853226054255e+00
9.335145941121217206e+00
9.143577949592508247e+00
9.326117685303513483e+00
8.744199531598443542e+00
9.057708600813214161e+00
9.288466022224987739e+00
8.917762181937117560e+00
9.010158110779586949e+00
9.125396455534753315e+00
8.988175691885640362e+00
9.340673767683284723e+00
8.825741769163316874e+00
9.146081120120204133e+00
9.218406216680167020e+00
9.628876244298469445e+00
8.655055372199703001e+00
9.037230528139080121e+00
9.198515311917953241e+00
8.623007749610962946e+00
8.522891605200294762e+00
9.195878464710846245e+00
9.147014897528183752e+00
9.307774017718237758e+00
9.231288482109505367e+00
8.577712945626673857e+00
8.863537315091189583e+00
8.702534638069163719e+00
8.919805694222638692e+00
8.955613991926325568e+00
8.791996154675571162e+00
9.223010772139190294e+00
8.760327285501100292e+00
8.854701367232495457e+00
9.032425631639846131e+00
8.878210014812255579e+00
9.292363135862702350e+00
9.213509153034594945e+00
8.984811797461942362e+00
9.085661254527124697e+00
9.041495565827412761e+00
9.084637050113963497e+00
9.321979022288068961e+00
8.955898723028548503e+00
8.842753661927075015e+00
8.985419638931666952e+00
8.967224420268877338e+00
9.156493973195994229e+00
9.075824155616244227e+00
9.081155308645199042e+00
8.962116109351381255e+00
9.057925217652075034e+00
8.861721743638032223e+00
8.990523665590927749e+00
9.153254620754617932e+00
8.978754789649375567e+00
8.939591352764917787e+00
9.450597684884497696e+00
8.826854523235722283e+00
9.262460102286535601e+00
9.241748072744472964e+00
8.999807362250393794e+00
9.430778103111137511e+00
9.251831150772515500e+00
8.987719967410329858e+00
8.783862932414384872e+00
8.641518352891372601e+00
8.987981313494675106e+00
9.091008079850514179e+00
9.092203018680908855e+00
9.235109307271539336e+00
8.738139325727305007e+00
8.943608768208891391e+00
8.811321657919780392e+00
8.713912726209187554e+00
8.816867941294869837e+00
8.796955830086305994e+00
8.824958054500530835e+00
8.832550299316862308e+00
9.164418693465355759e+00
9.230006986824697890e+00
9.313335260366393697e+00
9.159939138034809858e+00
8.931924528510290173e+00
8.773338628297434383e+00
8.862538380396390636e+00
9.040898694802795177e+00
8.788908111222911046e+00
8.789035394511993005e+00
9.103235499916310758e+00
8.719699961505535057e+00
8.900528054872676620e+00
9.086709803677056385e+00
8.529973636472973908e+00
9.213275706130103160e+00
8.715562261049781156e+00
8.770257590968494554e+00
9.373368968729812067e+00
9.036435873232488092e+00
8.877300031738085906e+00
9.080409394724441086e+00
9.147208552829008354e+00
8.834631372359362800e+00
8.965051034185480106e+00
9.402599776804793308e+00
8.809094354666010318e+00
9.297009395692846567e+00
8.743183308013346533e+00
8.665476519159128088e+00
9.016226456396047695e+00
8.476695217671363025e+00
9.214459890065976211e+00
8.880519333767736612e+00
9.173462966392481377e+00
9.291640318602588877e+00
9.072859689199948008e+00
9.068802047860334170e+00
8.891177151684134472e+00
9.039890919727167073e+00
9.001656836442268883e+00
9.060358422525439437e+00
8.805623651575833932e+00
8.611133624981732737e+00
8.836720303664970189e+00
9.286283683614216855e+00
8.892175075078860402e+00
8.841762657585583440e+00
8.629217123153685165e+00
8.795680745884034479e+00
8.804179328675957095e+00
9.285212695217243350e+00
9.308792257524212133e+00
8.848269474740614982e+00
9.059166505184659712e+00
8.741561694325298504e+00
8.993569821015146459e+00
8.892762357996357281e+00
9.316022181561349313e+00
8.701801031584807333e+00
9.208303467203480253e+00
8.890435949933264581e+00
9.298845068341844211e+00
8.913676131058823060e+00
8.982509565541539232e+00
9.175621356233977011e+00
9.099274230346939163e+00
8.676106822910851335e+00
8.780850556333426482e+00
9.147789550039693296e+00
9.086039560624767475e+00
8.820337130366182166e+00
8.954906883914375726e+00
8.870527939039121179e+00
8.958410623060494515e+00
9.164945407322869997e+00
9.126061039716422130e+00
8.825688960766427726e+00
8.820879651911193164e+00
9.072672704552161349e+00
8.656480837378564885e+00
8.683377312480221377e+00
9.013784837807177652e+00
9.328115543354957850e+00
8.704980878981288583e+00
9.287571267716977275e+00
9.204967572767062123e+00
8.642901945095449179e+00
9.256800100934066577e+00
9.254771621069243892e+00
8.705929246783053799e+00
8.853282936207891751e+00
8.550790072445890289e+00
9.236789248782466544e+00
9.021393465693485325e+00
9.239193098465316112e+00
9.050944297490536528e+00
9.186397797477177107e+00
8.871016619977858397e+00
9.084018126357118916e+00
8.934503066718656683e+00
9.593219962456160488e+00
8.826257949661432178e+00
8.851192325771187086e+00
9.193045656242787800e+00
8.859971296766428139e+00
9.167177698305817302e+00
8.613865891141799125e+00
8.897068399998127930e+00
8.726187323020495157e+00
9.273998134700804030e+00
8.804840054784461856e+00
8.702750823367209065e+00
9.113891336872663729e+00
8.968992173980010918e+00
9.351251590591193263e+00
8.802692660763051791e+00
9.250826949610003069e+00
8.856930187502429774e+00
8.902454785514276381e+00
8.929177557489653694e+00
9.179158394502733742e+00
9.024608158203189845e+00
8.909331021244012661e+00
8.966562006176076238e+00
8.879203464804136914e+00
8.848453580626497228e+00
9.167937145262282428e+00
9.117988079380349831e+00
9.105458919639389137e+00
8.924565987824365720e+00
9.317824235442140335e+00
9.197174291768879684e+00
8.662371304287477258e+00
8.694283331578663621e+00
8.895959441479675434e+00
8.900116975057876800e+00
8.579387723575395697e+00
9.475681280569988374e+00
9.225273587471530590e+00
9.219879532333850491e+00
9.165823184766045628e+00
8.908648378424933512e+00
9.043212859881450072e+00
9.053178106517105306e+00
8.909302051145584045e+00
9.217410722288009950e+00
8.994043251978331099e+00
9.080530609688171495e+00
8.868973319313369075e+00
8.744667214213727391e+00
9.086050296936750925e+00
8.857144788354778697e+00
8.875199442802893302e+00
8.652026120100339668e+00
9.060055446560374648e+00
9.472738752869663159e+00
9.181519856548529646e+00
9.031242822325896924e+00
8.711172496212485683e+00
9.131030744693735102e+00
8.843143538914846502e+00
8.918272673190170252e+00
9.361845318795349868e+00
9.083083618245312962e+00
8.927661721428943764e+00
9.140729520987646239e+00
8.994920593424222233e+00
8.874578008804085982e+00
9.159444547519070667e+00
9.240743655602848605e+00
8.894880057517262628e+00
8.679670383821445512e+00
8.741673516561490942e+00
8.644683227652569357e+00
8.831273227720926045e+00
9.047722830983527587e+00
9.433771855564680564e+00
9.059991036890629346e+00
8.702862870142499929e+00
8.412543784604997299e+00
9.274645589328468276e+00
8.637094227869452467e+00
8.750483704618229552e+00
9.220573089782455156e+00
9.087402541062072459e+00
8.910448676939637380e+00
8.725714867566928490e+00
8.646243397866502534e+00
8.982069642689598510e+00
9.347312905063436261e+00
8.570594085175656573e+00
8.838500826761645612e+00
9.230973582571897040e+00
9.184838802849567330e+00
8.894922658139751803e+00
8.287436707642591216e+00
8.680305192426923000e+00
9.041793982929862139e+00
9.090392942492552919e+00
8.962122255159808759e+00
9.017398069900966817e+00
9.084016047338824507e+00
8.904051695193279770e+00
8.897946409058326012e+00
9.473317284002561678e+00
9.052316470764665723e+00
8.528601563449386802e+00
8.909677530824112068e+00
8.840861821949671295e+00
8.747048890522211906e+00
9.013435102931170562e+00
8.867978299113902452e+00
8.471163229255573413e+00
8.844824133601543181e+00
9.146669267288427108e+00
8.911829080202611664e+00
8.602385086526188829e+00
8.594191242715790935e+00
8.456975267608182634e+00
9.056642226400756002e+00
8.830585221697871745e+00
8.731067152946049958e+00
8.589154815092987505e+00
9.159049438751836192e+00
8.733902702706082266e+00
9.283824918111548641e+00
9.129360725335772031e+00
9.447671120923962107e+00
9.110598146686315957e+00
9.066384676772051066e+00
8.935990512938836616e+00
9.170454140782858587e+00
8.823214172451178783e+00
9.040371805703534491e+00
8.843058157471814340e+00
9.109986108276030947e+00
8.923347797584003871e+00
9.235878963501331640e+00
8.540312509836155641e+00
8.941356375450483895e+00
8.740349134944469967e+00
8.733441246538962588e+00
9.010265362559499280e+00
8.864590520840023302e+00
9.003294167871107589e+00
9.467408832771866400e+00
8.987484047118430297e+00
9.017911363426550864e+00
9.191798615040822185e+00
9.167174161758719464e+00
9.364065161573437379e+00
8.854081863547310860e+00
9.006384688790843640e+00
9.030055481909297299e+00
8.830961894630270592e+00
8.703132591304987287e+00
8.856983438351893057e+00
9.157725096101263063e+00
9.305637303218860623e+00
8.686676295576029716e+00
8.930965946107731313e+00
9.157965393792187214e+00
8.894922668598633564e+00
9.290794576819497053e+00
9.134886819656601986e+00
8.721106135522397551e+00
9.172833961800165525e+00
8.927577832342530328e+00
8.883692663496034925e+00
8.744181268034486365e+00
8.827189957656779384e+00
9.319154436846933010e+00
9.115395809121100257e+00
8.938081065439453354e+00
9.048324544131489233e+00
8.983559945357875165e+00
8.748481483276133730e+00
8.757011862760137433e+00
8.919624700383618432e+00
9.394216769644208043e+00
8.959657550644871904e+00
8.867819360450607036e+00
9.005645185015819010e+00
9.134003366293125481e+00
9.110415063295477012e+00
8.801675291756010822e+00
8.724175532870614092e+00
9.029665461521480196e+00
9.644725689791206591e+00
8.876744071479651055e+00
8.679331663638112815e+00
8.875141329535802370e+00
8.647737086278002749e+00
8.878449707100189769e+00
8.966141691172538231e+00
9.455595988573254118e+00
8.748747066895965929e+00
9.150820607167421628e+00
8.781706777299294941e+00
9.012178035224723160e+00
8.960123778735427535e+00
8.817663752732764593e+00
9.397138743406475925e+00
9.094322182463816517e+00
8.735991533921435348e+00
8.787116098660948893e+00
9.017007243743227818e+00
8.643003536626466143e+00
9.247334121253979689e+00
9.129193983975557813e+00
8.926139532135236365e+00
8.982960588950124503e+00
8.804396034227870871e+00
8.838296424766598491e+00
9.371731857642929597e+00
9.476672340119387528e+00
9.303662223539916454e+00
8.990741622064476246e+00
9.189148610225846170e+00
8.960387131154288198e+00
9.127488231233717997e+00
9.040250010594279573e+00
9.347225962680280276e+00
8.740150698763830661e+00
8.996792741979749763e+00
8.803010866775103693e+00
8.919173480514077212e+00
8.949459869841863480e+00
8.792684202770338686e+00
9.103940428437283572e+00
8.994935562728548106e+00
8.936236800811608205e+00
8.931360077373781792e+00
9.037965371213667609e+00
8.349640311167554785e+00
9.442348338400920582e+00
9.004277084302575673e+00
8.754309774829270197e+00
8.857785476754068910e+00
8.869685637110245935e+00
8.844659248657643857e+00
8.848566212912114537e+00
9.317721143257250205e+00
9.226310483295884879e+00
9.221323363640628656e+00
8.980945057056967329e+00
8.930451612144960194e+00
9.199620854361789668e+00
8.662478695952147589e+00
8.952880343567718668e+00
9.136084034551107180e+00
8.783450133327560749e+00
8.994834017727992403e+00
8.677579805418641712e+00
8.823480329852408488e+00
8.654666310162374643e+00
8.855952544825406392e+00
8.910589656679485770e+00
8.208231420329482830e+00
8.921387024184955550e+00
8.955816798975224202e+00
9.659594706091342076e+00
9.506230658468142636e+00
8.957359153716639710e+00
9.003997047615179383e+00
9.144868971652160283e+00
9.017150295465819809e+00
8.909218365247063787e+00
8.617314411908280292e+00
8.991800996225364884e+00
8.927366495890217024e+00
8.718254070179209947e+00
8.756299545171977172e+00
8.757222810410633329e+00
8.845051130700470665e+00
8.651898670953318771e+00
9.092080760164067854e+00
8.855475425043943360e+00
8.715250674027487321e+00
9.353687171821624347e+00
9.191948206147449341e+00
9.267326677406865443e+00
8.888080428424105506e+00
8.353396500307493255e+00
9.163268931734565470e+00
8.804954403775090199e+00
8.591612821480493878e+00
8.759747810311312222e+00
8.889031274604711541e+00
8.986728754702232536e+00
8.798824295215036173e+00
9.147417817605946411e+00
9.052002066386034329e+00
9.234044549143835212e+00
8.827710967644669893e+00
9.219297892848778986e+00
8.796908086056378195e+00
9.337098390967790706e+00
9.147451158588655318e+00
8.895874544320603761e+00
8.932151685579000855e+00
9.272279742672930425e+00
9.335642125066041075e+00
8.728797422955524965e+00
9.061189957767608050e+00
9.269748833273487421e+00
8.927596534808321493e+00
9.266360740133722018e+00
9.114714974079868526e+00
8.649581092696202234e+00
8.768834106239991044e+00
8.889492119061968012e+00
9.012972334244230055e+00
9.331567410811089758e+00
9.176296132085946411e+00
9.129126903788057135e+00
8.462559857931374552e+00
8.666541254348894441e+00
8.453597254488586898e+00
9.216619773559806106e+00
9.493128318231676133e+00
8.992580393367818559e+00
9.020254623917336900e+00
8.917903889884339463e+00
8.940221588524442708e+00
8.904708270385475188e+00
8.829157566119036460e+00
9.315404734626092420e+00
8.975297661861830534e+00
9.142006350779450230e+00
9.228897535703710631e+00
9.239429086352268783e+00
8.796966816387197241e+00
8.887798175455085214e+00
9.255065441635620616e+00
9.465791855201647564e+00
9.228700922068849621e+00
9.102357554877084311e+00
8.585621068330869576e+00
9.228387343067298687e+00
8.853757842613278584e+00
9.072307884632762054e+00
9.381217840407995112e+00
9.360488790044731999e+00
9.039222678509970521e+00
8.867130386399836084e+00
8.476740195460703120e+00
8.984132305344191494e+00
8.747941147257987993e+00
9.145887879519198904e+00
9.009878803890870813e+00
9.359100717068987052e+00
9.216125770699370889e+00
9.373264937731853763e+00
8.702853793530609394e+00
8.666322312491219648e+00
9.165444907282093823e+00
8.864259813390120257e+00
9.137914893261292804e+00
9.063547443507975032e+00
9.066007593976072698e+00
9.118900761081377482e+00
9.462966359207040767e+00
8.648536456045077259e+00
9.097722967664449101e+00
8.867960612198318771e+00
9.009961405009226709e+00
9.056024443726842676e+00
9.029079205225462701e+00
8.940661544036460739e+00
8.717982825508322264e+00
9.302613559927189968e+00
8.830781369647572987e+00
8.981618866300685511e+00
8.846124505900375468e+00
9.291177773216075408e+00
9.448565163595807448e+00
9.182799986505395751e+00
8.701260666299891255e+00
9.234863807264364510e+00
8.971625043374224617e+00
8.860819419914255590e+00
8.909070710273924831e+00
8.864801732626526487e+00
8.537896523077852962e+00
8.802045253828447713e+00
8.828576409721053508e+00
8.582574919156783722e+00
8.909735587447132232e+00
8.787454183402086727e+00
8.509240637980385102e+00
8.933889367228987410e+00
8.912360068168332816e+00
8.824754367911632258e+00
9.035760538939907605e+00
9.151612014306344633e+00
8.840984031630181761e+00
8.845833629788387498e+00
8.993805114989536165e+00
8.914980594652146095e+00
8.880881088504274601e+00
8.943756833755690749e+00
8.774186336311618817e+00
9.039339752654507620e+00
8.635478339019948990e+00
8.739439568627007660e+00
8.866635635796809467e+00
8.902357113447862957e+00
9.120119479783616256e+00
8.788073346089305460e+00
9.042853289227670288e+00
9.708818267780438660e+00
8.876914301815865826e+00
8.460668925427714981e+00
8.500164510447367761e+00
8.695919367666537170e+00
8.801840671025743745e+00
9.076400566053234087e+00
9.475440347259869611e+00
8.976121306897415053e+00
9.357674179605730558e+00
9.011283088626729665e+00
9.155311690898498611e+00
9.014513479233489335e+00
8.992252868606724903e+00
9.000033943115592905e+00
9.573664923683073980e+00
9.322345647814255898e+00
8.588958603636884348e+00
9.251887389889697388e+00
8.933182369202130602e+00
8.732680119242969496e+00
8.805686193842728215e+00
9.027574297232002110e+00
8.908451767453327008e+00
9.160034298317553336e+00
8.930978771899516389e+00
8.955647978813107812e+00
9.062585205703868496e+00
9.163974761624482213e+00
9.303630034307801111e+00
9.119497178518768621e+00
9.073886391210930213e+00
8.541834278425524118e+00
9.400524581218828502e+00
8.519709187489748814e+00
8.298430807788161445e+00
9.183162886056919660e+00
8.790350617474942396e+00
9.051196063561109284e+00
9.209938139071811136e+00
8.779211186649398257e+00
9.382947885805434041e+00
8.942148084838974498e+00
8.845055009344692465e+00
9.166875661156149491e+00
9.335264659593441650e+00
9.180778006496039367e+00
9.252924889149586107e+00
8.547845897910431034e+00
8.815439608378898839e+00
9.116052385883421039e+00
9.038635969004230830e+00
9.054826776208711792e+00
8.805382693372923342e+00
9.275112112124967112e+00
8.858911429800905069e+00
8.868424262698075822e+00
8.626214233816739352e+00
8.878734238148172864e+00
8.869318393216868657e+00
8.832378929882954921e+00
9.257785576983204479e+00
8.925044405628209887e+00
9.128004613064666373e+00
9.108491402999490560e+00
9.154614505755780840e+00
9.453827641541186821e+00
9.286633091621427027e+00
8.877276009425930425e+00
9.123869952878925105e+00
8.955085481797945945e+00
8.904716412802246239e+00
8.946366023768094422e+00
8.826990243917542500e+00
8.871821106689710135e+00
8.747278446206596669e+00
9.065663124003377149e+00
8.995397894482625389e+00
9.295747259586281785e+00
8.923417529688146388e+00
9.059890807750001329e+00
9.374177325809592176e+00
9.210970709310636551e+00
9.099575921608884954e+00
9.243189635853724440e+00
8.894217578753211839e+00
9.173724089174978502e+00
9.111152561228516689e+00
8.855033045243480672e+00
8.803261029726311193e+00
8.998475217690307559e+00
9.130188832661358944e+00
9.276838668976408186e+00
8.880431187461509168e+00
8.767866942839427580e+00
8.485096153003819808e+00
8.629612184411461939e+00
9.171729175252067989e+00
8.588728785411495537e+00
9.259510282195110520e+00
8.939501640906822644e+00
8.924036958661535124e+00
8.723376794978156212e+00
9.039903205892040106e+00
9.055010190234877854e+00
9.183405756880794968e+00
9.064515917968421377e+00
9.018495104487481484e+00
9.010634327161403334e+00
9.167969615964612018e+00
9.113642569708410690e+00
9.129938347964190015e+00
8.728668047329470880e+00
9.024576531513480049e+00
8.772946910879133142e+00
8.646269637908385874e+00
8.249328610343129142e+00
8.771843104266849878e+00
8.875443305781965719e+00
9.320075676531800468e+00
9.245055530602845906e+00
9.037986262193504317e+00
9.022427983649420113e+00
9.009804093156221327e+00
9.455100225844407902e+00
9.342000897748505395e+00
9.404821570676871190e+00
9.340015284697486209e+00
9.604531950550068586e+00
9.101334624253828665e+00
9.122555714254620085e+00
9.404766936914940700e+00
9.245581423296464152e+00
9.377077344273649473e+00
9.452479283193381931e+00
8.976013358497798578e+00
9.109067548184997420e+00
8.541162634488371097e+00
8.937815716506325003e+00
8.823915533875840822e+00
9.134646188497214325e+00
9.324806196890760290e+00
9.379206393504365025e+00
8.916924299891064720e+00
9.559752772072592109e+00
9.234835176324548200e+00
8.612235445015178570e+00
8.708785302399906669e+00
8.512529170451681892e+00
9.019642629536015477e+00
9.093875824422692489e+00
8.662998032415192284e+00
8.778203541670219323e+00
9.122293342878727174e+00
8.868749174150426740e+00
9.212863855690814674e+00
8.701558884288836282e+00
9.002050466944423235e+00
8.654303776782207080e+00
9.346915148120936934e+00
8.904654817239096687e+00
8.971708608190516188e+00
8.990788898700870391e+00
8.990449123624284056e+00
9.081367373857860414e+00
9.058534222769168309e+00
8.792578412092694862e+00
9.280344125989529402e+00
8.941117907630973249e+00
9.441349562264143458e+00
8.931187226244215793e+00
8.586343077836458448e+00
8.487121006140863955e+00
9.577342020459292726e+00
8.900447217863561633e+00
8.430847905461446246e+00
9.157455559970227199e+00
8.992305699539169694e+00
8.901765113600808021e+00
9.265806225300019960e+00
9.216395489912031280e+00
8.796333512717611214e+00
9.236289855463969189e+00
9.077352929955713634e+00
9.049590631424884180e+00
8.281359821737195759e+00
8.696814505792277217e+00
9.238354884987113991e+00
9.248585653056068168e+00
9.050603169198168985e+00
8.940259207407363462e+00
8.787355971981765990e+00
8.535966475029047373e+00
8.550639069288358485e+00
8.637925667614627656e+00
9.055557816537218585e+00
8.852850623312887635e+00
9.420249782909486669e+00
9.210350249746005247e+00
8.815087614721974774e+00
9.195720005119003559e+00
8.757209950664432085e+00
9.175233497763047197e+00
8.683773560156328841e+00
8.584327643099953775e+00
9.168231374097155495e+00
9.013756708697256315e+00
9.498395802074973915e+00
1.003662952167526612e+01
8.662718814767147890e+00
8.781124715854520701e+00
9.155048846691945741e+00
8.605632650484897894e+00
8.945225235801501640e+00
9.500329998138006715e+00
9.150261465075956835e+00
8.958862676733497565e+00
8.292812052322874550e+00
8.838660382473463528e+00
9.040451958851202008e+00
8.993327009496459468e+00
9.213396100988946458e+00
9.210662171170012513e+00
8.527970786576902995e+00
9.461141301529464087e+00
9.033046787213432793e+00
8.952028902184332892e+00
9.568159589964601253e+00
9.054388971322971713e+00
9.070157989543163879e+00
9.378343564064637761e+00
9.548538257931452833e+00
8.523067485031587509e+00
9.161747972895891934e+00
9.681872356332359431e+00
8.429756491518242356e+00
8.692822496202134985e+00
8.643514521133562667e+00
9.096997911444269391e+00
9.198319465543647766e+00
8.633889524148431249e+00
8.981323172166421287e+00
9.245779656725369833e+00
9.317563755884224364e+00
9.137134968260728130e+00
9.145447061930173760e+00
9.044179418043245988e+00
8.954962809094153542e+00
9.088622565123188224e+00
8.635446139264990606e+00
8.850718721000768952e+00
8.398147641594094992e+00
8.901745358067243430e+00
8.587812926078981945e+00
9.430102319264907607e+00
9.177265804770087243e+00
8.739389123426828831e+00
8.854472672432423863e+00
9.047637169776294286e+00
9.111852103009734805e+00
8.996228442349590182e+00
8.957896451181744268e+00
8.994540128055641404e+00
9.343310601684018835e+00
8.638316116192088501e+00
8.688561095725086503e+00
8.982668481556306261e+00
9.236316584384619333e+00
8.333139453348552550e+00
8.697855709428393922e+00
8.805657272679997760e+00
8.741088080449364028e+00
8.968033960349822920e+00
8.418284548511579146e+00
8.846662118729579305e+00
8.690452543104525418e+00
8.848217386415546670e+00
9.053054997756589728e+00
9.260543001304075261e+00
9.239889703018874911e+00
9.022062096454314784e+00
9.204579704395969841e+00
9.141821766590096487e+00
8.513179705633582728e+00
9.147875432268925522e+00
8.826358974237589194e+00
9.014815735925100881e+00
9.117742006139437194e+00
8.871026813543192446e+00
8.868971765419022546e+00
8.853115972362738617e+00
9.265775705875427093e+00
9.046659425186966530e+00
9.279489654777965058e+00
9.100769634911296535e+00
8.643343975442006055e+00
9.393072623010114697e+00
8.581076726682745459e+00
9.354447725563582949e+00
8.653813601480839779e+00
8.684526760430539838e+00
8.796468380909866269e+00
8.820356828317716946e+00
8.789330441921128667e+00
9.439306050309909324e+00
9.115829144336212053e+00
8.858300033035892085e+00
9.046189159594375084e+00
8.707534521058940769e+00
9.163862575916462916e+00
8.636760387411314355e+00
9.212006915134187679e+00
9.150121274057070764e+00
9.164497562275673914e+00
8.703954137078170561e+00
9.038862434520947176e+00
8.626173649377166797e+00
8.823914433996437268e+00
8.881585209789699675e+00
9.444873262382431633e+00
9.954107991445319215e+00
8.914043311304766348e+00
9.612156816533266479e+00
9.024317777914422578e+00
8.960246072741137269e+00
8.928757579603871619e+00
9.019351068989195142e+00
8.915280038662348971e+00
9.067393027779171888e+00
9.015699956637297063e+00
9.173711655700284240e+00
9.020280490701379605e+00
9.244270760765836314e+00
9.134465674382665767e+00
9.224361532955066778e+00
8.814891081703759568e+00
9.135223256604474429e+00
8.588141805443314070e+00
8.724204800057499654e+00
8.927089940924268774e+00
9.385435020860180444e+00
9.142737499446219829e+00
8.877789441394714487e+00
8.829937852747663740e+00
9.014922154884112970e+00
8.836591725346094606e+00
9.035826057957917712e+00
9.166319043878838002e+00
8.780997616484579993e+00
8.987172899019554961e+00
9.022354859641374958e+00
8.930860083759311507e+00
9.015398688012076889e+00
9.124624592576351390e+00
9.088516959696438136e+00
8.674378282903195014e+00
8.687350865337929662e+00
8.690189542194152850e+00
8.821040173151217800e+00
9.082037964497908789e+00
9.229213425666618065e+00
8.721270306263200212e+00
9.509820089440145452e+00
9.285243748078999104e+00
8.870028233530668160e+00
8.657434433987445388e+00
8.492322426766463650e+00
9.354130462996367967e+00
8.821672496671672192e+00
8.721134351518241346e+00
9.098388773375358340e+00
9.129120958694567634e+00
8.942400173928803042e+00
8.725448768984575665e+00
9.265372716828277788e+00
8.836742285336113056e+00
8.987197243646955158e+00
8.722932328999714713e+00
9.054330268658466352e+00
8.513227273033402653e+00
9.139583402588591809e+00
8.692437168570853245e+00
8.653599147039912509e+00
9.045640028142507560e+00
9.241961217579037324e+00
8.683449266223714602e+00
8.887689420924340666e+00
8.846284086027841553e+00
9.430694122625043363e+00
9.050745874594785079e+00
8.643259282254621922e+00
8.677658656488901556e+00
9.090918735887559166e+00
9.361702802483227615e+00
9.200845560903431419e+00
8.574571274488533845e+00
9.051739648132636873e+00
9.014362519031037024e+00
8.675597143541004641e+00
9.143589274080335727e+00
8.888830796824823466e+00
9.370447335845691228e+00
8.965658952159730077e+00
8.950642718769806550e+00
9.019817875493318482e+00
8.929029783103116458e+00
8.761222365721595295e+00
8.840449447945594841e+00
8.644616549537722960e+00
9.163198889164100081e+00
9.322928963616913478e+00
9.345858787966472292e+00
8.576048449148196084e+00
8.986714722314250281e+00
8.560687709146467483e+00
9.053595468462003026e+00
8.933747817322617024e+00
9.023323077931038938e+00
9.143836810296708251e+00
8.837262502700363953e+00
8.850846634652929978e+00
8.872613903313183670e+00
9.097001234501115974e+00
8.513801197503225282e+00
9.053741152355039290e+00
8.829215352620332524e+00
8.840479090275977114e+00
8.798735101116211155e+00
9.035118051247923887e+00
9.030567500872940911e+00
8.714350449894505246e+00
8.983073036080222451e+00
8.907620737400794297e+00
8.629248474857202922e+00
9.022959184680320988e+00
9.084269270650942474e+00
8.914707231648037578e+00
8.767023019901827752e+00
9.369281260484566332e+00
8.932156528780302196e+00
9.142787285652838492e+00
9.036320903875173727e+00
8.958909924525718438e+00
8.948770907125719987e+00
9.072343254371977750e+00
9.083388931142931000e+00
8.702888557511853307e+00
8.883495592143047404e+00
8.803377835748099400e+00
8.646434983482933490e+00
8.845153718189957104e+00
8.699305076517553914e+00
8.583503756267425899e+00
8.974423161107717206e+00
9.044832753040966011e+00
8.864571587685370346e+00
8.809817298198165503e+00
8.937508084805346087e+00
9.092619652351860537e+00
9.257722602778970966e+00
9.251636263545679029e+00
9.510734070109954530e+00
9.179051767659043293e+00
9.049893845120463354e+00
8.713904337220846230e+00
8.720941248218990083e+00
9.042139784856459528e+00
8.803589929086504284e+00
8.819962725695608796e+00
9.185280000767722441e+00
8.775983534426629262e+00
9.322953311375002272e+00
8.992730980488051529e+00
8.926911263559741627e+00
8.670282702174176848e+00
8.771599131402254557e+00
8.982067390534320239e+00
9.083447914594183104e+00
9.292027654272848380e+00
9.531274251985351498e+00
8.971360683474026487e+00
9.180135513570244044e+00
9.032517543387360348e+00
9.078871464815458481e+00
8.702474298620238358e+00
8.636101583073825694e+00
8.959075240845811194e+00
9.314797644117639663e+00
8.867880594505884062e+00
9.277884020823796263e+00
9.010699193197266865e+00
8.449136522033780849e+00
8.830046970619614299e+00
9.132694470394389086e+00
9.031903083325287795e+00
9.124849832456769505e+00
9.292128127871457366e+00
8.691813820288032844e+00
9.004700932240551126e+00
9.438933397840854056e+00
9.288367029262063923e+00
8.657817671003581239e+00
9.058001834895581084e+00
8.803830882951997339e+00
8.707794767981338779e+00
8.959303363683401855e+00
8.980365069440596315e+00
9.064415358534134270e+00
8.975600713561455279e+00
8.878783179796352343e+00
8.958867682932273979e+00
9.308545845050657519e+00
9.184059665526287830e+00
8.953089441259361791e+00
8.986197089654062609e+00
9.038073419589911950e+00
8.912232624360001410e+00
9.365939657918799455e+00
8.975010200070796529e+00
8.689315916582561528e+00
9.112809482847088915e+00
8.915859580872863788e+00
8.861446044873639849e+00
8.898515112693614171e+00
8.909301247524059164e+00
8.877251280988634363e+00
9.161566565084777736e+00
9.089254399360232384e+00
9.508224653024717199e+00
8.983292290745115594e+00
8.882458601831840994e+00
9.604078337183983294e+00
9.304995195719234502e+00
9.076660660305499562e+00
8.623973944180937323e+00
9.163514654948722082e+00
8.914031192631020062e+00
8.834766094342981546e+00
8.975274027562324619e+00
8.838938223660496973e+00
9.175112147188221101e+00
9.010667486965397543e+00
8.826960778659397988e+00
9.134068570265769793e+00
9.200226434907506246e+00
8.568229406472182674e+00
9.227550652275063214e+00
8.938380062759422984e+00
9.009909903366310147e+00
8.994305951472284733e+00
9.329116289496475645e+00
8.846204971289532537e+00
9.009658127786838833e+00
8.880957518855371546e+00
9.055546605998749499e+00
9.076209711427065230e+00
8.427101243631133443e+00
9.425882289761181809e+00
8.506867896836979526e+00
9.032591291755101892e+00
9.030784657514484337e+00
8.938319895017940553e+00
9.022409928147434144e+00
9.117983377999937744e+00
9.109978102618914164e+00
9.146071797238686685e+00
8.695408805812387953e+00
8.882332283460929290e+00
9.155068200260748412e+00
9.058576953372277529e+00
8.865547285864943561e+00
8.732077011746522288e+00
9.217245421787993109e+00
8.867655630156232149e+00
8.698191508307427711e+00
9.097866166304950042e+00
8.922688957030338486e+00
9.111416981235901602e+00
8.841438893644355090e+00
9.227277758527201001e+00
8.549540903976806661e+00
9.052710313522633001e+00
8.356975904844185621e+00
8.572319760406642786e+00
9.168206518316635467e+00
8.968393759447836899e+00
8.782524625104377591e+00
9.198948915238588597e+00
8.743794209764441661e+00
8.813531010038056834e+00
8.224792242790908148e+00
8.927540540931220292e+00
9.282560413383338371e+00
9.297544763098093412e+00
8.491180870926726243e+00
8.783908845776387864e+00
8.911296707507347037e+00
8.847718713370056776e+00
8.759751978658005811e+00
9.081715038565597808e+00
9.146057920455421097e+00
9.071417113987639169e+00
9.283038945683989240e+00
8.952487277757922968e+00
8.747471593725563821e+00
8.517832232753134392e+00
9.146243433830214542e+00
8.721958917998762217e+00
8.143259102425666640e+00
9.263266822026935188e+00
8.597040865074541571e+00
9.082664926706858211e+00
9.294667450523840913e+00
9.147836871207086773e+00
9.076516346763645160e+00
8.986933841852387417e+00
8.795278368380378353e+00
9.230320433365232446e+00
8.772730901175327389e+00
8.665263518011338206e+00
8.941418430844379373e+00
9.175541993936134233e+00
8.977717990701140849e+00
9.383205034112735987e+00
9.216779713134414465e+00
9.294162408516498886e+00
8.720511584218424872e+00
8.807256867723289417e+00
9.007559591369098229e+00
9.329591089233451484e+00
9.713839114412584408e+00
8.855240155721469719e+00
9.027208847657037794e+00
9.256785666677679103e+00
8.600944986018465244e+00
8.629359961136849222e+00
8.715757492067039536e+00
8.744484890460213933e+00
8.791967299596127106e+00
8.999943955138025586e+00
8.729637711434421021e+00
9.011999061199782446e+00
8.742617950608018162e+00
8.896990273717289455e+00
8.949788277453992080e+00
8.696040343037100939e+00
9.038470895162131313e+00
9.152948740275734352e+00
9.207796967484005890e+00
8.841906308124572789e+00
9.086048337332755409e+00
8.560783520815160585e+00
9.034294566245369751e+00
9.129117667198643815e+00
8.947535874572949410e+00
9.023811681434473542e+00
8.582376083003474321e+00
8.915153689441785545e+00
9.020758303635041386e+00
8.967364825061661548e+00
8.977828768036001605e+00
9.004132080716434672e+00
9.049011358657196524e+00
9.011555203411136361e+00
9.092589692129346091e+00
8.893419335307418905e+00
9.096537399504120103e+00
9.120495297591869388e+00
9.253549172136713352e+00
9.602322409739581843e+00
8.829699765461974437e+00
8.738765428885434616e+00
8.849468792172004328e+00
9.078747722698180311e+00
9.275746194010839218e+00
9.280116089347687947e+00
9.335562160747963745e+00
9.181916780479838280e+00
9.108402019261296445e+00
9.299764692525659626e+00
8.852636193993886238e+00
8.949664403747208397e+00
8.981616572448849922e+00
9.155554983266823044e+00
8.951528177181517165e+00
8.892363097349585743e+00
8.741214681602789582e+00
8.963431633350442240e+00
8.990340578189494281e+00
9.367717969378556830e+00
9.082077172851594327e+00
9.178119351756397037e+00
8.686423064696979779e+00
8.687191419824769056e+00
8.818854788454894233e+00
9.431751793168558606e+00
9.013496864705874856e+00
8.936775297016609443e+00
9.370843713440558886e+00
8.845407590847264245e+00
9.145852039241441744e+00
8.871304197321732588e+00
9.183123317547082110e+00
8.800534794023748830e+00
8.853856992519718361e+00
8.749981460291312629e+00
8.686774896849302152e+00
9.142109786377819347e+00
9.537718109361483343e+00
9.312089227092538835e+00
9.062497569132007769e+00
8.779841384401322557e+00
8.474615266314000195e+00
8.680379754585718644e+00
8.979537024307166604e+00
9.037390668825626250e+00
9.160900060642578779e+00
9.214863825700032152e+00
9.433890379307282359e+00
8.579784475754035356e+00
8.878347770772840875e+00
8.679180092735355956e+00
9.101522911479754896e+00
9.089003119082585513e+00
8.868792323387028276e+00
9.223405860808425061e+00
9.105542529372753435e+00
8.688298358826944678e+00
9.286113959154828734e+00
9.006236730155073644e+00
9.150430988127583376e+00
8.973460760608316988e+00
9.035160074836312560e+00
8.914164320745248560e+00
8.829519969554590730e+00
8.858459429303566779e+00
9.343385169049222227e+00
9.029469729196572203e+00
8.705486246201742162e+00
8.747643745595883757e+00
8.810349808502630609e+00
8.942656191463505877e+00
9.024255260464967066e+00
8.738232941743019566e+00
9.095335013519253664e+00
8.676090305321167762e+00
8.911833598269144119e+00
8.679052594560189959e+00
9.353384759581389929e+00
8.886859966719528714e+00
8.942181180404967122e+00
9.188559745019217573e+00
8.881329666932019862e+00
9.277320841238573479e+00
9.183210716319559097e+00
9.076018415507050463e+00
9.002935268453958528e+00
8.826068857657372035e+00
9.403607380731504151e+00
9.482266031153896435e+00
8.695660362859817027e+00
8.830766810136928768e+00
9.028541268955013521e+00
8.861005721172846350e+00
8.957508409176094588e+00
9.047398808852827656e+00
8.856940333857288294e+00
8.769335358626857868e+00
9.093119389462389179e+00
8.767305699566172450e+00
8.917343103454633990e+00
8.978017966450599019e+00
9.054667961999562920e+00
8.987473397467331537e+00
9.082814358200279159e+00
9.044079040744200881e+00
9.368159182464074419e+00
8.926831880430910360e+00
8.741785449743062486e+00
9.206667898674256278e+00
8.498423923997906471e+00
8.974418420876212110e+00
9.005810857532315694e+00
8.787937247830171827e+00
8.655946725641758377e+00
9.368484622397314610e+00
8.428663826002035009e+00
8.794133544372785494e+00
9.048526673921315933e+00
9.305377491050187189e+00
9.308213062296525564e+00
8.678032952489779461e+00
9.009800426589972489e+00
8.794607941684725816e+00
8.437858344101782038e+00
9.005343515545504829e+00
9.088135686383495226e+00
8.855808513276267391e+00
9.103268857082188248e+00
9.250861060924600920e+00
8.668527313169580140e+00
8.754853530972551923e+00
8.872894628616009527e+00
8.753404220823957971e+00
9.532021767921069255e+00
8.615523090724613198e+00
9.092863315656945389e+00
9.005314746491421829e+00
9.128451960880058280e+00
8.651336597789370586e+00
8.884191062570780062e+00
9.184747334908143657e+00
8.780423286181077813e+00
8.705236375832660300e+00
9.102174562628286836e+00
8.894369118147100295e+00
8.362550889216979755e+00
8.651293291039792166e+00
9.077390072804288224e+00
8.917519337970547966e+00
9.357203011470755172e+00
8.817314034751191798e+00
9.319027171628260220e+00
8.847237597043317692e+00
8.884761890468572787e+00
8.719638020439845150e+00
8.788686700280763375e+00
9.441005121289874680e+00
8.705265656665119423e+00
9.000870401800671772e+00
9.436238590978145879e+00
8.957529570216209436e+00
9.190549634798518497e+00
8.891138210422685262e+00
8.769891149131845864e+00
8.962993270394823853e+00
8.904261177292321250e+00
8.791166282503143137e+00
8.954888449623995328e+00
9.198792357197074665e+00
8.804407537319530519e+00
8.996323326662839293e+00
8.879934117234149937e+00
9.099888628549269498e+00
9.333362929135207153e+00
8.457093793511534230e+00
8.979617871877779933e+00
8.670106137889215248e+00
9.292798577944044069e+00
9.262697302626813567e+00
9.142928065603665999e+00
8.771459601595360311e+00
9.206894977927483126e+00
9.207014364245472038e+00
9.007641042543262699e+00
9.188510823777583880e+00
9.152742293740972812e+00
8.436783914474649038e+00
9.062043160575676382e+00
8.912539541060427339e+00
9.127827234550526470e+00
9.144787280171229327e+00
8.640833168401620412e+00
9.004447934633816431e+00
9.087326013776721112e+00
8.359464085546985501e+00
8.835895392405586080e+00
8.878210789766148636e+00
9.079943101410218986e+00
8.704193564791923521e+00
9.060467974198376240e+00
8.960694973388827478e+00
9.497065871260687686e+00
9.137359847862125406e+00
9.403252123995260447e+00
8.778118660673150941e+00
9.000909934426283954e+00
8.889643196777530676e+00
8.951122059149239973e+00
9.088984939984792177e+00
8.766705695907436535e+00
9.078870585090587753e+00
8.873891125162231219e+00
8.694377898688363970e+00
8.900224721831763830e+00
9.040782947757673327e+00
8.496188650422888955e+00
8.850026385560111564e+00
8.931095305150405395e+00
8.927430864426050050e+00
8.978817211167831047e+00
9.109061800950120968e+00
9.236409658764223707e+00
8.926703574446111844e+00
8.661618071764177529e+00
8.758056319084001728e+00
8.664159494297406283e+00
8.782441548952927945e+00
9.018621546229802277e+00
8.664018665070454261e+00
9.096086954999528018e+00
8.794914734878760854e+00
8.747848306766835336e+00
8.785431815723502069e+00
8.768017736330026679e+00
8.879233390935247883e+00
8.999145223035608154e+00
8.877979251337068334e+00
9.176757683345721617e+00
9.614466438359968947e+00
8.989644302961782074e+00
8.779567770406162097e+00
8.735968799741455015e+00
8.969823031617726983e+00
9.139989660987277276e+00
8.955699317515591673e+00
8.806116719596495557e+00
9.192645506141095879e+00
9.088689975818445177e+00
8.800923053264877893e+00
9.015583848184061111e+00
8.870762745849305020e+00
8.783302060147462953e+00
9.266761293501023289e+00
8.834414372910494251e+00
8.898197783226258650e+00
9.096037711825076144e+00
8.897344042194916369e+00
8.982145664360970727e+00
8.855137803477166614e+00
8.809961085930870794e+00
9.156207555552782651e+00
8.911431826915020338e+00
9.008391751909764267e+00
8.761961960510930680e+00
9.478829459008769831e+00
9.133821644106676629e+00
9.063910204776556512e+00
8.760179460086099823e+00
9.015202677257830643e+00
9.048012477851232305e+00
9.141663505412047641e+00
8.772597672410164193e+00
9.005171159902257472e+00
9.030683511415631415e+00
8.838449272269075507e+00
8.929640376525364687e+00
8.827599998878296716e+00
8.635949855729219138e+00
8.563224847638679194e+00
8.869066697462775650e+00
8.714699111039998058e+00
8.544839924278264220e+00
9.031606529355089563e+00
9.339583735986602520e+00
9.055447617307720520e+00
8.944484995802318039e+00
9.034735721770996264e+00
8.977032449075203147e+00
9.040774627949502928e+00
9.062289281077362091e+00
8.907502534964971019e+00
9.341229043345958161e+00
8.591623013217764893e+00
8.647636213062044774e+00
9.092579847115992209e+00
8.824776750592191021e+00
8.951217664953544428e+00
8.970482913950739601e+00
8.725164544056115190e+00
9.072762005666627161e+00
9.046936442557212743e+00
9.419396718669080570e+00
8.727250567551717353e+00
8.644575247990943012e+00
8.999071188017575551e+00
9.163173895716036910e+00
9.023304175402065752e+00
8.569564010762046991e+00
9.023573228707300942e+00
9.208936530556261602e+00
8.542608735838790324e+00
8.495371026537025472e+00
8.798663984649666148e+00
8.826241812489858063e+00
9.065095848228464703e+00
8.905768386388436042e+00
8.812159793683800757e+00
8.586197496234493798e+00
8.919269305727109298e+00
8.741773147126377097e+00
8.831087554047449828e+00
8.987182670792511985e+00
8.887267424682208983e+00
9.190533006283670758e+00
9.265653904180384259e+00
8.628669016969274352e+00
8.826700994417876700e+00
8.830410935452517762e+00
8.957396421311182522e+00
9.374827391541872501e+00
9.089535143246211035e+00
8.756258863824728067e+00
9.118896067423492013e+00
9.294285829081301742e+00
9.228528815627445425e+00
9.192836032268319357e+00
9.161749705934742138e+00
8.763915081694841902e+00
8.872048312537749837e+00
8.722440970410726635e+00
9.043145936416490116e+00
8.805945355315003553e+00
8.877090950736867825e+00
8.558359190676748440e+00
9.277867619115150788e+00
9.089219046669443358e+00
9.059306643129426462e+00
9.264620181920649955e+00
9.275763256730677142e+00
8.918811980245681781e+00
8.698442341802849143e+00
9.048472871990590249e+00
9.137119697576864041e+00
9.125068466497731734e+00
8.875723096190734296e+00
9.149243498921482143e+00
8.908479429509409186e+00
8.757519862053660731e+00
9.293956965029325445e+00
9.231223151256987336e+00
9.155387639909610797e+00
9.275816884120803962e+00
8.731619940186666540e+00
9.115588657495306890e+00
9.178700803999552349e+00
9.418475582787548817e+00
8.820184089856153875e+00
8.834589225952230507e+00
8.980266197852962762e+00
8.589865372232718954e+00
8.746297372706171913e+00
9.270368487299592175e+00
8.902577797793256309e+00
8.824961855905510077e+00
8.581261168223338842e+00
9.269147203088557774e+00
8.985184113197551170e+00
9.080857678671506505e+00
8.974213254727105848e+00
8.682029928274559438e+00
8.816794818772581976e+00
8.713308572668021057e+00
8.894452774127561412e+00
9.048956834070827071e+00
8.749171370284821947e+00
8.588198601558207912e+00
8.912821027891329351e+00
8.520483456165868219e+00
8.549217724501048110e+00
8.827707064301355544e+00
9.393503949170193934e+00
8.898236873864536989e+00
9.465419079525464241e+00
9.028945382370366701e+00
8.896100075342587843e+00
8.530247899875739392e+00
8.991755563896726144e+00
8.997288919272905972e+00
9.041777201424579857e+00
8.865773085045280055e+00
9.085959906793227958e+00
9.210129704848078802e+00
8.771033742378952169e+00
9.034715738398949370e+00
8.731579117931886458e+00
8.949234843998782551e+00
8.708918049361120239e+00
9.080916945405233420e+00
8.880443194357621195e+00
9.375507500404442141e+00
8.702226513156661625e+00
9.329893146447341579e+00
8.925738145150095448e+00
8.858726429984249862e+00
9.164585850974278358e+00
8.992844032872360671e+00
8.953046823496208617e+00
8.971411698178073379e+00
8.802785182669214947e+00
8.649276947910067292e+00
8.663807911753337976e+00
9.144015136354232354e+00
9.083667802813536696e+00
9.092276970307574757e+00
9.129588715414735489e+00
8.851833404917602621e+00
8.745333147090562420e+00
8.743147396202548549e+00
8.917508028419915078e+00
8.640428092072244937e+00
9.239068629738168781e+00
8.901763378041621877e+00
9.032452483022945344e+00
8.585373635327691488e+00
8.990585207035982407e+00
8.826722420376604816e+00
8.924455820394358696e+00
8.744965820257561973e+00
9.020825449095069004e+00
9.062321977922367822e+00
9.076615326093680380e+00
9.017536216876807842e+00
9.322470056041584741e+00
9.154942225471721429e+00
8.611080918425841446e+00
8.825664433557170341e+00
8.860645310011905806e+00
8.801668626621317770e+00
9.054246921491955646e+00
9.466178528593980346e+00
9.119815280852229478e+00
8.953288640840423085e+00
9.478494268494303654e+00
9.014330764366043525e+00
8.715608782237952212e+00
9.183742262754753582e+00
9.021049502570598122e+00
9.305613764010189470e+00
8.491432511568138608e+00
8.876685780078016563e+00
9.073767462574886977e+00
9.492191702650227825e+00
8.795532744256327362e+00
8.511306818702498944e+00
9.135108264905250408e+00
9.279747626935677118e+00
8.923479860257971907e+00
8.828709332354218731e+00
8.741978134004392942e+00
9.023950920162931766e+00
8.626150975891206940e+00
8.625377304411204094e+00
8.790349720129697175e+00
8.755825811668961123e+00
8.851135738319399593e+00
8.911282942183218481e+00
9.074514827439816855e+00
8.816492967354561117e+00
9.310503684561528104e+00
8.849577781147674571e+00
8.780456063392437116e+00
9.078387228844462697e+00
9.244603135358207879e+00
8.781040225923797848e+00
8.808591845619915262e+00
8.769344769508117921e+00
8.901305655248270554e+00
9.041501332658416601e+00
9.014560311701757200e+00
9.308833789257924707e+00
8.960945455150019612e+00
8.824073970820162316e+00
8.859909843807164620e+00
9.024189198293537828e+00
9.277777974126760085e+00
8.877502391542867244e+00
9.019908336151026162e+00
8.916615337537956876e+00
8.984443762608963269e+00
9.050893270213398623e+00
9.296941943810994147e+00
8.825311195988769342e+00
9.299456903458240831e+00
9.312168833463740469e+00
8.832783659325990300e+00
8.870843325795732426e+00
9.109262668684792175e+00
8.921874107779638408e+00
9.143686966102729130e+00
8.952200351654786559e+00
9.286939740763973106e+00
9.257738986536638848e+00
9.402072665802139184e+00
9.197093690168847147e+00
8.911227036453135852e+00
9.061920450523547999e+00
8.787607389119871826e+00
9.315100355119401598e+00
8.949526389429328432e+00
8.791178008842411629e+00
9.399190596994277058e+00
9.123468508948061384e+00
9.138873247647131492e+00
9.113564662254887594e+00
9.139851476116083617e+00
8.896432541049662746e+00
9.132045945520317787e+00
8.700779210864400426e+00
9.278401055465685943e+00
9.220474371853166318e+00
8.726186769723589975e+00
9.001476876657923398e+00
8.996162720735469520e+00
8.642109916124049107e+00
9.164250680590541265e+00
9.222999281045773046e+00
8.923022724197972266e+00
8.784408865641141873e+00
8.810451624240688062e+00
9.330433188296886726e+00
8.910899162017164699e+00
8.997126923166277379e+00
8.803360106429751752e+00
9.263106023033511605e+00
9.102399374502002871e+00
9.040538138835982451e+00
8.824035127915674792e+00
8.657571868686957828e+00
9.021123412173542633e+00
9.055199550151160182e+00
8.834243162193153864e+00
9.061823645702192564e+00
8.904912232371254177e+00
8.888200269458316427e+00
9.145151193138953971e+00
8.885362735528236300e+00
9.126877868598185728e+00
9.097608020344996049e+00
8.605257454747745172e+00
9.061802619455590957e+00
8.992248097391884798e+00
8.836007023739371746e+00
9.311613676704855180e+00
9.228137118564699648e+00
9.480832498429087707e+00
9.106521218246824034e+00
9.012721206392143358e+00
9.155204310595562944e+00
8.829533610535220234e+00
8.768191862784464163e+00
9.032399124277313618e+00
8.815577262892299260e+00
8.518385051042113076e+00
8.946117045662084877e+00
8.939849610438733052e+00
9.188989282251482038e+00
9.167207692865630975e+00
8.770641213129676927e+00
8.869037033416191207e+00
9.008086550021326744e+00
8.596623988176224529e+00
8.748884037385852963e+00
9.182556970939009133e+00
8.984697731426718903e+00
9.339987696024907748e+00
8.966063320748251186e+00
9.075286631766587675e+00
9.106131327545250898e+00
9.026260030060010209e+00
9.248723873870737577e+00
8.793170549129113667e+00
9.008220679480510640e+00
9.070605305612767566e+00
9.101176585629776383e+00
8.846508319295008249e+00
9.168149712967043286e+00
9.096827730484831065e+00
9.046079003358030945e+00
8.949229883888035531e+00
9.317528237424202331e+00
8.746485773087371740e+00
9.162876674616166284e+00
9.490392492000795599e+00
9.020631362466154712e+00
8.755315846762115939e+00
8.880239501041462091e+00
9.197511644294937838e+00
9.292428410586017762e+00
9.118199009488311191e+00
9.150911525762893461e+00
8.647916909178086087e+00
9.554608229229165417e+00
9.131317944859331348e+00
9.177361106259109391e+00
8.857047494974903401e+00
8.981881939138958160e+00
9.067170876355733711e+00
8.636790728725106447e+00
9.131007176367798905e+00
9.277534291974909308e+00
8.992313791713812066e+00
8.949223439394749846e+00
9.033878449354830309e+00
9.190359023355195944e+00
8.970658870130183260e+00
9.044627088868773868e+00
8.786037939904964844e+00
9.073829721944536075e+00
8.845338603258237953e+00
8.933279392214828363e+00
8.801979532747147061e+00
8.734374881584596295e+00
8.928800566988629228e+00
8.622762933203611979e+00
8.620845096764664817e+00
8.586180084591594763e+00
8.661697362240838416e+00
9.309039852714391827e+00
8.605445724005962305e+00
8.893003161770240084e+00
9.155263735408471604e+00
9.032880284604232202e+00
8.863071175473407948e+00
9.270048888501506212e+00
8.623267409366647485e+00
8.750881144792053590e+00
8.920577376791834823e+00
9.156253950393892893e+00
8.955804409668850496e+00
9.010119558756768399e+00
8.882607655813846037e+00
8.792300224373317263e+00
8.994067890831658474e+00
8.513544144484290754e+00
9.104540477377687679e+00
8.904864750302067478e+00
8.955078232593619347e+00
9.032408031675668525e+00
9.012481231670307125e+00
8.752719461191192707e+00
8.837527603906361051e+00
9.004072756013799861e+00
9.118970470673255946e+00
8.824791419867519693e+00
9.191906215081047549e+00
8.687466663179760573e+00
9.096486400764698388e+00
9.176009575363554660e+00
8.904278234622681865e+00
8.826850354861923265e+00
8.618197148849587208e+00
8.677397378931999583e+00
8.912797978341668426e+00
8.903304577521724994e+00
9.124978950212364381e+00
9.180427097804743752e+00
9.281356944276852872e+00
9.044759150101906897e+00
8.851690206316689569e+00
9.524180482081783694e+00
9.088842453263403343e+00
8.800799880409510223e+00
8.980218300884033056e+00
8.964755515012306830e+00
8.881135943558431833e+00
8.952729702531668110e+00
9.171655850150306932e+00
8.886691343224804029e+00
9.015042383038601059e+00
8.998150670087438741e+00
8.851534717402925523e+00
8.789052538626298983e+00
8.935757091549449527e+00
9.261235146468781210e+00
9.157575761803018466e+00
9.140178230800064085e+00
9.108728991646984241e+00
9.266709315604481745e+00
8.612392711783167343e+00
8.790104372714161229e+00
8.759358747624036212e+00
8.863757468444516618e+00
8.657499978950431441e+00
9.110794356701735097e+00
8.919477110186466717e+00
8.673810808603848344e+00
9.293919848916473825e+00
9.378827191750938042e+00
9.443875507775453926e+00
8.784284907261838526e+00
8.978737674212055708e+00
9.078324836377486662e+00
9.243773984487232198e+00
8.846860500193344024e+00
9.353727557850975316e+00
8.937225057397251149e+00
9.177188040539910219e+00
8.983846711512134320e+00
9.022220153341715232e+00
8.797425389244159177e+00
9.314325387512203847e+00
8.829376306460886781e+00
8.928736508915706693e+00
8.676982586531051922e+00
8.750303101834234099e+00
9.061220197302679580e+00
8.708604783558358875e+00
8.791925674791158940e+00
9.202598914109984207e+00
9.145063873816608790e+00
9.399805548474738259e+00
8.954854467942638507e+00
8.734624102438466764e+00
8.819185995509000620e+00
9.059147620504377940e+00
8.954891139965239333e+00
9.018705505570270731e+00
9.246656252887365923e+00
8.897107520470949993e+00
8.782383550132692562e+00
8.546330929677310451e+00
8.800461169156237773e+00
8.582525052289176060e+00
8.990495246542078434e+00
9.052157830854781650e+00
9.074632249981554821e+00
9.017275564297081658e+00
9.203314872680696368e+00
8.913728456569350200e+00
9.102471716075511310e+00
9.265230418149869251e+00
8.784014651131011320e+00
8.864915805064477183e+00
9.159833910391316891e+00
9.129367165469084000e+00
9.132919094339280619e+00
8.725926267303361072e+00
9.103370562173607183e+00
8.808635258489962538e+00
8.725355945964313520e+00
9.062300178858906818e+00
9.443582839627408632e+00
8.954181374058212128e+00
9.035238173701699793e+00
8.984298273718009042e+00
8.941341392250103937e+00
9.021145970089589738e+00
8.848054628712555214e+00
8.978692779649719569e+00
9.112528144429859367e+00
9.122290435481696491e+00
8.682483277883006778e+00
8.970170256329568659e+00
9.017185558159528824e+00
9.326400926109593925e+00
9.242327568319907982e+00
8.947017203709428657e+00
9.111650247070219422e+00
9.031130130671398248e+00
8.983236018642095644e+00
9.053793717614542658e+00
9.522578114610810829e+00
9.079502123719818130e+00
9.090632244103568738e+00
8.637630947423467376e+00
9.063769885880017085e+00
8.931632231624504925e+00
8.934760445983075172e+00
8.832962986986116150e+00
9.485844612026571809e+00
8.819428187504707140e+00
8.893746301774203999e+00
8.936894366706146897e+00
9.283337819898052956e+00
8.784787923085508154e+00
8.968853115060356984e+00
8.817673437522698165e+00
9.158679963227781329e+00
9.299224884010873993e+00
8.823898855081843351e+00
9.021679924192648414e+00
9.094808305819251260e+00
9.165869854313516640e+00
8.922459123570456896e+00
8.751392002628731959e+00
8.989205780925475509e+00
8.991525206702855044e+00
9.479562284274152262e+00
9.193912797911393042e+00
9.019328030756717851e+00
8.879697313444616213e+00
9.166962016224852405e+00
8.679728571488656286e+00
9.104353015167470531e+00
9.339270218362777598e+00
9.108242528048625886e+00
8.999066994183456458e+00
8.724916582082041572e+00
9.327753098963498246e+00
8.514343428551219617e+00
9.155388754756947023e+00
9.228763375885948861e+00
8.562388147246965175e+00
8.937271146384960119e+00
8.794950800275028513e+00
8.562851139597620787e+00
9.296733922430483688e+00
9.048660374186521693e+00
8.784492597745270359e+00
8.983737445929227405e+00
8.798467160927071262e+00
8.799958566662139603e+00
8.980430749779303667e+00
9.146126537098876241e+00
9.189349451785204792e+00
8.828354533315758701e+00
8.632213548348168786e+00
9.197504596760076367e+00
8.624136394316609611e+00
9.397656394604469554e+00
8.873528959513862446e+00
9.332316461269758889e+00
9.534596824862410003e+00
8.834274566510217142e+00
9.306974829877553645e+00
9.014919235383333174e+00
9.208000362302877662e+00
8.896924521625695803e+00
8.929254434171737032e+00
9.217502964935476939e+00
9.203529662271686007e+00
8.876805658849198366e+00
8.941959794733868705e+00
9.173403274030221155e+00
8.668538608114825905e+00
8.972878008659996851e+00
9.024459145404206240e+00
9.144334556741846143e+00
8.879420940393975670e+00
9.146879206577809285e+00
8.672372695601760384e+00
8.745122330308252145e+00
9.217528070042941835e+00
9.158270121906033623e+00
8.997133457471823803e+00
9.288739407711274154e+00
9.120578670450308678e+00
9.412534332132276305e+00
9.169362304940870345e+00
9.115124491096803894e+00
9.207837206301462629e+00
9.425957393320940625e+00
8.866040413157055156e+00
9.182399214957149169e+00
9.097541586963956206e+00
8.948086796111354602e+00
8.843597209180778407e+00
9.019347089234420523e+00
9.219069765964594154e+00
9.386864127735435659e+00
8.767746585659660141e+00
8.866112994102001821e+00
8.952184889761445774e+00
8.984759899669679584e+00
8.879393546934256420e+00
8.755017728859959547e+00
9.073166593629947485e+00
8.993984913913372736e+00
9.075118318655649219e+00
9.269888772526243770e+00
9.156444701097322891e+00
9.144181756021355412e+00
9.077018567299601770e+00
8.531117582918700037e+00
8.718017798878097580e+00
9.163440310226492969e+00
9.060556854264197213e+00
8.974338580101344220e+00
8.742610010566556511e+00
8.615242589662313932e+00
9.251322656343257123e+00
9.352626903161061378e+00
8.565801554736749424e+00
8.786330864245606165e+00
9.215932772281934859e+00
8.833081008956773061e+00
9.369941397370265435e+00
9.015573865283668553e+00
8.661817867289800077e+00
9.255670423163284255e+00
9.210147211928758182e+00
8.852547068606728686e+00
9.446175091944539304e+00
9.001132996756483706e+00
8.940938172138679363e+00
8.893775681279876721e+00
9.341518984958858240e+00
9.054162979512641485e+00
9.042217491396300488e+00
8.778906701959568792e+00
8.864164408530898598e+00
8.870061776923046537e+00
9.039008003585184525e+00
9.275142976964717789e+00
8.960016742923485822e+00
9.062419119811970347e+00
9.032900515360493543e+00
8.726536710757132553e+00
8.598390089951669424e+00
9.187435121385110648e+00
8.807262015622280060e+00
9.118751939920896277e+00
8.882761735676536929e+00
9.294980329899907190e+00
8.945893084949313234e+00
8.903471818250160652e+00
8.807043900442096174e+00
8.982868286252582379e+00
8.950579085704106319e+00
9.162988848950062604e+00
8.779999882581590143e+00
8.831388176197471296e+00
9.451053040684181283e+00
8.759289560608902292e+00
9.179367891551819980e+00
8.615069822076362627e+00
8.741130337232064562e+00
8.390276446972331215e+00
8.917667784864800495e+00
9.572935550799867244e+00
9.081414305169914769e+00
8.911278120339675368e+00
9.338792325136093808e+00
8.669831933453723494e+00
9.081842860121268401e+00
8.917138530527722651e+00
9.238569714496884799e+00
9.084495569573942220e+00
9.098391542319253844e+00
8.983074275399964392e+00
8.826649880695727646e+00
8.889139309854570570e+00
8.810489683415170248e+00
9.484615604062236471e+00
9.126072681633573325e+00
8.827506531435526327e+00
8.917987672923841203e+00
9.180508157378570289e+00
8.930796397204828097e+00
9.102182502323710622e+00
8.713981356290142699e+00
9.045045948071200215e+00
8.990918994964738786e+00
8.870870180272289574e+00
9.267818965708858769e+00
9.001886846485771088e+00
8.851396151636034659e+00
9.125596621507513717e+00
9.245094682725927271e+00
9.203070493812589348e+00
8.499709537129330528e+00
9.348131263285896608e+00
8.869564936955969259e+00
9.012257062932400586e+00
9.107126995447876183e+00
9.006182430447042364e+00
9.200238517518782189e+00
8.779461804268871461e+00
8.826481559836420132e+00
9.381222211215682449e+00
9.211366645887839155e+00
9.057239672083085225e+00
8.904150684100811119e+00
9.338984217976877389e+00
9.304543799259473502e+00
9.303259384760915296e+00
9.062302772657833572e+00
8.515839330262886975e+00
8.776824764405720458e+00
8.945015477701847573e+00
8.796447064463121635e+00
9.219628798951445603e+00
8.657395583691842589e+00
9.004585904676014607e+00
8.921905284369344713e+00
9.056877061276725982e+00
9.250044520480281918e+00
8.836688148577385604e+00
9.093042908353375253e+00
8.685891513995681379e+00
8.997634693148677698e+00
8.982315146560667429e+00
8.993441079713774045e+00
9.056545168171318494e+00
9.271965138208775770e+00
9.278234567848599568e+00
8.974189671447483363e+00
9.151351674623683152e+00
8.845826139349071582e+00
9.133746073838153734e+00
9.754319916165712812e+00
8.822906506238426871e+00
9.166491859154373145e+00
8.748813037122204150e+00
8.547075986230636246e+00
9.401495829160680273e+00
8.663047653502157885e+00
8.944536196094871272e+00
9.458499505510166827e+00
9.105743866498935191e+00
8.992627930427417482e+00
8.852305656140993406e+00
8.820008329613008513e+00
9.355585654887971003e+00
9.493489743736493125e+00
9.141448010232283039e+00
8.855022051781149983e+00
8.677907227888796982e+00
8.778057736746042394e+00
8.623313813164688924e+00
8.955228284994955601e+00
8.880669642440432554e+00
9.190203596178527334e+00
8.565179741788710999e+00
8.889580981282001915e+00
9.389143891773812811e+00
9.210587720065802841e+00
8.339791569040793107e+00
9.186424445005759054e+00
8.904148041201702668e+00
8.685651008106582083e+00
8.916092091225030103e+00
8.712683504378539112e+00
8.915164936959703468e+00
8.440290907001669396e+00
8.989514510720667317e+00
9.061350600113255993e+00
8.979939404920651569e+00
8.758272596118576558e+00
8.720474670257720717e+00
8.776847087925462532e+00
8.896227139969676401e+00
9.329684096206277033e+00
8.839315900164658402e+00
9.132663184155569880e+00
9.560362552133835123e+00
8.885787434302001131e+00
8.947968998441639954e+00
8.706415925515093690e+00
9.056516773047770030e+00
9.281978691945900195e+00
9.147440549041045088e+00
8.853616091591680615e+00
8.878066363095022950e+00
9.211837088341024327e+00
9.074047002006787821e+00
9.112984477184905785e+00
8.837773258767468221e+00
8.914777775377848101e+00
9.200800232384686694e+00
8.788467285969584708e+00
8.850202230763043687e+00
9.008309553367402245e+00
8.968091484346340181e+00
8.882764191547561694e+00
9.396943466253420141e+00
9.186215118476852126e+00
8.996096672101172587e+00
8.666169414242666846e+00
9.013210650819296177e+00
9.055452363826857365e+00
9.214435040162589630e+00
9.320688351342569788e+00
8.472373529594873887e+00
9.639797134016635738e+00
8.568128898076976085e+00
8.938985249802046340e+00
9.174370453802399794e+00
8.875648511606057056e+00
8.710831327563484550e+00
9.342337123892740181e+00
9.115023582454817586e+00
8.871612596701664799e+00
8.775127536580454191e+00
8.865226905967478643e+00
9.234173394834046533e+00
9.289966264616088765e+00
8.710622593612123765e+00
8.923070495102681576e+00
9.113567805841670477e+00
8.957372268908743607e+00
8.794011143541981212e+00
8.629180389073002999e+00
9.122775508200048122e+00
8.977513117596451764e+00
8.949809449169954689e+00
9.344841272584273995e+00
8.692889703693992942e+00
8.919072952469868198e+00
8.626839415824552049e+00
9.136064013288795138e+00
9.026212795510359044e+00
8.824128826258490932e+00
8.970855040780856271e+00
9.115481170236524378e+00
8.865370495709681720e+00
9.029587022304347954e+00
8.570514315842396869e+00
8.912871568851162607e+00
8.475323248120618658e+00
9.053764744071973070e+00
9.255243903645835601e+00
8.560447540919703613e+00
9.093769720368456433e+00
8.602070319408868571e+00
9.013908846302067346e+00
8.937276053459600078e+00
8.559445422260266056e+00
9.159410990972450151e+00
9.182378119990746157e+00
8.976145029764948546e+00
8.966391936881201730e+00
8.856353480916911991e+00
8.880963777200664211e+00
9.171480671248511740e+00
9.286115068255952565e+00
8.932166638392224911e+00
8.985363830013962883e+00
8.553221285303575172e+00
8.865825417377919848e+00
9.136845238631476462e+00
8.887511796403563480e+00
8.784815399173252715e+00
8.729613130841652691e+00
9.087351658888046302e+00
9.199009272083005229e+00
8.931888316176848974e+00
8.877125967678971108e+00
8.468278868703906781e+00
9.125641917154933225e+00
8.644020012084208560e+00
9.366728026445965583e+00
9.287875817612155416e+00
9.150899187551937430e+00
9.190637437161658596e+00
8.902651138600363723e+00
9.337708287653629924e+00
8.784075261532843015e+00
9.420961494633363742e+00
9.053863871785528872e+00
8.851048142548201270e+00
8.831874449939682847e+00
9.063532216644579975e+00
8.569093820241796777e+00
9.276951031419574889e+00
8.938019865136528352e+00
8.661512126416925028e+00
9.275423096462807493e+00
8.857014291506388304e+00
8.892027310621070768e+00
9.361475807372949376e+00
8.823811277620364990e+00
8.969991227148787161e+00
8.819994704578112632e+00
9.319423674595228135e+00
8.885888741511521971e+00
9.076622803203019174e+00
9.098384182568313605e+00
8.688996423381421863e+00
9.127666289087745355e+00
9.364186680884126091e+00
9.092627499808957126e+00
9.044247420681950089e+00
8.968338491376519173e+00
8.981668646572055437e+00
8.655112334716482891e+00
8.911132403154656600e+00
9.175903110932022599e+00
8.670702249104646597e+00
8.388406377056549346e+00
9.357791959920113811e+00
8.818416218579050891e+00
8.934617943051360811e+00
8.967297909428523894e+00
9.270981184253955121e+00
9.001115749354331896e+00
8.715983495052423535e+00
8.855576690322131128e+00
8.419930756131366323e+00
8.698200005150404479e+00
8.895198685100137226e+00
8.967256008074166118e+00
8.895657773267743096e+00
9.240322390170485178e+00
8.891177897638014471e+00
9.250225641388210462e+00
8.693715635753960669e+00
9.042493570437502015e+00
8.875639975224320466e+00
8.916662030593560218e+00
8.643109459572439590e+00
8.973164814568631797e+00
9.344547732413328589e+00
8.940888083799180208e+00
8.910877075915008660e+00
9.300835658123670413e+00
9.196131934929203666e+00
8.728396540820547500e+00
9.237618158060971751e+00
8.996339020489415361e+00
9.443237832144621535e+00
8.825057488697572339e+00
8.805088442129335391e+00
9.145341432419924033e+00
8.861247844795542505e+00
8.918879854420458386e+00
8.866864839550638422e+00
9.239671296726882588e+00
9.003654897053161577e+00
8.824732576662134065e+00
9.132528204179669373e+00
9.306143719923348101e+00
8.941132942647326942e+00
8.810526183755843732e+00
8.864506098251116128e+00
9.331020092909492192e+00
8.825813980640207390e+00
9.000719814358649984e+00
9.113086558531048098e+00
9.151482539950130501e+00
9.187426249588813931e+00
8.029228106251071750e+00
8.940632203219994523e+00
9.475749899517465380e+00
8.846843764916455299e+00
8.701663144805801053e+00
8.903790298045496598e+00
9.012815716679533296e+00
8.730262886837465430e+00
8.219763818450259052e+00
8.605539733192081542e+00
8.741768178790396249e+00
8.565622831947814930e+00
8.850866867199286503e+00
9.179943850943587336e+00
8.879383904492295088e+00
8.818395194220620681e+00
9.339785740696141758e+00
8.852497537458747345e+00
9.202777365789112096e+00
9.206712922783335529e+00
9.255050130636091055e+00
8.771415283596114776e+00
8.848603844897347415e+00
8.555955706179444675e+00
9.044159257987763212e+00
9.327066611165930610e+00
8.597488382541554230e+00
8.936348789320687658e+00
8.801017475323261507e+00
9.166751545947933622e+00
8.970012566309947033e+00
8.848400641280067092e+00
8.689273801282197951e+00
9.126533141968995011e+00
9.245446280712499743e+00
9.079931681009743016e+00
8.904597897079042923e+00
9.207760364944249432e+00
8.945298205071578579e+00
9.274424914979931600e+00
9.088207905280489385e+00
9.282603389098094127e+00
9.099849786458474199e+00
8.651565695627052577e+00
8.885692740374851795e+00
9.531855205911202944e+00
8.948825117483965030e+00
9.019483247031415019e+00
8.572435121507792744e+00
9.414048665697036355e+00
8.777048759484618046e+00
9.109328146758151945e+00
9.283488345244192530e+00
9.174746481066945236e+00
8.631985849970575941e+00
8.772512879434147592e+00
8.656726381922362989e+00
8.545400688936233280e+00
9.217294891625387621e+00
9.154169682979793166e+00
9.052738430460072649e+00
9.265370534784612033e+00
9.114441063216037975e+00
9.169704922415155224e+00
9.141020164808690396e+00
8.839954040807485924e+00
8.797276996852223974e+00
8.449376017306427400e+00
9.341750901830966569e+00
9.061398244031140692e+00
8.722840289582439510e+00
8.827417207056949877e+00
9.278863361954014621e+00
8.800217720981816427e+00
9.104854266951740271e+00
8.730190941506240421e+00
8.879537733205351557e+00
9.123667974959792204e+00
9.054478526432840013e+00
9.186612643901090891e+00
8.692066679260856077e+00
8.990691937340134388e+00
9.430761438819182274e+00
8.395924067706626914e+00
9.036206793181882801e+00
8.886427990416040146e+00
8.580935366055591373e+00
8.666390917905125946e+00
8.969713076687074960e+00
9.038815066286705502e+00
8.837736829640803649e+00
8.692537453739568321e+00
9.196037426430951456e+00
8.960181636562593255e+00
9.225298335725110377e+00
8.883687546519176692e+00
8.408022336418689235e+00
9.082237972256359981e+00
9.201343090331395302e+00
9.203185848104064704e+00
8.636487621301858653e+00
8.718640627814037813e+00
9.253250267342611579e+00
8.716546760250277970e+00
9.082377246377477675e+00
9.079321304163084250e+00
8.837654743345620290e+00
9.045216150179355097e+00
9.034160153972878859e+00
9.677995756330142640e+00
8.705425240945597665e+00
9.492856750288936496e+00
9.017553609939696457e+00
9.079026238592074805e+00
9.202295915806271154e+00
8.541552868308892599e+00
8.745746813271672693e+00
9.227226545869294583e+00
8.926330012951078530e+00
9.004095028687281399e+00
9.270324970506402806e+00
9.216342081076332349e+00
8.908712589657255876e+00
8.938221258328487906e+00
9.074520642613492782e+00
8.529606985787186346e+00
8.822577739241127759e+00
8.802470712750086079e+00
8.826014549440804657e+00
9.165682115762706417e+00
8.596227532657676917e+00
8.912759235181445305e+00
8.989250097588669774e+00
8.828448148482261004e+00
9.330955795200910785e+00
8.365118469734323270e+00
8.804562354314962036e+00
8.834800414464371698e+00
9.040938535668253451e+00
8.264752061695318730e+00
8.870454370366163133e+00
8.650242307451662782e+00
8.303399871165861867e+00
8.382586571698654510e+00
8.737636579499504563e+00
8.838991339890116095e+00
8.435050710124484041e+00
8.881121370419432282e+00
8.814111000523640271e+00
8.561633991490577245e+00
9.343411641652547672e+00
9.071712100056966932e+00
8.801447439234298287e+00
9.196996217985562438e+00
9.339292073525827576e+00
8.692254880094706593e+00
8.857662869919144200e+00
9.064993114576449074e+00
8.716143502851426916e+00
9.273933227105704447e+00
8.599025106165074206e+00
8.968477644338154420e+00
9.437337497587748203e+00
9.078974939141517098e+00
8.909281727963072939e+00
8.807160635387267789e+00
8.680569703375086377e+00
8.516586280806167863e+00
8.940904900142221834e+00
8.444642871211554436e+00
8.748709926272422166e+00
9.071653231841260379e+00
8.516151523147877711e+00
8.842319991080401564e+00
8.826551434118167450e+00
8.721825847157139933e+00
9.282773116769952537e+00
9.415658758829142272e+00
8.475916703647259354e+00
8.762212074070825807e+00
8.756493993859459479e+00
8.483359889073517124e+00
8.444207460474569160e+00
9.426062736477797799e+00
8.485060715557295907e+00
8.589971737558046883e+00
8.553808413189265991e+00
9.224991856805866419e+00
8.992860399777510949e+00
9.666287712534272103e+00
9.040991910364404305e+00
8.446471846556114826e+00
9.376938902898849904e+00
8.648788216953965602e+00
8.415020949825835928e+00
9.077953221496100511e+00
8.653908820438289240e+00
8.301964506611623662e+00
8.823612648844843420e+00
8.674544211512793979e+00
8.944920710222190152e+00
9.294657535497751866e+00
8.831599550871553461e+00
8.368613720946884271e+00
9.168136026469527522e+00
8.669367358615378549e+00
8.894746805953969826e+00
9.339483525231104366e+00
8.920169251546084865e+00
8.374865742562690230e+00
9.670649929424692814e+00
8.416098276355745256e+00
9.599199790727249493e+00
8.153966727496891664e+00
9.238929179047499218e+00
8.370868087825549253e+00
9.775049473910490505e+00
9.563473607983654645e+00
8.818128738888287188e+00
8.872118123189913774e+00
8.462359029616166595e+00
8.710984313623923114e+00
6.744506232426742187e+00
2.514822402032243609e+00
