3.417145973988394303e+01
3.629269458707255325e+01
3.680127802946348936e+01
3.595082304344985147e+01
3.631907038139997468e+01
3.433545098628616898e+01
3.558695327604414160e+01
3.678807348600629723e+01
3.505154389104178847e+01
3.546725595516780771e+01
3.652642788795338191e+01
3.619812118694052572e+01
3.572071950914519789e+01
3.419126750713509466e+01
3.512436631594140124e+01
3.666836524090230398e+01
3.692526272498227513e+01
3.782341453967986666e+01
3.674098762782985261e+01
3.497508003927428888e+01
3.803920956678024368e+01
3.467603894840569012e+01
3.922014846551750367e+01
3.494419259242259557e+01
3.633176293793554379e+01
3.647096727381357084e+01
3.753269061225935843e+01
3.591217465264415409e+01
3.481859187530610455e+01
3.501182510403769044e+01
3.565005121779161357e+01
3.607897912653162820e+01
3.430004810630541812e+01
3.658170678382081320e+01
3.756549850491727227e+01
3.509611312673265360e+01
3.715572017380528536e+01
3.604818483779475002e+01
3.582325638100230236e+01
3.506186277310764154e+01
3.495117637295966517e+01
3.530534429552869113e+01
3.632997345571816084e+01
3.857557374100940706e+01
4.040918014533648517e+01
3.640298470056723090e+01
3.655135811928766287e+01
3.577736484835611463e+01
3.526001678307724774e+01
3.534018113627831070e+01
3.565589467104999954e+01
3.637642514811563643e+01
3.526272762240962777e+01
3.639787691364475819e+01
3.648300604489853782e+01
3.530505416455515189e+01
3.628646798262687412e+01
3.428912228143774144e+01
3.494261877676169092e+01
3.607252553420099872e+01
3.859169998773775490e+01
3.503090417339956986e+01
3.719763581509662487e+01
3.479897711520478509e+01
3.561977709414105675e+01
3.606983694039394095e+01
3.682548021853943965e+01
3.424206336826528485e+01
3.608585748351165989e+01
3.513933640320496465e+01
3.475790363533614880e+01
3.784222245678293461e+01
3.666389879004580621e+01
3.628610790473304348e+01
3.660652412907046482e+01
3.693889712843069617e+01
3.553619743560625466e+01
3.755195611182244875e+01
3.591291913180652529e+01
3.729940530180529379e+01
3.635441926958515779e+01
3.685699774858480282e+01
3.722542481394457070e+01
3.578551256509422984e+01
3.447348793894495600e+01
3.779968897646429582e+01
3.631540169502949311e+01
3.488916271726692742e+01
3.612592884705060925e+01
3.595489006680332977e+01
3.632111228311378426e+01
3.539717076366329707e+01
3.531109157880369764e+01
3.797270396803264703e+01
3.729685850047639661e+01
3.482647373461308860e+01
3.633310964872023874e+01
3.559892343752201072e+01
3.475010798409663693e+01
3.645601185788521548e+01
3.911282537503210932e+01
3.474243761579827350e+01
3.707660881607294101e+01
3.409769057544951210e+01
3.722374302565235382e+01
3.653972051545297717e+01
3.679453860345928717e+01
3.557399540583037378e+01
3.411563299408263816e+01
3.597156378903846985e+01
3.761391878944403544e+01
3.699627754223440945e+01
3.450745489063752558e+01
3.501970564949163389e+01
3.734852345528799589e+01
3.456309575279167490e+01
3.344138559026652047e+01
3.994072898016499096e+01
3.522464848032439022e+01
3.458947760213509781e+01
3.661006511879345027e+01
3.600000000000001421e+01
3.599999999999986500e+01
3.466594549236270950e+01
3.700860137145003392e+01
3.484168083676072314e+01
3.513569833309885837e+01
3.643034170199826605e+01
3.770943743869698750e+01
3.579679058627920085e+01
3.502097071959797603e+01
3.997366029840453194e+01
3.524396169657677547e+01
3.683916098474310274e+01
3.560985100117813573e+01
3.500870824711623897e+01
3.612539071872659235e+01
3.571859259786933194e+01
3.621511868546713231e+01
3.730100311099253929e+01
3.453381176367813765e+01
3.594181263198792209e+01
3.558397637446361728e+01
3.672023971281778643e+01
3.614480937572947994e+01
3.548793348161417072e+01
3.587006236151512439e+01
3.627242910867321513e+01
3.633244849935906018e+01
3.548740596809845016e+01
3.760306616147639147e+01
3.476414572469138875e+01
3.756189869512265034e+01
3.733446393668874208e+01
3.707709626544458814e+01
3.636105822272363497e+01
3.561638758804100036e+01
3.508507965235171611e+01
3.516464816362853441e+01
3.596340422079328647e+01
3.484955644019885312e+01
3.542091316449293004e+01
3.499422150920143082e+01
3.964890392290094212e+01
3.631185545916765278e+01
3.531421438857797312e+01
3.771879039265812139e+01
3.706318737272000163e+01
3.569670412905062307e+01
3.477722528857047024e+01
3.645890126761910466e+01
3.605223008864993517e+01
3.641991661666847335e+01
3.581322348930099508e+01
3.625030230563196199e+01
3.493760144555363212e+01
3.654274052826905717e+01
3.517101753659678565e+01
3.500062721944122757e+01
3.668425795269268974e+01
3.481042637301055009e+01
3.589490050935025067e+01
3.593650417066991309e+01
3.711658648203683697e+01
3.640612720330424423e+01
3.815824056357489980e+01
3.565962627300613264e+01
3.698734509764908296e+01
3.605910305928949811e+01
3.728026757956758530e+01
3.667367706582629694e+01
3.615059262161479126e+01
3.629203056499870428e+01
3.778958431752826641e+01
3.476107115616378707e+01
3.570983652929475483e+01
3.664538481725133323e+01
3.471353686982838127e+01
3.522686147973155357e+01
3.530961980528653044e+01
3.475745718688181540e+01
3.743683976010166248e+01
3.526576135302804005e+01
3.713512227320911308e+01
3.515940848253842432e+01
3.676769706326262366e+01
3.577433970921976680e+01
3.502538022083723490e+01
3.415828046605724211e+01
3.601903594427694344e+01
3.445071432109155296e+01
3.434796541374851842e+01
3.653368529129900821e+01
3.471836318638354157e+01
3.481669132317436777e+01
3.527608402409625654e+01
3.585854907541687453e+01
3.520106843675696240e+01
3.623428820211570667e+01
3.560761911400511792e+01
3.657976565874194108e+01
3.684595971718876228e+01
3.513634774392952664e+01
3.486610287067048120e+01
3.928452179069260808e+01
3.677732538069523116e+01
3.485787973352027080e+01
3.704522232088549316e+01
3.869496202462551082e+01
3.500895497337074858e+01
3.669913383258511175e+01
3.871846855376330865e+01
3.535667984940543818e+01
3.432117113063085867e+01
3.486452446146058293e+01
3.951475791867425613e+01
3.463817845984409871e+01
3.630902478806053324e+01
3.486964261585847424e+01
3.589810262802986784e+01
3.524909912529481915e+01
3.808041733770124893e+01
3.668437679150459729e+01
3.763903147969877239e+01
3.315856383608007008e+01
