1.573877546364930957e+01
1.661146045532466076e+01
1.549146392331723909e+01
1.522207842795705091e+01
1.569321243685781653e+01
1.598757343009030407e+01
1.563797533757657021e+01
1.603534670970925546e+01
1.697688895635421602e+01
1.597151762972585409e+01
1.642621446700878352e+01
1.526356065505972381e+01
1.604074262833882258e+01
1.613409914708239157e+01
1.564050410763531396e+01
1.604166848236513587e+01
1.585448471910816437e+01
1.590716156616878862e+01
1.629381727475212926e+01
1.627275665773948177e+01
1.649585806401559296e+01
1.620787680482361282e+01
1.606904550065894455e+01
1.604985725430495691e+01
1.584007942919708967e+01
1.652051687311985972e+01
1.653628057584054645e+01
1.591878781461639036e+01
1.586906621618370927e+01
1.566885790216968388e+01
1.582861649474354770e+01
1.658850879448917581e+01
1.597253469432931183e+01
1.616262199055714532e+01
1.611284767845191723e+01
1.631413820355580313e+01
1.572912787268706580e+01
1.594940841413973942e+01
1.580879492208684667e+01
1.503353764902003320e+01
1.601650894946938308e+01
1.591133139011182251e+01
1.557273920783130983e+01
1.651630557954987921e+01
1.621692578455207467e+01
1.658857524631357805e+01
1.596886549216377915e+01
1.619977388036725330e+01
1.647295798682870682e+01
1.582213991852057688e+01
1.597698487555383196e+01
1.573004442583177642e+01
1.658822358156538357e+01
1.639160297524363585e+01
1.618059523451067960e+01
1.515697230416493468e+01
1.592147805073942735e+01
1.626189730745203121e+01
1.571069696642023672e+01
1.622530635824505651e+01
1.567878648437785927e+01
1.596272115116363643e+01
1.543766796901737415e+01
1.561959357176224472e+01
1.711923128224340473e+01
1.614130678650711914e+01
1.570324408620108159e+01
1.596507960563569206e+01
1.564753445259439602e+01
1.587451854495529346e+01
1.585931829238669444e+01
1.610230224372157792e+01
1.603336892944016867e+01
1.662217605399764508e+01
1.617956900696597700e+01
1.600362292238694906e+01
1.554452703912613387e+01
1.630171182402253294e+01
1.600983557873532348e+01
1.561210657926788770e+01
1.663225594565053100e+01
1.639327837692220768e+01
1.584804102046870788e+01
1.628106872269755456e+01
1.536454497214209880e+01
1.625091889486008156e+01
1.624701231675186364e+01
1.593155910067840431e+01
1.587790090917990682e+01
1.529381828256406273e+01
1.698870325113466961e+01
1.557949870225392708e+01
1.592919897306698473e+01
1.603861162698244414e+01
1.589315397311180256e+01
1.543229561446305453e+01
1.615721329457725375e+01
1.607795792995074535e+01
1.604792594789892490e+01
1.580057785218947508e+01
1.594265998857355271e+01
1.539505480025917450e+01
1.604530249941863218e+01
1.637638579768241343e+01
1.594495309343465195e+01
1.595714749142975286e+01
1.623497537470119312e+01
1.577183301415959527e+01
1.602059630399863011e+01
1.549382323578665854e+01
1.604964036848660314e+01
1.610475577274589654e+01
1.601130484780166441e+01
1.589613979519814002e+01
1.590428056910971577e+01
1.613668733133011557e+01
1.620662763332356704e+01
1.606968314418184107e+01
1.657188302397179314e+01
1.614301821206774079e+01
1.586150124536990980e+01
1.575769395918866422e+01
1.660537362710307718e+01
1.598436112516648322e+01
1.587681013444026945e+01
1.606989349300760495e+01
1.640907527905320151e+01
1.590258876407903443e+01
1.582649341428650125e+01
1.570899584208363642e+01
1.635916896120107467e+01
1.548159984014895940e+01
1.625375089286692187e+01
1.611384881424432791e+01
1.579401177993477923e+01
1.604281054041591048e+01
1.557588424451638254e+01
1.575058165058693760e+01
1.581142129571466803e+01
1.589982598189638452e+01
1.627734239235753577e+01
1.597515027947413913e+01
1.597417374119474864e+01
1.635661928428447354e+01
1.591525902343717114e+01
1.624216945013916202e+01
1.567260097015649478e+01
1.575569730484225950e+01
1.607982985626228967e+01
1.617323873224017206e+01
1.597004140304142261e+01
1.589875245062727416e+01
1.598233157036479390e+01
1.572970084800415336e+01
1.571020448119724833e+01
1.572091205989506513e+01
1.599005562429720406e+01
1.611233430143392198e+01
1.563025951012496684e+01
1.605018096067325573e+01
1.594044938829089020e+01
1.675464846582687528e+01
1.600575996062828565e+01
1.650753642247745745e+01
1.557584712337363797e+01
1.638280930827776771e+01
1.616558943239419932e+01
1.626784435207856205e+01
1.643962964511238312e+01
1.598492085719917277e+01
1.618192466544043384e+01
1.616688953105447979e+01
1.578074617310780425e+01
1.551466138720027743e+01
1.659676167397222102e+01
1.619479768763905270e+01
1.621109612428860913e+01
1.579209622226813359e+01
1.644208043571931910e+01
1.628135796382456846e+01
1.630324263265453766e+01
1.634802250607379293e+01
1.614224163492044894e+01
1.577850293719041197e+01
1.581634855742876766e+01
1.619464582208852477e+01
1.596089169721829926e+01
1.602034735358801498e+01
1.541854100986314791e+01
1.613950828283595484e+01
1.619550973009310368e+01
1.553738086069650315e+01
1.580297815496211200e+01
1.547905960484451704e+01
1.679833975451650119e+01
1.599551691704193956e+01
1.589481264041228847e+01
1.554914358933436347e+01
1.545460181996417681e+01
1.644394835349437045e+01
1.596341413798914033e+01
1.602707138252658581e+01
1.592689225058662039e+01
1.569117987842132678e+01
1.582787441325303135e+01
1.640249642677682118e+01
1.632547955935694262e+01
1.605215306567032130e+01
1.583511805722043775e+01
1.567585927004342139e+01
1.620502669127615647e+01
1.612683963483783245e+01
1.567314398872955650e+01
1.613966677556234330e+01
1.607977476492795077e+01
1.608784325016895167e+01
1.562695769736185980e+01
1.590038148950540275e+01
1.595492807212956166e+01
1.611906439972234395e+01
1.619090968130323915e+01
1.564476222885379997e+01
1.630370266324465689e+01
1.581365363470763619e+01
1.591620522049247022e+01
1.587348806761950826e+01
1.571848503283031384e+01
1.576468092261621834e+01
1.572462434759680860e+01
1.606383861178024119e+01
1.600343836225068017e+01
1.626321070291408688e+01
1.652104674461809708e+01
1.630809498736137542e+01
1.561244067979012762e+01
1.615739850324016658e+01
1.572994773091335752e+01
1.588980034165929389e+01
1.590342069427551941e+01
1.607811397861746983e+01
1.592548977279855293e+01
1.535207838458294027e+01
1.656789794032444263e+01
1.630366009200749744e+01
1.580718545205160908e+01
1.596566952202801026e+01
1.615231152194471775e+01
1.542147775432532875e+01
1.640077108589407473e+01
1.591326940787387478e+01
1.647791106375316517e+01
1.633638547562988919e+01
1.607939499531839544e+01
1.590353351915247337e+01
1.592805053969898843e+01
1.561603582531645884e+01
1.623318028886214748e+01
1.589337038793182444e+01
1.582561815320463516e+01
1.612851787192382602e+01
1.589184245014000219e+01
1.651218914606274524e+01
1.569510034547814747e+01
1.608629249185896271e+01
1.574010870145336050e+01
1.603134335818991119e+01
1.628856069609846102e+01
1.595731218529407691e+01
1.609323566215142165e+01
1.636161598197232081e+01
1.640456867492549264e+01
1.558894029853717456e+01
1.597260039275620791e+01
1.638860283100583715e+01
1.581365683820658496e+01
1.570725960215529149e+01
1.646464321771066608e+01
1.647716229063150095e+01
1.617113370858008281e+01
1.560890196551168430e+01
1.606292711176866916e+01
1.558285811252593511e+01
1.605199098055894069e+01
1.599531243126139302e+01
1.567707255404800826e+01
1.628081887300083963e+01
1.571776749002516915e+01
1.645005466550483675e+01
1.660166223367723504e+01
1.615236209268182321e+01
1.602198643835897940e+01
1.601883239130364700e+01
1.584035592572522688e+01
1.623430877473959200e+01
1.595654643771290893e+01
1.604713431610185381e+01
1.602397477051083641e+01
1.567431129508446297e+01
1.556304154111776583e+01
1.583671554347359667e+01
1.585527410938769499e+01
1.578764445547129291e+01
1.575246249217950734e+01
1.616276710190063781e+01
1.593104591499272971e+01
1.570615410083471986e+01
1.583921415174191694e+01
1.602548660107208178e+01
1.614241149017924570e+01
1.616191096589050957e+01
1.552957051642449038e+01
1.581117761709414538e+01
1.620661888154238639e+01
1.620716250027803085e+01
1.599626795879624375e+01
1.618814179528036945e+01
1.631466974467845787e+01
1.599089202874552207e+01
1.592425810369947037e+01
1.600312291638137552e+01
1.611301082751289115e+01
1.623941342826115175e+01
1.575139527638449088e+01
1.628102194269297343e+01
1.607983008664979607e+01
1.634166680577354214e+01
1.649875992273712555e+01
1.593937173778321892e+01
1.541274590037350301e+01
1.636102424802118804e+01
1.621897886947312273e+01
1.585795378766884056e+01
1.609261446437717424e+01
1.574479942421522161e+01
1.599778011906256836e+01
1.594189230531393342e+01
1.577461512307078806e+01
1.625633762558971185e+01
1.542771992012094096e+01
1.587685362029399627e+01
1.600640831952201282e+01
1.579221776173777414e+01
1.647542043491276686e+01
1.543554625145130821e+01
1.653037855309805693e+01
1.603029827758477310e+01
1.583638256444265480e+01
1.657720823010835787e+01
1.670308852345581840e+01
1.569998461827764835e+01
1.614838904925696283e+01
1.605874342289367007e+01
1.595238464861879102e+01
1.580403800361862743e+01
1.641462822980106040e+01
1.623196172413478777e+01
1.561628018966082720e+01
1.592872925956472763e+01
1.597438288591323285e+01
1.631355415667832531e+01
1.630618028502725281e+01
1.634693203527407590e+01
1.616648351733259048e+01
1.576929566564639806e+01
1.613455137504212900e+01
1.593142757965547318e+01
1.594609380801369625e+01
1.661095611463312238e+01
1.577618116671494697e+01
1.557558171710524242e+01
1.642577555872825101e+01
1.633047737937405586e+01
1.587542159728750235e+01
1.605834253980494708e+01
1.657204544346506481e+01
1.580347997404485483e+01
1.644582584084966470e+01
1.573380024977425506e+01
1.590517071648157454e+01
1.596985308754092436e+01
1.562435688083615126e+01
1.623962250509858052e+01
1.607252051726220188e+01
1.575520781930410230e+01
1.643352267758929486e+01
1.620428795802076749e+01
1.608503239926215755e+01
1.633952491109322480e+01
1.581613015670375511e+01
1.622863800128489586e+01
1.604012732177915979e+01
1.643887295688148242e+01
1.599584540397093768e+01
1.604313511914808643e+01
1.575275632759583289e+01
1.558991880903709593e+01
1.574827914716224342e+01
1.667303803258145223e+01
1.594054502055075240e+01
1.571494115837581518e+01
1.603697464899786240e+01
1.586616347854533160e+01
1.643749396716130917e+01
1.601496938822852556e+01
1.665685375480506636e+01
1.599401640409185354e+01
1.624378105277796180e+01
1.618822652982628085e+01
1.609625968595386070e+01
1.611189675761888296e+01
1.589661261052872021e+01
1.604048206842947621e+01
1.614334053106340860e+01
1.586771082595624272e+01
1.605980128451023958e+01
1.649471359448092045e+01
1.605695921558173822e+01
1.578669706693894526e+01
1.633406217748468947e+01
1.613417283914690259e+01
1.613131347545314753e+01
1.577226174838000183e+01
1.592795172948181381e+01
1.567418603864439497e+01
1.633471189359527997e+01
1.581739591269171541e+01
1.669036627194975608e+01
1.563313993639076571e+01
1.564676175885310272e+01
1.603191232008683187e+01
1.659657019881149509e+01
1.580091313347514870e+01
1.610285870904095518e+01
1.576796486701227984e+01
1.631727425576231028e+01
1.559665817580905411e+01
1.577902229097678877e+01
1.610477196976137293e+01
1.628845283589530624e+01
1.617040357181651800e+01
1.568362544510976697e+01
1.684917118574265515e+01
1.585374945172209848e+01
1.601322543446870483e+01
1.584182114605000535e+01
1.612528693194450113e+01
1.567505113977362896e+01
1.592271340210617581e+01
1.664754203341663086e+01
1.597406589050462777e+01
1.618136851922432129e+01
1.627812457236865740e+01
1.651638340063077948e+01
1.592273563351289667e+01
1.602354877905458608e+01
1.597032562607687645e+01
1.583517611255142832e+01
1.603163096518062858e+01
1.625165664749725636e+01
1.591064209568045307e+01
1.591704033398382734e+01
1.613032592454137770e+01
1.587153197784853553e+01
1.663752702302478426e+01
1.602850909176503791e+01
1.674747521966946451e+01
1.593037929240788309e+01
1.578613105276898843e+01
1.588410301936620250e+01
1.580371402400915315e+01
1.653162013391420260e+01
1.620755672355694799e+01
1.592879771046173332e+01
1.597873527049045350e+01
1.625172958934233591e+01
1.608029728872385178e+01
1.645830834135536946e+01
1.608283644500725629e+01
1.581572093032854553e+01
1.642177206570126202e+01
1.591341272026806131e+01
1.591811865887048860e+01
1.584494165213297201e+01
1.608213146647895897e+01
1.629288140472419499e+01
1.619070172290678045e+01
1.525324216472614047e+01
1.604660707885666326e+01
1.646132328096179620e+01
1.604649106004757897e+01
1.608630014220914362e+01
1.641478012913722750e+01
1.555620904182990749e+01
1.670923934722615201e+01
1.617815463795425757e+01
1.622084329639248779e+01
1.624206647228670519e+01
1.613280861608825845e+01
1.592970014818293834e+01
1.585217312484365593e+01
1.578858372464579674e+01
1.577545953977504034e+01
1.557752408169349678e+01
1.587903467660113144e+01
1.548680119474213335e+01
1.586358961113988819e+01
1.627622621783480028e+01
1.632004025582126516e+01
1.643415058874445833e+01
1.593409791186613944e+01
1.612361929611385847e+01
1.656164314912984992e+01
1.644196731522415433e+01
1.577106138682359848e+01
1.585582323939402905e+01
1.600109180614336779e+01
1.657735021119904673e+01
1.565864468939123988e+01
1.603634336052347464e+01
1.606043733428947107e+01
1.565278010054320035e+01
1.606485989367941158e+01
1.625948242539387323e+01
1.596777985944192224e+01
1.590394096059426587e+01
1.604506870676700814e+01
1.560393565865023646e+01
1.572205683998690873e+01
1.562807017600830761e+01
1.640509432233149667e+01
1.589778617035241481e+01
1.606897078832071912e+01
1.614950488003029605e+01
1.577628156344157695e+01
1.564422717490862880e+01
1.553426484224691428e+01
1.581224317688254999e+01
1.622432995950832435e+01
1.604735380673697165e+01
1.599937824062145175e+01
1.591011891444984094e+01
1.593652548210499376e+01
1.625588841931913819e+01
1.602358229385053789e+01
1.591465323318484870e+01
1.608856743992722826e+01
1.560383499522404449e+01
1.608228390932064400e+01
1.623827103352439849e+01
1.572171809252474617e+01
1.623457741376508778e+01
1.570482921993843739e+01
1.613232319752298949e+01
1.611274012873252559e+01
1.569477385467641284e+01
1.626535811083802230e+01
1.630263667735760436e+01
1.613188550822801304e+01
1.576222272165732541e+01
1.549375967154760581e+01
1.595863944428182002e+01
1.539839829645703873e+01
1.623745255627677864e+01
1.549505565962870968e+01
1.545765327108249743e+01
1.619322463174898630e+01
1.608375738113011977e+01
1.571439816593380634e+01
1.613549270700834271e+01
1.568580820151676569e+01
1.607307167200243825e+01
1.536621935153016238e+01
1.563501513555641509e+01
1.603327627410740064e+01
1.560194642598783510e+01
1.555191043792584615e+01
1.615620037243279938e+01
1.580201914010249276e+01
1.635340454434446400e+01
1.606501154064570613e+01
1.648377838054686606e+01
1.612370339339607384e+01
1.603844568046748620e+01
1.575349925042134203e+01
1.577853742009145677e+01
1.581697789808791477e+01
1.590211269975647213e+01
1.552185261952125472e+01
1.631593817012261027e+01
1.589370361111886254e+01
1.645333417035108781e+01
1.585486187884878895e+01
1.600393280002990792e+01
1.635783653081355382e+01
1.601856863823347155e+01
1.632713660305570968e+01
1.566995889894071681e+01
1.591640552456295943e+01
1.623882071483463818e+01
1.585858775038243706e+01
1.611240549676473677e+01
1.646509158759545954e+01
1.605664196533733090e+01
1.606692499297450283e+01
1.572063114453929344e+01
1.565203382474337701e+01
1.545662422318958917e+01
1.586023999230966375e+01
1.590267955041626813e+01
1.550072639458630519e+01
1.589334985399593947e+01
1.581722025956750777e+01
1.630746709629914903e+01
1.601965939685796059e+01
1.615849154402393850e+01
1.606901673486544624e+01
1.549682207777068044e+01
1.680564722137171429e+01
1.624427223315066371e+01
1.610931467580043019e+01
1.641326321131258936e+01
1.595388045878773120e+01
1.582661470022346251e+01
1.618812656450552012e+01
1.622965969555332677e+01
1.613068222069197333e+01
1.548620991013949855e+01
1.588878331069070349e+01
1.562624518090077785e+01
1.584149126719285405e+01
1.628688104176709572e+01
1.571178787827414958e+01
1.581458066599340739e+01
1.578978643912833491e+01
1.621605092629217282e+01
1.593273998397364011e+01
1.578691707063688732e+01
1.573045878194575842e+01
1.643990135094918870e+01
1.562894788854634420e+01
1.647171541897260028e+01
1.630473683779957739e+01
1.652902156055801086e+01
1.607367760141341861e+01
1.578699699253316346e+01
1.631556545012421466e+01
1.554948521177026954e+01
1.636183832959975604e+01
1.642941459598635845e+01
1.579126885119255341e+01
1.593072368888998547e+01
1.624039826115856755e+01
1.573643400331554609e+01
1.549636074328469704e+01
1.593567117574218095e+01
1.582498641307753395e+01
1.573066728679982695e+01
1.630237830242608155e+01
1.658721536037831967e+01
1.686216323165110964e+01
1.560280884970279125e+01
1.583376348898079833e+01
1.586782456042424272e+01
1.562677576685450198e+01
1.598754214001536411e+01
1.573134117073552929e+01
1.580539869228332073e+01
1.582668067629978026e+01
1.608091045204488267e+01
1.648277519224736665e+01
1.619115262777984654e+01
1.571197515637821773e+01
1.629690177750809355e+01
1.587442492393666882e+01
1.607414036857474926e+01
1.597492135921810963e+01
1.591453538072043550e+01
1.618771792484910321e+01
1.565993661437193119e+01
1.543014068873064915e+01
1.564654838759684985e+01
1.625350016817910159e+01
1.564551362942480495e+01
1.542890482538835428e+01
1.589646706550405852e+01
1.626489508361985159e+01
1.622409625194124061e+01
1.617790635045195557e+01
1.610142771914486204e+01
1.608926507734114963e+01
1.628354809172915907e+01
1.629133808508412784e+01
1.590194068919400117e+01
1.595181491786378913e+01
1.595954139767638402e+01
1.562269904745849125e+01
1.692485232576833454e+01
1.602116266474954998e+01
1.606325130600289341e+01
1.605708338696424775e+01
1.556268311454804198e+01
1.635266187378716651e+01
1.558162419700269652e+01
1.594608146079805167e+01
1.585226985729640603e+01
1.569492950368270634e+01
1.630193608606647970e+01
1.616212026576737060e+01
1.568441059948920469e+01
1.593794942958117744e+01
1.596742473494291659e+01
1.619369671220701434e+01
1.624603436327881667e+01
1.597284752192871693e+01
1.599326196347614015e+01
1.551038801655386123e+01
1.618232543220125308e+01
1.630077250855380200e+01
1.587354294338896210e+01
1.584554622894494003e+01
1.519155759720841381e+01
1.640028608749249628e+01
1.654804173622689234e+01
1.579044500570790355e+01
1.596279103594799942e+01
1.620887641569710524e+01
1.529099906417066634e+01
1.605712512595288644e+01
1.600243095011847316e+01
1.635733460743944434e+01
1.585262117453346598e+01
1.613523030562398830e+01
1.623058045998677201e+01
1.606203273909651585e+01
1.559132329558742924e+01
1.615940014412252879e+01
1.577638694450515366e+01
1.577025373260666896e+01
1.576362826127996897e+01
1.598601139022370532e+01
1.568289199452767413e+01
1.604310977650097314e+01
1.600582280412270819e+01
1.590935692306622329e+01
1.593873193716614090e+01
1.603664906838788440e+01
1.607782937119863220e+01
1.621729768811275463e+01
1.638879185756747248e+01
1.586508486110634841e+01
1.564790490107930765e+01
1.604864628573607988e+01
1.635497062943949942e+01
1.618621080443329774e+01
1.573225028228163325e+01
1.589445269090272816e+01
1.608291922813184627e+01
1.608854093418375797e+01
1.546287345619722764e+01
1.595824592069531889e+01
1.595886717521402254e+01
1.548929136156262665e+01
1.589310769558943015e+01
1.557359403048057622e+01
1.615813863770025449e+01
1.564195773829584368e+01
1.581678779278720448e+01
1.638335730902430853e+01
1.575468778670328440e+01
1.548537323257908582e+01
1.573777904583827869e+01
1.598754781945263836e+01
1.585051412976810248e+01
1.605942621564221540e+01
1.566063588269024542e+01
1.640357760354159211e+01
1.638475330306305366e+01
1.582757271698174861e+01
1.663010581286230760e+01
1.554724362696930307e+01
1.610855648809792129e+01
1.579951900880302418e+01
1.565807325444345466e+01
1.584515329456949573e+01
1.590233939682857844e+01
1.568076555841455644e+01
1.642732354660243743e+01
1.604591663113522060e+01
1.576514448031424998e+01
1.613342755612116264e+01
1.583700723167796198e+01
1.575575715982440705e+01
1.641382947266313153e+01
1.562621081376760301e+01
1.597951846975360191e+01
1.620636371537435494e+01
1.612852172804192108e+01
1.602106413974096100e+01
1.608507379928111902e+01
1.610778725731804784e+01
1.619509980141411987e+01
1.616246692050247802e+01
1.679173604415877108e+01
1.593260086679674892e+01
1.635613670995454072e+01
1.579045310410488590e+01
1.563354329675117604e+01
1.605159105740122527e+01
1.701116794227525375e+01
1.587245026449189211e+01
1.629426369853142020e+01
1.595343539837907265e+01
1.583105467671000355e+01
1.613274878764615394e+01
1.577033562865705463e+01
1.563266564618340482e+01
1.605915632209659449e+01
1.561835572978959341e+01
1.612840958759647236e+01
1.627039516138753683e+01
1.626569907944705662e+01
1.589542131190541774e+01
1.597145567540370159e+01
1.532293445748811855e+01
1.624918508851398258e+01
1.620591407534223549e+01
1.654670625726856059e+01
1.622834090723180012e+01
1.614531972059835851e+01
1.546189932539795464e+01
1.644646278653482696e+01
1.595411570321130945e+01
1.630129268907941409e+01
1.602729142000254114e+01
1.595603507676802657e+01
1.602620229715053313e+01
1.572420019758691900e+01
1.571408081553847857e+01
1.612249198111838311e+01
1.610806469235604865e+01
1.582615448854448026e+01
1.582870272792164634e+01
1.575437268820193815e+01
1.591294662475317878e+01
1.571276699206898719e+01
1.640212601937517789e+01
1.582064084285264371e+01
1.700506344801667424e+01
1.649323324175979621e+01
1.644826042919080678e+01
1.707813108260083368e+01
1.610660408664799803e+01
1.593247205161035751e+01
1.592790677856864967e+01
1.561818290157080824e+01
1.578301860350305752e+01
1.564289787429756728e+01
1.587672056771057605e+01
1.608781727639236081e+01
1.566315171502860260e+01
1.594927418738321734e+01
1.579365158446618267e+01
1.581011429764432918e+01
1.587290908793172584e+01
1.635942275458187112e+01
1.581853148085648719e+01
1.655155608925329958e+01
1.552807642776107144e+01
1.557549932180388907e+01
1.560746561316946845e+01
1.583114736368409758e+01
1.605711941238292084e+01
1.616160327907412153e+01
1.571836671103620908e+01
1.637104202607542902e+01
1.613301843783754208e+01
1.652055682336487052e+01
1.625291895399650599e+01
1.603769403622556666e+01
1.572094559134890090e+01
1.565739462470394905e+01
1.613082253834312496e+01
1.641769029408702707e+01
1.649884164400988240e+01
1.627873350945205289e+01
1.554379543499681482e+01
1.589266662866349300e+01
1.609961986078745255e+01
1.568157024726385629e+01
1.625649726740948964e+01
1.581524969735071906e+01
1.579034484082581180e+01
1.556895521112640779e+01
1.571001670792362681e+01
1.601697530084880583e+01
1.577297585377543143e+01
1.627198890685825461e+01
1.679660373859062261e+01
1.619138761076614941e+01
1.553605950040812722e+01
1.596630119401665482e+01
1.591101284793506387e+01
1.644111057472239068e+01
1.578702099078191168e+01
1.562267550704013530e+01
1.608782128466049599e+01
1.564663197626077995e+01
1.602782327613500257e+01
1.598935497637297765e+01
1.686069651931787305e+01
1.503830863370400017e+01
1.618636957291307610e+01
1.658385350797373547e+01
1.566424546411936092e+01
1.586726184119012295e+01
1.607710975793306218e+01
1.603773570974328067e+01
1.584315998786164847e+01
1.629363667712575037e+01
1.632796672841959662e+01
1.622284687061026887e+01
1.613463197181686937e+01
1.585369500428386935e+01
1.578863376772947547e+01
1.561112922838461614e+01
1.600067523448518259e+01
1.587601455296859676e+01
1.611634844357191909e+01
1.662690497765336417e+01
1.567476684313267477e+01
1.651863316182778263e+01
1.646064107921730724e+01
1.610584539389748215e+01
1.588386141119257999e+01
1.609734032341330234e+01
1.656434779242592725e+01
1.620866590677861296e+01
1.578917392509038997e+01
1.580593545434090252e+01
1.592103920839796771e+01
1.617501317920417492e+01
1.570505271528669411e+01
1.514265428678875836e+01
1.602760409934926500e+01
1.576096288649529065e+01
1.660050860440684062e+01
1.629421500436868442e+01
1.583643818505909628e+01
1.547407550948814503e+01
1.566185600913824238e+01
1.562364195089176100e+01
1.682174263965893957e+01
1.602852877800512488e+01
1.596477460582508634e+01
1.557754235666194553e+01
1.570149538720662363e+01
1.590292329210322109e+01
1.601231702831314863e+01
1.656121309842855638e+01
1.671643336734805985e+01
1.609112724285469298e+01
1.588581326667397242e+01
1.605690459564583605e+01
1.561366220610039157e+01
1.567772196633209703e+01
1.575353096563969224e+01
1.570283188998681645e+01
1.606902716747313775e+01
1.672155104928891234e+01
1.609520728357822250e+01
1.587660389263956695e+01
1.550850970787840666e+01
1.671563167360616120e+01
1.605336731861315513e+01
1.636767486608219002e+01
1.629184832990242526e+01
1.553562317813495142e+01
1.641811073796724685e+01
1.595565144226513787e+01
1.579602165987307139e+01
1.646538210364037269e+01
1.610755923301698544e+01
1.585100876522663604e+01
1.563178964082178446e+01
1.581512802108156635e+01
1.623013773902943058e+01
1.640162011765815109e+01
1.582597966087271679e+01
1.595945321289107888e+01
1.594102299389170874e+01
1.564515182485778944e+01
1.600950173093121620e+01
1.538181376455231053e+01
1.602231426927286506e+01
1.602015249626519022e+01
1.572392638749851024e+01
1.600070647525212664e+01
1.590932492390589381e+01
1.577110541901040008e+01
1.620636907847794816e+01
1.614092072962695568e+01
1.568551374315801361e+01
1.643361080667851581e+01
1.582098468633467192e+01
1.588378756070963149e+01
1.540598839233369510e+01
1.639534816175951093e+01
1.563624231505079898e+01
1.608034130490235114e+01
1.577095327625781174e+01
1.566812005071134983e+01
1.641453760625668323e+01
1.596617275029739247e+01
1.569522814127256538e+01
1.606837345938453154e+01
1.599844438662480783e+01
1.616250791582512392e+01
1.606071905082118434e+01
1.551506050309469131e+01
1.613325380417427368e+01
1.618781935739634292e+01
1.569915405662353258e+01
1.569219656862985168e+01
1.594741215323765182e+01
1.633478254646658101e+01
1.593165423915538170e+01
1.580597382181169408e+01
1.642202607577467788e+01
1.616297627262465753e+01
1.619840821437185596e+01
1.560735665508159542e+01
1.546832525403629433e+01
1.622834059257607464e+01
1.609380670835402327e+01
1.650974094838225170e+01
1.585972904695410968e+01
1.592497671118263014e+01
1.579138553307975634e+01
1.603860648891785345e+01
1.571229177736441862e+01
1.593878425175776492e+01
1.573900818985899441e+01
1.619973695962517724e+01
1.571163353287215259e+01
1.643029777137484615e+01
1.697743261301328488e+01
1.562943456137952047e+01
1.610696083220610930e+01
1.618406361630608359e+01
1.550242114444382580e+01
1.629217009757626400e+01
1.606147270228905199e+01
1.582358878944016745e+01
1.619731416795366030e+01
1.539074426884709013e+01
1.577439213742133006e+01
1.664336603588880692e+01
1.618085805611706007e+01
1.640233085256130963e+01
1.644678285603662005e+01
1.597593623497618331e+01
1.621741458046479423e+01
1.613149964962812177e+01
1.621274332743210067e+01
1.623997875529875401e+01
1.609622785258165578e+01
1.599126482424302864e+01
1.587781477285128418e+01
1.535783224743492248e+01
1.591461803347817927e+01
1.588741509311069144e+01
1.620481509283563426e+01
1.558343877003627931e+01
1.615507373830141091e+01
1.631857325086328458e+01
1.606999368976337195e+01
1.552887613616657170e+01
1.596070535474766672e+01
1.550969910457923184e+01
1.611224613993404731e+01
1.551810421358720227e+01
1.552312569054206115e+01
1.597556310703093096e+01
1.608881429137764840e+01
1.614784400213367022e+01
1.569957955705385366e+01
1.638368158373189942e+01
1.599243568207826627e+01
1.591707950811236039e+01
1.593985008152796290e+01
1.615724352603706748e+01
1.650106084823931596e+01
1.639103558447061104e+01
1.621868188367580643e+01
1.633963834943712357e+01
1.616140257529868052e+01
1.641468070937533241e+01
1.585331532779642139e+01
1.565664332601025421e+01
1.597263844123838439e+01
1.625010979663690591e+01
1.579144133107268821e+01
1.638133795089297706e+01
1.569764978370959518e+01
1.578953398982186407e+01
1.641541288970651991e+01
1.551001336693588328e+01
1.564041901630040421e+01
1.599794281494252068e+01
1.634346061378332138e+01
1.596433607803255939e+01
1.623539871382133981e+01
1.622600712226594055e+01
1.621143902094247480e+01
1.618685087655264354e+01
1.595663587585294785e+01
1.611707567435724542e+01
1.660738998123002474e+01
1.610756977235288900e+01
1.623427204338612029e+01
1.618844673842196613e+01
1.683198370503922092e+01
1.644936158161568684e+01
1.542821150674067532e+01
1.621205046030569719e+01
1.539410638823238031e+01
1.628554538177997557e+01
1.591158193885727101e+01
1.543071128635353872e+01
1.598485265943832623e+01
1.575384322775585666e+01
1.624045544637246508e+01
1.646381772662279985e+01
1.645768900407530566e+01
1.566381907479622271e+01
1.620492563116136608e+01
1.595879942995851763e+01
1.611816197119583904e+01
1.630507649060571396e+01
1.654813677874380318e+01
1.625753068229014531e+01
1.634192110856708879e+01
1.540912342673271418e+01
1.610587282778039153e+01
1.616887603685869479e+01
1.604293999536314175e+01
1.564231463133547706e+01
1.589520316512322040e+01
1.620686199726185706e+01
1.567358853128130391e+01
1.583914869511590062e+01
1.564038916568085824e+01
1.603599333515665037e+01
1.598246121618012694e+01
1.626462075065992607e+01
1.635872298651673873e+01
1.586669683552300292e+01
1.594400263388643779e+01
1.610370858658244231e+01
1.599073902753903020e+01
1.624653788524356912e+01
1.593036924572973767e+01
1.618650606647534573e+01
1.642132037798610256e+01
1.615311664068526554e+01
1.615603538449528642e+01
1.588542927626515144e+01
1.624095261264714551e+01
1.597286136114286137e+01
1.670511692248072677e+01
1.619845256377657350e+01
1.567994826811220754e+01
1.584722294230804174e+01
1.577517744899670582e+01
1.568961555445724798e+01
1.582346449749213235e+01
1.579856747590802080e+01
1.593036205804287420e+01
1.612145516855452598e+01
1.596535022094148104e+01
1.555654549396229136e+01
1.648747448131821969e+01
1.618292432187684327e+01
1.561196257378110275e+01
1.637862929744229135e+01
1.640163811735406796e+01
1.567931792409734726e+01
1.576129949883544867e+01
1.619987465547911754e+01
1.564741984804890151e+01
1.590262236518168137e+01
1.661780230223336119e+01
1.585931650668772974e+01
1.626353016724600664e+01
1.575284217259005892e+01
1.598240227884807929e+01
1.625074185569769369e+01
1.576137263341001393e+01
1.643316855175332236e+01
1.620445106749617992e+01
1.614450811636674743e+01
1.615988778094107303e+01
1.620528073528639723e+01
1.577487003108035424e+01
1.566357052704696429e+01
1.623743666644712036e+01
1.635428419255513433e+01
1.532986278972309080e+01
1.575507589201992431e+01
1.568564393499333676e+01
1.575919173659240791e+01
1.597745268090409887e+01
1.614469230410857037e+01
1.572588824417778497e+01
1.618078398721268130e+01
1.642337446198382267e+01
1.570246398218051631e+01
1.574912749973747594e+01
1.608560704683620202e+01
1.590272498130709344e+01
1.586646537942404400e+01
1.566655276127470486e+01
1.591919168459278033e+01
1.579122919247221191e+01
1.571395607712682008e+01
1.556628124729961726e+01
1.586166192654406792e+01
1.566440928024727519e+01
1.692426844116257101e+01
1.590583984690694841e+01
1.622798287627495029e+01
1.579480275102356934e+01
1.553863510835667050e+01
1.652949439745791693e+01
1.613274516263530600e+01
1.563287748402586885e+01
1.637201062012508146e+01
1.604588991234849971e+01
1.648501829555010900e+01
1.629139378839421681e+01
1.613442572309466883e+01
1.600769608071291472e+01
1.609086016392092944e+01
1.555456774516396301e+01
1.601513697182524254e+01
1.672643593403622120e+01
1.599109103939354881e+01
1.571482994897722030e+01
1.594923082502830525e+01
1.576126545987918526e+01
1.632167805465024202e+01
1.605696083254616013e+01
1.632891935770233260e+01
1.600382890453517248e+01
1.572932931591283889e+01
1.556785029055748382e+01
1.599709239487135015e+01
1.597939450688257779e+01
1.574356421225015090e+01
1.622819002636309449e+01
1.546425624399765120e+01
1.553880302105435085e+01
1.602310439304556411e+01
1.593297130793265026e+01
1.578017726280184796e+01
1.574183590310904712e+01
1.561592053539207292e+01
1.623032872021681428e+01
1.632734035684494955e+01
1.536347004738964550e+01
1.633412074008059989e+01
1.616614637958125300e+01
1.669004766965995046e+01
1.583806143169473124e+01
1.640950800175485114e+01
1.600773754790412440e+01
1.608570525378816640e+01
1.620318743678112483e+01
1.648220855486331970e+01
1.598645641735393497e+01
1.644958070189408872e+01
1.585666462933021492e+01
1.603268891241628680e+01
1.627530564376938926e+01
1.556987978933445049e+01
1.589918958587026232e+01
1.645993922753177330e+01
1.549177953505745897e+01
1.570837760332099542e+01
1.536264658872993216e+01
1.562623274522806405e+01
1.598324926275262570e+01
1.537402062583983309e+01
1.629168790671992184e+01
1.607356116760248099e+01
1.619607376297148349e+01
1.579306083656138959e+01
1.626203089858895723e+01
1.556492497500381589e+01
1.618944850628662380e+01
1.618839888801960569e+01
1.595570603176704161e+01
1.536025263342332181e+01
1.588393828656081475e+01
1.545344968876590741e+01
1.597127925255861669e+01
1.567484939679784972e+01
1.576480866947747472e+01
1.587752663705549239e+01
1.590410898965310338e+01
1.655576700086209385e+01
1.559135761631632100e+01
1.591227497802362656e+01
1.552527979822090209e+01
1.575972016578213086e+01
1.594666938321197414e+01
1.615406301339252337e+01
1.590342912614230109e+01
1.563545319742594586e+01
1.582427801283886737e+01
1.621336221791871779e+01
1.601354124402123702e+01
1.633573724445849251e+01
1.604651061778331211e+01
1.589087157762400970e+01
1.576972892570871032e+01
1.571118409958849149e+01
1.629606622011155537e+01
1.564963776627352487e+01
1.586536164380403058e+01
1.604401049946720903e+01
1.649168125162960052e+01
1.599538571806831300e+01
1.568540368274821084e+01
1.605316107866202913e+01
1.629988383283062348e+01
1.576957870651226834e+01
1.577851560106956974e+01
1.585003545619322907e+01
1.594866247112436852e+01
1.638906570111811689e+01
1.620675112221011815e+01
1.567363676645109116e+01
1.600880299479919699e+01
1.581504866955244637e+01
1.621352038331539447e+01
1.600404501552515057e+01
1.578679093650228538e+01
1.571210216752777455e+01
1.602909527475143037e+01
1.539546056579112232e+01
1.549356690148925431e+01
1.617927631399452082e+01
1.643014193155493530e+01
1.584103572432982965e+01
1.589806861724656528e+01
1.553971218117837871e+01
1.518475473803612275e+01
1.626375815419611115e+01
1.616386376015840654e+01
1.614573567224765682e+01
1.633501257352059710e+01
1.616257267535221942e+01
1.586098899324357703e+01
1.632377402662018895e+01
1.599346289195573334e+01
1.600735605936134576e+01
1.624546615967366847e+01
1.610925765250093278e+01
1.556289444671152999e+01
1.619047690328222089e+01
1.547003000581968557e+01
1.574410654303057733e+01
1.541299088516932692e+01
1.591261161865259233e+01
1.639595998231111196e+01
1.589454071798952128e+01
1.592065143705492325e+01
1.616755343063763561e+01
1.580138364246029781e+01
1.611767026571497041e+01
1.563866182635592672e+01
1.644098598018412716e+01
1.559087962552861839e+01
1.595394958092435012e+01
1.630422890868576147e+01
1.596398235690520195e+01
1.659283909540004842e+01
1.573894496899656659e+01
1.569123758838342475e+01
1.609571122659579245e+01
1.658140285791655799e+01
1.648239686219319111e+01
1.611117394271593639e+01
1.602947846406710752e+01
1.587523048309425810e+01
1.619876163780775968e+01
1.595548014682969651e+01
1.602701563704347620e+01
1.612349893072574147e+01
1.590973748687577505e+01
1.612224210377020839e+01
1.638959456150908522e+01
1.664014711722707673e+01
1.599634415360999995e+01
1.600781157213604544e+01
1.599920947319141185e+01
1.621300814723973005e+01
1.594994613318536381e+01
1.591102922004647091e+01
1.538022470417608112e+01
1.606038068791874807e+01
1.585364144871979697e+01
1.605138668711559902e+01
1.582778996382519487e+01
1.626276546883338270e+01
1.617652184607807442e+01
1.571442586968218436e+01
1.602450311702623509e+01
1.561794648764942117e+01
1.609778943974313137e+01
1.584989194977203830e+01
1.576968265212728149e+01
1.575875382387746448e+01
1.618615087925439866e+01
1.628482359465817808e+01
1.598515852482779209e+01
1.581728720746754391e+01
1.557458327372227203e+01
1.631021416760935239e+01
1.548007036054097796e+01
1.634197534723691803e+01
1.607884205819382473e+01
1.546677247742371542e+01
1.573884402471693988e+01
1.596226499076414029e+01
1.656836152374397031e+01
1.634471126103617422e+01
1.619370515221186579e+01
1.614802303344848156e+01
1.651299223578056541e+01
1.571179157090324985e+01
1.674936786197187644e+01
1.617135380792305810e+01
1.584012832342768817e+01
1.622676359039998317e+01
1.531422357049118510e+01
1.566597581978370890e+01
1.612313740801228334e+01
1.585513260982322947e+01
1.522979941034361850e+01
1.633654090481388721e+01
1.592288477134228231e+01
1.574891488915498527e+01
1.600111385425343968e+01
1.552135576967879871e+01
1.573719396257546066e+01
1.543126160427068427e+01
1.584334163106172610e+01
1.642533079354782899e+01
1.627400209996618585e+01
1.672446887046933384e+01
1.636301188128008022e+01
1.612517633003052708e+01
1.654135030234682091e+01
1.598094801399372500e+01
1.644062124548946713e+01
1.634339026090130531e+01
1.560632207751049627e+01
1.600523254603013612e+01
1.606423155090970667e+01
1.625002967072698468e+01
1.608827024296560992e+01
1.574830093038533185e+01
1.601994303697047073e+01
1.571725865617579743e+01
1.602100547089003513e+01
1.609916481003883248e+01
1.518368324626362487e+01
1.620783032322045969e+01
1.582778694537174680e+01
1.638500894645682493e+01
1.588198374646075095e+01
1.606252108600788731e+01
1.571686533000542063e+01
1.567914400149187770e+01
1.642420247027555291e+01
1.619568704048863239e+01
1.636676692884890016e+01
1.598665400945865223e+01
1.594047621512119051e+01
1.629205886438106177e+01
1.640900320154083047e+01
1.664780844228264556e+01
1.631819420501555484e+01
1.618471911535099039e+01
1.597457955263574192e+01
1.574991399197092079e+01
1.597728528744232079e+01
1.627021709774201952e+01
1.621143667853799997e+01
1.566899697892616672e+01
1.622845201564673445e+01
1.632529496407634539e+01
1.634957655219828965e+01
1.660057720092117250e+01
1.647788118799429213e+01
1.566674660230786564e+01
1.573749267636080162e+01
1.627087173921751528e+01
1.574981429772295272e+01
1.625823624827688008e+01
1.630164539194750617e+01
1.600309289587791639e+01
1.611156879824864063e+01
1.531109302784932247e+01
1.632238252713984394e+01
1.643946498009202628e+01
1.637080236058708493e+01
1.585482715814282528e+01
1.540906399356314438e+01
1.597713580771711861e+01
1.585053470843163836e+01
1.610074727477934076e+01
1.624880208890613886e+01
1.575210629879706303e+01
1.545766879848101105e+01
1.586599390281152289e+01
1.649439790041165210e+01
1.613683445506086045e+01
1.606060401030029183e+01
1.567800995903308525e+01
1.614223138336570429e+01
1.590796605286873699e+01
1.618872925580800270e+01
1.595341144634206287e+01
1.636436246190478627e+01
1.556901004249379739e+01
1.640534246230057036e+01
1.582714670892790032e+01
1.574322694727324823e+01
1.601802399900914864e+01
1.608517562286256819e+01
1.573855323371528314e+01
1.537966466766130402e+01
1.576124861829069701e+01
1.569455173482954180e+01
1.587036035653559018e+01
1.599271811459187731e+01
1.594713269364994623e+01
1.605343566870790539e+01
1.569905431169271992e+01
1.563825245726357771e+01
1.558539448602001976e+01
1.618712473146115727e+01
1.550471857916426188e+01
1.600393127186567810e+01
1.613888077740924487e+01
1.598041207901980343e+01
1.647221378097941269e+01
1.601766823486536495e+01
1.595850980731401414e+01
1.617732519939053404e+01
1.651435989965216322e+01
1.604047619398131985e+01
1.588825090467470780e+01
1.597757723204375147e+01
1.637834781411186214e+01
1.640841033675111760e+01
1.562999408254538380e+01
1.581339831993529543e+01
1.552230635516675150e+01
1.592727049981967724e+01
1.591738327297267475e+01
1.551735588358608453e+01
1.586521675720095992e+01
1.579425351916405518e+01
1.597742765570404977e+01
1.610828291237309173e+01
1.619483329144049222e+01
1.654340345954365077e+01
1.602771922668766891e+01
1.627577706698135174e+01
1.640761770733716318e+01
1.524174624952375545e+01
1.585191231714396309e+01
1.612701813601584178e+01
1.602657214147568965e+01
1.633165858918674118e+01
1.617282826247845406e+01
1.576672242016657854e+01
1.624058078110791214e+01
1.591558704646892863e+01
1.619687269152015929e+01
1.616058140988234015e+01
1.589699159686503904e+01
1.580475367657962060e+01
1.587519403304130350e+01
1.609260770881130398e+01
1.614099939381067017e+01
1.650687240991526750e+01
1.597052801918345111e+01
1.588862980803033587e+01
1.543266448838270577e+01
1.556432023475451487e+01
1.630562732037712337e+01
1.599124921659149834e+01
1.596808490978206940e+01
1.588598575172328609e+01
1.557180849274222467e+01
1.648128338535125081e+01
1.579872860932120382e+01
1.591880914550339199e+01
1.558743278096324936e+01
1.603370501023999850e+01
1.627725280968455124e+01
1.595883341718008808e+01
1.604664683440068984e+01
1.572787667313936311e+01
1.594218477097629183e+01
1.580723589439740628e+01
1.598713471852036072e+01
1.578213612823531342e+01
1.575898097647984031e+01
1.585602496284666429e+01
1.636714384701603819e+01
1.556697352366958675e+01
1.601882653223674424e+01
1.647063772221729394e+01
1.622707112642611449e+01
1.566032182570772768e+01
1.603372507541056535e+01
1.596000639573037105e+01
1.611422526111190479e+01
1.586888264109928315e+01
1.573158646703709529e+01
1.632294990869692342e+01
1.621553095333129235e+01
1.642630405123432524e+01
1.612339807199640163e+01
1.582853524585450700e+01
1.578982438880272454e+01
1.574612212899329577e+01
1.645402153630413267e+01
1.566841629991628793e+01
1.599098817059096511e+01
1.581071403608316572e+01
1.598290174285118503e+01
1.661140915549823660e+01
1.620387006863016666e+01
1.573552542030867407e+01
1.599971050853911514e+01
1.583863810078247347e+01
1.618509866141586429e+01
1.611375935853220298e+01
1.632174171629846171e+01
1.582225580507016005e+01
1.580528649887024706e+01
1.587403568177437307e+01
1.629855687923381424e+01
1.639070851500485659e+01
1.642906652649332599e+01
1.642546394003160515e+01
1.581807355739866239e+01
1.562017168742608142e+01
1.583016085475190415e+01
1.602304049875170122e+01
1.644072367573861726e+01
1.601764795550865372e+01
1.638967195488169182e+01
1.563624436467443601e+01
1.589028784502152369e+01
1.577061972709342541e+01
1.553854740922372102e+01
1.652356358845172934e+01
1.584736766323733015e+01
1.639809669132770864e+01
1.593181172428703007e+01
1.607017505892911302e+01
1.557482613278666861e+01
1.555813990840819372e+01
1.611030058065015425e+01
1.577654599886173692e+01
1.616372879031339593e+01
1.601953888425359551e+01
1.623572659520995032e+01
1.607568688413974556e+01
1.567064527530232887e+01
1.585356967336127099e+01
1.630799703137826384e+01
1.596497890425831656e+01
1.581778645447041320e+01
1.612529512349756899e+01
1.611497622529171991e+01
1.642170925828223105e+01
1.598594306266641318e+01
1.617801899219434958e+01
1.588984131560611601e+01
1.587774445086131792e+01
1.580695872924364487e+01
1.576206625373992587e+01
1.629805540967538491e+01
1.568708391241321110e+01
1.626905976154083433e+01
1.633212994408485486e+01
1.566317836429654875e+01
1.633313641586369158e+01
1.574687451568263086e+01
1.680375701507982455e+01
1.614414335433266245e+01
1.618457508554970659e+01
1.623055968262636028e+01
1.561603235139373425e+01
1.599390126836273218e+01
1.596072924284928973e+01
1.575431999875865863e+01
1.609395088914492788e+01
1.614517028612129224e+01
1.656408206391823512e+01
1.581274697866169987e+01
1.622173808513818116e+01
1.675370440881158629e+01
1.590153079013864357e+01
1.581872839932067976e+01
1.603141591518020093e+01
1.641965178875496889e+01
1.567731445161142823e+01
1.617738903172512011e+01
1.631855606178654483e+01
1.581828909231536251e+01
1.629292798602613956e+01
1.594470023808201375e+01
1.641613180826666962e+01
1.557007174397722338e+01
1.590541617910822225e+01
1.591567554378607952e+01
1.619575861400174688e+01
1.610730757543522174e+01
1.653118086486201221e+01
1.625756038327012121e+01
1.611664268857881410e+01
1.597153730764230950e+01
1.564083819371831652e+01
1.562377444961746598e+01
1.571986801317605753e+01
1.591778416561850307e+01
1.594690759685704151e+01
1.593989895347875496e+01
1.593888086139397586e+01
1.569162113773779055e+01
1.581894642150691865e+01
1.623465060726903175e+01
1.625871721430752359e+01
1.598671062213315253e+01
1.604796492414426012e+01
1.601579688336719443e+01
1.608484789172399942e+01
1.571441606104026079e+01
1.588978303130876313e+01
1.630807848758177414e+01
1.662164500151080659e+01
1.602608802320030179e+01
1.574017968181052574e+01
1.637770091516630444e+01
1.604602872430768912e+01
1.572473817324609868e+01
1.596110961036225540e+01
1.556453511206068896e+01
1.636996188886332604e+01
1.576182114274267931e+01
1.593838231181288556e+01
1.632933416659285797e+01
1.585993632287362587e+01
1.544735338465789809e+01
1.580595389590755317e+01
1.598596836110072239e+01
1.637457327326647771e+01
1.646868243821264954e+01
1.563365889862173574e+01
1.630347088520885279e+01
1.643092835635864901e+01
1.598678028438607868e+01
1.609298343349471239e+01
1.610043285503570942e+01
1.615002799298157043e+01
1.619736243822615762e+01
1.600089906704686982e+01
1.587446220140258468e+01
1.600769429508409658e+01
1.689997521772881584e+01
1.646918963856774809e+01
1.637988939460897697e+01
1.585094932840604010e+01
1.632350464834447834e+01
1.596104135859503970e+01
1.629886342026552981e+01
1.656840255373270310e+01
1.585654478879768270e+01
1.551092278749767317e+01
1.654219106647713033e+01
1.551272793756573698e+01
1.600507463871604585e+01
1.588859502310799066e+01
1.594587274919830833e+01
1.567947600587333312e+01
1.589247145200011957e+01
1.592146856576956715e+01
1.565192982003475564e+01
1.600793886706140157e+01
1.503598318704517567e+01
1.532043196043088606e+01
1.597027271250525438e+01
1.667251215909013951e+01
1.627704242067692419e+01
1.581249743343953007e+01
1.575171378101447495e+01
1.598395642533626848e+01
1.591064074090145120e+01
1.589010125889166147e+01
1.580393891612392387e+01
1.603258851249197647e+01
1.681309506806767118e+01
1.633581513496927329e+01
1.576137807846780525e+01
1.557866539944392237e+01
1.576260533070391467e+01
1.631243541580511192e+01
1.627049744594913960e+01
1.542131967158272232e+01
1.598914171765455094e+01
1.616437411961309678e+01
1.603833237208914397e+01
1.552455680852386699e+01
1.588158833366633793e+01
1.600396312621763428e+01
1.577819326133986166e+01
1.582642855980268770e+01
1.611041947613282233e+01
1.640282724306966244e+01
1.583226627448000912e+01
1.559748150626415963e+01
1.614409832479429951e+01
1.627504906667688545e+01
1.593252055732084038e+01
1.609325159598259702e+01
1.541094651365498791e+01
1.541794225959054820e+01
1.557516927949794194e+01
1.542688641548325279e+01
1.599241985648839837e+01
1.558506289826502922e+01
1.610618434409084898e+01
1.604959212299635851e+01
1.627742267597591663e+01
1.639112847267495354e+01
1.609243598770099126e+01
1.556698469738423718e+01
1.607298069762670778e+01
1.628817031846826779e+01
1.614712791512313927e+01
1.617450231663332261e+01
1.589573490012784340e+01
1.583083871117063879e+01
1.579779908765860341e+01
1.594820757561833879e+01
1.598847918819371117e+01
1.621026434809409977e+01
1.646856579060911940e+01
1.581088814067432580e+01
1.564655578003745795e+01
1.574568253520894423e+01
1.539888444136664170e+01
1.576140024196682710e+01
1.598169058714967328e+01
1.585543097913175004e+01
1.606784048640230722e+01
1.620762305600653974e+01
1.615944742040213455e+01
1.560412309732340574e+01
1.585382684790414132e+01
1.578088341044420240e+01
1.616895323663067785e+01
1.624932296236580243e+01
1.583570844790923182e+01
1.628346411159140317e+01
1.585528317098124873e+01
1.578412949020384914e+01
1.682837845353719075e+01
1.541813281445838513e+01
1.623413406633342504e+01
1.605075580235983068e+01
1.557844493750183368e+01
1.542550794552898275e+01
1.574231216207638084e+01
1.559069666804264997e+01
1.578563245271320348e+01
1.542019428063105657e+01
1.575440719751495067e+01
1.644707647145403584e+01
1.587211434881908723e+01
1.607194665023975588e+01
1.616944686012852372e+01
1.555938793126140673e+01
1.514607997685361163e+01
1.640012156266248411e+01
1.593890787005009635e+01
1.591571483247021845e+01
1.614642186791379430e+01
1.613098442101071939e+01
1.720005683822483533e+01
1.538781040372971276e+01
1.565933472545419214e+01
1.586485032834931808e+01
1.545727701108543606e+01
1.608897636694003808e+01
1.541890814665092790e+01
1.618178555807622487e+01
1.549893230695191271e+01
1.630084913147856795e+01
1.559717154136906103e+01
1.574885257520956117e+01
1.638085858608512879e+01
1.623219806577469981e+01
1.584758270696655735e+01
1.630462973231210455e+01
1.627589856652240030e+01
1.640021045455092263e+01
1.597923195834354537e+01
1.614946782222230581e+01
1.629719188401335472e+01
1.578398868783307663e+01
1.585619695354455416e+01
1.535108017701505823e+01
1.611674197821623622e+01
1.603905529728660539e+01
1.593122117228519308e+01
1.595455477254288112e+01
1.646562603825070070e+01
1.610099441575825452e+01
1.556234694900036963e+01
1.635153398434625771e+01
1.566129936694631120e+01
1.609055130440820491e+01
1.175761413693730262e+01
