2.432810446958191974e+01
2.520735812533915876e+01
2.602460393048366427e+01
2.515021297937539657e+01
2.568727351783737234e+01
2.528279197947193069e+01
2.508326381182607534e+01
2.561833278019770788e+01
2.555827777908397991e+01
2.603680011722028098e+01
2.449010010823223027e+01
2.425615375577982746e+01
2.554019990088530534e+01
2.555215956364495611e+01
2.548646201081075802e+01
2.509350280913899311e+01
2.472015650287226052e+01
2.538847900325834672e+01
2.536921513948306028e+01
2.578207493040903486e+01
2.534573691042734822e+01
2.484027891046477876e+01
2.608755739155136766e+01
2.550242220837317220e+01
2.472148402390115862e+01
2.459886053690752306e+01
2.494000302201738961e+01
2.530238391405415754e+01
2.548369774089979245e+01
2.558941105455213361e+01
2.628460012498734955e+01
2.465656311261990297e+01
2.490260416704959567e+01
2.442457271495630522e+01
2.462849057669847141e+01
2.543201717431003317e+01
2.564871366991489410e+01
2.446599461967575451e+01
2.421523469812452944e+01
2.470553400418267387e+01
2.559913814967913126e+01
2.542662832695123853e+01
2.557770917173197489e+01
2.575030876107009092e+01
2.524921495589368448e+01
2.540979506642463193e+01
2.486871640521816929e+01
2.446768020636685748e+01
2.483077236149698308e+01
2.462295721631899426e+01
2.496324837370861971e+01
2.484769666958799661e+01
2.483633837471739625e+01
2.504060053703709698e+01
2.498090658650897211e+01
2.469796462132026349e+01
2.450217025821221739e+01
2.592008798678606141e+01
2.562138457604439523e+01
2.478446311073599873e+01
2.488038096225530182e+01
2.423574678846452812e+01
2.428134143741031892e+01
2.574724093042009443e+01
2.516772462261791432e+01
2.448172310544518737e+01
2.577034846020732317e+01
2.559878762085761394e+01
2.489243239656947893e+01
2.544865054016074524e+01
2.539495852233333295e+01
2.527943895715616662e+01
2.561706435163631923e+01
2.488630760926981722e+01
2.450923675172791505e+01
2.553148478394815157e+01
2.465907024717482798e+01
2.509028483099018558e+01
2.489088620816923481e+01
2.540640245651819029e+01
2.586013997538293552e+01
2.482909991302340913e+01
2.604616757611024269e+01
2.477282636943589722e+01
2.601006230116883700e+01
2.443400750664070387e+01
2.509265009594242812e+01
2.516883235764338167e+01
2.522664871294529476e+01
2.470298732996699087e+01
2.541344013160677662e+01
2.509395313146799111e+01
2.504091192820369827e+01
2.513520471853836824e+01
2.509381532917937108e+01
2.449030112448038210e+01
2.496040679474047863e+01
2.535332228109353991e+01
2.473970311940122713e+01
2.498266459170966058e+01
2.494445768430534471e+01
2.588758647403251345e+01
2.523154615394508227e+01
2.413643909417814370e+01
2.484902581339074246e+01
2.529769732737365473e+01
2.540449429930690073e+01
2.546660063573471433e+01
2.488340200957919990e+01
2.515627076987620470e+01
2.535479148307681285e+01
2.489507423128785391e+01
2.479935519207360528e+01
2.468406947364103132e+01
2.467718319830737883e+01
2.567079700530881681e+01
2.570496839960578583e+01
2.489405276043149229e+01
2.448410554126774841e+01
2.475036318177415140e+01
2.543715431208123690e+01
2.469916974591701830e+01
2.530516745537752143e+01
2.494493410389071641e+01
2.545490147056604613e+01
2.487957548122321327e+01
2.565480819682178293e+01
2.603846348679977041e+01
2.518072392027753637e+01
2.492112552745913945e+01
2.443691052892382842e+01
2.530631893582544123e+01
2.437198224246575506e+01
2.455421134396749849e+01
2.467500350411349075e+01
2.492622192622727084e+01
2.500523621979387201e+01
2.517383040336944333e+01
2.500465519920295066e+01
2.528232651527086006e+01
2.582492207701233866e+01
2.509036439085932457e+01
2.548278980370114866e+01
2.501684123735747178e+01
2.497076395330675069e+01
2.422313634972208973e+01
2.506728873990618567e+01
2.483706368187003477e+01
2.561685418714080953e+01
2.549295514367211268e+01
2.533215616207750642e+01
2.475048584049362432e+01
2.500942328170843609e+01
2.480488196019230784e+01
2.482185475763096250e+01
2.508863969872740185e+01
2.562867862966918864e+01
2.496844141743757461e+01
2.467350045118933011e+01
2.590908883073967317e+01
2.401020272765025965e+01
2.532163120600242934e+01
2.502567712008500678e+01
2.524352260021358774e+01
2.507615805098750172e+01
2.514191233201658449e+01
2.533287356064370499e+01
2.521556225105413063e+01
2.466211746118330694e+01
2.477980678569378625e+01
2.548023522999938706e+01
2.536832245595707747e+01
2.500640242847575578e+01
2.460683693931427030e+01
2.566432728072906855e+01
2.509597844128643018e+01
2.452509955718024059e+01
2.540923141061131929e+01
2.471349415341637368e+01
2.476075588795768923e+01
2.570638565423142197e+01
2.472859311242455860e+01
2.513258942859003042e+01
2.556627483889175778e+01
2.598206744041703686e+01
2.522995610563776125e+01
2.579875890741578104e+01
2.513766557202672658e+01
2.518650111647875534e+01
2.429846596896154409e+01
2.468967042633717313e+01
2.450397362230214426e+01
2.486213385889870153e+01
2.548215025507323617e+01
2.528358010253721488e+01
2.507208448205022933e+01
2.504585220596019468e+01
2.452236576543715429e+01
2.484195427887338781e+01
2.523361587551003637e+01
2.517505637898833015e+01
2.539011449475091453e+01
2.460800882210231677e+01
2.483977889063500299e+01
2.519860379643171555e+01
2.500626775581923056e+01
2.564586626210835973e+01
2.466972787155312830e+01
2.634124289584063305e+01
2.523383953079036246e+01
2.488638850600951002e+01
2.573986709178875998e+01
2.551773337701306943e+01
2.543032619359944846e+01
2.487404690767573356e+01
2.514859811623335872e+01
2.556320231671073628e+01
2.474318095828374098e+01
2.469556677668830957e+01
2.476655866194474598e+01
2.511282820370329461e+01
2.498489943681273218e+01
2.478722676271192427e+01
2.483508336257007798e+01
2.459750944293350372e+01
2.536936089545795880e+01
2.549451746521263473e+01
2.501391284181203645e+01
2.527400547487881610e+01
2.445956379659656577e+01
2.472866906066072445e+01
2.524810987499885684e+01
2.494368282730122388e+01
2.497326453682936176e+01
2.431367582803357763e+01
2.486924922861904363e+01
2.564640697224361077e+01
2.463760574714982710e+01
2.482306949997038359e+01
2.476757886019140642e+01
2.458479035326377016e+01
2.480893622018393074e+01
2.568503466408143154e+01
2.561563055676507972e+01
2.582909089046886209e+01
2.488842804876854586e+01
2.482244750593254068e+01
2.557360929372776681e+01
2.459302195831163473e+01
2.531113999546143134e+01
2.538104337764946905e+01
2.573485844947426315e+01
2.500803700184414069e+01
2.509981362237673963e+01
2.505832232341649046e+01
2.521993101753322009e+01
2.511983038768762455e+01
2.539406054267461954e+01
2.458297207306380727e+01
2.438992447819143905e+01
2.493369879789175059e+01
2.547353247245598240e+01
2.488050029009822595e+01
2.586013952181885145e+01
2.446027951590284388e+01
2.554285344253428036e+01
2.422811729939119019e+01
2.571013902136094842e+01
2.512507825814551055e+01
2.506253241108122509e+01
2.541537371447732951e+01
2.513401986773629915e+01
2.482954286126953747e+01
2.560246936160040221e+01
2.587301895972199617e+01
2.452520090042577650e+01
2.574066446358922278e+01
2.538265215537031949e+01
2.444202401410071346e+01
2.535961761258332459e+01
2.461451074809994566e+01
2.520380316635852580e+01
2.507610185924982105e+01
2.528968547043095327e+01
2.491646525978515925e+01
2.523296219232457460e+01
2.562608993985107020e+01
2.457897039795224714e+01
2.553768052298816116e+01
2.595144102909735651e+01
2.597662487569210299e+01
2.523339895750320849e+01
2.523478058586166384e+01
2.425672014684026934e+01
2.494945380206575436e+01
2.458613513836473530e+01
2.460493754200873440e+01
2.547407771599056048e+01
2.567212886637083358e+01
2.506029831398981500e+01
2.560479383696275590e+01
2.454429159429801643e+01
2.525691538083700749e+01
2.450836612773299450e+01
2.486610172051998191e+01
2.528186996228525274e+01
2.566115283267863489e+01
2.499786342679468021e+01
2.562622206333832153e+01
2.439466295096837456e+01
2.456142906881740728e+01
2.562892291951930090e+01
2.485167549446655499e+01
2.557212026011612593e+01
2.444381457326100104e+01
2.474147243661069595e+01
2.470102860302681691e+01
2.488444030311855570e+01
2.456292470064392575e+01
2.444450447301612073e+01
2.546096623643643042e+01
2.475155735004676316e+01
2.465002487229638817e+01
2.439395616452333115e+01
2.457848254334371063e+01
2.448139152126709206e+01
2.537125413072200786e+01
2.597765383485243618e+01
2.465929351470713016e+01
2.474165344588534765e+01
2.432549235634833806e+01
2.532023888397003475e+01
2.412217512287391941e+01
2.409631775975939405e+01
2.455127099774247057e+01
2.526699453481493762e+01
2.464850861623763123e+01
2.483591804752595422e+01
2.386862795977200236e+01
2.499385907840454379e+01
2.467061138275601806e+01
2.533192230740336726e+01
2.523471611232240264e+01
2.448776802398254659e+01
2.466092736977650191e+01
2.482932970124674910e+01
2.449621593820065968e+01
2.540793888025691771e+01
2.439709271862254525e+01
2.516833663970842139e+01
2.532715199260946903e+01
2.442424360886306545e+01
2.515496211910390301e+01
2.470529370125889912e+01
2.508693313454973861e+01
2.557630186307701337e+01
2.617356994022997441e+01
2.459709189204751567e+01
2.465516552446122134e+01
2.550211795483658861e+01
2.545123358193795227e+01
2.524692427445960874e+01
2.573276742394970285e+01
2.560876332557178614e+01
2.449873931253361903e+01
2.465905912010815371e+01
2.415262861284506357e+01
2.623760887902423633e+01
2.548165475781775413e+01
2.464540012304196992e+01
2.488167924900191963e+01
2.484453428674136077e+01
2.488501912003921390e+01
2.497243966976939689e+01
2.468065308773678623e+01
2.450797651167664171e+01
2.386154284570535467e+01
2.665429555148557839e+01
2.461871529309910045e+01
2.523985461346871872e+01
2.475866985259041186e+01
2.488101141280436934e+01
2.460794627557346104e+01
2.506755609860091383e+01
2.624610433534970966e+01
2.497629435231149131e+01
2.504023761420651084e+01
2.561803398874989313e+01
2.484513936399386580e+01
2.589014581051747044e+01
2.521698141204477395e+01
2.507232647059729302e+01
2.586057650223722248e+01
2.490131543798179692e+01
2.506764195369768089e+01
2.552179552871294277e+01
2.372538942898293257e+01
2.551241878871716295e+01
2.562202620642655759e+01
2.484649204447887527e+01
2.523774757101887545e+01
2.529644275684011134e+01
2.402519051411305639e+01
2.495003471447819621e+01
2.513295081994673907e+01
2.489684219860355086e+01
2.464761185043988334e+01
2.536798648832124670e+01
2.432102482168268764e+01
2.451904527309938331e+01
2.457766427231916140e+01
2.637775198951315758e+01
2.514692550249842995e+01
2.580957053244408073e+01
2.509802278384267638e+01
2.420720129866214521e+01
2.467473250270913354e+01
2.546544282661324132e+01
2.489595939632084765e+01
2.483624157522438480e+01
2.531114777132997062e+01
2.507007543275634376e+01
2.481946619344871863e+01
2.461714683421537231e+01
2.579963262167816751e+01
2.448109271411522769e+01
2.502846422590391029e+01
2.509636879330945192e+01
2.486249416353532382e+01
2.561936756271879290e+01
2.654609490745902178e+01
2.438521587186803430e+01
2.528731744999933539e+01
2.485190853613877593e+01
2.423731804240867405e+01
2.490491063849464837e+01
2.485213857994646247e+01
2.455398901843651061e+01
2.538227971513058279e+01
2.503899010505563538e+01
2.497305675784667400e+01
2.478215899340427342e+01
2.479189740708826406e+01
2.494967277261141447e+01
2.534370502320902574e+01
2.495294282960715648e+01
2.574102928652985867e+01
2.571681672775041605e+01
2.532998734916786532e+01
2.429517712120916784e+01
2.590813012681714866e+01
2.487644058258879909e+01
2.419268904271880061e+01
2.482518118089776848e+01
2.456116589693567320e+01
2.542093365160958029e+01
2.496722935704538315e+01
2.589699772083414686e+01
2.572569201448768084e+01
2.512853474571997126e+01
2.495173811318120727e+01
2.546579024443564165e+01
2.530525250049339547e+01
2.503511476948989412e+01
2.555971196442619942e+01
2.501144476972287833e+01
2.476273275275696406e+01
2.458259882174225908e+01
2.428996166128228040e+01
2.486415360486905612e+01
2.501056392064318601e+01
2.457302979212705196e+01
2.471553205528288899e+01
2.485926200521225482e+01
2.454160327361696403e+01
2.489540633944285730e+01
2.500624313044263047e+01
2.529317650790537897e+01
2.471827662354105826e+01
2.528984308196852382e+01
2.570013385165756148e+01
2.452778061209534144e+01
2.456691352208047263e+01
2.448687957378722402e+01
2.518767823339554823e+01
2.515493613449132937e+01
2.482856882429019763e+01
2.557705201838399844e+01
2.405933559502579655e+01
2.419159631727601223e+01
2.491835214077560678e+01
2.491588005079370305e+01
2.438130805607006124e+01
2.551832516992560684e+01
2.448563059878787840e+01
2.495180219708904445e+01
2.508389553894135560e+01
2.561607479602078641e+01
2.543898791340831522e+01
2.521826082458391483e+01
2.505200720893910571e+01
2.565550837393243100e+01
2.503834473034127228e+01
2.645676564253470531e+01
2.541091362458556446e+01
2.562649959719336579e+01
2.454393464672784475e+01
2.438928768913165968e+01
2.503211762026493759e+01
2.572768345815128654e+01
2.518015987191909488e+01
2.513185378441335160e+01
2.500058656688000269e+01
2.542891054126353012e+01
2.540919233773141173e+01
2.559535489134402297e+01
2.581662377779676731e+01
2.479844669134327262e+01
2.542640889913640834e+01
2.467252479969689460e+01
2.493303025869345291e+01
2.489422430751536908e+01
2.500026277858691870e+01
2.517072682171548692e+01
2.458718614586585716e+01
2.545949957670681130e+01
2.533821373276906286e+01
2.501961906596037011e+01
2.484164402303320429e+01
2.405216888551091614e+01
2.590275304491801833e+01
2.555424991954790670e+01
2.487692264844968193e+01
2.467395939038767239e+01
2.525886005965513093e+01
2.457404028606443092e+01
2.526913571886174736e+01
2.499738152458171925e+01
2.515794598239571300e+01
2.496033365390675840e+01
2.508687518383248261e+01
2.466972985544244423e+01
2.495064918404368370e+01
2.512960188137126494e+01
2.471250863132529219e+01
2.469228638477017057e+01
2.537772470210663300e+01
2.507539713490660560e+01
2.510237329829998743e+01
2.534144675215553022e+01
2.514630184936035562e+01
2.520831155742435215e+01
2.508439881179158348e+01
2.503400393701647886e+01
2.481117010183424654e+01
2.620026099267590780e+01
2.491048656708277065e+01
2.453461676571384587e+01
2.510156479495534754e+01
2.494908786459887295e+01
2.481488783191918301e+01
2.494046448302659513e+01
2.548785560218482615e+01
2.560087928077748387e+01
2.535654681247069320e+01
2.560676579784471585e+01
2.481802507875984176e+01
2.554517438896853676e+01
2.505278595829875243e+01
2.579995885067570782e+01
2.461641085291761044e+01
2.494837461547843915e+01
2.494784295752773318e+01
2.448671816566643500e+01
2.438373126796387780e+01
2.450582014730104419e+01
2.404833285342174065e+01
2.481475646100224708e+01
2.542936986800415511e+01
2.486231186446175556e+01
2.550099580675016853e+01
2.520165559982410031e+01
2.487902520849985777e+01
2.466566765455870680e+01
2.504887836897388453e+01
2.580741082878833126e+01
2.482389035898428986e+01
2.483214437217639414e+01
2.414043462512390903e+01
2.545030630485529244e+01
2.535047192327704479e+01
2.463262960262296275e+01
2.591571967437253576e+01
2.409282935547485849e+01
2.510092334228974309e+01
2.602100299708107656e+01
2.513832319520945546e+01
2.545862547852868474e+01
2.495977467004532713e+01
2.562758130789894651e+01
2.596272879905755815e+01
2.543803567185679171e+01
2.458026520528073178e+01
2.560761692774984510e+01
2.507349313007134484e+01
2.495057094646301010e+01
2.483777999614946097e+01
2.529192761112503263e+01
2.514994386695455475e+01
2.427606034643481436e+01
2.462197119534202017e+01
2.589395095620580278e+01
2.529864083470462433e+01
2.581040383281409589e+01
2.490118669724984102e+01
2.515821629502400114e+01
2.523576529595605322e+01
2.551940113207461280e+01
2.569075579533850018e+01
2.505856329820848671e+01
2.426944851628783795e+01
2.433440389330523601e+01
2.542042839374748198e+01
2.563506494044183626e+01
2.505624881046237817e+01
2.560207216352299042e+01
2.489782387735748515e+01
2.538826675963701618e+01
2.512463215431578334e+01
2.511350403284774302e+01
2.460426959601507946e+01
2.469860454988734944e+01
2.503011082051950709e+01
2.487230529479795038e+01
2.607932902206960080e+01
2.482222083740965957e+01
2.424076952501151183e+01
2.419681125149775269e+01
2.505676160541786857e+01
2.538244304132474127e+01
2.549505479734214930e+01
2.509681987559811844e+01
2.519443667429665012e+01
2.433053770675727989e+01
2.492424946199724900e+01
2.517876352554777242e+01
2.558235244703973166e+01
2.505704517345198923e+01
2.541355236371466475e+01
2.540213088031423894e+01
2.522374367955012886e+01
2.496464206004888808e+01
2.439821617870406811e+01
2.427535175508986143e+01
2.505944392974866375e+01
2.459699478249069315e+01
2.461180304742894975e+01
2.481427392870389070e+01
2.471281371546419336e+01
2.525106768967769710e+01
2.547324287214562943e+01
2.407099342488831439e+01
2.517450329095690975e+01
2.470549203792198867e+01
2.507027557563055709e+01
2.502474100823240732e+01
2.487639297428006557e+01
2.584930851871121149e+01
2.488633670303216405e+01
2.479071650449078490e+01
2.460523692290945519e+01
2.484354925133807868e+01
2.539229981637755174e+01
2.576934204488511071e+01
2.515812786761344455e+01
2.469830056057992351e+01
2.489177637806898247e+01
2.523042761808479639e+01
2.505769189076562853e+01
2.480729071454662460e+01
2.467459708960897302e+01
2.491008085544039830e+01
2.522312850195474709e+01
2.483030889587826096e+01
2.428380525273722412e+01
2.483641174884424885e+01
2.530412204032700529e+01
2.514560700677761673e+01
2.522969755783620371e+01
2.420152327716285612e+01
2.448648124085901401e+01
2.403333607306919717e+01
2.432442442020608553e+01
2.551138498363853913e+01
2.466078278578119765e+01
2.494704938325556753e+01
2.522574379669025291e+01
2.507384843370548566e+01
2.471785819857800348e+01
2.495268592984073308e+01
2.582342188866229549e+01
2.538120487447273277e+01
2.465446278510675882e+01
2.523610533814337842e+01
2.548816525611642092e+01
2.501034424493903430e+01
2.539678158725510571e+01
2.512451350445634546e+01
2.561061530129099140e+01
2.435577792239945083e+01
2.511159424887123848e+01
2.473174267609456578e+01
2.450566552168268686e+01
2.482429260330467713e+01
2.460343636651684207e+01
2.483936516904071823e+01
2.533595985339584544e+01
2.410148934961654277e+01
2.463042379549512262e+01
2.572450397696262314e+01
2.535701581058822285e+01
2.462848742370250577e+01
2.478307922498382609e+01
2.520030807442599041e+01
2.517769583720367166e+01
2.521851843440340701e+01
2.580760900310013639e+01
2.464182613494479313e+01
2.448751166787461031e+01
2.529217610706459496e+01
2.548216523321143967e+01
2.521031719798113002e+01
2.550630628446364767e+01
2.466898927813927855e+01
2.470236877545668008e+01
2.545831474069809630e+01
2.464990616625123465e+01
2.485748794452853616e+01
2.445457804019867609e+01
2.634950986918344640e+01
2.543416104899015195e+01
2.517229001075262929e+01
2.465421154513346025e+01
2.504435459877260328e+01
2.509218878187253665e+01
2.444464229076846706e+01
2.479851135265865736e+01
2.489689379130263092e+01
2.499638022071055943e+01
2.517962656141299149e+01
2.613414533164063869e+01
2.417386383826496044e+01
2.444991604246512296e+01
2.391325180325366517e+01
2.398510301920771681e+01
2.471939359389799051e+01
2.519399388069157908e+01
2.428667141548904240e+01
2.527671848327308268e+01
2.498303524639091577e+01
2.541211657027716342e+01
2.519941158237906720e+01
2.505197026965971929e+01
2.485569160214674866e+01
2.441765455896693027e+01
2.427519171432580691e+01
2.461862494955603964e+01
2.522844845994860918e+01
2.530170725158454914e+01
2.450067741853673553e+01
2.463274341163704761e+01
2.594662504358078081e+01
2.465856161764330778e+01
2.522278068525607608e+01
2.541355835463421187e+01
