3.586862693403867297e+01
3.672102677091174172e+01
3.749710172125996621e+01
3.623758142213571176e+01
3.625176052187529763e+01
3.470240355091509343e+01
3.601886962394303282e+01
3.595335421732778514e+01
3.666266933288014940e+01
3.639217626055003052e+01
3.647750495386652148e+01
3.578207950548221561e+01
3.785754620195822184e+01
3.638565774963085886e+01
3.617663021015434310e+01
3.556398507197495462e+01
3.583953802792900944e+01
3.526726022722469622e+01
3.563204337980568681e+01
3.568995062066879598e+01
3.645485329718108858e+01
3.602588666621209512e+01
3.595719838783339384e+01
3.607702618147538942e+01
3.628196438576630811e+01
3.548325894710897899e+01
3.516637956067793169e+01
3.582654888913830149e+01
3.613153065589904145e+01
3.895188477797297111e+01
3.559442850749737630e+01
3.573113284398558420e+01
3.581648747260549470e+01
3.549808860970748725e+01
3.798141465746688539e+01
3.670352073867287857e+01
3.590612191954456023e+01
3.845068410676467607e+01
3.544552657305247578e+01
3.563754291400773866e+01
3.674968353712593228e+01
3.577514974735068876e+01
3.591222266409547359e+01
3.683129771230102989e+01
3.618892871736869665e+01
3.609265115591436768e+01
3.644557713023440471e+01
3.655834872581002060e+01
3.560609119756585983e+01
3.553786122178931350e+01
3.630818896792825257e+01
3.739114376575242460e+01
3.503341687866893039e+01
3.636627925441584352e+01
3.541401229501355630e+01
3.613273377985425583e+01
3.582323085870265800e+01
3.677649555138005155e+01
3.594444153740892034e+01
3.607158038447678194e+01
3.603765271299086947e+01
3.531274960561481180e+01
3.620559742709924933e+01
3.508086828583937944e+01
3.657988737702454785e+01
3.579142960691208941e+01
3.491248023951627033e+01
3.521165523171734435e+01
3.734776516186668260e+01
3.677034022839019656e+01
3.625167835930927396e+01
3.579206503386276239e+01
3.593192090523358928e+01
3.549949003312511309e+01
3.632583330836266811e+01
3.605680966960468226e+01
3.687414022363618216e+01
3.617317850491643583e+01
3.595686244660537767e+01
3.505943376636466269e+01
3.578628067258501488e+01
3.562910710075892950e+01
3.478149132718291270e+01
3.609189100431458286e+01
3.690164835465157722e+01
3.607122227094853173e+01
3.524366866390308672e+01
3.493044707052025188e+01
3.488546949489060012e+01
3.567947599342893739e+01
3.682875939468215876e+01
3.574167760431404162e+01
3.527883040218856081e+01
3.619999397114226269e+01
3.755098655759181980e+01
3.588427289232762973e+01
3.654418417768518168e+01
3.606819581715878087e+01
3.607632209091320874e+01
3.706996179492088572e+01
3.552226739886132378e+01
3.563024371343692565e+01
3.702577063988479011e+01
3.520078463299963545e+01
3.530655843942579253e+01
3.486916444159817274e+01
3.515957567689833496e+01
3.638715967375660654e+01
3.737464382191740242e+01
3.570763748296071327e+01
3.562744058491600185e+01
3.722656344391540273e+01
3.532412141382364013e+01
3.621809038110414036e+01
3.662398177107832709e+01
3.626740906825617117e+01
3.709249732857048798e+01
3.453147301344971964e+01
3.717478308232790596e+01
3.635957835691157669e+01
3.600000000000000000e+01
3.529424078640029450e+01
3.724879652590026069e+01
3.633398279982674239e+01
3.671365206041024010e+01
3.619681895378710834e+01
3.622074796380296391e+01
3.593620394371559712e+01
3.609197122291185167e+01
3.566584061497605518e+01
3.423416914508386100e+01
3.560612579547779433e+01
3.563753172184203777e+01
3.546398761131884925e+01
3.543685329081739610e+01
3.534067739375197448e+01
3.626614362708115635e+01
3.549038017023188729e+01
3.549593744166202924e+01
3.505128088688652355e+01
3.737411165233979204e+01
3.470926943541046228e+01
3.754542834951902819e+01
3.579732214013258584e+01
3.505405828451186068e+01
3.483031325426723157e+01
3.567571176674193367e+01
3.530782938205457810e+01
3.729515314239210255e+01
3.467386231518073458e+01
3.560919280524937847e+01
3.662298240198963839e+01
3.520744710020662183e+01
3.579835898312019538e+01
3.610176029435466205e+01
3.560646456032797147e+01
3.511046688636412938e+01
3.587138409441912046e+01
3.556323136949090014e+01
3.495537242087548435e+01
3.553588593476703750e+01
3.713571207368323002e+01
3.677126188546018426e+01
3.620779484119436376e+01
3.594434544930889075e+01
3.546983628606076877e+01
3.542816258869908097e+01
3.606141666429283532e+01
3.507317838448973646e+01
3.628240706431149931e+01
3.615226969945231161e+01
3.575092377798036836e+01
3.605351095408354212e+01
3.496679753326611717e+01
3.673981108994103550e+01
3.608463561510419737e+01
3.515784854081146449e+01
3.636292914170446267e+01
3.681914341300934268e+01
3.726159381742864696e+01
3.685587502855495501e+01
3.626073757107862150e+01
3.508674403951572884e+01
3.617266454587988989e+01
3.815457381359123445e+01
3.568164194009644774e+01
3.573797702685111233e+01
3.611220519938136420e+01
3.589317310601063582e+01
3.692588552216859910e+01
3.663565019687840874e+01
3.591360913880445338e+01
3.548018953717590307e+01
3.551952431823900014e+01
3.430467017284464504e+01
3.622533124528123238e+01
3.551616718383671412e+01
3.593968762863271849e+01
3.593346439385646107e+01
3.612941530614695296e+01
3.586189234926013114e+01
3.635752334922881346e+01
3.783881327799804950e+01
3.570752637739916224e+01
3.520499042009609525e+01
3.660198814839296233e+01
3.585684416970583754e+01
3.555173341058249292e+01
3.674890439585123403e+01
3.586784514878934971e+01
3.547634704269598416e+01
3.540396182448086648e+01
3.608183794872492456e+01
3.642000374240609517e+01
3.521105953050261661e+01
3.621722222758326382e+01
3.752657181609570358e+01
3.626426137787825610e+01
3.535120170241761173e+01
3.518642988986817954e+01
3.617322760197730958e+01
3.609126821613136116e+01
3.519171392315571723e+01
3.633336277233418343e+01
3.554320895585359352e+01
3.591350973241728184e+01
3.543150656972711943e+01
3.608497453260916643e+01
3.495982173755117373e+01
3.531800446076920252e+01
3.531149177765852443e+01
3.731581127599195469e+01
3.554257353161601429e+01
3.594340284494994364e+01
3.606106849266016212e+01
3.531160177819371881e+01
3.450591783091172715e+01
3.671908522224454430e+01
3.701805122679429871e+01
3.621567447133399753e+01
