2.478288386092149764e+01
2.535416863129516329e+01
2.505897381667880808e+01
2.486460533159224795e+01
2.535034816769006127e+01
2.509158057286988353e+01
2.469773943670439209e+01
2.389637118491503998e+01
2.483176152842817785e+01
2.427272457301765840e+01
2.487247284608747577e+01
2.446564482172503219e+01
2.509007837269053098e+01
2.580377547536279081e+01
2.460415959293790067e+01
2.457421588061620099e+01
2.483922192279002417e+01
2.570249046887339617e+01
2.411250822912512959e+01
2.535234861633190206e+01
2.520251888088372283e+01
2.578598735260796815e+01
2.445998606728112890e+01
2.502146189476413340e+01
2.501021117850027764e+01
2.465168298456374529e+01
2.400746983324512129e+01
2.549026848340329465e+01
2.506188520474529113e+01
2.464794551730027194e+01
2.579873327586990683e+01
2.429924410677118729e+01
2.493315098967937615e+01
2.421267600519136209e+01
2.540939582890471016e+01
2.564335852300379059e+01
2.502547706391946747e+01
2.480175251790763724e+01
2.415383949975234046e+01
2.529133559799008779e+01
2.554331228958774247e+01
2.457290779120243585e+01
2.579392605751503353e+01
2.480218552155997358e+01
2.470005016870376835e+01
2.511598585339778111e+01
2.495691627982708738e+01
2.515285298895832256e+01
2.492365774185477534e+01
2.530163671350776866e+01
2.507967548859683404e+01
2.493502726251200485e+01
2.487962214984099063e+01
2.497205005389238863e+01
2.602447342106206207e+01
2.543544184619068815e+01
2.483111122963528317e+01
2.500918739641190314e+01
2.483810170566684761e+01
2.547447072118304590e+01
2.488987693253403322e+01
2.578000005410331852e+01
2.476121978469636531e+01
2.549633774162201050e+01
2.524070421232029915e+01
2.479682343178503956e+01
2.510244378906820018e+01
2.550925697211571119e+01
2.527810929892601521e+01
2.441609829574887058e+01
2.503538859986064224e+01
2.535909368185471280e+01
2.519417275125175593e+01
2.520736889409775117e+01
2.521600682977575048e+01
2.577561400288319859e+01
2.456695738125173278e+01
2.534667686435992806e+01
2.586081046445625020e+01
2.539196373720813327e+01
2.416047877522853327e+01
2.418810909533335973e+01
2.524036521680628553e+01
2.552578641664944215e+01
2.437382108621514831e+01
2.535862008605371543e+01
2.489629313583017023e+01
2.545776893413053799e+01
2.621027668241564967e+01
2.491215541996261607e+01
2.512838519449113761e+01
2.464309182625576256e+01
2.460637804069605750e+01
2.460236125777751326e+01
2.524345787233090732e+01
2.516434643390387293e+01
2.527279997203995165e+01
2.541068673659077959e+01
2.454923484731667216e+01
2.524376051734769177e+01
2.491230587249708250e+01
2.473113475368332459e+01
2.484660835590658579e+01
2.508940835667925029e+01
2.453227162597468336e+01
2.503351636347963804e+01
2.461352607512964852e+01
2.468091833306321092e+01
2.462771849378840727e+01
2.475966369774013032e+01
2.493132288915806072e+01
2.524959208201881466e+01
2.418970160341997655e+01
2.466479226111624001e+01
2.493334844182364662e+01
2.511456900963701955e+01
2.535985647047690961e+01
2.454275407241556906e+01
2.538456749528994649e+01
2.503051223200783326e+01
2.515702423431356749e+01
2.503353267111918612e+01
2.407777807070560527e+01
2.500384543173871421e+01
2.453860318458323775e+01
2.463271675307222708e+01
2.417507709586375952e+01
2.494660536195830147e+01
2.460081479871421450e+01
2.443997504803745713e+01
2.561001361276582955e+01
2.444781911116841755e+01
2.549291465905259457e+01
2.456793628810290286e+01
2.412342816488913044e+01
2.495740537497481526e+01
2.423165436802841910e+01
2.533955265056053463e+01
2.458755335298908307e+01
2.445728630123745972e+01
2.551253964949619402e+01
2.510736495933247170e+01
2.486248932891799512e+01
2.530158054291460701e+01
2.480734350973557767e+01
2.448746767922217416e+01
2.448521608040193343e+01
2.477084915531332854e+01
2.406031954173871412e+01
2.455018991452809374e+01
2.452586563124180330e+01
2.408373794811327429e+01
2.502996200216367839e+01
2.530332476065470004e+01
2.446247216308879757e+01
2.470818890693930214e+01
2.517960727368924978e+01
2.461932314070770644e+01
2.524761186708967386e+01
2.488356844051377692e+01
2.445012488374988990e+01
2.494537169987321334e+01
2.489458241316280152e+01
2.471870390825577246e+01
2.518530852073622128e+01
2.451813678536544572e+01
2.424788037604828261e+01
2.481817366594455976e+01
2.595266452747418384e+01
2.527211993647997801e+01
2.532486796694580988e+01
2.532073507084828634e+01
2.517818205107102969e+01
2.462651632569094318e+01
2.518692477635747906e+01
2.449454908965586952e+01
2.560782382838291582e+01
2.549936139323501294e+01
2.492773635293910317e+01
2.510237102017718769e+01
2.545989468980303982e+01
2.411355107957421851e+01
2.503664737997910805e+01
2.437683926765866360e+01
2.478980680305750539e+01
2.488574612722064927e+01
2.506668754445080793e+01
2.483650838232376401e+01
2.534350573500084636e+01
2.463679125005767645e+01
2.485479380939651506e+01
2.528179004345581404e+01
2.448447693837005090e+01
2.491483800978437557e+01
2.431905822317976984e+01
2.554169446020242873e+01
2.459087557649420575e+01
2.609684885125600573e+01
2.460921948191576192e+01
2.473426968505450674e+01
2.542022797751232943e+01
2.489896935359317354e+01
2.526222800088766718e+01
2.399877244896229911e+01
2.433645484726292452e+01
2.430695900887467431e+01
2.484625075341493528e+01
2.511061423711000273e+01
2.516207279094933114e+01
2.628783425028670351e+01
2.517457397633394578e+01
2.497193719362488551e+01
2.528965503511481572e+01
2.459518434643749174e+01
2.545802169011897220e+01
2.449672338130576321e+01
2.502430400778913722e+01
2.452729171507182571e+01
2.495588221593984812e+01
2.530816997830601878e+01
2.522215104532759611e+01
2.478334421205762794e+01
2.579898937453666008e+01
2.499195826786481334e+01
2.479439545142992074e+01
2.497567803187081736e+01
2.464575723022817755e+01
2.470003278127574120e+01
2.453270066267639038e+01
2.514363683966034557e+01
2.559712623263590814e+01
2.517415498163008536e+01
2.446432706870135831e+01
2.537576227267230422e+01
2.526581593470487874e+01
2.550678364689326116e+01
2.456262322064096182e+01
2.495115051460128797e+01
2.550918908966805532e+01
2.498666177152889745e+01
2.502714075835092089e+01
2.464797224378742868e+01
2.564699632671141671e+01
2.530402700004318106e+01
2.521193082939987917e+01
2.560985969259422390e+01
2.618041702925504666e+01
2.492814786880638778e+01
2.473042310421470447e+01
2.554139363062614976e+01
2.506031602665632718e+01
2.489699330654033815e+01
2.495756667760862513e+01
2.468938687223738881e+01
2.462283306537963412e+01
2.481660600083637647e+01
2.517134309138899440e+01
2.499802385080738532e+01
2.496722898294051518e+01
2.516871747561782868e+01
2.559497842485421515e+01
2.466432832665099539e+01
2.525076376139350387e+01
2.452989934818995010e+01
2.448122620405764138e+01
2.512852521185619636e+01
2.491074314762128949e+01
2.553302330680400090e+01
2.478057806619284165e+01
2.546643981181643213e+01
2.452216355808723591e+01
2.479599541400047613e+01
2.553175865956264445e+01
2.549306632888727009e+01
2.476128153106862939e+01
2.509187751226910024e+01
2.473232178900081379e+01
2.506525024515611122e+01
2.504318184946432169e+01
2.547727363880222384e+01
2.443269379399872676e+01
2.418163995773090491e+01
2.473382500757486469e+01
2.470591260062224137e+01
2.427474986436208582e+01
2.531235714472705567e+01
2.445557411329373920e+01
2.518614115365837591e+01
2.451830379948187044e+01
2.391567011474738180e+01
2.488477116982634385e+01
2.559883330290893610e+01
2.448121216286234159e+01
2.441332527221934612e+01
2.405868208570000988e+01
2.503307102674104812e+01
2.512439548719204652e+01
2.547008456288432754e+01
2.521133543233802143e+01
2.579526176230711698e+01
2.532299280856849677e+01
2.488611945336363362e+01
2.562959276424733446e+01
2.501394744806725612e+01
2.468455416007763503e+01
2.479691732632234391e+01
2.454373003726939828e+01
2.454037021301685328e+01
2.545958381576485863e+01
2.516002942002102571e+01
2.464063054203337444e+01
2.517901041130244977e+01
2.531615891472350555e+01
2.530122652731726163e+01
2.588255022384930015e+01
2.416667432355329836e+01
2.527164719099094725e+01
2.483371198476577391e+01
2.442498727472197118e+01
2.488365857376976820e+01
2.450230280227808066e+01
2.506841508130566254e+01
2.494853424605779324e+01
2.557668595121064570e+01
2.547004169956001718e+01
2.440333843329305097e+01
2.529438608261562038e+01
2.427587895479628344e+01
2.457820132915922784e+01
2.462748633676452670e+01
2.485987756167961393e+01
2.533438719780629711e+01
2.503644656660474510e+01
2.438072499528957948e+01
2.545977400938652124e+01
2.494737763747916048e+01
2.459979535195151357e+01
2.451413179626355898e+01
2.529636956682325177e+01
2.415896181843083923e+01
2.456007923891062816e+01
2.491738490763101055e+01
2.517628511542186232e+01
2.584508180843702263e+01
2.564848288679463195e+01
2.486663593534910532e+01
2.518938791214155515e+01
2.579550575927421718e+01
2.539437399334172341e+01
2.465676816139010441e+01
2.509449379712086170e+01
2.452287698892376611e+01
2.442618774725262654e+01
2.596172866571396298e+01
2.475996747686621191e+01
2.467609989141890736e+01
2.584839028114416948e+01
2.488081006199162104e+01
2.455464128112192057e+01
2.464875304977391934e+01
2.425605510617931060e+01
2.430581973804394025e+01
2.496247135353650037e+01
2.510139564943656509e+01
2.533160521036577961e+01
2.434646346035059494e+01
2.453463832056838712e+01
2.399229435212991390e+01
2.464938353050424880e+01
2.475964608393249478e+01
2.445078079419693040e+01
2.575837973595557528e+01
2.561886404970925923e+01
2.432039554185851671e+01
2.508398450553963954e+01
2.491719779161139670e+01
2.440140988267890876e+01
2.519240155119328861e+01
2.509425423125147248e+01
2.490106281346513484e+01
2.559337093862998813e+01
2.457744153987376734e+01
2.483561624531745693e+01
2.474167824490256251e+01
2.462244633512842995e+01
2.508369699809419373e+01
2.507569260630612007e+01
2.382442949541504618e+01
2.451457885981952955e+01
2.539830846529354957e+01
2.590417520698220244e+01
2.492413547329284285e+01
2.421265303461505525e+01
2.481951394713291847e+01
2.527757027339976403e+01
2.441579049513013189e+01
2.557965714399822232e+01
2.421444331758777224e+01
2.503253305921715466e+01
2.448592359798672291e+01
2.500107695703789545e+01
2.596097222631188828e+01
2.475777085305595193e+01
2.505899842068758687e+01
2.480384450121516338e+01
2.522994812364465034e+01
2.552855480505092345e+01
2.431834856833437541e+01
2.591704302261766557e+01
2.500655088910880508e+01
2.516131120710629787e+01
2.575921097278363092e+01
2.583946612868139425e+01
2.493581181879536501e+01
2.488739979376294897e+01
2.546305986878268968e+01
2.447599348650413376e+01
2.446900916645097723e+01
2.532283570883559065e+01
2.553398425391749882e+01
2.453051250099959901e+01
2.501672973466914840e+01
2.429005050888446249e+01
2.470464389686506479e+01
2.533562793550818171e+01
2.520291208358735702e+01
2.493907068942533556e+01
2.506118912612217642e+01
2.523308527703254356e+01
2.505765390573555251e+01
2.521408202138248811e+01
2.506006152707052337e+01
2.460953207441115609e+01
2.440473548212270671e+01
2.475075126543676873e+01
2.513047612460043467e+01
2.507834198425036121e+01
2.508701789717741093e+01
2.408324153117424871e+01
2.532313989511884600e+01
2.535615778656950425e+01
2.463925761150236937e+01
2.549613633799151557e+01
2.420814755480756020e+01
2.460340281323026446e+01
2.450906892439921236e+01
2.458959398774985772e+01
2.529901104759193231e+01
2.478662476095863099e+01
2.540982852596067332e+01
2.463939750920030747e+01
2.541908575390812430e+01
2.486987623323250318e+01
2.520310553965180134e+01
2.480862770071077605e+01
2.437465468969593374e+01
2.529482802425302523e+01
2.559772563226374942e+01
2.563103147041706009e+01
2.572680133701365435e+01
2.522281093109629424e+01
2.480124924328309888e+01
2.482782767208702168e+01
2.502932916563767307e+01
2.437807597566897755e+01
2.518549925002423961e+01
2.494119240072605947e+01
2.455626127559666116e+01
2.529695705001998007e+01
2.521139052660970847e+01
2.424515335601628863e+01
2.460320876311193672e+01
2.479276890041208503e+01
2.494701515316008411e+01
2.475221772907481110e+01
2.458314584433928118e+01
2.565368591152980926e+01
2.514811539310325728e+01
2.489404426026167982e+01
2.514029064853384909e+01
2.458574479118612643e+01
2.531468740155619557e+01
2.568699407629846121e+01
2.436505534463014655e+01
2.425542717663567416e+01
2.488446327994270391e+01
2.472734328625367084e+01
2.431987038126367295e+01
2.472549889396260880e+01
2.482544047379889207e+01
2.486860153285043395e+01
2.483352353670205659e+01
2.502820825381272840e+01
2.398227621002131826e+01
2.429123178023700547e+01
2.592703934950476352e+01
2.540871874876147984e+01
2.526124242895689065e+01
2.542363556235715194e+01
2.545792568533068589e+01
2.543077698068464798e+01
2.517671538671182674e+01
2.476382968096415738e+01
2.437486957092660589e+01
2.547178967910961589e+01
2.526441519677755920e+01
2.468333326252546200e+01
2.379969648628319234e+01
2.506768375149745154e+01
2.546179901764003617e+01
2.524924042570637894e+01
2.559187385853691410e+01
2.410841825042782816e+01
2.568147444130904589e+01
2.439332368892997849e+01
2.486780926040614403e+01
2.607081714435687303e+01
2.543683822014513396e+01
2.498099811961037986e+01
2.547781259885276839e+01
2.486305120388261258e+01
2.520013081120765008e+01
2.570653763131778291e+01
2.470429311943546224e+01
2.574566278642413053e+01
2.518459637244487226e+01
2.541315967033392553e+01
2.457327944728088909e+01
2.447337568226617677e+01
2.566784003940596293e+01
2.545222655609183704e+01
2.454835710529684789e+01
2.499998857225128290e+01
2.457947763241429939e+01
2.542281898458208289e+01
2.518440215919035552e+01
2.466057705810992928e+01
2.540761832005335563e+01
2.466494571917098710e+01
2.447642298614896461e+01
2.498952748042749405e+01
2.507886176804181844e+01
2.407933718789789523e+01
2.490880021572461089e+01
2.578117682063678373e+01
2.519641100547120516e+01
2.530046261165297494e+01
2.454418920270641991e+01
2.454647762220866980e+01
2.483341153793253042e+01
2.458193591524090849e+01
2.520336613461645925e+01
2.425091972160449671e+01
2.471624064039766466e+01
2.440626199553997466e+01
2.443778263488802693e+01
2.474177694707681852e+01
2.487688225014853671e+01
2.462281521662378481e+01
2.524493647583803124e+01
2.535055118696014631e+01
2.475405812232849101e+01
2.466745753190532042e+01
2.556087891652652644e+01
2.454001842859322480e+01
2.481564985546711100e+01
2.544089733907601314e+01
2.446144807081815742e+01
2.576627432520406202e+01
2.477498403567313900e+01
2.554132214033437620e+01
2.532144641766488036e+01
2.542015935605628840e+01
2.583541172782397766e+01
2.505675696855269052e+01
2.515118827464821649e+01
2.398909284686284948e+01
2.545715214622178024e+01
2.519575411058263015e+01
2.490932494572426492e+01
2.552335085955807514e+01
2.552639281032375607e+01
2.537333809302783294e+01
2.548520040660891794e+01
2.494969257325677958e+01
2.533907978713562059e+01
2.531445439456325985e+01
2.501369410782549352e+01
2.433790376852453008e+01
2.449584611845064686e+01
2.490878053798888558e+01
2.488059714064983297e+01
2.487479047124905662e+01
2.509060112999432235e+01
2.502533729723500500e+01
2.534190456319785056e+01
2.514800299564781483e+01
2.434860407145229644e+01
2.475946589670837739e+01
2.471032439654930357e+01
2.489570574653591706e+01
2.468333983193636527e+01
2.477055431374500571e+01
2.503291941991505709e+01
2.476575859443531158e+01
2.561648499386129885e+01
2.534454908511273175e+01
2.547405118159725035e+01
2.548069507973428927e+01
2.457009852584083376e+01
2.539698977724610529e+01
2.518216304519142668e+01
2.545025044735670150e+01
2.508802725858559057e+01
2.562134510657332598e+01
2.389883029490415112e+01
2.487682059528016154e+01
2.437091280872558485e+01
2.511641972650329180e+01
2.502067105103414946e+01
2.444463901971199249e+01
2.503328883367096225e+01
2.539449911770666546e+01
2.479330808609571335e+01
2.513236125170368851e+01
2.561054960174616113e+01
2.488001033312831822e+01
2.532333729278446555e+01
2.497825121722112485e+01
2.410430193336207338e+01
2.559018056134756236e+01
2.458826916006678687e+01
2.561440289893906552e+01
2.580066914255722921e+01
2.519031084071799853e+01
2.503163401034613855e+01
2.443692581705554545e+01
2.541205690469550404e+01
2.486977363301920363e+01
2.411891555985269164e+01
2.541372099842124044e+01
2.511812746242695482e+01
2.460425368069110519e+01
2.401670819562846759e+01
2.456638707654727227e+01
2.481564130285132919e+01
2.480099294710408842e+01
2.445025852015257684e+01
2.472667251361771790e+01
2.467387420601346193e+01
2.463040603539171158e+01
2.517989848280879173e+01
2.549993659853175032e+01
2.470407682289053142e+01
2.484639582086972709e+01
2.494716940169345420e+01
2.448562487731629744e+01
2.570927261755830173e+01
2.441700145156010393e+01
2.406095203333804378e+01
2.488234471679947291e+01
2.580392731658433192e+01
2.462239125616869373e+01
2.557421380090431029e+01
2.477104952406418192e+01
2.523746268132868309e+01
2.502896955559462100e+01
2.464755222269728208e+01
2.461158453524947376e+01
2.511360003526477058e+01
2.422293208178627566e+01
2.482573786299025898e+01
2.502941595178076639e+01
2.531667340857762838e+01
2.599263327315625816e+01
2.457145029919311341e+01
2.498762821462452521e+01
2.501379078403041945e+01
2.623474204361784246e+01
2.494021053290135370e+01
2.611816565486988395e+01
2.525003445562963833e+01
2.538577728988943605e+01
2.468636353660190963e+01
2.553765857705661446e+01
2.448342929495604992e+01
2.493675550597163237e+01
2.578694716763535055e+01
2.539174317606807207e+01
2.460884837585660634e+01
2.554555177558150447e+01
2.455949070208991003e+01
2.516141961835407059e+01
2.450627668007617643e+01
2.488998827288279259e+01
2.475692646726622215e+01
2.523403848027726326e+01
2.394379765444081087e+01
2.513812646030297770e+01
2.494760188395803979e+01
2.518375738488256843e+01
2.459463498209782628e+01
2.471737816424256451e+01
2.481316560665597493e+01
2.490392721670357901e+01
2.490604580769847232e+01
2.450916870995541430e+01
2.477755692227394491e+01
2.474523700198297860e+01
2.502178680580801640e+01
2.493260678078010883e+01
2.514966042910576149e+01
2.432530629333678363e+01
2.525466618465843638e+01
2.560006651949189660e+01
2.412199469846989786e+01
2.428078368375770424e+01
2.441014545387213630e+01
2.539664951766004108e+01
2.504702133666536668e+01
2.468173766977502837e+01
2.489699358985454225e+01
2.441200692281406148e+01
2.627316519232592285e+01
2.541989775902331417e+01
2.510711519929576596e+01
2.491112414245774431e+01
2.538039753432498102e+01
2.504298074355828518e+01
2.454527682230654406e+01
2.512442122632862151e+01
2.477019061924483623e+01
2.531801521144591405e+01
2.505228598194556966e+01
2.469845488544129708e+01
2.413382766521916167e+01
2.484907476209338739e+01
2.406629164574922797e+01
2.465497279282622856e+01
2.450551601177827266e+01
2.496937826714571784e+01
2.425580125873674930e+01
2.512276322609083934e+01
2.428233099667598438e+01
2.475878251450745182e+01
2.525775427514525262e+01
2.585978851904051368e+01
2.485451935247768773e+01
2.479441682813036962e+01
2.487020093727160486e+01
2.471154041357925379e+01
2.524095219917402844e+01
2.416391624550733752e+01
2.491621843109464862e+01
2.365056394559104191e+01
2.532908401372260698e+01
2.486798236439433651e+01
2.445235949686866661e+01
2.440416050226958689e+01
2.584320880851589664e+01
2.556397184810787948e+01
2.528688484495783229e+01
2.363293989128351313e+01
2.463429699668617445e+01
2.514517363875850720e+01
2.457373112894197931e+01
2.565259254832443503e+01
2.449684347709582610e+01
2.482979076879896851e+01
2.448844060683844148e+01
2.384675871786054913e+01
2.484925611008579338e+01
2.494274311324971194e+01
2.424071860424943026e+01
2.402703548017261426e+01
