9.065758006480796993e+00
9.890803349494882823e+00
8.920164719672634135e+00
9.003975962349853646e+00
9.040126139925110493e+00
8.606738360115883779e+00
9.075486437262876294e+00
8.982511581063693740e+00
8.892033480720987981e+00
9.089545790238684475e+00
8.203301152562799459e+00
9.399660121284691527e+00
9.256577738189912807e+00
9.043422120216085602e+00
1.014457816248466671e+01
8.574289415817462512e+00
8.929252059415647480e+00
8.772904469034802588e+00
9.628325404573443436e+00
9.628643229440623230e+00
8.926292839467690143e+00
9.158258937102242925e+00
8.435664047560322842e+00
9.329172449802516809e+00
9.367726526828695555e+00
8.808411479717037196e+00
9.333938526125450608e+00
9.089931700327033681e+00
9.412609032231182837e+00
9.113965499410454640e+00
9.366670034075285756e+00
9.820804285986483251e+00
9.028286788562056131e+00
9.258596231399701892e+00
9.260697236633596674e+00
9.328776123410476018e+00
8.969457856729908585e+00
9.284271874966268712e+00
8.878962613586365293e+00
8.915301051820812006e+00
9.274128730417439570e+00
8.980635956046707946e+00
9.497220681482057003e+00
8.743951930703405040e+00
8.846326753973958290e+00
8.800401315735957297e+00
9.120805580752181285e+00
8.814394026043503416e+00
8.774351981860439409e+00
8.415700475781170198e+00
8.955978658298006323e+00
8.995558030440330199e+00
8.743211490805558483e+00
9.026500311860209180e+00
9.278349293929183617e+00
9.279372335701108199e+00
9.538535701247708332e+00
9.588894724571648709e+00
8.951523563800693140e+00
8.790953023106100161e+00
8.968035011990039607e+00
9.189965075994317445e+00
8.927668583488856058e+00
9.060347545697492677e+00
9.161976799993260201e+00
9.095374926263462001e+00
9.212919395170185766e+00
8.962258428911296093e+00
8.922231517108171417e+00
8.613241461317771908e+00
9.239836038674429375e+00
8.790651873111384518e+00
8.716686136129311535e+00
9.294849290712237533e+00
8.785524314345783736e+00
9.405795376836628918e+00
9.665897787278442621e+00
9.601349516026230546e+00
9.376712742706299508e+00
9.212166726902392355e+00
8.906600383874335947e+00
9.314983721171509856e+00
9.054052989263034590e+00
9.115996990003058187e+00
9.047008954958409177e+00
8.898559105038627237e+00
9.043221919845903400e+00
9.153821838866337046e+00
8.906793812117653530e+00
9.008043478782754576e+00
8.746467729440933425e+00
8.866483832452674463e+00
9.157165329549219024e+00
9.349577306686510880e+00
8.968444292821635244e+00
9.261969249729979481e+00
9.100887807570387622e+00
8.965622800503021850e+00
8.546484086339185993e+00
8.829744117633193667e+00
9.235624177236115173e+00
9.149423323500014860e+00
9.078229688581050283e+00
9.675233734525303220e+00
9.205847818581190722e+00
8.656254397855956739e+00
8.909015144143634046e+00
9.509283645211676017e+00
8.673169214034425423e+00
9.225528834061726968e+00
9.307663883765682655e+00
9.170416001148019802e+00
9.130629602181615567e+00
8.867011548483899830e+00
9.491804984527883349e+00
9.548767581661117276e+00
9.148426747956806437e+00
9.004827524997569554e+00
9.138697582634762284e+00
9.432450034566564057e+00
8.951177955795316166e+00
9.461410696786593633e+00
9.388428715953773818e+00
9.325454991021057793e+00
8.750322109742343812e+00
9.120776492819382852e+00
9.389742043883750000e+00
8.886796419534659819e+00
9.245118548128306912e+00
9.049850151793451758e+00
8.882963458054362604e+00
9.452929310023655773e+00
9.503821955312931280e+00
9.522037066326786814e+00
8.516321161281499741e+00
8.580076320982531257e+00
9.282244054290774926e+00
9.115011305378930118e+00
8.508476341920028219e+00
8.802477880025902479e+00
9.136721470587891858e+00
8.974373134099323579e+00
9.152329453337637588e+00
9.401352204169212357e+00
9.235119934195466840e+00
8.749829816990018827e+00
8.525079812178340433e+00
8.976036911696807508e+00
9.091122896662158226e+00
9.125930255361092591e+00
8.855664370754432468e+00
9.205512477049916598e+00
8.879991746248377282e+00
9.469895841167474515e+00
8.705764500647822146e+00
9.152306737571672457e+00
9.317707733935874259e+00
9.018928594985572644e+00
8.930339783938741505e+00
8.880324810072835362e+00
9.165429416196035461e+00
8.894125174951437174e+00
9.328557938456482290e+00
9.103888054654275308e+00
9.437790074605521440e+00
8.848728269359074972e+00
9.180284448902218841e+00
9.090309746597492691e+00
8.639662039403971150e+00
8.891201364904508964e+00
8.876531866350543254e+00
9.021020300833015426e+00
8.405797588570946388e+00
8.568666855857495435e+00
8.877872302513477365e+00
9.155834056579365665e+00
8.842092390063085006e+00
8.874538419827755931e+00
9.383164853734252020e+00
9.044501224857341981e+00
8.900777351372431312e+00
9.317927632556507689e+00
9.087284992787145299e+00
9.095951641436123225e+00
9.164564885609927103e+00
9.044624717054997376e+00
8.971376217292418076e+00
9.372838290699228025e+00
9.666459612059952633e+00
8.904381834809054652e+00
9.388048647963657345e+00
8.939965605206042554e+00
9.292712934441283323e+00
9.567008832219457304e+00
9.634598167426485560e+00
9.253963320238380419e+00
8.774934976216385962e+00
8.617673020339797318e+00
8.745232222969422153e+00
9.348384343642052841e+00
9.422812649657750228e+00
9.575163859457097359e+00
9.714289725164025668e+00
9.058648088518342689e+00
8.767561424768947731e+00
9.180566015752569697e+00
9.457228978943968301e+00
8.954573815736402764e+00
9.370594397939012055e+00
9.025840987428042084e+00
8.877648366335215258e+00
9.454119166170068311e+00
9.401026565724261985e+00
8.884800890082198421e+00
9.446557232385938363e+00
9.069167499313529390e+00
8.991014091238875849e+00
9.136586775649197634e+00
8.913492003226620497e+00
8.654941273197788831e+00
9.045762141819400526e+00
9.016613718084171225e+00
9.351803509189288377e+00
8.732616793294123880e+00
9.360940663402441686e+00
8.980458059620527678e+00
8.666708334466122210e+00
9.057974018055746868e+00
8.684372062389011049e+00
9.054063995078839966e+00
9.311978337841756215e+00
9.324927920688432792e+00
8.759257152908045185e+00
8.989589157865232494e+00
9.607850870002163646e+00
8.923261137138844390e+00
8.873952416743872362e+00
8.580941869730088101e+00
9.128591563098760631e+00
9.655870846918761075e+00
8.752832243120243660e+00
8.854711579045137171e+00
9.215848283836272969e+00
8.840804254015269592e+00
9.310653371558490932e+00
9.311371553132566703e+00
8.898076791824987453e+00
8.973034618591285039e+00
8.862381671369963243e+00
9.537169058067831884e+00
9.148436214378513398e+00
8.538788333468058767e+00
9.455606771652886877e+00
9.238606409169433320e+00
9.002213209193987709e+00
8.904021074173570582e+00
9.335177145126325016e+00
8.781804120341675457e+00
8.946264459798548785e+00
9.177269619091081410e+00
8.918218232215950891e+00
8.967649480841490828e+00
9.147303999877197001e+00
9.566724028328433604e+00
8.853933791987866897e+00
9.237625689536164586e+00
9.243993068140078151e+00
8.883473113691284340e+00
9.256445457815567934e+00
9.219003129765027893e+00
9.434000296689507792e+00
8.920954621747153368e+00
8.960830203982281361e+00
9.110210102322897185e+00
9.289051832347436033e+00
9.097154017172147888e+00
8.766239755014380464e+00
9.497362314173040332e+00
9.002699496228007803e+00
9.128087429847644430e+00
8.800444313206579494e+00
9.275660302546958391e+00
9.092705272273278183e+00
9.143075016015689727e+00
9.627317909633491766e+00
8.647365082707530348e+00
9.406684097405655365e+00
8.894769333747468920e+00
8.925715753709885902e+00
9.011831431834922412e+00
8.624173444683581380e+00
9.254931870431288843e+00
8.959708918341329209e+00
9.006226746496754032e+00
8.929888360670265257e+00
9.450303357938015125e+00
9.103769926949484059e+00
9.016217013224872900e+00
8.954658246966248569e+00
8.650914857294891291e+00
9.052724714451072074e+00
8.760975285194474438e+00
9.146181526137736384e+00
8.898370263246215828e+00
8.615906437590140854e+00
8.955907494650007905e+00
9.131423662222172055e+00
9.173094195458968869e+00
8.825297375474436379e+00
9.138072033602242072e+00
8.795228836621216573e+00
9.171021160929150540e+00
9.281109256885581971e+00
8.823337598686096683e+00
9.132194520783251335e+00
8.930796210435861582e+00
9.050136476471893232e+00
9.074343049063319455e+00
9.178443155744655968e+00
8.630528688509048862e+00
9.081183790603363448e+00
9.113726253683719136e+00
8.769456260193781105e+00
9.396400258948148121e+00
9.289873186788097925e+00
8.970958185534906093e+00
9.089234302643163232e+00
9.010965383987057820e+00
8.906971156539047030e+00
9.226460626720704994e+00
8.949409470310309089e+00
9.324724016334664967e+00
9.256300638531953950e+00
9.234137154035323647e+00
8.698557415181193520e+00
9.606130866112341238e+00
8.874994703167294219e+00
9.055315771324142560e+00
8.722487468686201950e+00
9.337956864239805199e+00
9.094919005982806226e+00
9.231117906104838511e+00
9.251368951872368740e+00
9.146318521438503879e+00
9.206300405548482502e+00
9.455220863223511074e+00
8.692422139181550378e+00
8.984105078812296696e+00
8.739332278359730921e+00
9.381913121558238089e+00
9.143125866794470369e+00
8.855624245433016739e+00
8.798597361756785418e+00
8.648412086075166982e+00
8.957008702440546699e+00
9.001970536602055262e+00
8.748588554500965841e+00
8.769806148980721971e+00
8.950907693745913107e+00
9.243929381508179333e+00
8.840390371272283332e+00
8.974741219048366858e+00
8.924699846936892556e+00
9.035239624197469510e+00
9.285625811856027312e+00
8.612455543587202555e+00
9.003980134286665660e+00
8.811730282213346754e+00
8.917693665306090978e+00
9.034231261324592310e+00
9.005119137004856000e+00
8.885155103270914623e+00
9.312720295283238414e+00
9.243334786118426294e+00
9.201924027283777008e+00
8.763585539976999073e+00
9.431428052468197265e+00
8.965001973825856396e+00
8.998808535628636918e+00
9.105950911909655332e+00
9.047913689326801290e+00
9.028797951273805467e+00
8.988767572246603166e+00
8.915189867626889253e+00
9.176433175733807346e+00
9.066933193968976568e+00
8.749222287595552316e+00
8.775594208143942865e+00
8.929604034098440835e+00
9.095810139519768356e+00
8.815912043020730948e+00
8.762043567594945515e+00
9.393257429034774120e+00
9.102856608948941997e+00
9.016156699804231067e+00
9.164158994545234194e+00
9.073279913167075605e+00
9.076914834164536927e+00
8.793838908303715840e+00
9.026064000358598349e+00
9.092958508460498024e+00
8.913301175190017744e+00
9.074066595744161745e+00
9.434771014349973228e+00
9.160243186313143937e+00
8.897596800039202947e+00
9.528100604134936091e+00
8.843029378578490807e+00
9.040721940909284271e+00
9.112756017158506694e+00
8.815688731827560076e+00
8.771457971655154395e+00
8.798895869345750853e+00
8.776226250841792975e+00
9.217265922799978028e+00
8.983756018235322216e+00
8.841509339724447969e+00
9.056131604640839328e+00
9.081006537330781114e+00
9.276149380765524199e+00
9.409079138810675147e+00
9.005975612035102884e+00
9.027898754845171680e+00
8.893232806218916764e+00
8.980696843474905933e+00
9.342414512348588218e+00
8.922622364602489142e+00
9.034655609945026811e+00
9.351643334735630475e+00
9.001296123170492436e+00
8.893779229605419445e+00
8.729796999058429208e+00
8.761650076205416582e+00
8.810696329564940754e+00
9.104844993092370942e+00
8.751669207191957511e+00
9.478777998279667827e+00
8.882774991520147267e+00
8.953575213094895346e+00
8.792376301907610880e+00
8.943590079419342587e+00
9.102881363831819783e+00
8.936866012694080652e+00
8.614059966569515225e+00
8.563434589654685070e+00
9.107795712455526882e+00
9.000011518472645022e+00
9.031037917800967207e+00
9.063174543741641997e+00
8.815799064075779512e+00
9.397127576194613141e+00
8.767956369827796692e+00
9.252059928824230894e+00
8.848292986836067797e+00
9.232164312049158994e+00
8.916591414314396502e+00
8.942659945830966350e+00
9.128476692257233793e+00
9.325786745900060737e+00
9.404674565122261853e+00
9.042979589677118568e+00
8.938752563764055026e+00
9.284870145274117803e+00
8.945759280900579924e+00
9.257502931473297281e+00
8.913087335540907929e+00
9.157944689187022647e+00
9.314480782186134178e+00
8.750969099941832141e+00
9.181785170859244616e+00
9.442296342475485105e+00
9.213234340698639002e+00
9.141226563053720611e+00
9.274187765114525916e+00
9.143389059680030684e+00
9.040835095415927114e+00
9.058312096644348443e+00
8.759761200288410876e+00
9.261254013961439213e+00
9.126368833139713033e+00
9.442665977801532051e+00
9.200416947128587708e+00
9.105462974107913610e+00
8.670243144292197002e+00
9.090776954020974188e+00
9.212407472541157105e+00
9.034996998676666280e+00
8.893865827607804420e+00
9.420230450648249487e+00
8.738368728525578888e+00
8.903256687641103895e+00
9.071174913877460000e+00
8.800661742634629192e+00
8.679544919510719936e+00
9.066705643585093455e+00
8.904568740943100025e+00
9.319250231614445212e+00
9.011594876814340793e+00
8.822044689719817256e+00
9.179677940968637984e+00
8.702505368103500061e+00
9.013060563839463413e+00
8.932507493418871292e+00
8.934251619322264304e+00
9.059667899659578083e+00
8.931758978116629777e+00
8.937455589901951214e+00
9.150097771037918548e+00
9.171629389074452021e+00
8.982086579308028007e+00
9.199941722885816020e+00
8.914817130410222390e+00
8.874923755615178322e+00
9.089075308967359490e+00
8.822372345466334309e+00
8.719831295953268224e+00
9.128089117884275794e+00
9.343633640564641851e+00
8.537184693683727232e+00
9.066944237960861130e+00
8.792685288140154043e+00
9.231368619902227124e+00
9.121676465831152214e+00
9.098318563860042119e+00
8.980768351969897978e+00
8.715022996248105613e+00
8.788729366440296786e+00
9.090597107627718998e+00
8.878790914624378416e+00
9.316038234969399312e+00
9.042040737114543703e+00
9.182542072565180291e+00
9.051353345759412861e+00
9.217845228604101493e+00
8.837415410481966660e+00
8.555819642233338129e+00
8.969551187843979534e+00
8.882517685147456987e+00
9.402294364106300151e+00
8.993107057177015307e+00
8.815327692803643700e+00
8.838045385853813940e+00
9.052067987804779392e+00
9.011543950687634918e+00
9.119654385759540460e+00
9.416015338387143885e+00
8.840093537032243987e+00
9.089476174915228412e+00
9.115573297010463705e+00
9.264082588320112777e+00
9.224170292950693906e+00
9.322015189775273214e+00
8.641793293676830245e+00
8.814886869095909461e+00
8.856177777675588558e+00
9.069262059406316467e+00
9.220313547992875058e+00
9.122779206436138821e+00
9.091184454409388493e+00
8.927260462641196881e+00
9.081449342700114613e+00
9.116314007206591796e+00
9.182665907148214401e+00
9.101381382218939109e+00
9.496703008075213504e+00
9.753274916891907509e+00
9.191715729995401318e+00
9.175734459883019056e+00
8.683462272741145682e+00
9.182751362828614816e+00
9.245126514091442260e+00
9.475023631286207504e+00
9.140672511792626409e+00
9.018528834645390901e+00
9.244002223496080362e+00
9.489907388765971064e+00
9.557728672825867022e+00
8.846305941978776843e+00
8.942916197310717408e+00
8.897241276076941929e+00
9.370864022993739439e+00
9.263454798667060786e+00
9.331102084885488424e+00
8.759054178827415882e+00
8.609368775550567676e+00
9.274196714606752323e+00
8.746834250835455293e+00
9.212596098954373147e+00
9.173752535383743023e+00
9.453923800059902405e+00
9.326825386429764109e+00
8.915107483654658438e+00
9.306489343976494411e+00
8.974847871291386170e+00
9.040521182443882253e+00
8.822676710599404615e+00
9.257440348548252373e+00
9.123836384495838558e+00
9.324793933689303316e+00
8.930394990526577814e+00
9.201147125765970713e+00
8.836822542894820387e+00
9.028844155335212562e+00
8.895950088635942166e+00
9.082424033786521633e+00
9.048422268713837369e+00
9.279294051271666177e+00
8.733409918476915834e+00
9.440110167296893451e+00
8.975859974748614079e+00
8.997003251032980486e+00
8.835239045336178876e+00
9.016247023028704177e+00
9.315294543716392539e+00
8.696203825516821695e+00
9.105322505507892572e+00
9.389934317453930035e+00
9.034592293115505157e+00
9.041205074979382417e+00
9.405430719232278136e+00
8.568710502269848206e+00
8.994933591036682330e+00
9.037955367350177127e+00
8.700089325409305019e+00
8.824210058700062476e+00
9.083667032663715446e+00
8.967102203841140096e+00
8.785560009190387376e+00
8.853931022025363973e+00
8.623949552175639965e+00
9.206457930231364273e+00
9.389592330477576354e+00
8.461491053282554020e+00
9.008065546238213983e+00
9.161990929948636619e+00
8.907560672519746703e+00
9.067545822000806055e+00
9.283404041276094532e+00
9.307948164651010714e+00
8.973587256567872927e+00
9.099931131086725244e+00
9.344438463235144710e+00
9.352080295281341549e+00
9.279809465733706020e+00
9.334522913615154849e+00
9.144463501571815200e+00
9.305513097158957692e+00
8.903591135534298928e+00
9.102333790579667294e+00
9.150292692537021821e+00
8.988736026082943198e+00
8.928207026932589940e+00
8.734827058241632969e+00
8.984165605776995633e+00
8.585006540837431643e+00
9.296174364167429260e+00
9.122200653539414006e+00
8.702584455465981250e+00
8.785483356645288566e+00
8.860178660762208835e+00
8.853230957160404202e+00
8.671361340111767291e+00
8.975501299092243812e+00
9.129938464071852167e+00
9.027075476100357321e+00
9.464158175297278319e+00
9.249125520167114090e+00
9.098359342563613339e+00
9.029196691860752466e+00
9.075881633382875791e+00
8.898443025845653054e+00
8.662255683467668277e+00
9.069399607912105310e+00
9.231761650318730972e+00
9.330371940510781670e+00
8.944742960159052458e+00
8.983187014517957536e+00
8.743515213179250622e+00
9.314758952860824337e+00
9.403835427335668129e+00
9.328874298019622202e+00
8.971874147202498762e+00
8.977393295329122225e+00
9.125325286201523056e+00
9.144917288281321888e+00
9.183735826744136688e+00
8.276556605461415472e+00
9.104188788740733784e+00
8.712693377129360428e+00
9.183819338912110553e+00
9.278358784665105219e+00
9.104691535269573421e+00
9.190929377053993932e+00
8.868045898060350041e+00
8.565476655486117252e+00
9.084658122116548995e+00
8.954783935810709750e+00
8.963561542410410254e+00
8.951562104081780546e+00
8.873470357304571010e+00
8.748122529525760527e+00
8.993742589890764805e+00
8.835704174736633831e+00
9.029286497797613720e+00
8.884240631893169038e+00
9.009940899502353773e+00
8.662405928119580878e+00
8.839641224962045740e+00
9.353457634633233653e+00
8.823020529175588322e+00
8.685586259216423244e+00
8.713393982435938767e+00
9.284997521665040665e+00
9.189338842282385400e+00
9.203020620070994084e+00
9.193529532475867683e+00
9.337017761249978065e+00
9.158767162395260897e+00
9.079059935845657847e+00
9.000512772853101140e+00
9.422059879938768034e+00
8.979152384821832200e+00
8.957163355837707286e+00
8.963085399131477615e+00
9.241054823586347666e+00
9.378148097371235892e+00
8.750859541042792955e+00
9.049745631265496471e+00
8.967106582780841606e+00
9.219221966425267922e+00
8.714582935156562016e+00
8.884532647301073283e+00
9.117108760836618586e+00
9.025165644313759117e+00
9.117462192371323937e+00
8.828992546873061897e+00
9.007760667883761840e+00
8.955375327149553755e+00
9.239089421195258112e+00
9.188997782494759292e+00
9.105268870432718487e+00
9.277532669892080364e+00
9.420147339484328697e+00
8.634096913587466560e+00
8.982633950773747600e+00
9.067887855100842387e+00
8.640904569295468463e+00
9.480210699023352561e+00
9.146299525238712036e+00
9.197091851551570940e+00
8.977293532330806514e+00
8.596221999251911328e+00
8.891773062060916999e+00
9.026453649932122403e+00
8.574775105454987667e+00
8.917562762375670360e+00
8.842936571916633071e+00
8.923020000331101542e+00
8.619617858322587978e+00
9.151028010153382297e+00
8.849589910935604209e+00
9.199672418781169370e+00
9.216695485859901282e+00
8.800272306630322561e+00
9.042370992648146810e+00
8.659784191560763844e+00
9.497172749712936124e+00
9.055730377103756723e+00
8.957438831617642094e+00
8.702381813088019058e+00
9.058523728742256864e+00
9.663800719579324294e+00
8.765343048131091663e+00
9.437240238541884096e+00
8.822845288073457581e+00
8.648123852099327991e+00
8.788404356507694359e+00
8.944156146477425295e+00
9.249626884772979452e+00
8.744657449251006298e+00
8.874326605628143128e+00
8.894031593524971413e+00
8.486333545721672422e+00
9.226116106308015929e+00
9.103301823452479624e+00
9.031833803033796571e+00
8.633383263350715708e+00
9.198978809993933581e+00
9.117587895142692744e+00
8.952851453663209114e+00
8.654156770367039897e+00
8.922818132069687991e+00
9.399971972405857912e+00
9.214879565644562120e+00
8.902263924476610413e+00
9.107009892186443523e+00
9.090287420615197789e+00
9.015895292483454782e+00
9.385206936773958120e+00
8.945316187327053470e+00
8.952712266797570706e+00
9.076260191961580404e+00
9.257610179684542473e+00
9.197021272178474760e+00
8.862321078364930216e+00
9.258515905586389039e+00
9.105806560522450965e+00
8.833801488177657646e+00
9.090902273524450905e+00
9.044183413749628642e+00
9.025652928153645504e+00
9.296939477447537570e+00
9.280999372834257244e+00
9.247409350604389289e+00
8.937089771085865664e+00
9.266059801325569723e+00
9.187395533656486535e+00
9.105012870671872705e+00
9.249901122514918583e+00
9.048670412593441625e+00
8.721245134588103909e+00
9.428714181996443955e+00
8.823493294506482343e+00
8.873242521709022057e+00
8.760656864564678514e+00
9.083056724092891443e+00
9.379892688420234492e+00
8.894957332884345647e+00
9.112280756382354241e+00
9.189900064134343793e+00
9.167754839787709997e+00
8.931111718998430149e+00
9.560155194414534208e+00
9.119168309457815980e+00
9.351529468412833168e+00
8.830778109618840688e+00
9.354135982820951156e+00
8.758252150060622299e+00
9.099515560217978916e+00
9.134036275665602389e+00
8.886840397183423335e+00
8.767036157702996491e+00
8.671532104983395328e+00
9.183680366370522208e+00
9.096326851125065005e+00
9.151509423978028579e+00
8.972057174440116967e+00
9.126264928666110166e+00
9.090839090032865499e+00
9.278575986222225680e+00
8.912406351366508162e+00
8.926855406911952784e+00
9.174357280423592442e+00
9.035798083511490830e+00
9.026983555680685001e+00
9.013719332994700295e+00
9.037427797235162430e+00
8.994216538186165621e+00
9.326009933434569632e+00
8.939208232324206804e+00
9.093865106991939840e+00
8.922946494489142566e+00
9.493277833056147585e+00
8.852168018091189694e+00
9.030153256567841069e+00
9.167111211990370379e+00
9.166812274680271599e+00
8.825676153269181867e+00
8.850234813899716002e+00
9.229801036244085211e+00
9.138146459785570386e+00
9.225901868795318705e+00
8.948601479831191696e+00
9.117433822175225799e+00
9.204201401730365717e+00
9.086614947195451819e+00
9.054835683615133135e+00
9.153552017799242435e+00
9.424105073359815066e+00
9.286106799949804369e+00
8.499766408174872723e+00
9.110725368232996502e+00
9.021531537006856283e+00
9.257831521927798235e+00
9.182611176386915375e+00
9.100612152257999909e+00
8.894277678620113647e+00
8.491953784731750332e+00
8.699264034667837819e+00
8.957580414527171797e+00
8.867398291612289540e+00
8.996286931463188807e+00
8.948424117623266838e+00
9.012816693073004259e+00
9.031400220612127328e+00
9.099040921645531910e+00
9.162297693924612574e+00
9.137248827403546159e+00
9.039233273400579805e+00
8.536021054662496610e+00
8.668638450614297497e+00
9.577302964827971721e+00
8.921114396788464518e+00
8.590580804285131933e+00
9.128432479685290701e+00
8.845080520699346138e+00
9.201075575112787064e+00
9.127686004876666814e+00
9.068275328719110462e+00
8.931364865412074749e+00
9.238997558396606635e+00
8.988424500563198194e+00
9.041821821751044652e+00
8.783501029755761635e+00
9.146409080838978412e+00
9.273976894733117149e+00
8.859799370893208348e+00
9.414670185837461958e+00
9.134211413288277015e+00
9.265833352558898284e+00
9.336720329871109669e+00
8.776013325864031600e+00
9.086084226582656242e+00
9.297325767880391112e+00
8.710109764615376449e+00
8.801269167037361285e+00
8.845807553209144913e+00
8.908602179259428766e+00
8.826055539636380232e+00
8.631980417761496938e+00
8.514371625391397913e+00
8.735682052352196081e+00
8.763736920711089340e+00
8.985291384026574235e+00
9.074423352172789947e+00
8.673397783672891492e+00
9.210941983910702291e+00
9.129233041470270038e+00
9.319524044176901612e+00
9.145438485029373510e+00
9.042419218408163317e+00
9.281222703533503093e+00
8.979769867922369642e+00
8.493670393186080858e+00
8.830555160598898112e+00
9.172394168485432431e+00
8.857805243607829837e+00
9.043971806702472804e+00
9.166867085560683748e+00
9.014587394431563538e+00
9.413115234271790754e+00
8.942150943244797645e+00
9.087005347917237685e+00
9.619605084794867977e+00
9.118979155219443911e+00
9.269737690381310458e+00
8.976876431651005461e+00
9.142261765260643713e+00
8.878113526376257170e+00
8.873140713140445612e+00
9.407242599358850654e+00
8.773234294946318457e+00
8.629643686520328316e+00
9.154941888994503785e+00
9.207320859820191217e+00
9.641497162692081346e+00
8.988078000838509496e+00
8.895799248708955886e+00
8.776402416634846659e+00
9.090121930755941548e+00
8.918347437129055422e+00
8.802814867347859007e+00
9.172179052205523320e+00
9.044495745722635149e+00
9.439212406773604513e+00
8.632451642397590774e+00
8.709172540801787932e+00
8.984362130175872707e+00
9.153562207994502486e+00
8.732898027098537241e+00
9.125373507443894638e+00
9.217675417915566882e+00
8.875828231033301208e+00
9.451615652236331044e+00
9.114120638192932944e+00
8.974088072797345106e+00
9.070648091554920356e+00
9.206965749750057881e+00
8.543598458409102037e+00
8.884810772295901771e+00
8.858271670707949852e+00
9.349679513497262562e+00
8.961532557953992395e+00
9.034682495851710016e+00
9.346946765277261093e+00
8.836877355025023917e+00
9.011289221553978379e+00
9.117777841429740349e+00
8.865458235096863149e+00
8.710178979282604317e+00
9.237468984280658546e+00
8.963642266892515309e+00
9.022077661181782560e+00
8.794285840165480650e+00
8.760612726466064260e+00
9.064150970999207857e+00
9.642625531847112796e+00
9.133520275532504229e+00
8.843931802929207109e+00
8.781298223448835927e+00
8.985931671888225836e+00
8.782429053186596946e+00
9.298841691355400840e+00
9.320263284388483171e+00
8.751545131111884146e+00
8.974981697865890951e+00
9.086870696809524972e+00
8.948910290321522965e+00
8.717770122761496765e+00
8.948341728855654154e+00
8.904774071298392712e+00
9.248204460620236489e+00
9.321214567251626448e+00
9.108347698110870638e+00
9.076184385228417639e+00
8.499869026433644947e+00
8.961628297542580057e+00
9.069072135645503963e+00
8.842486526384352175e+00
9.075452068711456377e+00
8.657294188071603003e+00
8.893503590102950440e+00
9.220149387583997935e+00
9.142632241251646974e+00
9.047297133283825232e+00
8.902891185880530855e+00
9.156089310216470878e+00
8.899149828758371683e+00
9.007785029212655559e+00
8.733406356486389299e+00
9.268314143454730925e+00
9.726571846355938078e+00
8.858095627529067428e+00
9.166212247997931328e+00
9.363636274890373201e+00
8.579399565184468557e+00
8.599764631391090930e+00
9.475296440762557282e+00
8.800622493828480941e+00
8.801693250709272220e+00
8.935055350540897834e+00
8.979682569788055346e+00
9.101731861203180785e+00
9.600036356968034923e+00
8.543837138956655863e+00
9.205597154509121083e+00
9.148395581941390020e+00
9.167053211494717857e+00
9.106763719932041923e+00
8.815678714304898023e+00
9.267919561593108924e+00
8.771365470257554975e+00
9.229917164694631637e+00
9.165758012146966394e+00
8.825239672040160244e+00
9.401439219891392085e+00
8.917297998462400344e+00
8.659765201187047623e+00
8.583929976095978631e+00
9.077293345224955345e+00
8.971311996850531045e+00
9.060016528631026134e+00
8.942514861903953616e+00
8.820272394504749869e+00
9.320569507043639845e+00
8.643433203400675779e+00
9.466921301405832878e+00
8.578657461456675293e+00
9.257655731109577957e+00
8.735714985786787068e+00
9.061987410901243933e+00
8.934983515265576770e+00
9.440683433782856682e+00
8.803532730614026747e+00
9.074732025163953608e+00
8.701779618324630761e+00
9.176584934723063469e+00
9.014691943234042881e+00
8.736488696424011380e+00
9.101711697024182257e+00
9.189073966248869851e+00
8.771041205674860564e+00
9.264253219544348994e+00
8.789548249174737649e+00
9.180059422964916394e+00
8.584568541210058967e+00
9.352561117205443253e+00
9.516162419717675292e+00
9.139704968224538817e+00
9.379297531925052667e+00
9.033119417640010695e+00
9.053846365291397191e+00
9.112171398671211620e+00
8.702708166926324651e+00
9.036839085031793672e+00
8.789553433388261894e+00
8.970479929151522924e+00
9.139115153230184418e+00
8.619512568417112774e+00
9.202164679653616730e+00
8.847137090047271002e+00
9.383030365865607791e+00
8.979922434316742752e+00
8.809766371793921635e+00
8.508704852249801220e+00
8.813633705494742898e+00
8.883341536481076162e+00
8.684604419721713597e+00
8.775861563959988842e+00
9.059805975598898442e+00
8.963180743984318966e+00
8.803129717284612354e+00
8.574695885143366780e+00
8.826189071948610021e+00
8.850379383660465393e+00
8.574179856959938562e+00
8.853389523051347965e+00
9.073045688365981576e+00
9.144508468199207485e+00
8.971794148071490227e+00
9.039180856315782719e+00
9.125282989987743676e+00
9.388685826831858705e+00
8.628464687847500869e+00
8.690508132484088932e+00
9.141363074810819001e+00
9.077821895081106263e+00
8.844567192592371896e+00
8.626478975782756464e+00
9.106456313548706660e+00
9.030049595443864874e+00
9.261948894932933385e+00
8.975034624889243418e+00
8.845645318098373622e+00
8.968264698650296296e+00
8.882757660291581203e+00
9.035947645843506848e+00
9.210212277474321141e+00
8.935056661515252685e+00
8.945114494059776433e+00
8.761501555434454858e+00
9.000207998516549068e+00
8.778627184483202228e+00
9.287091501393925697e+00
8.925242678959275366e+00
8.967344928601088228e+00
8.723598666019640291e+00
8.705975979050482039e+00
9.041050821013341121e+00
8.643090378575044141e+00
8.989394206979953950e+00
9.108256909078344066e+00
9.049893723247913968e+00
9.255742878184914701e+00
9.248543362833805404e+00
9.169230064605960351e+00
9.044346638273466965e+00
9.197149575715171110e+00
9.348659006105190628e+00
9.202942902566276118e+00
8.942177927826113759e+00
9.453719344052727180e+00
8.646799237798463267e+00
8.940010808924755636e+00
9.089506502820702494e+00
8.894988911838551005e+00
9.371303938578725123e+00
9.203591031150125445e+00
8.860545048753714070e+00
8.941209161885062429e+00
8.468548897535370656e+00
9.014180892394646705e+00
9.234673553797165368e+00
9.204354056232268988e+00
9.190517934103564102e+00
8.635291016207350623e+00
9.372238525305613521e+00
9.105359504838911988e+00
8.949149185806104967e+00
8.800987366614283047e+00
8.831689596817971832e+00
8.838422124642690392e+00
8.904485706018478552e+00
8.924524017144454646e+00
9.027217293622475935e+00
8.735764839421680250e+00
9.145995241327600667e+00
8.891661653196823778e+00
8.867927597803388906e+00
9.344050217879924958e+00
8.791852771894873797e+00
9.359715137534513119e+00
9.315573570420186300e+00
9.455402851279504972e+00
9.125197358700246397e+00
9.253410551305824683e+00
9.023672445014081944e+00
9.118028275191122134e+00
8.866805573814596997e+00
9.311983212858160996e+00
9.154867322970178023e+00
9.203262787163311032e+00
8.900013145267147152e+00
9.210193075129936346e+00
8.501431879225062715e+00
8.504456002536000980e+00
8.860235675997882865e+00
8.967696026006564125e+00
8.954821253544663406e+00
9.098234852505346026e+00
8.693833281983490480e+00
8.729212975602202107e+00
9.271085345923031795e+00
8.966416333019235907e+00
9.247033677168364108e+00
9.064724373284001047e+00
9.022235767816267682e+00
9.246274544685455510e+00
8.886558599391676694e+00
9.142561953700758082e+00
8.735241967099566907e+00
9.056233184265135350e+00
8.695901176847097958e+00
9.092849324780841513e+00
8.940537172397585053e+00
9.210492068715659286e+00
9.011843160315780921e+00
9.104184056519226687e+00
9.074944863451161581e+00
9.128405694730638231e+00
8.683507760393322172e+00
8.915816360639176708e+00
8.858778852999281028e+00
9.086923989891088738e+00
8.811739379706260422e+00
8.999148379638084450e+00
8.864079292595526738e+00
9.313279077765917791e+00
8.820640417205027006e+00
9.427619151530414854e+00
9.211942535463814252e+00
9.177906352822551739e+00
8.898745162031074685e+00
9.301540718752278281e+00
8.687348031389758418e+00
9.260218313889225783e+00
9.277723104318356562e+00
9.460945040898799618e+00
9.117799788771144165e+00
8.887718505015193671e+00
9.028182857466926947e+00
9.014571561475101191e+00
8.703413351290496536e+00
8.830314621314988344e+00
9.025207797963627598e+00
9.036557286662038280e+00
8.863809331021512250e+00
8.599032340102757743e+00
8.958610265502629844e+00
9.222283031524517227e+00
9.125849435329502768e+00
8.884200565329541277e+00
9.490176744296833888e+00
9.266079324139997908e+00
8.758967069540993577e+00
9.081731249053412114e+00
9.352526122158939970e+00
9.273154919934965434e+00
9.019794697156147123e+00
8.821414690304596462e+00
9.050414675574218748e+00
8.773468512471229275e+00
9.129653100557089118e+00
9.027672232992461687e+00
8.857328265825652025e+00
9.227800511950913886e+00
9.284789789527472692e+00
9.000435805475403228e+00
8.800094916965745639e+00
8.739853604646356189e+00
8.973924163372581475e+00
9.134347580778074516e+00
8.666877391005026965e+00
9.125179160298429792e+00
8.562764136095340817e+00
8.846857548569394325e+00
8.559858492412356412e+00
9.070519438987638239e+00
9.042512068540800030e+00
8.758515044436038011e+00
9.162078784691631839e+00
9.126025108814470599e+00
8.919728412412618823e+00
9.275994713699363459e+00
8.808242395583953055e+00
8.932233053593204630e+00
9.101063174891081076e+00
8.968930278504331000e+00
9.164874758606003979e+00
9.014833211389266410e+00
8.983777211715421984e+00
8.589588499050435644e+00
8.575639210185402206e+00
8.811280126378720823e+00
9.054970956613804134e+00
9.368860282892212510e+00
8.974549612882494642e+00
8.637666568192432948e+00
9.521771039059824915e+00
9.014390393301102478e+00
9.137459891878760843e+00
9.141322288779974770e+00
8.987515930811047937e+00
9.139994408565090822e+00
8.978842938725401623e+00
9.351936312539507412e+00
8.904811972723297941e+00
8.922552612903407621e+00
8.881173232552402652e+00
9.424663081499236483e+00
9.246401244668327024e+00
8.802768238062142814e+00
9.137930973698177084e+00
8.667288094673210708e+00
8.950222389790297939e+00
8.954339527169784319e+00
8.920032836722658232e+00
9.116344892804455924e+00
8.955728156506250315e+00
9.423338249124491028e+00
9.355105188043999931e+00
8.994577754935484393e+00
9.433122977528745068e+00
9.227887272527331319e+00
8.936235753980788843e+00
8.804051403684496790e+00
8.945311616505177810e+00
8.730655925493648439e+00
8.673962911598515291e+00
9.038800143988892088e+00
9.083054458762358507e+00
8.936242614947287777e+00
8.976935917566317258e+00
8.817098535675793158e+00
9.177532349961273539e+00
9.602057988387899812e+00
8.855791517722250816e+00
9.068564125202556170e+00
9.192588298523411083e+00
9.061331658516762033e+00
8.995754648649219476e+00
8.912973532560760859e+00
8.918025682229744788e+00
9.101097564583422894e+00
8.655766966870412915e+00
9.297328819170280312e+00
9.257711216475541960e+00
8.586625531335579709e+00
8.771745129327523927e+00
9.109498786557185923e+00
8.802975642664986111e+00
8.777097292541908402e+00
9.152246386883698293e+00
8.990068081996216875e+00
8.944687925333802525e+00
8.927881556750245196e+00
8.696960162617843437e+00
9.189603293140336859e+00
9.229273144196472600e+00
9.255982946755455743e+00
8.973456612885632566e+00
9.284526231274540464e+00
8.454397651708442041e+00
9.117350821345194589e+00
9.060156878006566217e+00
8.752372294332745994e+00
9.206174844697462945e+00
8.942732100488340663e+00
9.010888447354725272e+00
8.934606014920879247e+00
9.162150179366639335e+00
8.906298435329587093e+00
9.217588058132388795e+00
9.029276343130954174e+00
8.691554139724196659e+00
9.038371583517731622e+00
8.913106007782031881e+00
8.967544453253101011e+00
8.509063584959406512e+00
9.226367537617502279e+00
9.003299829016604860e+00
8.954048303764741590e+00
8.894473887207087870e+00
8.548246041711488274e+00
9.097885065235288948e+00
9.103690893057157396e+00
8.869313750483170722e+00
9.488673392165415166e+00
8.233989912890510965e+00
9.051200701707289298e+00
9.508462506813193826e+00
9.186712221704462777e+00
9.024043348276929777e+00
8.758062905985964264e+00
9.173350791112621749e+00
8.734794924887749445e+00
8.965807031885749012e+00
8.970328098286511675e+00
8.855875531295223979e+00
9.124139770829581053e+00
8.963555992618845281e+00
8.918695880288648681e+00
9.122479320860376717e+00
9.334433437205632345e+00
9.136959036417584556e+00
8.992303676639455290e+00
9.134248775728615044e+00
8.714484973731485340e+00
9.178863483755344888e+00
8.672596973783711860e+00
8.659108889840242185e+00
9.143173630503840243e+00
8.851294961696529739e+00
9.296904259718246522e+00
8.888164892311639420e+00
8.956155785246433965e+00
8.945544056653409015e+00
8.710737538166338112e+00
9.193487483780529601e+00
8.700562498453694005e+00
8.855176849409630790e+00
8.974490312157138661e+00
8.825692170338820475e+00
8.709784318621453636e+00
8.832131664208100474e+00
8.980657331590009562e+00
8.780534498327501325e+00
8.889461745478453025e+00
9.076424762392708345e+00
9.158374592223744060e+00
8.808431926165933845e+00
9.111081865998430729e+00
8.922807353825540133e+00
8.484652735632222331e+00
8.645552292967060737e+00
9.252856864356964195e+00
9.165924265055471309e+00
9.096875915026378934e+00
9.014572604423468860e+00
8.655753272230723994e+00
8.723497570598540918e+00
8.976504940461721205e+00
9.160845972987345931e+00
9.110440958586039528e+00
8.854887723304896596e+00
9.132851929451673456e+00
8.960341722019588673e+00
9.171867430032584423e+00
8.939159118016881678e+00
8.675409367018261264e+00
8.720286106986927521e+00
8.825972533873905235e+00
9.172902893148808801e+00
9.363678292072938447e+00
8.292111035101187966e+00
9.277567004763490388e+00
9.036699168821810346e+00
9.263680891400863260e+00
9.205450308519125713e+00
9.032317785785295428e+00
9.191611623140010678e+00
8.669417584913709618e+00
8.990384948723333380e+00
8.836734717235986025e+00
8.775028408005548286e+00
8.927527750096889037e+00
8.856381135125728221e+00
8.879519727530098550e+00
9.335023924645016180e+00
8.965115995052890696e+00
8.652051175558673535e+00
8.969089740547069312e+00
8.809331446042049762e+00
9.165570687625605117e+00
9.083084757301785217e+00
9.066968661655423034e+00
9.313480545995719950e+00
8.923811845499198370e+00
9.188389938178222138e+00
9.127227842109151723e+00
9.204196691317223511e+00
8.714837026429673728e+00
8.838277911583666935e+00
9.006991641704313878e+00
9.074974715501770817e+00
9.530022572294944538e+00
9.020511706376552752e+00
9.195754358310349375e+00
8.663180027902788183e+00
8.992347281493907829e+00
8.782059931329959213e+00
8.919034513161049560e+00
9.162884707795285522e+00
9.354780407556013699e+00
8.861068415080788796e+00
9.029715209529854292e+00
9.085805122354827290e+00
9.128302852541056112e+00
8.791985536298383863e+00
8.669307593832590086e+00
9.073724862491753029e+00
9.138277551626769579e+00
9.244945292021355954e+00
9.322577615108567528e+00
9.097428880042775390e+00
9.464147930410055309e+00
9.142478050213755481e+00
9.015877241925778662e+00
8.592877505301871111e+00
9.263723906855213741e+00
9.069939086326868960e+00
8.878223615842083305e+00
9.393121287780369144e+00
9.033796722915568012e+00
8.803541926187950395e+00
9.244666907594123018e+00
9.441927291835273905e+00
9.060258492983091827e+00
9.264839252413425541e+00
9.485963098349872169e+00
9.056922858776365715e+00
8.744352531906182335e+00
9.123612167539123519e+00
8.982741884629923845e+00
9.081724908537768925e+00
9.340958186383383932e+00
8.684716929744785929e+00
9.151927885073559921e+00
8.832410153806478093e+00
8.872703594288529061e+00
8.582333156439867494e+00
9.651147505237743118e+00
9.188976561855140446e+00
8.811565676025773897e+00
9.080663492850566954e+00
9.286369645656522565e+00
9.196403813818024631e+00
9.107002300346069390e+00
8.944109212099053963e+00
9.188660359710185688e+00
9.140043048511632406e+00
8.812085143584432956e+00
9.064333268618113948e+00
8.841277484498798245e+00
9.405229857791022496e+00
8.884663167864285782e+00
9.025884193519452481e+00
9.512340071119540497e+00
9.585689044762915501e+00
8.565667071072558869e+00
8.932848752565114125e+00
8.997537009768551641e+00
8.641791446997295623e+00
8.799873418875419517e+00
9.376672507472319396e+00
9.393343344376278381e+00
8.863888960311562926e+00
8.685953098573447662e+00
8.775497311774834941e+00
8.930449372125769614e+00
8.725372264207546635e+00
9.444444705703197940e+00
9.536198641095280593e+00
8.939944943080234907e+00
8.710711175349910462e+00
8.958995275754258358e+00
9.241992966842371260e+00
9.248840862848609845e+00
9.063868580979267620e+00
8.853063561138663218e+00
8.992723812326545385e+00
8.974669838042391490e+00
8.842978325846541310e+00
8.911073846058107151e+00
9.069681027319989042e+00
9.169560416735594188e+00
8.875991579140666943e+00
9.176003768452408949e+00
8.831682936168535392e+00
9.019639336273648667e+00
9.343949796373312466e+00
9.057354167078196738e+00
9.288569004642495130e+00
9.195261138528616485e+00
8.904670263850718470e+00
9.127900444674255098e+00
8.982505577084287651e+00
9.034714601729373129e+00
8.805657502461302855e+00
9.081042666714422396e+00
9.171879644938956133e+00
9.512976526448579051e+00
9.205231719061348628e+00
9.419705493236721239e+00
9.212154631621936929e+00
8.641247032600354316e+00
9.117161217208723301e+00
8.973059226000401623e+00
9.244657867069241419e+00
9.234025727525306593e+00
9.197406669209861718e+00
9.146653966026049076e+00
8.492449206084659252e+00
8.656481502031779129e+00
9.077400654245526113e+00
9.217978407140437369e+00
8.886861112566512233e+00
9.157458555057562677e+00
8.710194059825798973e+00
8.846366598702589457e+00
9.019141209619590427e+00
8.214625838196358387e+00
9.117009305609837355e+00
9.056597860724732385e+00
8.774879811599511470e+00
9.246346998815173635e+00
8.677528612115237294e+00
8.895327061003479585e+00
8.755521981911190466e+00
9.011761825851587915e+00
9.314539364402058652e+00
9.077971153456315889e+00
9.069982010406668849e+00
8.838277812056533733e+00
8.978951884450266263e+00
9.298938821132445298e+00
9.025432434384580205e+00
9.278877477732033086e+00
8.702325476583817832e+00
9.107525367506175584e+00
9.253996871526521062e+00
8.697671191330394791e+00
9.058733501657567189e+00
9.192189484588732640e+00
8.765795602353131599e+00
9.405217200313989778e+00
8.846442359472083794e+00
8.934405691589265786e+00
8.913043381370084006e+00
8.726047891130818357e+00
9.292813958696067189e+00
9.093767486317185345e+00
9.393737569010131239e+00
8.957120266926510865e+00
8.786532483274845262e+00
9.601471939782555864e+00
8.554939518049472724e+00
9.328795582886105109e+00
8.974373178206107582e+00
8.794030814009831332e+00
8.637215188924246334e+00
8.743825760206640041e+00
9.296790449340866402e+00
9.177408162074533138e+00
9.356323997155152838e+00
9.296162251191027792e+00
9.285248399118586349e+00
9.445787662241281524e+00
8.919214297707593886e+00
9.156322819563984083e+00
8.807442609011614465e+00
9.083228660778122077e+00
9.210828686265434939e+00
9.473487476191429835e+00
9.138928220067263908e+00
8.900218233350877028e+00
8.919716826262698461e+00
9.029020843471132096e+00
9.028921089879252904e+00
8.791583077870743779e+00
8.724604324909497777e+00
9.159317472515125402e+00
9.353450089287214553e+00
8.974788153529676293e+00
8.838746064752490028e+00
8.871731761713739672e+00
9.001084371625616143e+00
8.828055520422097402e+00
8.864278507301339260e+00
9.256243334231601949e+00
8.920317241013718146e+00
9.332061362170138707e+00
9.236922012771822565e+00
9.466464200715535071e+00
9.119661733737382647e+00
9.341201990232070429e+00
9.053629905525122368e+00
8.814847966728986961e+00
9.294538738610423678e+00
9.252619946421708264e+00
9.033023299916756343e+00
8.796827732973934388e+00
9.088648017728832684e+00
9.531514891398776612e+00
8.681853923604890610e+00
9.402256236063518458e+00
9.374610067839899585e+00
9.179141446325816744e+00
8.705070496266893443e+00
8.555963355301997808e+00
8.941687028405718607e+00
8.853757121110662709e+00
8.594434371802899264e+00
9.132492653823820916e+00
9.223317458237508148e+00
8.731819294502408013e+00
9.072827342656458072e+00
8.947047840632334825e+00
9.255447582471173718e+00
9.049659307277121201e+00
8.508117087328054495e+00
9.190626080394961761e+00
9.067564097470114604e+00
9.035735537826520059e+00
8.702110591604860446e+00
8.840148439099852595e+00
9.524546654924623823e+00
8.977464642699393593e+00
8.749005033470474757e+00
8.600594807235326655e+00
8.643794014672527837e+00
9.391802945710146844e+00
9.177512465109762374e+00
8.893281484812433746e+00
8.629760453612904669e+00
8.741876192740436480e+00
8.970221147405363027e+00
8.511588751408996956e+00
8.751441464433845852e+00
8.729619977596149383e+00
9.183060381140538908e+00
8.723560749823484173e+00
8.960240905293051838e+00
9.186253867686451358e+00
8.965299438885917738e+00
9.212697062972596385e+00
9.116966931511631955e+00
8.851484004387764060e+00
9.150709818535981199e+00
8.981235301993500286e+00
8.600031074900636341e+00
9.133299284125428130e+00
9.145360758304841298e+00
9.220772473656658974e+00
8.963406411002532437e+00
8.758119603364495021e+00
9.189370036132480379e+00
8.954043226588851212e+00
9.276101137902411864e+00
9.242535913219519728e+00
8.893647055488926867e+00
9.100573081993800884e+00
9.303021082059297342e+00
9.118498206808972384e+00
8.894208955977111586e+00
8.971115835880739908e+00
8.988475318435693140e+00
9.211211767229768199e+00
9.175165775425748294e+00
8.625517746183847478e+00
8.944353460753466933e+00
8.945344378729402024e+00
9.220628442509189782e+00
8.973324185719166124e+00
8.752624609468776740e+00
8.995836382795257435e+00
8.662579089113490838e+00
9.154714593526753319e+00
8.766260491900391472e+00
8.980119325583240553e+00
9.040981742358635387e+00
8.724444849045930539e+00
9.364366099333203408e+00
8.649657186564109423e+00
8.618813042816318770e+00
9.208749590001804819e+00
9.085646079128498087e+00
9.326436723132422557e+00
8.809044591020521509e+00
9.308195236136274531e+00
8.709378788082878131e+00
9.283035324290976220e+00
9.256520003479955960e+00
9.001690162255993499e+00
9.114143389892790381e+00
9.049028099937036274e+00
8.910501127486071482e+00
9.141009230304376842e+00
8.946268738548605270e+00
8.812059531481057917e+00
8.761103844696194187e+00
9.023500380490244055e+00
9.035732120919675481e+00
9.012117356222097087e+00
9.446169028433585524e+00
8.686080394519040127e+00
9.119266121310730000e+00
8.957182498912430901e+00
9.167927386359840725e+00
8.975133855403166550e+00
8.974019034531018235e+00
9.078212334412651074e+00
9.511824772864869715e+00
8.676753588480881518e+00
8.816507290115765727e+00
8.787762895253512951e+00
8.881349648657163698e+00
8.802516398040211243e+00
8.892576549142887643e+00
9.216393930731264561e+00
8.854789530004916642e+00
9.138091094171453932e+00
9.098465036908605086e+00
8.702507491574168697e+00
9.277522384503072317e+00
8.956544822050300780e+00
8.951723517420209220e+00
9.175019251966862299e+00
8.591449007175368635e+00
9.149193247364802772e+00
9.093517312862646307e+00
9.579271376245159786e+00
8.809661778059057369e+00
8.724949042424933410e+00
9.375775172850516981e+00
9.001187386004255941e+00
8.716898497042885552e+00
8.979811115765844676e+00
9.054947895706748184e+00
8.985982222628315697e+00
8.869926064949488875e+00
9.257390118280143909e+00
9.034165274601594575e+00
9.414455392423770164e+00
8.698814046472509887e+00
9.087375480208715217e+00
9.277716965790339998e+00
9.107432460145538755e+00
9.042999133420396518e+00
9.169357999622178568e+00
9.260343332756169943e+00
9.392564826535419797e+00
8.837436781618798420e+00
9.265096677756236687e+00
8.664994641529306207e+00
8.611035079502910250e+00
8.638290740871182649e+00
9.601509570813499650e+00
8.969512298536484352e+00
9.519687010244503256e+00
9.130414228909147667e+00
8.882927454497766107e+00
9.203477869720927629e+00
8.894327320055692709e+00
9.276270759577553093e+00
9.424771762070301762e+00
9.151997940980260537e+00
9.703150911179218241e+00
9.473658696170534910e+00
8.977205637605797151e+00
9.646574357481940254e+00
8.728051867446064094e+00
9.006987689544876829e+00
8.984571720464934685e+00
8.935905291657125105e+00
8.972530731883411548e+00
9.506125949659240959e+00
8.578111866095056826e+00
1.016013267734463454e+01
8.643044207469083418e+00
9.116402137455887456e+00
9.394524466935616047e+00
8.923634181628877116e+00
9.571912870117719407e+00
9.186375301989265552e+00
8.611216927402061572e+00
9.256971204660796815e+00
8.851781274431694158e+00
9.556093752963548127e+00
9.109638797646823605e+00
9.265752156428840536e+00
8.815211834315269002e+00
9.358721531828983586e+00
8.556075071624185568e+00
8.974162575060161018e+00
8.785575611958995168e+00
9.706335005642690916e+00
9.293570300297901099e+00
9.085910550294679311e+00
8.983687884931033096e+00
9.121218213847754441e+00
9.207840960722757373e+00
9.245151229103271362e+00
9.139217803025957210e+00
9.322357078819157650e+00
8.896740122984763133e+00
8.946671898887929686e+00
8.933625697641389252e+00
9.486109702984132142e+00
9.006676118213261972e+00
8.975715121929807694e+00
9.473041430783135652e+00
9.107319915442737113e+00
8.718855535928794254e+00
9.031541437200511169e+00
9.231332608788699545e+00
8.814185045812902075e+00
8.875301505877677855e+00
9.444076025617938797e+00
8.920141649757706404e+00
9.273793616777565418e+00
9.179996015490894834e+00
9.347261644199548414e+00
8.972499323656665027e+00
9.158410824663526739e+00
9.194313000827024851e+00
8.971867152957768710e+00
8.732268485585596096e+00
8.828833273479622434e+00
9.030761442049952237e+00
8.703106539346579851e+00
9.304082776209821048e+00
8.955091141407518052e+00
8.641433655082831677e+00
8.902103075012078648e+00
8.873415481690065221e+00
8.966241166693434295e+00
8.826427620216000136e+00
9.115754758953984904e+00
9.194896455302471239e+00
9.348893431455028491e+00
8.677516303567211153e+00
8.419652171656823114e+00
9.110544783767593913e+00
9.169067829629060640e+00
8.810925053217900427e+00
8.724105297661948200e+00
8.876707314573469176e+00
8.809138221807955915e+00
8.838149825729971099e+00
8.728455774999638095e+00
8.947922260981352238e+00
8.711680393240687437e+00
8.515717504759299672e+00
9.183194543655229580e+00
8.798106629114530008e+00
9.486810798796154742e+00
8.937532978673429440e+00
8.921627713272270555e+00
8.483778334061769399e+00
9.025655205424001792e+00
8.452881841451874934e+00
9.245192989896215963e+00
8.460934827136490810e+00
8.614857584860548201e+00
9.122654278249360260e+00
9.028860754921611331e+00
8.824183673574204079e+00
8.563369119993625489e+00
8.529704688003469926e+00
8.319030306661701957e+00
9.914076155846357707e+00
8.999557416911237340e+00
9.665081470667015395e+00
9.353160420093438177e+00
9.499075275639000893e+00
9.728833366989015019e+00
9.175663892420852008e+00
9.188706139560826713e+00
8.965497260079370534e+00
8.514803844260237398e+00
9.411321390234618889e+00
9.613346876616576608e+00
9.018219011472499602e+00
9.306639451357966664e+00
9.032348190897028672e+00
9.341841871166458589e+00
8.716973940912760455e+00
8.752232115444540383e+00
9.035985427254097146e+00
8.402323815937442930e+00
8.479403942204520206e+00
8.430289088677701770e+00
9.283360305500487186e+00
8.991924132410886727e+00
9.060603050822059856e+00
9.232196168399672942e+00
9.241562098043136331e+00
9.064352153845934623e+00
8.537226775205446927e+00
9.126097963665468882e+00
9.070111524184099494e+00
9.177614281964235232e+00
9.025491103785213909e+00
9.084117274579003976e+00
8.956539449266301745e+00
9.074244352908991118e+00
9.255343109308661553e+00
8.898064290592705206e+00
9.288906476464131146e+00
8.980329070288398441e+00
8.821980688353788125e+00
8.838670919370320789e+00
8.504690077620434607e+00
8.861316140038267619e+00
9.163339330705296604e+00
9.159887110774112884e+00
9.657154067803057629e+00
9.264654126271294032e+00
9.280930976651120545e+00
9.014746092688918466e+00
9.201789227372168867e+00
8.859923052495771501e+00
8.838688096916076375e+00
9.229644871519482763e+00
9.066174481672096164e+00
9.289099609119865875e+00
9.147262790302091773e+00
9.186421290166093101e+00
9.171302039381023619e+00
9.194452525275719879e+00
8.765890704917840281e+00
8.819169761408593544e+00
8.519064168223811961e+00
8.784506428077126117e+00
8.776801624381953104e+00
8.929738344839300623e+00
8.780940738002691148e+00
8.899732003671477543e+00
8.844980905782280800e+00
9.298398531939124467e+00
9.440491571206976573e+00
9.444840318735584717e+00
8.824364742222808644e+00
9.227128681364890284e+00
9.392677127150633964e+00
8.988450989808312031e+00
8.534977528233101296e+00
9.216803028488149252e+00
8.187682900596424673e+00
8.647884817137539315e+00
9.045929067166618154e+00
9.370618522154243735e+00
9.031724529540726465e+00
8.823501462029712528e+00
9.258137702508351552e+00
9.030929354549062538e+00
8.681689208308231542e+00
8.688294289673251569e+00
8.771263376148233704e+00
8.883241247654197537e+00
9.043199014019988269e+00
9.146117302080170930e+00
8.895511972807044643e+00
9.078584273854374942e+00
9.302550978636245915e+00
8.799308365820129652e+00
9.023649668537427004e+00
9.277331712977199274e+00
8.769470519251941099e+00
9.120138316223975750e+00
9.065164299777714874e+00
8.826579999854780922e+00
8.896871812541446545e+00
9.072916872167661850e+00
8.774016045217882365e+00
9.173304994163970605e+00
9.216657452337244649e+00
9.736979129628160479e+00
9.597938749794856506e+00
8.918828462811450919e+00
9.041450903004436768e+00
8.793869032101163441e+00
8.584524119643910822e+00
9.216492351446476050e+00
8.981833420965845249e+00
8.790775541344251209e+00
9.381517588350963166e+00
8.979465453087454918e+00
9.312832201442370561e+00
9.010826284256406637e+00
8.839259800851875681e+00
9.219055977004670055e+00
8.579639948698751795e+00
9.152665748499286380e+00
9.453794928928211050e+00
8.632832762509970337e+00
9.546104022416205481e+00
8.937433141443770879e+00
9.153911584556368553e+00
9.196066798438875978e+00
9.347936373558269452e+00
8.662702978797724995e+00
9.008979291015981161e+00
8.495615271080643183e+00
9.114751196344410999e+00
8.965291279744686648e+00
8.883497713038043031e+00
9.050847680623405722e+00
8.971428434394319140e+00
8.693641657133460043e+00
8.958066160831203106e+00
9.218592515775014817e+00
8.930184851418326630e+00
9.449699121259536483e+00
8.977350564442065917e+00
9.025441992009580972e+00
8.800065457015932679e+00
9.225876873285560720e+00
9.020084288607801426e+00
8.933654437114803670e+00
8.887342864548646304e+00
8.819600540040049452e+00
8.856498734555810159e+00
8.768634444613446988e+00
8.857311508311425996e+00
9.007922555492541505e+00
8.617497071025015387e+00
9.022863516111225834e+00
8.968610748574972646e+00
9.517473040888578595e+00
9.173595440624207953e+00
9.113986084003775190e+00
9.438784009903255168e+00
9.215057582188951102e+00
9.547498228547821597e+00
8.796723312022237451e+00
8.923858974251151821e+00
8.657656711459503995e+00
8.806535477055506433e+00
9.272467490040302351e+00
9.497238203911223309e+00
9.256832932924924151e+00
8.902401232649463481e+00
8.832930055814086856e+00
8.848199938169768686e+00
9.290002983045525298e+00
8.581823627045302771e+00
9.541426525801803393e+00
9.406566817147069770e+00
8.737300991775432735e+00
8.837280397328823867e+00
8.713322847351440359e+00
8.858024533688482194e+00
9.384510389616618653e+00
9.382210454621032980e+00
9.506022424447827746e+00
8.829601979138372414e+00
9.108122574542328209e+00
8.831228557335823126e+00
8.504847190596809270e+00
8.882551664148499171e+00
9.232690857440484677e+00
9.428833503560881013e+00
9.052138605107179714e+00
9.376120021016914663e+00
8.942645544952139147e+00
9.135202694332239304e+00
8.744249419376144417e+00
8.406775052934349901e+00
9.286558025988135512e+00
8.909595900918846567e+00
9.088960288192215131e+00
9.164621537308727639e+00
9.149608039163670270e+00
8.785062996933364232e+00
9.283060687278192447e+00
9.197466395493982816e+00
8.761645753868673836e+00
9.026492189097634622e+00
9.134427963068272760e+00
9.113304432746812012e+00
8.987424563995400462e+00
9.324276087505717570e+00
8.941374882541817115e+00
8.708077142529123904e+00
9.150974421484422194e+00
9.092742296822875048e+00
8.872593413365226667e+00
8.638177149088186013e+00
8.733235807488584967e+00
8.737994092505656951e+00
9.328088716695877025e+00
9.032413613915412753e+00
8.887087312375605563e+00
9.370084532375956954e+00
9.019729088433125597e+00
9.007217640165201544e+00
8.751053763872032931e+00
8.991847777510816542e+00
9.132008255992447587e+00
8.828324886276293526e+00
8.845861131461703053e+00
9.108440542438119181e+00
9.251047972509120143e+00
9.152828920156490966e+00
9.145652278857873796e+00
8.828851566251872285e+00
8.697752372818351674e+00
8.915817978257020826e+00
8.642213191162090524e+00
9.411632300817823094e+00
9.246531574996147640e+00
9.549815557721881731e+00
8.608028728741492941e+00
9.304918300968793687e+00
8.965355124445599344e+00
8.643743105725645748e+00
9.088265049270860985e+00
8.733543003127520521e+00
8.934644579942458975e+00
9.064414522622024961e+00
9.158284943784900989e+00
8.994317599289823661e+00
8.826226967443236759e+00
8.694022181828243490e+00
9.282806815133961109e+00
9.062524809388868618e+00
9.240937903040526535e+00
9.028401326165065299e+00
9.595140990507674772e+00
8.819208321711268894e+00
9.245970066497578799e+00
9.402925383244184587e+00
8.858308923241839494e+00
8.782651956669486282e+00
8.970005848864245124e+00
9.197781387095387728e+00
9.215104980759157627e+00
9.006337492600513528e+00
9.046252304077619044e+00
8.842049168801219494e+00
9.152880945660575307e+00
8.520373205203748412e+00
8.983094917526583956e+00
9.364442533698776217e+00
9.283907839179251553e+00
9.246938572243280419e+00
8.801448277841029011e+00
8.906511823462158972e+00
9.015966321620057400e+00
9.043020430088434480e+00
9.187319811803556391e+00
9.245435374832903008e+00
9.039577846821782003e+00
8.894696861531905085e+00
9.137476491083276642e+00
9.176769846739118108e+00
9.291120343952723459e+00
9.040689946382189035e+00
8.961215309031771881e+00
8.834434459664198158e+00
8.737400183880087212e+00
8.988144295857601662e+00
8.957401525985877910e+00
9.160118463009849776e+00
9.055780801182095274e+00
9.508729366045399090e+00
8.993168703669104147e+00
9.132094540043166120e+00
8.762159417518834204e+00
9.266443962769374210e+00
8.824965468480201025e+00
9.163913848742694768e+00
8.944060799780340076e+00
9.422207499888171967e+00
9.111230827645821151e+00
8.942321573622969311e+00
8.969378892185488894e+00
8.949011235229294314e+00
8.945168072785119051e+00
8.821191354711016785e+00
8.865364493213464314e+00
8.638152625103398208e+00
9.240350927728858466e+00
9.241596850491308857e+00
8.849656130097034890e+00
8.814242488482150861e+00
8.722238242248147699e+00
9.130368700333390208e+00
9.074587337134989440e+00
9.251757115257564834e+00
9.330846633219303854e+00
9.064796523764169223e+00
9.123916521607007724e+00
8.597756484358859197e+00
8.764858772632704742e+00
9.403484832515434988e+00
8.967153054564494852e+00
9.279982175918712883e+00
9.102784889637302257e+00
9.278372857572515287e+00
9.231688950290941165e+00
9.519297301744309436e+00
9.042467851524394362e+00
8.715770839735656139e+00
8.574414995347954260e+00
8.857145075625131980e+00
9.005998998086221619e+00
8.832791759825029843e+00
9.060323178091872265e+00
8.859433342597979433e+00
8.955879012750179058e+00
8.603342381238670455e+00
9.122802791207263340e+00
8.641882694092332784e+00
9.217616128550400134e+00
9.236113229881141251e+00
8.990087806974763396e+00
8.864760849414162536e+00
8.983421034051575660e+00
9.320629451269702770e+00
9.135463142563867933e+00
9.143395792973057823e+00
8.916736794136735256e+00
8.964823976854251697e+00
8.740491798574677063e+00
9.433895561943982599e+00
8.699225039314690378e+00
9.003807426320312501e+00
8.841521942500529363e+00
9.086148762974181281e+00
9.244463187466140042e+00
9.071048244595287358e+00
8.809374926403279460e+00
9.408270602675125716e+00
9.381751967896303057e+00
9.272380842401755530e+00
8.748861161634982508e+00
9.286268011038201209e+00
8.831835549775060912e+00
8.591906049356762054e+00
8.779704672601067017e+00
8.859513334950198882e+00
8.554001207066439960e+00
8.966281117241670984e+00
9.029627273119881892e+00
9.025822247294728484e+00
9.144876053435210039e+00
8.809581059195359387e+00
8.449956475970088476e+00
9.202899020917037376e+00
9.128222095901659117e+00
9.273840443322997729e+00
9.267069607547512078e+00
9.243171180704234047e+00
8.985996759856824667e+00
9.077422237115234438e+00
8.824217247750340221e+00
9.035639676326100656e+00
9.099254159085203852e+00
9.137719268647709114e+00
8.725067136924362643e+00
8.909129732001119351e+00
9.172730962487120721e+00
8.869375565467661815e+00
9.150290661966284489e+00
8.948952635390153176e+00
9.192306919917843544e+00
9.065259771121947807e+00
8.658399741929889259e+00
9.296744200606889663e+00
9.044244069825976950e+00
9.089930422803792709e+00
8.850518662981002649e+00
8.618657839667683618e+00
8.886336704445948698e+00
8.689082270158230870e+00
8.807082465933474325e+00
8.895233726523137818e+00
9.177899419459025765e+00
9.074461139346340133e+00
8.663823593023980862e+00
9.368257108527872745e+00
8.846207802120369834e+00
8.557468121900177138e+00
9.087381235950486413e+00
8.896536543450004331e+00
8.701496321996245342e+00
8.955641499145748696e+00
9.106264328797669450e+00
9.143063227022249606e+00
8.554430819300378630e+00
9.259738780744664055e+00
9.024357035702214702e+00
9.114253051828933749e+00
9.675902036609322465e+00
8.658999315887568216e+00
9.101849127955162544e+00
9.018343279054574779e+00
9.232277875839621117e+00
8.733169031239677693e+00
8.919036022242799788e+00
9.072818976412975189e+00
8.921566406233111479e+00
9.157898861089785569e+00
8.616643288918904631e+00
9.001988011860680317e+00
9.104310930571633875e+00
8.685144759820829563e+00
8.746697513856894091e+00
9.305998364318785576e+00
8.684652276263570059e+00
9.006694257061191422e+00
9.354788171248017647e+00
9.417852265058922256e+00
8.909817208156313839e+00
9.451277329902049829e+00
9.017025305054845674e+00
8.744051911853418346e+00
9.030077182110996858e+00
9.162951033166283565e+00
9.073996781026435698e+00
9.028020937073552687e+00
8.871867370783117934e+00
9.040490975583047373e+00
8.893270795872437517e+00
8.938295366775399486e+00
9.319760914074240787e+00
8.947126405195611198e+00
8.880742053352463472e+00
8.938262771641893423e+00
8.864033047619692240e+00
8.998668563963740041e+00
8.878108263243664311e+00
9.199111897956163020e+00
8.907602572091791515e+00
9.268055297346043275e+00
9.035841667342010552e+00
9.102709823597830763e+00
9.108421660535013231e+00
8.705608767937922821e+00
8.570322552103284863e+00
8.922842788264720326e+00
8.979562829170943061e+00
9.019756011454010292e+00
8.903190368338936622e+00
9.153853197791569585e+00
9.329967442597963512e+00
8.932851426303436426e+00
9.236334650065630925e+00
8.839890943037516990e+00
8.915131485506133657e+00
8.963765221877137535e+00
8.648144580283494420e+00
9.211013645644946735e+00
9.279824262339104735e+00
9.044278789148680886e+00
8.800642512770497916e+00
8.755100526114123483e+00
9.032074950298573768e+00
8.846937082371447048e+00
9.090170743976331735e+00
8.876637051720093652e+00
9.220847523919200484e+00
9.098877696802295745e+00
9.436781062272439513e+00
9.020807150182690748e+00
9.012215899931183216e+00
9.084735225198112829e+00
9.177190601642731593e+00
8.956926811145754286e+00
8.937087745858136145e+00
8.666366719549440489e+00
8.947911611503332807e+00
8.955872405595330932e+00
9.019844963713413932e+00
8.942059492435744161e+00
8.830515563566530446e+00
9.128604128445697796e+00
9.059205848943195249e+00
9.227818181128530028e+00
8.900227673096654968e+00
9.078531194523915104e+00
9.341908391137046408e+00
9.206129660912454327e+00
8.865379490991468714e+00
8.921191618738191664e+00
9.025675740136456682e+00
9.068812479809635008e+00
8.946289552644783427e+00
8.707667881157501455e+00
9.183580903339572998e+00
9.252828945569163466e+00
9.492598671370242158e+00
8.907155723144409620e+00
8.904342356622224841e+00
8.865639320038040339e+00
9.026290355850449032e+00
9.046876533632792317e+00
8.853266116987798640e+00
9.190926943981896358e+00
8.908490499057679202e+00
8.714474739000973358e+00
8.819096502600997312e+00
8.751286356263348054e+00
9.127503483320566602e+00
9.129116563867428980e+00
8.871600819452678977e+00
9.123017546286005697e+00
8.922006678217954345e+00
9.355948523597593436e+00
8.873369521306528895e+00
8.801354599242221965e+00
8.967459932083448493e+00
9.060198841509487622e+00
9.339017359723696288e+00
9.277929095040192919e+00
8.938194362923420400e+00
9.025869581528557006e+00
8.895585717712709339e+00
9.235103449944688236e+00
9.324872976809739811e+00
8.789538217748260607e+00
9.002776024269085298e+00
9.353970147989764783e+00
8.939022408407012676e+00
8.755798829393476979e+00
9.096244106680282826e+00
8.992772526383102871e+00
8.706910583290028427e+00
8.853677752904024700e+00
9.017506358338916783e+00
9.077604245568384300e+00
8.956413928288334603e+00
8.827054941793036846e+00
8.927549525170871192e+00
9.063287319234442307e+00
9.044571077858208241e+00
8.738545518507697452e+00
9.309679962430557509e+00
8.293099122232659326e+00
9.296539570600296898e+00
8.903350226168861070e+00
9.785514510833454693e+00
9.034522747122061048e+00
9.426408445104673461e+00
9.618439658715663754e+00
9.541258190291578956e+00
9.337645691357913336e+00
8.986335646319808745e+00
9.220229794879358565e+00
9.341060630162846934e+00
9.324224873343208486e+00
8.830901763243565128e+00
9.351718407340499084e+00
9.652610990230195753e+00
9.328579856483404598e+00
9.258046135262917531e+00
9.042708505406013231e+00
9.160849105787399083e+00
8.611413001525070499e+00
9.088901113295625223e+00
9.111213926131375374e+00
8.719901857908762821e+00
8.749093318001262887e+00
8.778903239785350365e+00
9.217398021597672297e+00
9.239160562390020814e+00
8.944638322412336251e+00
9.169520459081509145e+00
8.778269474269425388e+00
9.002727476191280331e+00
8.700118067635960628e+00
9.224785123618227445e+00
9.219075322071416778e+00
8.832485600336317688e+00
8.615451769794697512e+00
9.156820328075012227e+00
9.076747058949772295e+00
8.744429901110784442e+00
9.044454509805285980e+00
8.734279771089836331e+00
9.078116351746844614e+00
8.933577919277281509e+00
8.980875829739682459e+00
9.331958621980369628e+00
9.144382220426255259e+00
9.007352172271167134e+00
9.092667316681961154e+00
8.654590661990031464e+00
9.124660594600376484e+00
9.096789764598753436e+00
9.228982928865434587e+00
9.020133176044550893e+00
8.902924953821978349e+00
8.852309285153406648e+00
9.312731469968397846e+00
8.605539850423555848e+00
8.964263881250783328e+00
9.022357811077775125e+00
8.764780080418377750e+00
8.868207498205316952e+00
9.012454537619754902e+00
8.741830222445404530e+00
9.230617510602224129e+00
8.979440071754241970e+00
9.349702540950390883e+00
8.765505318699021942e+00
9.018417759307700621e+00
9.203347695003790463e+00
9.456339393920524472e+00
9.385322512064970368e+00
9.282676361867732595e+00
9.189030585176537258e+00
9.240853093317012323e+00
9.015640488557620458e+00
8.879279854075814882e+00
8.778285333230465781e+00
8.824705124165799219e+00
8.830928436957046657e+00
9.334063019207230028e+00
9.241182974212458490e+00
8.871781621812743879e+00
8.780813666145231622e+00
8.934831070366053396e+00
8.640414703884427894e+00
9.004364923103171492e+00
9.298014265243542908e+00
9.211561639804264345e+00
9.183585415332009561e+00
9.129725941115315990e+00
8.770780134120821359e+00
9.014392292554481045e+00
8.794060841209496715e+00
9.260263123193450241e+00
9.128539270473215339e+00
9.151866842556882986e+00
8.880825622596258739e+00
9.086862630603418367e+00
8.984381736815398867e+00
8.694764327004950388e+00
8.711770961090476106e+00
8.501056010974211929e+00
8.899977945104467381e+00
9.093992805258981349e+00
9.079869868345292971e+00
9.024268958371722604e+00
9.080634348509262210e+00
9.164951900259675099e+00
8.684773158803009707e+00
9.264705130921711884e+00
9.007293711972574002e+00
8.988966732049908259e+00
9.106602552373196602e+00
9.272189453159777273e+00
9.134631084882240515e+00
9.576197210687608319e+00
8.979288285121612034e+00
8.984511300422658664e+00
8.964991379749269740e+00
9.209584463564727486e+00
9.110852486957194074e+00
9.444396691030853219e+00
8.745454744950869497e+00
9.339563992864228226e+00
9.417878116701254854e+00
9.010707191451324150e+00
9.065729334349544644e+00
8.722515268416367817e+00
8.852548854784101806e+00
9.111125856023129188e+00
8.805275371097629034e+00
9.004573896937660749e+00
8.937498293239499958e+00
9.217801083880292623e+00
9.340183994517699873e+00
8.616496355136680663e+00
9.154605588045180653e+00
9.311480812998754075e+00
8.903549747839690554e+00
8.886718112848040363e+00
9.213157212506512650e+00
8.785200867008404302e+00
8.919040085632547132e+00
9.057081585258609735e+00
8.590516534117318415e+00
9.221332141184358733e+00
9.230628903278413233e+00
9.213796226984914739e+00
9.338487382542441040e+00
8.657070517876947591e+00
8.591436330240597385e+00
8.609844937693111433e+00
8.998491137223092906e+00
8.939353423151510825e+00
9.356306230425293080e+00
8.747559132757833922e+00
9.572060355866428338e+00
9.021830816819258914e+00
9.551988858916157454e+00
9.284390224367136568e+00
9.440664189750103574e+00
8.653574528954791845e+00
8.818449569289725787e+00
8.605715999035281172e+00
9.144840366713935964e+00
9.143128403416705297e+00
9.166321094374472622e+00
8.571098724785132461e+00
9.557901526019303873e+00
9.085247525029984672e+00
9.340668087638402284e+00
8.986777044142849391e+00
8.906462818904810064e+00
8.940636393413283756e+00
9.106292542440087345e+00
9.129824434710053893e+00
9.427135968052818171e+00
8.735488303381844233e+00
8.946622241774207396e+00
8.507783400511312877e+00
8.902693314039588302e+00
8.971905653461414332e+00
8.651416229859423268e+00
9.029262278139418285e+00
9.218380351965423714e+00
9.098592738698275895e+00
9.290888306267589769e+00
9.027968205263125157e+00
9.043424616907618230e+00
8.934921633685531717e+00
9.287678579455079131e+00
9.028855996474602463e+00
9.198513499517536829e+00
8.948793304813230876e+00
8.756815888598074693e+00
9.051922791177553052e+00
8.997500652791973863e+00
9.205910590410626426e+00
9.138990032676233000e+00
8.807955349968247916e+00
9.058855996883872663e+00
8.714149009049085848e+00
8.707125994794056467e+00
8.823158458280596861e+00
9.395592945176288069e+00
8.757745008462638481e+00
9.452646823383853203e+00
8.783053556707022480e+00
8.787759095625435890e+00
9.188802445197312707e+00
9.283778626810521573e+00
9.173560207823676649e+00
8.940353101378624601e+00
8.795393263761052793e+00
8.948736832515500339e+00
9.007003407761260405e+00
9.156212664017910896e+00
8.801962879586453070e+00
8.918950099944552790e+00
8.689719845681095123e+00
8.818622824181245434e+00
8.668561118439056301e+00
9.462765684086958728e+00
8.647064715982557104e+00
9.060738543985435101e+00
8.869301441677491127e+00
9.057975764339184721e+00
9.337909767929057026e+00
9.006333475886391327e+00
8.978519221322063260e+00
8.850448149269444897e+00
8.807494472863515611e+00
9.034854269291914264e+00
9.240009641764510562e+00
8.906628351218587980e+00
8.988844732690990824e+00
9.092071486783623868e+00
8.813609213738482495e+00
8.957981592708305740e+00
8.883892915203906782e+00
8.715898573136401595e+00
9.051156942013632190e+00
8.947510204348960272e+00
9.430657765313684493e+00
8.788304346143787527e+00
9.175739702306804801e+00
9.333775199640047759e+00
8.682988799682091141e+00
8.759381894703315297e+00
9.039993888119200349e+00
8.803826864211925951e+00
8.591467227971122611e+00
9.397646634345074190e+00
9.010511525324888638e+00
8.815187096906221598e+00
9.200942165131438699e+00
8.780531782651262773e+00
8.683237611877991924e+00
8.881451668598158378e+00
8.992223278986173796e+00
8.914542660638423044e+00
9.065870802954350438e+00
9.482399673954249764e+00
8.914532780027522918e+00
8.837872355507904842e+00
9.172229150451110868e+00
8.714391399789551684e+00
8.703600456265508711e+00
8.521675824065653160e+00
8.647918554466411223e+00
9.032749822216848301e+00
9.605058884848757472e+00
9.138767136443986416e+00
8.997711143366338149e+00
8.871034287066285273e+00
8.965895034240787709e+00
8.975730517291232502e+00
8.973086071269340991e+00
9.467283284138725108e+00
9.153731270003724774e+00
9.035924395692260802e+00
9.021558984778868862e+00
9.184491528787020798e+00
9.245841338533804077e+00
8.839862583549114916e+00
8.550977156142041125e+00
8.882978632627867910e+00
9.019770246756955601e+00
9.051300529986992416e+00
9.239555470167465145e+00
8.883080881618953484e+00
9.170191875791791958e+00
9.188763413622988097e+00
8.584054392057707261e+00
9.257140546023869376e+00
8.932983813119719230e+00
8.895138840681608983e+00
9.345470471667276513e+00
8.997272353605653805e+00
9.042648998252234449e+00
9.545752258316008820e+00
8.850958776694406893e+00
8.801909021368670594e+00
9.055185741384381259e+00
8.754128129412700687e+00
9.073915415800961171e+00
9.491106359793151981e+00
9.076295364710695424e+00
8.932705147689416592e+00
8.754995488682936866e+00
8.783656381528631485e+00
9.244642060544665085e+00
9.254429981799271232e+00
9.261032158317464180e+00
8.874486825478770768e+00
9.208498985563497996e+00
8.992078028579037152e+00
9.118190939353466362e+00
9.119258601693973176e+00
8.515752659984892503e+00
8.799326370955601107e+00
8.852255361611831574e+00
8.920101814350180902e+00
9.113881279788630607e+00
9.041305532118657950e+00
9.284560634779957411e+00
8.850403870647348015e+00
9.138294704253015155e+00
9.029634920424948419e+00
9.054204587297148166e+00
8.808178435823714736e+00
9.090626505270773094e+00
9.253640543600267776e+00
9.118884960958453689e+00
9.380894803698669904e+00
9.146555912411580280e+00
8.779180799861132201e+00
8.907872602651591976e+00
9.073532754948566037e+00
8.833811709527381595e+00
9.177601371539838127e+00
8.974984636389541137e+00
8.624774475635350157e+00
8.948893576995649468e+00
9.173580179872226736e+00
9.152433970607418701e+00
9.094830761351062165e+00
9.143942468696218739e+00
8.672890000274252387e+00
9.247244026899256397e+00
8.944289373200653870e+00
8.817476653425920574e+00
9.172706902002330409e+00
9.129950667981995949e+00
8.892642891939432914e+00
9.286775979358180777e+00
8.926794085582582028e+00
8.901904492364533183e+00
9.344941981919932417e+00
8.978676168907810506e+00
8.668254087619423842e+00
8.866183124593780107e+00
8.954889054648399238e+00
8.706825122689750174e+00
9.448659691075373956e+00
9.172350677747402869e+00
8.798547914290084648e+00
8.613551420556156302e+00
9.126444608582472640e+00
8.721234646156064585e+00
8.999548942730843493e+00
8.833988207907008672e+00
9.014041036878444046e+00
9.330457995927721626e+00
8.885021627956080081e+00
8.863200394259621362e+00
8.936500692677642022e+00
8.942796092412104159e+00
9.037129994416501333e+00
9.068351914819407611e+00
8.765262697249236012e+00
9.027693716679571878e+00
9.166057653288687490e+00
9.882779365615608214e+00
8.948025056263016808e+00
9.194437465742838711e+00
8.634423010895126538e+00
8.989767001119737699e+00
9.077018485966533490e+00
9.109875332559157712e+00
8.888366411176038540e+00
9.110631924579903895e+00
9.572439707978265488e+00
9.246698435172939767e+00
9.221079337964159350e+00
9.270883640924290958e+00
9.084814383637560553e+00
9.343686562787601346e+00
9.152735947043717957e+00
8.786732623889449201e+00
9.081108933741781186e+00
9.041215779106368089e+00
9.526625740547792986e+00
8.550612135114347367e+00
9.209139743552777091e+00
9.200708440049826464e+00
9.245279358335023900e+00
8.612647469165098713e+00
9.170620988765461945e+00
8.819328922846125351e+00
8.782309626405407244e+00
8.627692691813624748e+00
8.487646915541969150e+00
8.994707232723735402e+00
8.785199297660060580e+00
8.786635406338195509e+00
9.031657160297298148e+00
9.386915910688625075e+00
9.194851406790425230e+00
9.497348738599777462e+00
9.035134571196454800e+00
9.276487239926039408e+00
9.298700149867176634e+00
9.127518343599751560e+00
9.024490225826987455e+00
9.078684691188186662e+00
9.171889151146658037e+00
8.954413176728468926e+00
9.023810243578045842e+00
9.097273920542871650e+00
8.716427964415629503e+00
8.796666237217307227e+00
8.932117544263055819e+00
9.161891297010427593e+00
8.611014272715106443e+00
9.074379396935725595e+00
9.302994811961653454e+00
9.186864553626834962e+00
9.016085346249505861e+00
8.906932374713070644e+00
8.940446158887139561e+00
8.864180827128665285e+00
9.185368958238610659e+00
8.943566814869155834e+00
9.049062605921562863e+00
9.096403875471294143e+00
8.895055556752978987e+00
8.665211364036387920e+00
9.056255079253162421e+00
9.155187612087813065e+00
8.720198076690062194e+00
9.415733848288049046e+00
8.988759783650548840e+00
8.956107438317600256e+00
8.768723565090580152e+00
9.038735760336651381e+00
9.205324974941554217e+00
9.138536410503455443e+00
9.474538847706506672e+00
9.038664422158678491e+00
8.964544216535243137e+00
9.130894265815094002e+00
9.071854633343983565e+00
8.919925276866724317e+00
9.549454138869513997e+00
8.982429655237892163e+00
8.946692959105876142e+00
9.049234311283226972e+00
8.981895646752525053e+00
9.130056760562876406e+00
9.148599435495741616e+00
9.159715058319903846e+00
8.892323893000124713e+00
8.898797602894104486e+00
9.118014346270703285e+00
8.424908845318459072e+00
9.179072086153354348e+00
8.834846634435123747e+00
8.547591267398813031e+00
9.003058211685761592e+00
8.853846703580888544e+00
9.013796153470680750e+00
8.887445890481092903e+00
9.015614029242918548e+00
9.000210876547281913e+00
8.930810999717234466e+00
9.354199716154527167e+00
8.901735688037220484e+00
9.227944012179916555e+00
9.020264873772278591e+00
9.634310904698901723e+00
8.598773495787582988e+00
8.797671087259068656e+00
8.756233270856972339e+00
8.747211044576390648e+00
8.886729211056037414e+00
8.720132862197973012e+00
9.272108149210657402e+00
8.908524528153446198e+00
8.874995780456293559e+00
9.118063801571386406e+00
9.455957022215248031e+00
8.957531229880054013e+00
8.551587996961760751e+00
8.619077128954836908e+00
9.023353873545808312e+00
9.303915906356742482e+00
8.836725857080397262e+00
9.156184203131003230e+00
9.307622765352078886e+00
9.058956835517561146e+00
9.285779527353657414e+00
8.939529528152478477e+00
9.102116370525838107e+00
8.973874239955296872e+00
8.756400046549538629e+00
9.227316715429482841e+00
9.479486347620593278e+00
9.611813670294191425e+00
9.065371104759785581e+00
9.030147824615639252e+00
9.195142156263361954e+00
9.040020678460891190e+00
8.799692243823082904e+00
8.650726923170410032e+00
8.999749306375305125e+00
8.829010061827982980e+00
8.686424897287752245e+00
9.341192115279781660e+00
9.129007886706162367e+00
9.024464503143301286e+00
8.951492434111113283e+00
9.010178969849594210e+00
8.918113015646541797e+00
8.660096763712385126e+00
9.291517527658214703e+00
9.186131864354949883e+00
8.959772020126809622e+00
8.777551239322690435e+00
9.356599792207973110e+00
8.926620346741927392e+00
8.962625376441121006e+00
9.068975464357666993e+00
9.196267126405201608e+00
9.471697874595783162e+00
9.394217449672618514e+00
9.238319475848069118e+00
8.966393514709315227e+00
8.520613055509363321e+00
9.141609206820016098e+00
9.242017890380461509e+00
8.722912775690259579e+00
8.789775647595135410e+00
8.743707898500488795e+00
8.928135026793379225e+00
8.810669807412194743e+00
8.754164294608708374e+00
8.748553637609056466e+00
8.999268349079546425e+00
9.257888648766170903e+00
8.684798595939518862e+00
9.178150415321457700e+00
8.884450456558683484e+00
8.948365469008487949e+00
8.752546399587838977e+00
9.298430578760900289e+00
9.335056947123094417e+00
9.099474689430078200e+00
9.108833905324146940e+00
9.051685970331339703e+00
9.050944255590337661e+00
9.311847867170639503e+00
9.054886310952504402e+00
8.946979001526683462e+00
8.783587700474125626e+00
8.874577277364840810e+00
8.905858033862319445e+00
9.099480240382698426e+00
8.863720342583478740e+00
9.186753810790758479e+00
9.006370848066694634e+00
9.371567424309356298e+00
9.416483721051394085e+00
9.180659255069567592e+00
9.229841602827374203e+00
9.500297527115440843e+00
9.051020349245332497e+00
9.107818608664478788e+00
8.758765890005244970e+00
9.381831708761001920e+00
8.740536778960512621e+00
9.163438011382341486e+00
8.797981184512824626e+00
8.700471589982518239e+00
9.227422348062843227e+00
9.065902717973100877e+00
9.139998905424141284e+00
9.309256952284684417e+00
8.865695894267703991e+00
9.376314983655971602e+00
8.962048041492916894e+00
9.039007083543717513e+00
9.390033431414829934e+00
9.340015904466797636e+00
8.942441265653132021e+00
9.381638694198217721e+00
9.259278082726044801e+00
9.133627340694095764e+00
8.577081435992504055e+00
8.955388582788941676e+00
9.076667949032220406e+00
9.129702521750042266e+00
9.011700316362233565e+00
9.227704545598745867e+00
9.111199045476087832e+00
8.887047744902337953e+00
8.790065584782619013e+00
9.103090737564874857e+00
9.064238336517339789e+00
8.680227291766176023e+00
9.035649236368021420e+00
8.990644082386037184e+00
8.767680316718967859e+00
8.987095216081655735e+00
8.923314701588013875e+00
9.057143947697623432e+00
9.118730091167300600e+00
8.977513170849441337e+00
8.705951030808016355e+00
8.919499752457406672e+00
8.900463158096052041e+00
9.176817505598235059e+00
8.964241882361321245e+00
8.956308119228939546e+00
8.895110712373520911e+00
9.522903186708154166e+00
9.125903991432583240e+00
8.655863068998099763e+00
9.106374809453891217e+00
9.225537977315237725e+00
9.086836729129261769e+00
8.809739318187030932e+00
8.918318228119746394e+00
8.784298828553366079e+00
8.646175167229483094e+00
8.960545794497740246e+00
9.316947198822317588e+00
8.980063901599875109e+00
9.155427319186790314e+00
8.895024916766578471e+00
9.228582860907209806e+00
9.201661150631705866e+00
8.799513456504854503e+00
9.459232948261945495e+00
9.313648554396102952e+00
9.256856683262945751e+00
8.914023393991801214e+00
8.862337276487876281e+00
9.042346458133607712e+00
9.299994975576877820e+00
8.657590119046158605e+00
9.029583283461297682e+00
9.248936471301663076e+00
8.906023787819648874e+00
9.125052150062145984e+00
8.958957937578691855e+00
9.557101358968512983e+00
9.358303646274817922e+00
9.124164641548855315e+00
8.994118208539081394e+00
8.733520008319688444e+00
9.069636237586063743e+00
8.482467572409746026e+00
8.612061675482449274e+00
9.021764917610125778e+00
9.234614149586350962e+00
9.136692849464106203e+00
8.654493585179194426e+00
8.780738686102036894e+00
9.460770488339566242e+00
9.055211793753514371e+00
8.836850559052354726e+00
8.789448769013239016e+00
8.852379397452160958e+00
9.137909206050956357e+00
9.054066191826974475e+00
8.991208820650669509e+00
9.579182485184697171e+00
8.971401817171104298e+00
8.776846516825163036e+00
8.797897532716284275e+00
9.122798101093911427e+00
8.793790099561514140e+00
9.185287464065417851e+00
8.960985653031301013e+00
9.137692015384368815e+00
8.885933723677045037e+00
8.703637638911644103e+00
9.216852055200927651e+00
9.097468390776647595e+00
8.753931254808014373e+00
9.157405398830418264e+00
8.967339139366659495e+00
9.051663118455762103e+00
8.926199174972346384e+00
9.317504807984947846e+00
9.448624247962831291e+00
9.042899486846760482e+00
9.007167551214452672e+00
8.960896685222939695e+00
9.208767332109079717e+00
9.230387431493660699e+00
9.246162701362644398e+00
9.375114443183257151e+00
9.004536962627627261e+00
9.074760306910187424e+00
8.831815867082029925e+00
8.812627144191987227e+00
9.064371562095901780e+00
8.839954864647253885e+00
9.287892183473321239e+00
9.080846668868334248e+00
9.176752701573343884e+00
8.863177348221627838e+00
9.493968693056666908e+00
9.119880784144680064e+00
8.930454697633686934e+00
8.784225772799072018e+00
9.012680587096999929e+00
8.932412526945094911e+00
9.031326872073897505e+00
9.282232536411578749e+00
8.800413315015868321e+00
8.714419739554125854e+00
8.984102648723158779e+00
9.022130606703568034e+00
9.069835272444558782e+00
9.193133415899575667e+00
8.839373361801040829e+00
9.084817074147590432e+00
8.838636891903632886e+00
8.927815242125085149e+00
8.986012329836386314e+00
8.485433840944210715e+00
9.195553973382530444e+00
8.935636239379631363e+00
8.927469084130459365e+00
9.014137912877345116e+00
8.536957740172880449e+00
8.801782592796458360e+00
8.975929654863568530e+00
8.828287266593308757e+00
8.946425728337919381e+00
8.836024324613914516e+00
8.567273481993719741e+00
8.843617121373117840e+00
9.049573345064231944e+00
9.412322792337407762e+00
9.042713185440229395e+00
9.326296639025455804e+00
8.968987411752115335e+00
9.283258914127952011e+00
9.323487319928359440e+00
8.753161770423606214e+00
9.249280326141249731e+00
8.789853228663369933e+00
9.598524541081816963e+00
8.926155918422816526e+00
8.800362658128545235e+00
8.895952937370759983e+00
9.022536343298728667e+00
9.357633179394122536e+00
8.914713317127901604e+00
9.312902420241773171e+00
8.974139098775033574e+00
9.218610314203308675e+00
8.792547638561908130e+00
9.188439737990169220e+00
8.984020597364040128e+00
8.832478865871625118e+00
8.965243972793256688e+00
9.003413147992985088e+00
8.764651382481259745e+00
8.635106409273477723e+00
8.593512734114874263e+00
8.934423044865170027e+00
8.929745115802797173e+00
8.979676984294203024e+00
9.158694069854899311e+00
8.965734199070194421e+00
9.277150789636804618e+00
9.341519148061147249e+00
9.116381572606776729e+00
8.909148940267234806e+00
9.352092313749732710e+00
9.384709996763996642e+00
8.855294150047445356e+00
8.932866231092098985e+00
9.012243310825551745e+00
9.326684875467984526e+00
8.866436692595492275e+00
8.995558378361755203e+00
8.679681784724014193e+00
9.060179859727556462e+00
9.037575677729181578e+00
8.718683513140362606e+00
9.131624389014488585e+00
8.795223750577305211e+00
8.631749040154947039e+00
8.817078546740718892e+00
9.062939099407230970e+00
9.109339902350363616e+00
9.344137282483186979e+00
9.080150543713523703e+00
9.041735088711746471e+00
9.246886140610888205e+00
8.597873157704899683e+00
9.024416612423900474e+00
8.723339818186696348e+00
9.359417952328321633e+00
8.855022702855761096e+00
9.010708395742593524e+00
8.778183159666447466e+00
9.088657079338357647e+00
9.273964676835992904e+00
8.694963585144757090e+00
8.755470083040409079e+00
9.060673335997138977e+00
9.334387638161155465e+00
9.343441186551817879e+00
8.794156915923585061e+00
9.184254205204316790e+00
9.014800640379425190e+00
9.032863007239782860e+00
9.011092307474706686e+00
9.048561502163856574e+00
9.176880129751838311e+00
8.822881895457594936e+00
9.450067004566507833e+00
9.235710118474868224e+00
8.936209479923459043e+00
8.688680850923022447e+00
9.181312278673100735e+00
9.150821765047968626e+00
8.638817306187476674e+00
9.009268580531321291e+00
8.838568855683359260e+00
8.650140932364507762e+00
8.588930701234589904e+00
9.158187456738952292e+00
8.868233345377655397e+00
9.034680127740823963e+00
9.129349086311798089e+00
8.992054818540728078e+00
8.972942377237323797e+00
8.333828303431019435e+00
9.140970945751412557e+00
9.047908683391121087e+00
8.914985111214592806e+00
9.126020618700451337e+00
8.504618762888338068e+00
8.949864393872799084e+00
9.146593830940743075e+00
8.916770887305363047e+00
9.570006043305024690e+00
8.946151702424018026e+00
9.219201503934579378e+00
8.940714174313956875e+00
9.217789257985236517e+00
9.052079112315984943e+00
8.857790293787859426e+00
9.008446725657726972e+00
8.871368148659735553e+00
8.768921924098149745e+00
9.265226610587784961e+00
8.619503565386761323e+00
9.032805191781703158e+00
9.115232113469431852e+00
8.763949785816217641e+00
8.784528294021191286e+00
9.236313089479567751e+00
9.272014515058566886e+00
8.658401045839550392e+00
9.020999534080875293e+00
8.785933225758608245e+00
9.042141265274651118e+00
9.258876812608365370e+00
9.130521294649813768e+00
9.068662308234840097e+00
8.970886740439654616e+00
9.037697846505631460e+00
8.938507048933077570e+00
9.051844099349828809e+00
9.181296824223858621e+00
8.883680275673491167e+00
9.131973508020578834e+00
9.446151479013490615e+00
9.035226946895159372e+00
8.953149832222864646e+00
9.076369621715926428e+00
8.827707923181392857e+00
9.289063310489387604e+00
9.110346966527716361e+00
8.813928571166387727e+00
8.972130097652428304e+00
9.062677787803705698e+00
8.888688082484534903e+00
8.956103529715770506e+00
8.787335350857015115e+00
9.011527158300468798e+00
8.674773917684129643e+00
9.369290940864413386e+00
9.186471344704033370e+00
8.927265471181883072e+00
9.130128242130517435e+00
9.025340550694648911e+00
9.053057005863371032e+00
8.902600780848521467e+00
9.287646645392065636e+00
8.799807091548602855e+00
9.144037887205605841e+00
8.739366038680783433e+00
8.879026954771664037e+00
9.195407308455420647e+00
9.279655930675472675e+00
9.005740790200091439e+00
8.912844267816678823e+00
8.718300059722237094e+00
9.198068175121852263e+00
9.049010580610058696e+00
9.294553987981528209e+00
8.974627150456422342e+00
8.787475783087730363e+00
9.229427383001612029e+00
9.195250743258835513e+00
8.662244580736043531e+00
9.189627426676596045e+00
9.209990659170914640e+00
8.927957196623861336e+00
8.930915950148513360e+00
8.828105698679124202e+00
8.745935237952734198e+00
9.284543041759514281e+00
9.388660612052262877e+00
9.353573342211245034e+00
8.868598987592442029e+00
8.813411463705866922e+00
9.140943282920867219e+00
9.020359505817452828e+00
9.116221769148946663e+00
8.846023905688056743e+00
8.900721006673430580e+00
9.296816282281325172e+00
8.622323363598681567e+00
8.907485082838812573e+00
9.211130597442556578e+00
9.379145430695965402e+00
9.198832110258063466e+00
9.107279090567404367e+00
8.901287946903410742e+00
9.317023299290131177e+00
8.966244114859151182e+00
8.918404601870161486e+00
9.238212732006795491e+00
8.758052642937370180e+00
9.103844189667890774e+00
8.990893843832377996e+00
9.204965568605986803e+00
8.949733632698324115e+00
9.382561433296888964e+00
8.843036916728042485e+00
9.251955190077952196e+00
9.193929753873234745e+00
9.130547030713502821e+00
9.197719998461073132e+00
8.970392263624125562e+00
8.670366737497262832e+00
9.335651825766289491e+00
9.054693237328939048e+00
8.540582969939649161e+00
9.089379081475000177e+00
8.777852326613295730e+00
9.070710703671057473e+00
9.371889680333771011e+00
9.477094082362437888e+00
9.170789452967538224e+00
8.803008147840897024e+00
9.109381411298034692e+00
9.248851243182063087e+00
8.965989286219409493e+00
8.802625488083354099e+00
9.036612850102379468e+00
8.800495503604889080e+00
8.762346891085801559e+00
9.173075585763838191e+00
8.547197543790760577e+00
9.229056672579027065e+00
9.144231900377018718e+00
9.134298172109291514e+00
8.965597112144681802e+00
9.056735392940293394e+00
8.635399646834420295e+00
8.964978534354035133e+00
8.971303596084821308e+00
9.195035615397442186e+00
8.950140711620758083e+00
8.874252488263040917e+00
9.139535181206017711e+00
9.304773704261849687e+00
9.563501659614798811e+00
8.827254407994635343e+00
8.831029470690710426e+00
8.825154550833664402e+00
9.292476333828012969e+00
9.383566513397655129e+00
8.802580462543394546e+00
9.245783965485218303e+00
9.001014586786117988e+00
9.069791295771981510e+00
8.825248592949467508e+00
8.857883400806082719e+00
9.009352902807824748e+00
8.846845817508452114e+00
9.681770874626426604e+00
8.982929800934558173e+00
9.267101387794097533e+00
8.849040335311736172e+00
8.917028706964432061e+00
9.144503153779746540e+00
8.616991908788028454e+00
9.067983297187511837e+00
8.999398024209954272e+00
9.221295747196519343e+00
8.967605968363486113e+00
9.142203924716939767e+00
9.016924541161021267e+00
9.096618046373569300e+00
8.962874959236359018e+00
9.108879092902514074e+00
8.974279582152020041e+00
8.943009999862923110e+00
8.912025935871817239e+00
9.105463120129373422e+00
8.732574776956999685e+00
9.245977433965414605e+00
9.086125931903545450e+00
9.039956539579506511e+00
9.035649347559575162e+00
9.200330729124639006e+00
9.255586859085012108e+00
9.174340911504474505e+00
8.814103125450781562e+00
8.874797636868979822e+00
9.512778883271513664e+00
8.950446078522883653e+00
8.629271437345444440e+00
8.778464526822224556e+00
9.148986653987114082e+00
8.924144330215405319e+00
8.731311853538308299e+00
9.360660051180483165e+00
9.030344650141771012e+00
9.594789157101850208e+00
8.537187147867188131e+00
9.109665968749876441e+00
9.490279151549735559e+00
8.660995496330313514e+00
8.996752936255509425e+00
9.170138274030346537e+00
9.408194990206238728e+00
8.436893889338602293e+00
9.223205495116303609e+00
9.077377733914762103e+00
9.253642362833266688e+00
8.844143229407732676e+00
8.906162923004739440e+00
9.233208876201064896e+00
8.896067150490297948e+00
9.238636513623820434e+00
8.781750273255896744e+00
9.245045753393918986e+00
8.714689760896163762e+00
8.916978328742292348e+00
8.995198067499316608e+00
9.056269009297047035e+00
8.967131016027897417e+00
9.284437850243920209e+00
9.036943170064212438e+00
8.647916982333290647e+00
8.675399303923247984e+00
9.150690875821190673e+00
9.329777985105817351e+00
8.984991116717981896e+00
9.021217217032491575e+00
8.753668510755296950e+00
9.000293987142701013e+00
9.051326855244754555e+00
9.039574013572435618e+00
8.636360972095491917e+00
9.090479562414500947e+00
9.063481998942059192e+00
8.658830071325363420e+00
8.459221033528052658e+00
9.154055000433741540e+00
9.222041938513918069e+00
8.932160339791984427e+00
8.946441833321149062e+00
9.329619173295979451e+00
9.005375055104162030e+00
8.890991489334991726e+00
8.924632571988087903e+00
9.249127509173650452e+00
9.273262885773410957e+00
8.872960025322267796e+00
8.535463244425118390e+00
8.889093922434286199e+00
9.165537115149264835e+00
8.808867873859258069e+00
9.493043300078912949e+00
8.944090733545770888e+00
9.287941410598831382e+00
9.130923577012875825e+00
8.914251037685657408e+00
9.301851086788811784e+00
8.779335202301671970e+00
9.118061930809236770e+00
8.786831784429155690e+00
9.359449422879485780e+00
8.647720221194644452e+00
9.204138263586919777e+00
9.167266304885963280e+00
9.280685303440785461e+00
9.369846440643122776e+00
8.679792749574165356e+00
8.764621064963884933e+00
8.682956604065159567e+00
8.866380940790113740e+00
9.329756958184464821e+00
9.392041333196454289e+00
8.714661765124391835e+00
8.634496398952824947e+00
8.412179305682464303e+00
8.819814520539026148e+00
9.149651249730965219e+00
8.654322246193284940e+00
9.003841548609647916e+00
9.139445751846277943e+00
8.541080121702361083e+00
8.829161305573762775e+00
8.432778480202369309e+00
9.211840819508010370e+00
8.603320756355373078e+00
9.320097681070611984e+00
9.086191215321377967e+00
8.633334230980453938e+00
9.036107873393889989e+00
8.484719932850387281e+00
8.894696039430012746e+00
9.351837706503104641e+00
9.132529595652163934e+00
8.941837339993560008e+00
9.438494007569920186e+00
9.452511073069148395e+00
8.875952750932070145e+00
9.104554398568334150e+00
9.426610413793222065e+00
9.323355408405385347e+00
8.700492069074783785e+00
9.451649645970922720e+00
8.760391827816503607e+00
8.814051778873659870e+00
9.002563378773414726e+00
9.060917221640744756e+00
9.514560849895264738e+00
8.822934083150913764e+00
9.578022803547309394e+00
9.315063097888577559e+00
8.690843159981378463e+00
8.869584558512043415e+00
8.565202735073706108e+00
9.141455378940429810e+00
9.145215139954794736e+00
8.972085040791874633e+00
8.696350265159590975e+00
9.371143980588392708e+00
8.830438081032783160e+00
9.048754399258399417e+00
8.624109787614772316e+00
8.744353581148256893e+00
8.797425433948546925e+00
9.395129962788562494e+00
9.145996215657554274e+00
8.696804004631303542e+00
9.001695273107431561e+00
8.769968888490350167e+00
8.433629918637544520e+00
9.203168219273507589e+00
8.938802598553889922e+00
9.293705030568778724e+00
9.031706665910890663e+00
9.375384823545466872e+00
8.729663288441239288e+00
8.818436695539402237e+00
8.743627816379515139e+00
9.009544154148604989e+00
8.615804930615778900e+00
9.131466403687582556e+00
9.019750222050268107e+00
8.862548693742009931e+00
8.684884953272684172e+00
8.602504791650495974e+00
8.954988094339686455e+00
8.784971069955892276e+00
9.327452244012594207e+00
8.884478890180618649e+00
9.395789063512239636e+00
9.241710674111809354e+00
8.838719655618938020e+00
9.027042968887082353e+00
8.487376650931762967e+00
9.352471158319620059e+00
8.947770774806176775e+00
8.991352103851221855e+00
8.920359524808857188e+00
9.179164435193754912e+00
8.701495060134694981e+00
9.003687527799622003e+00
8.652270639122880524e+00
9.046645097787939349e+00
9.393687095111848961e+00
9.413466684489907976e+00
9.358874277758467031e+00
9.371813436235038708e+00
9.454279312527013701e+00
8.800453220355560546e+00
8.590422782332190366e+00
8.900012860124796532e+00
8.952082579917934879e+00
9.607484095928022327e+00
8.342949416166717924e+00
9.541560880892115293e+00
9.273768010782145410e+00
9.092985173161562074e+00
9.003641542329647862e+00
9.091323640988191457e+00
8.939522793903888598e+00
8.779216593085727993e+00
9.016227927602159298e+00
9.338839479797808707e+00
8.371288791746865243e+00
9.047939973877667796e+00
8.797919502308957362e+00
8.246388956118213542e+00
9.055887188338937577e+00
9.068555195366787558e+00
9.074231120801094619e+00
9.493279939464203565e+00
9.281301699386867554e+00
8.948576903076975952e+00
8.791457532413197384e+00
9.145321041538259976e+00
8.699004211437646461e+00
8.558802473883224238e+00
9.173019029758419762e+00
9.183954842738602409e+00
8.964109842844587561e+00
8.935492313111302209e+00
9.194011860058196817e+00
8.199919592683983183e+00
9.019437338873931509e+00
8.903340044430915867e+00
9.482196245874837004e+00
9.116545969198462274e+00
9.072853822320817940e+00
8.606936502448739645e+00
8.940693363502035140e+00
8.549037862924988573e+00
9.350779487997789019e+00
9.289414266102671291e+00
8.862377035067785513e+00
9.022999726572210832e+00
8.422434267676376152e+00
9.538517946728086727e+00
8.927719958268284017e+00
8.365023634402117381e+00
8.991400244856858848e+00
9.109737344600487674e+00
9.292702916070894048e+00
8.935476593062217532e+00
9.157057168017182391e+00
8.522518009948727880e+00
8.700856387863369790e+00
9.141080959649443116e+00
8.849062030762251396e+00
8.794437351023841387e+00
9.038993275835334629e+00
9.121578602574613726e+00
9.068242405888705449e+00
9.614153188670689687e+00
9.263113945011429706e+00
9.091642839404061149e+00
8.686672153221525861e+00
8.909835026985389206e+00
9.655545043662598914e+00
8.954291070680845621e+00
8.252831165474784569e+00
8.071321907171128629e+00
9.062636341714258137e+00
9.262617239885653220e+00
8.829651871538542807e+00
8.604069885520134520e+00
8.587624206067985710e+00
8.783686286630556950e+00
9.409939123362297764e+00
8.812744439398757734e+00
9.166950879600156199e+00
8.522656026817786667e+00
9.483511595218653056e+00
8.676408941009045250e+00
9.018290404690853634e+00
8.906845424794196830e+00
9.387808746622898326e+00
8.018173342665503966e+00
2.753094807146533540e+00
