1.545595895740813435e-05
1.417287411538580285e-05
1.376787613324163866e-05
1.376787613324164035e-05
1.490224174121253489e-05
1.490224174121260604e-05
1.490224174121261620e-05
8.759317921582015221e-06
1.490224174121251456e-05
1.490224174121252811e-05
1.205616682292476686e-05
1.205616682292477194e-05
1.205616682292470418e-05
1.290571992122683765e-05
1.290571992122693591e-05
1.290571992122693760e-05
1.205616682292462456e-05
1.205616682292460084e-05
1.290571992122695285e-05
1.290571992122695115e-05
1.290571992122700536e-05
1.205616682292464997e-05
1.205616682292470418e-05
1.205616682292466860e-05
1.205616682292467199e-05
1.205616682292467707e-05
1.205616682292453647e-05
1.053747600975140888e-05
1.053747600975144784e-05
7.451120870606278456e-06
7.451120870606321654e-06
7.451120870606265750e-06
7.451120870606314878e-06
7.451120870606318266e-06
7.451120870606303020e-06
7.451120870606334360e-06
7.451120870606325890e-06
7.451120870606318266e-06
7.451120870606330972e-06
7.451120870606323348e-06
7.451120870606275915e-06
7.451120870606315725e-06
1.053747619009281759e-05
1.053747619009263125e-05
1.053747619009259398e-05
1.053747619009263802e-05
1.053747619009267698e-05
1.053747619009264819e-05
7.451120870606338595e-06
7.451120870606359771e-06
7.451120870606380947e-06
1.053747619009261430e-05
1.053747619009271087e-05
1.053747619009268037e-05
1.053747619009266004e-05
1.053747619009272103e-05
1.053747619009270748e-05
1.053747619009275322e-05
1.053747619009273628e-05
1.053747619009275322e-05
1.053747619009267698e-05
1.053747619009267529e-05
1.053747619009274983e-05
1.053747619009266682e-05
7.451120870606342830e-06
7.451120870606315725e-06
7.451120870606330125e-06
7.451120870606323348e-06
1.053747619009261939e-05
1.053747619009269393e-05
7.451120870606363159e-06
7.451120870606371629e-06
7.451120870606336901e-06
7.451120870606323348e-06
7.451120870606338595e-06
7.451120870606351301e-06
7.451120870606264056e-06
1.053747619009271087e-05
1.053747619009273119e-05
1.053747619009274814e-05
1.053747619009274644e-05
1.053747619009270409e-05
1.053747619009270409e-05
1.053747619009268207e-05
1.053747619009266174e-05
1.053747619009262447e-05
1.053747619009268376e-05
1.053747619009267868e-05
7.451120870606309796e-06
7.451120870606316572e-06
1.053747619009260583e-05
1.053747619009260075e-05
7.451120870606305561e-06
7.451120870606272527e-06
7.451120870606290314e-06
7.451120870606285232e-06
7.451120870606254739e-06
7.451120870606246269e-06
1.053747619009256009e-05
1.053747619009255501e-05
