1.419365844470115432e-04
1.181327995132630895e-04
1.165390852271343676e-04
1.155204541473551713e-04
1.143188200450531288e-04
1.133378779292136372e-04
1.125255441636636983e-04
1.121296243181644370e-04
1.117112571451459984e-04
1.107459718853775940e-04
1.102827914176941548e-04
1.097214488263469669e-04
1.091233065446758790e-04
1.088753161756029960e-04
1.081671200011550865e-04
1.075962045571593966e-04
1.072410819277815877e-04
1.066806540399133893e-04
1.065513524291310211e-04
1.060876692700037452e-04
1.055058961637891191e-04
1.052581372801351635e-04
1.049322481584775225e-04
1.045632919226132339e-04
1.040689420398044471e-04
1.035616028263720384e-04
1.033267778601622614e-04
1.031194372087068060e-04
1.028428354000506250e-04
1.024573944596975160e-04
1.021958572354598967e-04
1.018606039068317996e-04
1.017207515921742889e-04
1.013347023147934822e-04
1.010707333326345324e-04
1.008382460310833771e-04
1.004818385173045030e-04
1.002177208731290183e-04
9.996000879528197888e-05
9.975366291302824144e-05
9.955142470735407951e-05
9.922078785120670708e-05
9.894801114924067168e-05
9.861636568357995338e-05
9.829160456686598186e-05
9.804478445073050018e-05
9.792626195555620221e-05
9.742795546887510812e-05
9.723229689736532871e-05
9.703986279006030684e-05
9.695677016239896836e-05
9.677975475008644734e-05
9.649628213568904416e-05
9.626268559551152265e-05
9.592110121195620697e-05
9.575344865648729032e-05
9.542662219341234236e-05
9.541151314128830255e-05
9.525672228907743619e-05
9.511842322823313282e-05
9.495498314885366861e-05
9.456721598748290820e-05
9.444184988861298996e-05
9.424658560938969410e-05
9.401283227459968203e-05
9.378986800653195941e-05
9.363669429236137819e-05
9.351013075457478786e-05
9.327481546957965453e-05
9.308270122664116656e-05
9.290729172647907051e-05
9.273582806029102995e-05
9.262254122785492749e-05
9.239786432879851859e-05
9.213010062218365435e-05
9.210239106564109914e-05
9.182968970269190850e-05
9.167908311363424847e-05
9.147233487091546949e-05
9.128716989495828580e-05
9.116453807277861748e-05
9.103811688662938155e-05
9.085935416958957603e-05
9.072959319194198269e-05
9.054087723825523279e-05
9.030940220546209709e-05
9.023218403992452126e-05
9.005481316706868977e-05
8.987835580765038770e-05
8.968323783924531621e-05
8.952168594342277527e-05
8.942608922536515444e-05
8.924244964586409133e-05
8.914231279533093178e-05
8.909253778651897795e-05
8.888766082540573970e-05
8.876163902936235720e-05
8.860992312702245977e-05
8.853182565459980782e-05
8.836363401947401434e-05
