6.139820421950626609e-05
6.056917463006164103e-05
5.920771820064446139e-05
5.866636162986920832e-05
5.766364215209024381e-05
5.718836382264270974e-05
5.695147264869912068e-05
5.613845909377567400e-05
5.589429648290679880e-05
5.573968323436771235e-05
5.537287911014975240e-05
5.520509887782716775e-05
5.482468443759900623e-05
5.458603105925457637e-05
5.418194440686261066e-05
5.409104059991360947e-05
5.389862479280129511e-05
5.361155256431794272e-05
5.342184584378467801e-05
5.321764413807504118e-05
5.311687197723810003e-05
5.291225426477919156e-05
5.255962621547353525e-05
5.233186829745874543e-05
5.227006170880090348e-05
5.223626867636158082e-05
5.213292589160368399e-05
5.183999463484163464e-05
5.185299710483723894e-05
5.159146207678474793e-05
5.145998825199928046e-05
5.117381606157668468e-05
5.114636551967914803e-05
5.100150435009717610e-05
5.093287636858702654e-05
5.069334492519295143e-05
5.056519132208430904e-05
5.050059250406562780e-05
5.027860046753852082e-05
5.012058661684314228e-05
5.004645896844610217e-05
4.995968726063676756e-05
4.979082399833515001e-05
4.961333457278602145e-05
4.955078370033096769e-05
4.948183067335389638e-05
4.942124850631326495e-05
4.933654703887681964e-05
4.918199490254268358e-05
4.911289326654317200e-05
4.895682045669953817e-05
4.884224319465434004e-05
4.877929579865546210e-05
4.856126297405377910e-05
4.849865960857471900e-05
4.842852625209871967e-05
4.821497267947974220e-05
4.811898430032582541e-05
4.811464078262730413e-05
4.799422488973979382e-05
4.791136509142579643e-05
4.785409137406200963e-05
4.768965642702092483e-05
4.765594918695298496e-05
4.758335369146060871e-05
4.748962057386955991e-05
4.738014071135939072e-05
4.733645136616819178e-05
4.725424042431774824e-05
4.713275232741338171e-05
4.701334615813749894e-05
4.694559053419195937e-05
4.686772727465609716e-05
4.667490342116019483e-05
4.662088148178961041e-05
4.661221129751567840e-05
4.644033642554521411e-05
4.638778439377619768e-05
4.624764274371994131e-05
4.620964254999754793e-05
4.610599096370645162e-05
4.607945434592273880e-05
4.603490350613590148e-05
4.591508245785796857e-05
4.578601605335292025e-05
4.577111265808927088e-05
4.566207186612411285e-05
4.559927745350480035e-05
4.557561910483238539e-05
4.552405258922123985e-05
4.542729378490960486e-05
4.535108048827508892e-05
4.531279803122765728e-05
4.527592763188238262e-05
4.523006747014220408e-05
4.515597503614386242e-05
4.509804256578365557e-05
4.498259680975680362e-05
4.488492369605765657e-05
4.487104617791501203e-05
