3.146500784658217353e-05
3.012681369912378619e-05
2.781036019324502172e-05
2.720978873305745640e-05
2.699099265668263576e-05
2.682886287360033143e-05
2.676424215169586766e-05
2.629202197650542551e-05
2.614949399553430121e-05
2.607928644964027876e-05
2.603967933180764040e-05
2.595763271428435252e-05
2.571292057193736826e-05
2.556703540339321382e-05
2.537660501340295870e-05
2.526861839927088720e-05
2.521453093119349983e-05
2.522480972176100350e-05
2.514915056528873135e-05
2.498883774443244087e-05
2.479658444082288678e-05
2.466182351607109412e-05
2.448407115070530367e-05
2.437647935034924793e-05
2.426853779829485209e-05
2.422848033779975021e-05
2.417111431309036174e-05
2.410285059975024940e-05
2.401477942255724108e-05
2.392754617482999237e-05
2.382630977298468038e-05
2.372632395939555373e-05
2.369719222725363952e-05
2.354489334961525085e-05
2.352794822788110252e-05
2.332538770679632573e-05
2.328141135429268618e-05
2.317787845579347413e-05
2.313912437808473570e-05
2.301321623641942719e-05
2.295455288252225973e-05
2.287978537847935542e-05
2.273491073750021879e-05
2.267630532238811439e-05
2.261277188615963736e-05
2.253811890133808907e-05
2.236201111162305596e-05
2.234221396121677974e-05
2.226141545815181792e-05
2.223097775182896968e-05
2.219278898814863884e-05
2.215972404880956167e-05
2.210005890683327393e-05
2.201669190603092741e-05
2.201132441566704926e-05
2.197085264813949634e-05
2.185123628361177432e-05
2.177394403699355280e-05
2.172045173098999162e-05
2.167292320505271748e-05
2.161173263246093744e-05
2.159524203037966445e-05
2.157199223570082340e-05
2.151640756598461202e-05
2.149908919735263104e-05
2.144607145345247659e-05
2.142705518178753498e-05
2.139010892549219524e-05
2.134383491756625172e-05
2.126882820289660385e-05
2.126404470044062313e-05
2.121735635070477353e-05
2.115894807942346692e-05
2.109718614890392682e-05
2.106102115048508422e-05
2.105034282646278492e-05
2.097755154222835107e-05
2.096452668160692822e-05
2.088112777781805609e-05
2.084222923757853978e-05
2.082109434597922317e-05
2.077370496796887754e-05
2.072643609494927337e-05
2.069728001088013260e-05
2.067976517713198634e-05
2.059561584324491512e-05
2.057317995844268668e-05
2.051762445278982778e-05
2.046535962886703505e-05
2.041953865403581313e-05
2.040810234283961519e-05
2.032471249727129989e-05
2.029935042407934469e-05
2.028278276552772277e-05
2.021200814511785616e-05
2.019693574248592922e-05
2.015029416945547623e-05
2.009075920654440885e-05
2.000903505829303792e-05
1.999521290965348394e-05
