2.491077335732216837e-04
2.405938219667257680e-04
2.237936254985643380e-04
2.167350839742095212e-04
2.135451770757383931e-04
2.118585893278950678e-04
2.078120843239578727e-04
2.044479806909194931e-04
2.036896319197733791e-04
2.017886524228924036e-04
1.999640894939695929e-04
1.987309586442116097e-04
1.974781359471768647e-04
1.968213857162691102e-04
1.949731813469087133e-04
1.934836091853994354e-04
1.918046410193314556e-04
1.909373244783670726e-04
1.900121193105169066e-04
1.888126727494177592e-04
1.880323616293199458e-04
1.871672626390769555e-04
1.866476558708186646e-04
1.854372398012623367e-04
1.837504963591873885e-04
1.831444028450971990e-04
1.825109915844379445e-04
1.808612775105059099e-04
1.796963383923259828e-04
1.790420721747230915e-04
1.784334477284755551e-04
1.772710044342801499e-04
1.762041980595267690e-04
1.755251494665632285e-04
1.746900021921777505e-04
1.739147433317073056e-04
1.728697637930466061e-04
1.725707108739386354e-04
1.721426491101182420e-04
1.710862302877739930e-04
1.706428823865433733e-04
1.697089895413580020e-04
1.692901124833648809e-04
1.683995523798851169e-04
1.680224643373706217e-04
1.675459626946726867e-04
1.663838940720900540e-04
1.660116232608922033e-04
1.653052816030473353e-04
1.648754860633614718e-04
1.644942136649165439e-04
1.637425055939724827e-04
1.633163482711798460e-04
1.630721793616653041e-04
1.623938118152856648e-04
1.617903660423603300e-04
1.610112285640325218e-04
1.606079922402327428e-04
1.601445628765471065e-04
1.596069136100963651e-04
1.590361221706205845e-04
1.586303185488625444e-04
1.580830515142955122e-04
1.579297145376865183e-04
1.575818130494732142e-04
1.569223286527648737e-04
1.562075108674191996e-04
1.556256744393397999e-04
1.551916230604659310e-04
1.550694214815356560e-04
1.547834019421108053e-04
1.540854399284429714e-04
1.538107481380925664e-04
1.535624969436617218e-04
1.531730235205360695e-04
1.527464591528260752e-04
1.524807244018824772e-04
1.520570957880225990e-04
1.517573783953283400e-04
1.512277749651618202e-04
1.509597611908659431e-04
1.507248552068656943e-04
1.503697613952745976e-04
1.502495400511623500e-04
1.499707088181977696e-04
1.496354482268296348e-04
1.492460325776094610e-04
1.490504242083212931e-04
1.489919532430437823e-04
1.486784389222691512e-04
1.483722628647558633e-04
1.482696472907504858e-04
1.479706375652522555e-04
1.474623714725046175e-04
1.472297841861804513e-04
1.470509462840732860e-04
1.466014750680905805e-04
1.464185128062030119e-04
1.462569998780169345e-04
1.460034616660282870e-04
