6.090249410675795100e-05
5.985779178649614299e-05
5.898380129337181830e-05
5.825417681341634043e-05
5.771606883927066993e-05
5.662692649604155826e-05
5.637474224992155940e-05
5.607086666662600100e-05
5.554503775326082872e-05
5.530163515144629423e-05
5.516219216990672170e-05
5.493758969897002671e-05
5.454126474147236127e-05
5.417824483274919634e-05
5.390731317481216425e-05
5.382153952385939787e-05
5.358246152870304164e-05
5.349960880470529506e-05
5.314997786681137132e-05
5.302727548671754351e-05
5.290650130388833180e-05
5.268050204252379529e-05
5.260663441346870973e-05
5.234668177587292954e-05
5.221632477282568750e-05
5.207281440275117517e-05
5.199944943074761720e-05
5.180686757959271268e-05
5.154708480207526689e-05
5.136526215361600172e-05
5.121236604848645438e-05
5.111274507503799064e-05
5.096532683060612140e-05
5.078550479924506393e-05
5.067743002733013374e-05
5.053920113080166183e-05
5.045130132000058933e-05
5.027111417913627953e-05
5.018129030664830156e-05
5.012239077788509993e-05
4.999174505002491295e-05
4.984141962485074914e-05
4.972230722095112853e-05
4.964659463875292273e-05
4.953157221625400510e-05
4.938791669741387992e-05
4.931092812870733978e-05
4.921773428567126124e-05
4.900704190874993521e-05
4.887997612929939026e-05
4.884582735683911709e-05
4.873898911323018394e-05
4.864151698217315984e-05
4.852913704678487938e-05
4.848282498032462854e-05
4.837356041502288570e-05
4.817258173521934142e-05
4.813780366749036854e-05
4.797114751185568854e-05
4.789732907000769895e-05
4.778486533918480420e-05
4.767857453126040968e-05
4.762343406044720705e-05
4.754428890346260609e-05
4.737440772564320963e-05
4.733533731981684061e-05
4.724897502161924141e-05
4.712033580230126525e-05
4.707008980391524168e-05
4.694952016876724531e-05
4.685505193814402995e-05
4.683190967063399166e-05
4.672233783186407059e-05
4.663399175028461001e-05
4.653346471921990978e-05
4.642381954647498100e-05
4.637077519284371147e-05
4.631728833852454907e-05
4.625156662627291502e-05
4.613725314162844311e-05
4.606360902687788874e-05
4.599349417069314739e-05
4.591515825302451873e-05
4.586689878339387871e-05
4.580541203400482179e-05
4.574814587718331512e-05
4.568186381375993380e-05
4.555583468978185129e-05
4.551255108166755699e-05
4.538886623690243906e-05
4.534675728622846548e-05
4.523739351065493634e-05
4.516295489022908164e-05
4.517560545214700237e-05
4.504927189708540124e-05
4.495171696908795790e-05
4.490330934285665548e-05
4.482099770505498727e-05
4.475000410969507748e-05
4.470845238566089339e-05
