3.815135914773045171e-04
3.619686214211824708e-04
3.540109080002543920e-04
3.356788030776774448e-04
3.241339086740982543e-04
3.187485101961186882e-04
3.011004421137078945e-04
2.800369216213836475e-04
2.762818191233474044e-04
2.747070944649517682e-04
2.733968532888144125e-04
2.710553152217525354e-04
2.697690493774505317e-04
2.670261837848616386e-04
2.656235156368900530e-04
2.626188393279742543e-04
2.611753858672815330e-04
2.600299154642238503e-04
2.589057766185685287e-04
2.578327946242017733e-04
2.557998599679084839e-04
2.546810502594873101e-04
2.534161585065975103e-04
2.518491274247581439e-04
2.511576271948933597e-04
2.505437048010719864e-04
2.498892565196580463e-04
2.482782232655217900e-04
2.473792162950951066e-04
2.463602243606421451e-04
2.458076190889562198e-04
2.446151487308467591e-04
2.435595031737675890e-04
2.425507531716397614e-04
2.417231570941339824e-04
2.415845930109944591e-04
2.402601106770056532e-04
2.395922354955821608e-04
2.382436251272650185e-04
2.377326797350605761e-04
2.371857190705557034e-04
2.367714944648435685e-04
2.360847040384739617e-04
2.346756283816607233e-04
2.340931103083806445e-04
2.335754011244559156e-04
2.327255767731192066e-04
2.321676847005277767e-04
2.314425824472472770e-04
2.311333734961750527e-04
2.304322714855887083e-04
2.297557337195989648e-04
2.294471761461587219e-04
2.284621081187826128e-04
2.275077949845190264e-04
2.270353165016910908e-04
2.263865947639469116e-04
2.261616470563541405e-04
2.259399761096078348e-04
2.253427246565332508e-04
2.244660525236602956e-04
2.242781356400914809e-04
2.235894137431174069e-04
2.228616649281999905e-04
2.227063116981474683e-04
2.223149971891496266e-04
2.214488036005685871e-04
2.209634838525565911e-04
2.203902232088716831e-04
2.197766539742962704e-04
2.190417804027104502e-04
2.186523648837256442e-04
2.185338127818011486e-04
2.179108875606245029e-04
2.174904758243400324e-04
2.171500246032393876e-04
2.167028504302038919e-04
2.161064296676966660e-04
2.159431439152271906e-04
2.152252163384070006e-04
2.149721701697965899e-04
2.147532628108785914e-04
2.141577333804350241e-04
2.135290779147946060e-04
2.131829714676274990e-04
2.128427925305911817e-04
2.120118642849650348e-04
2.116456372544618430e-04
2.114463693847618811e-04
2.111241552043862692e-04
2.104803005162832218e-04
2.101062537786352834e-04
2.098917989874611806e-04
2.095181016449327953e-04
2.093120936098481354e-04
2.089375281750762618e-04
2.087111306822093991e-04
2.080128999885661346e-04
2.076875811848628145e-04
2.072697970097103965e-04
