4.252190063226654365e-04
4.009981032706244316e-04
3.968968035898920465e-04
3.884709944344235050e-04
3.768718512198761922e-04
3.749179061037141432e-04
3.660424871434513538e-04
3.638718209641799242e-04
3.471419691018950613e-04
3.388680090627483633e-04
3.362486473410406180e-04
3.159597914786182560e-04
3.087000735502810683e-04
3.012728611682869069e-04
3.003461347439441930e-04
2.986651876796290409e-04
2.978385229666191507e-04
2.930601064665734482e-04
2.912832631123432560e-04
2.897947245852727067e-04
2.900575943755049008e-04
2.858022961710562524e-04
2.852627884650938274e-04
2.824330558091197609e-04
2.819469777359260090e-04
2.805491938691734278e-04
2.789969299281688624e-04
2.788379375195317749e-04
2.773322028834736188e-04
2.770437433290286839e-04
2.763130528325431724e-04
2.742002884728767138e-04
2.740622580028373488e-04
2.725987482723349169e-04
2.720747484240800592e-04
2.701574047608340436e-04
2.697588748563984132e-04
2.684821342213032972e-04
2.679330215719431633e-04
2.674532270244595229e-04
2.671480075673078754e-04
2.658417632484567916e-04
2.649132837873242907e-04
2.638941657559553257e-04
2.629478653908312894e-04
2.624770902483639047e-04
2.618347367110005408e-04
2.610499347188481806e-04
2.610506983137632895e-04
2.602054375979928960e-04
2.596997700426233158e-04
2.586669711380513298e-04
2.579102369255504971e-04
2.566312281757160093e-04
2.561780039729681939e-04
2.552691382947318115e-04
2.546196710941848714e-04
2.540529531679991187e-04
2.532948524222653061e-04
2.531211026699307486e-04
2.523685038150187232e-04
2.513476638213051257e-04
2.513757468122421721e-04
2.496759350536224592e-04
2.496967870678305497e-04
2.490750109750137814e-04
2.484487589648236229e-04
2.480200380006982374e-04
2.476075572817576357e-04
2.462756925516833284e-04
2.462082766648324671e-04
2.453042607936614140e-04
2.452742374288263520e-04
2.441447850975400516e-04
2.441195597965333994e-04
2.436605073657839701e-04
2.430591873962795429e-04
2.423800869452687949e-04
2.422854087011133055e-04
2.411685546898107043e-04
2.410687621801875513e-04
2.405553883523250871e-04
2.396677101029423432e-04
2.396669747336760490e-04
2.385421945200737485e-04
2.383957702806478295e-04
2.378107847414231578e-04
2.377340422812705505e-04
2.369494156626430288e-04
2.364554033719626748e-04
2.357625010093862506e-04
2.355939443664285143e-04
2.347999874511264809e-04
2.344694874078919139e-04
2.341975133048851496e-04
2.337936005802342425e-04
2.333652488494315118e-04
2.326548519466429513e-04
2.326987316852432779e-04
2.319835105615552508e-04
