4.490619197641611132e-23
8.623912081574741074e-22
2.435923346649516173e-22
7.451120870606244574e-06
7.451120870606253892e-06
7.451120870606245421e-06
7.451120870606239492e-06
7.451120870606248810e-06
7.451120870606255586e-06
2.324670053263728903e-22
7.451120870606245421e-06
7.451120870606236104e-06
7.451120870606241186e-06
7.451120870606253045e-06
7.451120870606252198e-06
7.443569256142986283e-22
7.451120870606241186e-06
7.451120870606248810e-06
1.239563448091153342e-24
7.451120870606242033e-06
7.451120870606240339e-06
7.451120870606255586e-06
1.106138378833351949e-23
7.451120870606242033e-06
7.451120870606248810e-06
7.451120870606247116e-06
7.451120870606245421e-06
7.451120870606247116e-06
7.451120870606247116e-06
7.451120870606243727e-06
7.451120870606241186e-06
7.451120870606237798e-06
7.451120870606242880e-06
2.280055109789631262e-25
8.306435106347447111e-39
3.736455647238365004e-39
6.187511428291703083e-39
5.903485719316751480e-39
1.015911116318017561e-39
4.888706390204744482e-39
1.318596558050998916e-39
5.166402348281158305e-39
4.410740680609144734e-39
3.176476869786821089e-39
3.974201907537155930e-39
2.214539241701797151e-39
2.846113095081764402e-39
2.566481384821798479e-39
4.180524171469446461e-40
1.477496667830543962e-39
2.932521937213816575e-39
2.938871393879659923e-40
2.639738464017149685e-39
1.310614365449823184e-39
1.464879909824789315e-39
1.941977943585330718e-39
2.295737454402318940e-40
2.323999599261256995e-39
2.005906436958415530e-39
1.976686601462582459e-39
1.392384351302738802e-39
1.869554337964658108e-39
6.388724614589325028e-40
1.289738497720542668e-39
7.730172629069119279e-40
1.300432840087204393e-39
3.327870873328887837e-40
1.513433334484941756e-39
8.000329323757403219e-40
1.566825205605917464e-39
1.511355408844935490e-39
9.201963220604387581e-40
2.830509805589115676e-40
1.808930752672771940e-40
4.376046899561444887e-40
7.261575097194879457e-40
2.942413823372835332e-40
7.488867518233554242e-40
7.524212772663870521e-40
1.082465356330588609e-39
9.739826465686954156e-40
1.330151362649036816e-39
1.235322547669271337e-39
4.547925033011791757e-40
7.810391260123914767e-40
8.746475007358091392e-40
2.961788301249240020e-40
9.676584251650507909e-40
1.140872115138529243e-39
1.000106296439919232e-39
1.152556172918852190e-40
7.779036883643810561e-40
4.645525690561640110e-40
6.195310214559674941e-40
3.321220429314481714e-40
9.742853679123592458e-40
9.490442369037122413e-40
7.237058613476196694e-40
7.256350388263475499e-40
4.981638633854753901e-40
