4.546555411770839295e-23
2.545390972671448243e-23
7.451120870606238645e-06
7.451120870606232716e-06
7.451120870606239492e-06
7.451120870606253045e-06
7.451120870606232716e-06
1.539141943469168822e-26
7.451120870606252198e-06
7.451120870606219163e-06
7.451120870606247116e-06
7.451120870606242880e-06
7.451120870606236951e-06
7.451120870606231869e-06
7.451120870606242033e-06
7.451120870606240339e-06
7.451120870606240339e-06
7.451120870606234410e-06
7.451120870606234410e-06
7.451120870606238645e-06
7.451120870606239492e-06
4.444265327856533002e-27
4.212046748845064533e-25
7.451120870606244574e-06
7.451120870606242033e-06
7.451120870606253892e-06
7.451120870606242880e-06
2.712424048100433573e-28
7.451120870606240339e-06
7.451120870606244574e-06
7.451120870606238645e-06
7.451120870606240339e-06
3.938118726873129776e-41
1.993193966742334648e-40
1.596381864844639559e-40
8.174750865210896425e-41
1.710929274811539081e-41
1.144928281852884288e-40
1.400775022111404776e-40
2.044479187084708039e-41
1.292555178456184282e-40
2.837446626836451420e-41
5.305959510913827864e-41
3.786646681504956773e-42
-1.584123070391469859e-43
2.257430405261210106e-41
4.517905836812612488e-42
3.537901577885095328e-41
5.963291702243110739e-42
1.749951982324880135e-41
8.133233287051626086e-41
1.754315913949739765e-41
1.554909851585206954e-41
3.320963199907317388e-41
6.086845933037967715e-41
5.158789007724321347e-41
4.502402711093981063e-41
3.893772492537159664e-41
9.134625655111054525e-42
8.096088350066936484e-41
2.066612802493065947e-42
5.815319779596220119e-41
2.706107927312982720e-41
1.100466362781959727e-41
2.526756448623647723e-41
4.401490039365383978e-41
8.022329789838595724e-41
1.120340437696005063e-40
5.316829030497490334e-41
5.798032441555014368e-41
4.075577783086954233e-41
7.556840414776175804e-41
8.931325121020664863e-41
7.431219198147744547e-41
6.428952692605219543e-41
3.397138326868882452e-41
4.460848776640527651e-41
5.157503164953903290e-41
8.953917371916814981e-41
9.104917865275575656e-41
2.996072418656937449e-41
1.053177425456324510e-40
8.007667656641282612e-41
9.446385905520964236e-41
1.047342206970063957e-40
9.368650170888847382e-41
1.012042254344285571e-40
5.525941394641998543e-41
9.476044368659540282e-41
7.883998119984243841e-41
6.164586148305518951e-41
7.018616604717708685e-41
8.324202299104139260e-41
8.657537512213896910e-41
9.730895241166628438e-41
8.464732677205607136e-41
8.597984241579208766e-41
5.146035148138769747e-41
6.986393281372352859e-41
4.685180171843730131e-41
