9.925781610607097277e-04
4.961001093233899373e-04
4.050744889860067471e-04
3.624637136174755389e-04
3.545648025647978518e-04
3.394179685030391668e-04
3.257501610071520857e-04
3.175379026388077254e-04
3.118984200955191499e-04
2.923886172715696127e-04
2.839071825658405013e-04
2.779791226235271934e-04
2.726346625162302502e-04
2.698746204175776894e-04
2.675530311720288978e-04
2.652274424802557643e-04
2.638817020979813597e-04
2.627231921261395675e-04
2.610466319664581352e-04
2.595358361935358829e-04
2.591007437237745239e-04
2.572699806719963740e-04
2.564829904857921145e-04
2.549987318260241924e-04
2.534776206002518515e-04
2.527860092589812925e-04
2.518200599832617231e-04
2.511257479838678694e-04
2.490062504026134874e-04
2.476628641694373994e-04
2.465005916479503872e-04
2.458226741813367665e-04
2.443556320834700652e-04
2.438680473346903159e-04
2.425398421648550815e-04
2.418500881029188104e-04
2.411543761367304205e-04
2.403752777931568874e-04
2.401894144705980609e-04
2.395770493781831424e-04
2.386477781040200797e-04
2.380172306046729794e-04
2.371657463290241183e-04
2.359057210985541445e-04
2.351398016759738007e-04
2.344973627407938787e-04
2.339091216475987862e-04
2.334368593558372288e-04
2.319268892116862731e-04
2.314416954987425640e-04
2.307123325767497458e-04
2.302431116673694272e-04
2.300674954012014300e-04
2.291578599518276176e-04
2.286370195486265927e-04
2.280111546129843581e-04
2.275524552840483964e-04
2.269341358998006150e-04
2.262427487895086759e-04
2.254914486783514708e-04
2.249449546295799820e-04
2.251597109581100417e-04
2.241598656131010337e-04
2.234342699076015881e-04
2.229035921129038909e-04
2.227453552777286191e-04
2.220116693847731283e-04
2.216365558123002005e-04
2.212111055429112367e-04
2.204511133378839259e-04
2.201170014851282707e-04
2.195948182898026560e-04
2.192267969205642794e-04
2.188090615057685349e-04
2.179753283054087912e-04
2.176372367265401887e-04
2.173378872094988842e-04
2.168974375809277306e-04
2.163898118801856302e-04
2.160450898653640066e-04
2.155280560408167766e-04
2.147808659192835699e-04
2.145610911391252124e-04
2.141117320696316506e-04
2.133317190039628753e-04
2.128221721313676613e-04
2.124453303474152651e-04
2.119495916903843644e-04
2.116267520847875643e-04
2.111756401986785445e-04
2.108344271724548467e-04
2.104888905711916561e-04
2.101867721848863283e-04
2.098469749036422673e-04
2.094009562009761945e-04
2.090613367501852147e-04
2.088391470798528515e-04
2.083147247379814044e-04
2.079611699446207911e-04
2.072134097455819834e-04
