4.217521827323836509e-04
4.059002410045428198e-04
3.974012148376492698e-04
3.892210119702633011e-04
3.775321493367272052e-04
3.747183258267268316e-04
3.665561965097464416e-04
3.651139406836245542e-04
3.503347526351273411e-04
3.469929145227862357e-04
3.333247938106955843e-04
3.201642181712600357e-04
3.061602143474839721e-04
3.023850068011789904e-04
2.996747391435925683e-04
2.961727678381178858e-04
2.956142704109706665e-04
2.935090158761886675e-04
2.919262860387147104e-04
2.915740221009757911e-04
2.889767936691490981e-04
2.874848788868935071e-04
2.865098874971587213e-04
2.855854353738150001e-04
2.828108907497393605e-04
2.819517286791910541e-04
2.808592731099351144e-04
2.802963498703677316e-04
2.769039901928079038e-04
2.760766024796075351e-04
2.755112414298996576e-04
2.742588413571412807e-04
2.733882677717904236e-04
2.720724627888510710e-04
2.706041842858078863e-04
2.700437516097000724e-04
2.697662581382829442e-04
2.687808155498910595e-04
2.683377965198974592e-04
2.668042037934279225e-04
2.654863898124142801e-04
2.650531676244673781e-04
2.646640141382390404e-04
2.639987643347797559e-04
2.627664728909036252e-04
2.617896314874379807e-04
2.615179636379270597e-04
2.608594773622018004e-04
2.605154819109296274e-04
2.597369446581475447e-04
2.583851727944743402e-04
2.575859176295794265e-04
2.572464984430833401e-04
2.570682597431124886e-04
2.560666665948829138e-04
2.554804028655738410e-04
2.547979773495767783e-04
2.542343479493748711e-04
2.537179446228259071e-04
2.529510400777360089e-04
2.524334963163886903e-04
2.521982441311427917e-04
2.516295222323341584e-04
2.509298559806255689e-04
2.506502275350859813e-04
2.495797494744365496e-04
2.493960659974820923e-04
2.481270746479732458e-04
2.471292069309961132e-04
2.467068349572336893e-04
2.464969575244450070e-04
2.459760863478294580e-04
2.453799281004587869e-04
2.451602419668722833e-04
2.441796314933188669e-04
2.442082860851762095e-04
2.435630991180433075e-04
2.432295986132329015e-04
2.431395638335758478e-04
2.420617337306580849e-04
2.416234959281273679e-04
2.411884381299046797e-04
2.410762232320820238e-04
2.400496909133213112e-04
2.399508312834479796e-04
2.394903688888651728e-04
2.390108687748560955e-04
2.378408016164222617e-04
2.375345173143609916e-04
2.369808576954618245e-04
2.364511442150559839e-04
2.358910199024152280e-04
2.358641469339402925e-04
2.352938204212550192e-04
2.346374370177440921e-04
2.344016147911288884e-04
2.341160086099810340e-04
2.333248934198097900e-04
2.330658286048844867e-04
2.325247232982734734e-04
