3.144701729037010981e-05
2.898743049115139214e-05
2.744157824079789215e-05
2.703140312383953213e-05
2.695618995088856944e-05
2.684539205438106387e-05
2.671842353309453522e-05
2.615015746757531402e-05
2.612648830869752402e-05
2.601732322206128673e-05
2.595213400210918126e-05
2.582961006496853313e-05
2.567295453073751297e-05
2.561477900506935328e-05
2.529299765840006351e-05
2.524060833339408108e-05
2.519512809626903358e-05
2.496483868828287510e-05
2.486116013365330063e-05
2.477876214523013805e-05
2.466006187955109902e-05
2.449617891080169480e-05
2.438131579498764565e-05
2.432976197848489366e-05
2.426926821879349326e-05
2.413549102958991181e-05
2.410417136479720143e-05
2.402740486496877909e-05
2.395644141925381965e-05
2.384712567740271313e-05
2.375019535043179910e-05
2.372602002726870537e-05
2.366327163058033349e-05
2.356215465307999723e-05
2.350691662523873946e-05
2.334081886292909035e-05
2.329510747575207978e-05
2.323035295975263165e-05
2.314003518256222181e-05
2.307577043065280563e-05
2.290852218020390425e-05
2.286079711451379415e-05
2.279215679235186939e-05
2.266336316735518002e-05
2.260329213539370602e-05
2.249305476261983993e-05
2.245027866274223116e-05
2.232509177705790154e-05
2.225034259818396535e-05
2.222223287462326638e-05
2.220703310696657277e-05
2.214419199030227096e-05
2.207581938189437737e-05
2.202713133247230655e-05
2.200454943984321649e-05
2.190919203699851942e-05
2.186646604796431309e-05
2.182775251069643169e-05
2.178819469433009769e-05
2.173919686680415912e-05
2.164809452755278433e-05
2.163480253236321982e-05
2.160689239459447219e-05
2.154895686885469741e-05
2.147741896881759068e-05
2.144239299198311173e-05
2.139320765274079365e-05
2.138539106715369259e-05
2.135182948974304271e-05
2.128907501888359748e-05
2.126971531519788173e-05
2.122047103420287044e-05
2.116149905086772798e-05
2.113497595113129920e-05
2.110962422655669280e-05
2.102469800219097947e-05
2.100993761406478327e-05
2.099135471949903968e-05
2.093157431952920688e-05
2.089548957035405993e-05
2.079613142052038642e-05
2.075951493789830334e-05
2.072643609494914801e-05
2.067773220654472982e-05
2.064507141630585215e-05
2.061083507593371698e-05
2.055740316971013448e-05
2.053737087644876726e-05
2.046774946861974607e-05
2.043829130469032704e-05
2.041563871346841342e-05
2.038203286450072146e-05
2.032551717161273789e-05
2.027532265292589689e-05
2.023970558863357545e-05
2.020121050395895512e-05
2.012984829277578923e-05
2.009509580477606907e-05
2.006244015658178453e-05
2.001075541334662521e-05
