7.451120870606238645e-06
7.451120870606236951e-06
7.451120870606235257e-06
7.451120870606238645e-06
8.376251522271390489e-26
9.532714659342294118e-26
7.451120870606240339e-06
7.451120870606234410e-06
7.451120870606238645e-06
1.789100452062513221e-24
7.451120870606242033e-06
7.451120870606242880e-06
7.451120870606242880e-06
7.451120870606241186e-06
1.207267301418843646e-29
7.451120870606241186e-06
7.451120870606241186e-06
1.022299678446818660e-26
7.451120870606244574e-06
7.451120870606243727e-06
7.451120870606243727e-06
7.451120870606245421e-06
7.451120870606242880e-06
7.451120870606236951e-06
5.101539448293568110e-22
5.393144664517016368e-25
9.525321483828016965e-27
7.451120870606243727e-06
7.451120870606247963e-06
7.451120870606244574e-06
7.451120870606242033e-06
2.504059057342795716e-23
7.451120870606244574e-06
7.451120870606236951e-06
7.451120870606241186e-06
1.063429653047848943e-38
3.330194807900099350e-38
1.130481003800467370e-38
2.548559472922585568e-38
2.349842629349923621e-38
5.563449468791026361e-39
9.598973912274789027e-39
2.985403208300867632e-39
1.473047523282550605e-38
1.401289824524866646e-38
1.589755288645096747e-38
3.417569742234361372e-39
1.254018622795865133e-38
8.721786125665138685e-39
1.006315229390700938e-39
3.128278029124836415e-39
6.196608710011351523e-39
8.040828343881750106e-39
8.668422796416881762e-39
8.622557166738381385e-39
4.325686126426690011e-39
6.884050418944125242e-39
5.436656269757447326e-40
6.838504974622925646e-39
2.685321447518153676e-39
5.114078632463992875e-39
4.194360369674917349e-39
3.424590883697493768e-39
1.071624470494309113e-39
6.006446899211733139e-39
5.509377901328749745e-39
2.532507998883574265e-39
3.656554454513016878e-39
5.248030260585017474e-39
4.432682020023027947e-39
1.105950537588481661e-39
9.622621215724002695e-40
3.708726771392903245e-39
2.384191316513782678e-39
4.123090947329713917e-39
3.477064742238344380e-39
4.060720493861034250e-39
1.869795728873386614e-39
3.629125576858840057e-39
3.569999324826064655e-39
2.895313175016343004e-39
2.309713060892682725e-39
3.378789173948345781e-39
2.867251764596259538e-39
2.966734250271042138e-39
1.583690956811963476e-39
3.065129875716313792e-39
2.801378304156774080e-39
2.441542325607464543e-39
2.108328344193933822e-39
1.941377124928344769e-39
7.565312223340616010e-40
1.427764181418314374e-39
4.356225365489930229e-40
7.406109853509238920e-40
8.138994005442022867e-40
6.729707223749512671e-40
2.028159087389895205e-39
1.145198486175776172e-39
1.109433637209966872e-39
