3.145286648765577894e-05
2.896308700929087909e-05
2.730033486205995870e-05
2.705060054020050168e-05
2.695794816881469247e-05
2.681374562372201473e-05
2.662313822077363865e-05
2.614051909530293644e-05
2.609616456382153599e-05
2.601755009518737688e-05
2.593704355345268314e-05
2.581399330660295676e-05
2.568982038268159525e-05
2.561311086928118357e-05
2.529427113606047447e-05
2.522922533201394786e-05
2.515921718731136954e-05
2.501624947661244949e-05
2.489983605638871480e-05
2.474543626232122189e-05
2.450079772020086571e-05
2.445829196822413908e-05
2.436122370488080438e-05
2.432251880883033718e-05
2.422864939005568163e-05
2.412500727776485749e-05
2.410325154865932632e-05
2.404742577265578163e-05
2.395812447327906215e-05
2.387735293293949445e-05
2.376444333096210164e-05
2.371016600611805706e-05
2.364139378275108955e-05
2.357175649009024429e-05
2.347528024184949627e-05
2.339551301007691255e-05
2.333248261828823860e-05
2.323062139670777743e-05
2.312479875380409695e-05
2.300961441635779062e-05
2.293197033863928432e-05
2.288083057175751723e-05
2.278534257529514370e-05
2.268018968988858277e-05
2.257299458713292792e-05
2.250670358215473734e-05
2.243965717831309382e-05
2.240978283511207414e-05
2.227308793263270068e-05
2.223295320291701551e-05
2.217718701872270053e-05
2.213216419989025776e-05
2.209693704099591999e-05
2.201516244219108519e-05
2.197111053393027553e-05
2.195729498786855389e-05
2.186885498795817663e-05
2.181758812111315822e-05
2.175787988260817829e-05
2.171932789278249889e-05
2.166750510503074969e-05
2.163635668795904645e-05
2.160161187706134613e-05
2.154884075541172998e-05
2.148670129821850304e-05
2.144001857902202315e-05
2.141758335944615260e-05
2.137940788522863742e-05
2.133082584323446276e-05
2.129420006313971310e-05
2.127056235973318711e-05
2.121936753879278076e-05
2.117501824835116360e-05
2.111987344907056689e-05
2.107677792375879585e-05
2.105720097052451211e-05
2.100944132318816333e-05
2.097404176865118978e-05
2.093019828510174176e-05
2.086227299234153597e-05
2.083172914245921045e-05
2.077097472215047228e-05
2.072290195337704659e-05
2.072643609494914123e-05
2.068295792487470663e-05
2.060066691197793586e-05
2.055726444732670059e-05
2.052597277373866089e-05
2.046385818045979763e-05
2.044939520277219038e-05
2.037583188593791297e-05
2.034577312342876734e-05
2.032926861575550477e-05
2.028650411738585154e-05
2.025442636145670557e-05
2.021188629655413979e-05
2.018593113980244314e-05
2.014000117450061140e-05
2.011457017437933025e-05
2.002412273738428196e-05
