6.102164768949785989e-04
5.985397457572603445e-04
4.204902763913906036e-04
3.890452500832760003e-04
3.826542003602084177e-04
3.790558135874793374e-04
3.710767876734102975e-04
3.542379575535004434e-04
3.544628482063478191e-04
3.415120227078535884e-04
3.407357714207302421e-04
3.347304217897556174e-04
3.293874433998121424e-04
3.100231586215546759e-04
3.022721534542083472e-04
3.005127521633244210e-04
2.962066910757957944e-04
2.954200502948261522e-04
2.938668057037689425e-04
2.911239514957554065e-04
2.883930588307240532e-04
2.879177737173075637e-04
2.865082811403295380e-04
2.850724280864244740e-04
2.843770626105251000e-04
2.823437949194728606e-04
2.818186952974416695e-04
2.803330288862085438e-04
2.791816997609582532e-04
2.774406168543473326e-04
2.761546383912760663e-04
2.741595017725130816e-04
2.726813981959634397e-04
2.726221607975408976e-04
2.717900191933427683e-04
2.716477765101812112e-04
2.709655553066600488e-04
2.697215688516224922e-04
2.694435427106202743e-04
2.684616660505531474e-04
2.664008539678200936e-04
2.657441960409538109e-04
2.653727349942520855e-04
2.639801332162692638e-04
2.637778478709916562e-04
2.618052905800896581e-04
2.614244316382218652e-04
2.610896014423886159e-04
2.609072749624802485e-04
2.595529041983168309e-04
2.592987577831432381e-04
2.585168175816616900e-04
2.579861967819663520e-04
2.569202078107825252e-04
2.561383599570917413e-04
2.552429808936497587e-04
2.549952206123953704e-04
2.542238499022750038e-04
2.534042611429403223e-04
2.526486056646590618e-04
2.520059577024447162e-04
2.517845709428893344e-04
2.510746667129363802e-04
2.502456501192019760e-04
2.493906262657179912e-04
2.492762068166902282e-04
2.487567506594547768e-04
2.485322884438633971e-04
2.471857048947695879e-04
2.467145591688090574e-04
2.465132777324308198e-04
2.456410804414786752e-04
2.454534164318492051e-04
2.447929937082777966e-04
2.446407320247577207e-04
2.438908129204534706e-04
2.435155656736015225e-04
2.426605177302822137e-04
2.422941174920649541e-04
2.416883121071454607e-04
2.416622362335186592e-04
2.409986411053006549e-04
2.403911633788504429e-04
2.401632194022006422e-04
2.396789559702057785e-04
2.390221702206533851e-04
2.389722963665168870e-04
2.375858369984771559e-04
2.373864206922689918e-04
2.369404992119901238e-04
2.368875452952339043e-04
2.360470318156092547e-04
2.357609465111385697e-04
2.354909923023497831e-04
2.350251034840595448e-04
2.341021214890874830e-04
2.339292208268271909e-04
2.330011020008421402e-04
2.328101041926047008e-04
2.325057732940945948e-04
