7.266720371454483225e-04
2.956414853487369736e-04
2.239407445551771158e-04
2.181698311404335134e-04
2.172801275973777659e-04
2.130947868707952096e-04
2.104338548366584323e-04
2.063343899907401616e-04
2.058831398658563308e-04
2.030075538253799821e-04
2.026998608927859920e-04
2.006965646820653394e-04
1.995744534864999763e-04
1.988472042838507019e-04
1.955941083876587094e-04
1.949899838609264714e-04
1.945591071105357104e-04
1.928515328093160228e-04
1.910829230929781926e-04
1.902791406866771100e-04
1.898322422388801266e-04
1.890618609505358508e-04
1.887059185440139657e-04
1.866158117285979950e-04
1.858407276441241226e-04
1.846092783246976198e-04
1.838792259753497529e-04
1.832053340986125503e-04
1.815492863322026374e-04
1.812940740430558418e-04
1.803330122190710473e-04
1.799199352898356882e-04
1.793268160100545548e-04
1.786199621054651804e-04
1.769094122522960717e-04
1.767977728050627764e-04
1.754924847428844970e-04
1.748981640991468058e-04
1.737674242281620309e-04
1.731512476749983451e-04
1.729066966483871852e-04
1.717425413753410240e-04
1.711779009908939036e-04
1.704853252568122113e-04
1.698622254810187653e-04
1.693204689484136417e-04
1.685392928718556398e-04
1.679405503433911337e-04
1.672300729583854097e-04
1.666937687763791294e-04
1.655989389781159461e-04
1.651689082808701270e-04
1.649997530092585547e-04
1.641667296360930129e-04
1.636963204720755390e-04
1.626236038851001063e-04
1.620601902433785086e-04
1.615177198302357746e-04
1.613232557486276794e-04
1.607049223906628036e-04
1.602944970188179550e-04
1.597059226016075549e-04
1.593107112019475854e-04
1.582364579506369056e-04
1.581321179670222012e-04
1.577614201632680790e-04
1.571942255142760219e-04
1.567243178545651094e-04
1.563332630484993600e-04
1.557834835635487909e-04
1.555402803881617089e-04
1.547220477081083653e-04
1.544048909007248230e-04
1.542758617651057229e-04
1.539242885260727969e-04
1.537682066940557061e-04
1.535745638158011388e-04
1.531627197477099809e-04
1.528498571378145415e-04
1.525563671250105755e-04
1.523245807351078843e-04
1.517329949735024498e-04
1.514498358534802406e-04
1.512957033672833018e-04
1.508244258321784971e-04
1.502914258363934519e-04
1.501303697744840640e-04
1.497934686752292485e-04
1.493866789875215309e-04
1.493074906420506140e-04
1.491044469532345964e-04
1.487382954538576257e-04
1.484843506360944020e-04
1.480869656186725508e-04
1.479511516305072837e-04
1.476852951770666472e-04
1.476029746094007931e-04
1.473061127187366768e-04
1.472058193979849537e-04
1.469243691321996516e-04
