6.727140888249745401e-05
6.086540119340513123e-05
6.026657972013096492e-05
5.903731786258179339e-05
5.852073811464620848e-05
5.789190902329287590e-05
5.731996196754642335e-05
5.667651155266017387e-05
5.646742764024864511e-05
5.603925808718647928e-05
5.585088885465677033e-05
5.527589150097022934e-05
5.495358389921615550e-05
5.473684992937847649e-05
5.442086453069948154e-05
5.414904690465293128e-05
5.391674963006704924e-05
5.379475381408348092e-05
5.356361930285728274e-05
5.328762202588173684e-05
5.314875423821512383e-05
5.301743140476211701e-05
5.285522052754593273e-05
5.267051520831962625e-05
5.257743387204680534e-05
5.238761634728889900e-05
5.224000477010278464e-05
5.203122381274316339e-05
5.194819469095585308e-05
5.171203657122666722e-05
5.156121773285639244e-05
5.148612810884080452e-05
5.126542380294486377e-05
5.104928180938287551e-05
5.095443579575314943e-05
5.085988888069477304e-05
5.072756454928050378e-05
5.055467983882421022e-05
5.041044489843702009e-05
5.035943173932990515e-05
5.023785274085117814e-05
5.009167571688869148e-05
4.995053989347212042e-05
4.984039308615688347e-05
4.967196063750491298e-05
4.960074772667427787e-05
4.947353145119067109e-05
4.931494650048461292e-05
4.925470792171998289e-05
4.914273161252730632e-05
4.900496322730949882e-05
4.890178686943745149e-05
4.879888438985688272e-05
4.867240989337583048e-05
4.858964701359322710e-05
4.847554247199856110e-05
4.835735415487743978e-05
4.832806817269072740e-05
4.816852943032285501e-05
4.812296049362523189e-05
4.804139979756045088e-05
4.788661452698218666e-05
4.785791815221889222e-05
4.771708698706918352e-05
4.758966257707522449e-05
4.752473366968037506e-05
4.747489339187467285e-05
4.738044059462346544e-05
4.730447448405642868e-05
4.724259074491547500e-05
4.710002455594813556e-05
4.705001076304361914e-05
4.698584992693103832e-05
4.690896924773189160e-05
4.682446276562948425e-05
4.679135903664776320e-05
4.672304469963175209e-05
4.662170143663874592e-05
4.650159578665903588e-05
4.641176270503119175e-05
4.637751218964433487e-05
4.622536810990277435e-05
4.619945016459656747e-05
4.616324883705595969e-05
4.593026651231754773e-05
4.588771081845776745e-05
4.584619886507067255e-05
4.573704824410737779e-05
4.571631157748721385e-05
4.561582534891730578e-05
4.550048063285025933e-05
4.539744787634932200e-05
4.533434687972948606e-05
4.530638887181910075e-05
4.526332038704816008e-05
4.516623891592578784e-05
4.510949656789848574e-05
4.494734006476638736e-05
4.491233464064739970e-05
4.489333575800246785e-05
