7.451120870606239492e-06
7.451120870606230175e-06
1.150485456236149282e-39
2.826316472500299858e-40
1.334873040692108960e-40
4.317383390461002304e-40
3.674116685523208471e-40
6.832527556700649241e-41
3.690763181341709994e-40
2.372972431665053727e-40
3.540109878761866689e-40
3.800679699204313863e-40
2.391511447978883682e-40
1.175118221890880943e-40
6.666955889168213331e-41
3.572272599588213292e-40
2.839895242571891172e-41
2.954895314849376132e-40
3.508182083903601341e-40
2.624467194222793201e-40
1.162071338592955669e-40
2.184665705758538737e-40
2.032571801079416990e-40
3.222320411091536869e-40
1.818025524992060142e-40
1.583545388416468534e-40
1.867376259746876051e-40
3.166308792302590727e-40
2.668953072435352827e-40
3.123429400289527781e-40
2.973415098322890875e-40
2.679594542266497928e-40
2.063201135997854763e-40
1.577272115121587376e-40
7.292999794556563144e-41
1.878034091086050945e-40
3.114031387207995915e-40
2.992165086269103797e-41
5.915264296893521845e-42
1.215863992482511183e-40
2.573507960144515742e-40
2.278262558239580397e-40
1.902575020379409383e-40
4.795711676886244276e-41
2.245587570802798302e-40
5.874706318620048441e-41
1.318390248940349655e-40
7.002689512180259011e-41
-1.039182306103754521e-41
5.589945831209431478e-42
1.118735860966341716e-40
2.939026922721088385e-42
2.821241392929966177e-41
5.552905869196858145e-41
6.397477671219673493e-41
1.713701874356317019e-40
2.578414940397372531e-40
2.716652309613374410e-40
2.660138288573554524e-40
2.646353124839777145e-40
2.425279830409580485e-40
2.076785533002985229e-40
2.557509448729299280e-40
1.496317857207201914e-40
4.392846466696543922e-41
2.777744732493314408e-41
1.086603758731225883e-40
8.247856247020635527e-41
1.379319414880035229e-40
2.175614702448939978e-40
1.531436307384823483e-40
1.740944181468433233e-40
1.790191460100136758e-40
1.297524869172620592e-40
5.578818689190139457e-41
1.560315331082964580e-40
2.194548113365661648e-40
1.604422841524034313e-40
8.335875928705540333e-41
9.651915795436234941e-41
3.366240805626268065e-41
2.480481810936038270e-41
1.099807298456297458e-40
7.866248004429593272e-41
1.343948163682194719e-40
1.804939227988976999e-40
1.901321233632556936e-40
2.081274324195037463e-40
1.991848965996678886e-40
1.512742913072704165e-40
1.901926104765875209e-40
1.745389573803563110e-40
1.417586301108539648e-40
1.557098789242932646e-40
1.377497202547291888e-40
1.283490297988492466e-40
9.607844533001523917e-41
5.934615177668671650e-41
1.664509846592805184e-41
3.899912224117396078e-41
