9.891991809625232460e-04
5.236229390816868248e-04
4.568843512879328366e-04
4.163487348197704397e-04
3.981102002005156926e-04
3.956548040156103322e-04
3.792904566618806824e-04
3.604776681299074630e-04
3.500422806364571139e-04
3.486383724694051638e-04
3.350175394657424303e-04
3.342204534346390472e-04
3.271761595024552292e-04
3.187023820321424920e-04
3.046428168982180575e-04
2.997399525428232482e-04
2.962696615124199204e-04
2.958825025178643672e-04
2.911596374020119582e-04
2.908069784718020703e-04
2.878005894663082328e-04
2.860336804784144923e-04
2.851347676455088837e-04
2.825049162222942594e-04
2.815847827409540633e-04
2.790000070901996350e-04
2.784622739256517924e-04
2.757765763041721734e-04
2.741669950403300836e-04
2.735114529833090565e-04
2.720727828145695073e-04
2.710375329090334846e-04
2.698826320981824868e-04
2.697140490887131830e-04
2.692725703324604916e-04
2.679646689983352834e-04
2.678806694708286171e-04
2.665479155546309235e-04
2.664728524501837033e-04
2.644710767492981698e-04
2.644707071734517896e-04
2.631103571809391699e-04
2.627391909906279417e-04
2.618428961111010449e-04
2.606863794310977514e-04
2.605627703307725218e-04
2.592171105800555918e-04
2.588608287297031597e-04
2.582054339684221366e-04
2.580325325960175801e-04
2.574632060300980230e-04
2.563331400295825748e-04
2.561119026719888068e-04
2.551140843501170305e-04
2.540446834446874361e-04
2.539868409231896881e-04
2.529533898601582509e-04
2.528742019219621610e-04
2.517249922837762961e-04
2.513608674149819702e-04
2.507436376566439529e-04
2.502259401713629325e-04
2.496087341934809809e-04
2.488819371018586267e-04
2.485271111409835835e-04
2.479985177924817763e-04
2.469029637173744728e-04
2.463999568318675460e-04
2.460050055770666814e-04
2.458154564023249267e-04
2.449267881230896503e-04
2.444487166860327600e-04
2.441402468891594566e-04
2.433528821976009787e-04
2.428457377327717325e-04
2.423523303734804308e-04
2.416582365257067177e-04
2.414512241610373099e-04
2.408051915569128245e-04
2.408286128977408385e-04
2.395171358733162508e-04
2.392507352171101894e-04
2.386755243620642276e-04
2.383686058006765556e-04
2.375768129737613934e-04
2.373856106923720563e-04
2.369645309609165538e-04
2.367358674989076042e-04
2.359361075106782425e-04
2.353603975815401963e-04
2.350337065627328256e-04
2.349155539796214903e-04
2.344876636970830977e-04
2.338213427785947572e-04
2.334686855516842903e-04
2.335296572977577870e-04
2.328943979409911502e-04
2.325618291245181725e-04
2.322545317616914998e-04
2.316251226907921834e-04
