7.451120870606240339e-06
7.451120870606247116e-06
7.129256523219496096e-39
6.532741593474884658e-39
6.817938203253210951e-39
2.055878440062177776e-39
6.325284975578070664e-39
4.987341231119615392e-39
3.855556089588190866e-39
6.086637056740133017e-39
3.980997047320223204e-39
9.989396199304020897e-40
2.102307017243802730e-39
4.014708392835918944e-39
3.690339734986399334e-39
2.538130573233166157e-39
8.188095856234372158e-40
3.206539025019368464e-39
5.202232733799065175e-39
1.772166390724911583e-39
4.834726970562929033e-40
3.450963605835607889e-39
4.743364578732696645e-39
2.614780358041883891e-40
4.338048213173472848e-39
4.392320989791393581e-39
4.646513640635049162e-39
3.886834395387500053e-39
3.668237955941869576e-39
2.804679681977420379e-39
4.709625778618000749e-39
7.308403139798205480e-40
2.109546432840325752e-39
2.396670237984118012e-39
3.706333454278455621e-39
3.709036494529180570e-39
8.861523026832351136e-40
9.562528559504284471e-40
3.891444834455752657e-39
3.415139570181630477e-39
3.521101621003874071e-39
3.610498282916318154e-39
8.835152060332738566e-40
1.721390330805479729e-39
3.695435024129864016e-39
2.196813786565270146e-39
1.811011501890641925e-39
3.734128451346175551e-40
3.325885056189246845e-39
2.593702002733291370e-39
2.322517991767731048e-39
3.090733162687915940e-39
2.903854344110379517e-39
1.817229810264251049e-39
1.326164082011068559e-40
1.558262202381739473e-39
2.661813958902811521e-39
2.804937954074297324e-39
6.085458144007869083e-40
1.035218937065113062e-39
1.607972975392677238e-39
4.102628932859787029e-40
2.077498313691034531e-39
3.516799299270393501e-40
1.458941973244060893e-39
2.087035746434445415e-39
1.975216821026872132e-39
2.212827662615383733e-40
4.700847615908074470e-40
1.267510837169274071e-39
1.420190269378298856e-39
2.864310996522988263e-40
2.306928826169011254e-39
2.255428453654207784e-39
2.097674164890151858e-39
2.263888744196795809e-39
2.289411684202313848e-39
1.385273728127979356e-39
1.709014499142610481e-39
8.105334810052694114e-40
2.263644743205599305e-39
1.457682411685117231e-39
1.904398079852398083e-39
1.866102452865672730e-39
1.772866331927136503e-39
1.595496321866246026e-39
1.599683323353727041e-39
1.389434331182778707e-39
1.443349891445240950e-39
1.325864244307512910e-39
1.034289818718134064e-39
8.263860762392564639e-40
9.102333953936220228e-40
4.114632957414645341e-40
5.123129021593554465e-40
6.426444944129111739e-40
5.070914907875215597e-40
1.298368555959630604e-40
3.128999715281773925e-40
1.374931546640788204e-40
