2.267942151106576909e-04
2.174711709733604748e-04
2.155581308415419994e-04
2.133270064802912918e-04
2.097483812058598184e-04
2.087685330538192560e-04
2.056887799688928169e-04
2.050924332025267282e-04
2.033477333472804064e-04
2.021849811668793254e-04
2.006936961704651045e-04
2.000208583369807820e-04
1.989194736827414251e-04
1.978865615414558134e-04
1.956250886449174679e-04
1.954172926798658874e-04
1.929653257579499862e-04
1.921372920992612762e-04
1.908500954821850694e-04
1.897964836379332739e-04
1.895352631636858102e-04
1.887281555533852899e-04
1.873797357682096740e-04
1.856144867736155175e-04
1.851073477256850531e-04
1.844146335267584649e-04
1.828692262534169623e-04
1.821658020765993939e-04
1.816276131713207259e-04
1.801142295296038098e-04
1.790903988984215588e-04
1.782087066126959935e-04
1.780651054155128906e-04
1.766632314186586763e-04
1.759643304849549655e-04
1.752740345732281535e-04
1.748711355601572292e-04
1.743269456851311808e-04
1.737377233806619104e-04
1.730326371135540724e-04
1.727464041887025431e-04
1.718940643151286262e-04
1.713010554715263035e-04
1.708687567992799191e-04
1.697699371292874535e-04
1.687757039823946186e-04
1.683579455105612582e-04
1.669492484312128881e-04
1.667031959875462939e-04
1.659919849681211338e-04
1.657809371494247687e-04
1.649725905374148317e-04
1.647041250043297504e-04
1.638784888136325614e-04
1.630991020759086708e-04
1.626667252340823736e-04
1.619902327763867204e-04
1.616476065073635165e-04
1.610135153768666426e-04
1.605480467352472318e-04
1.602371892002118711e-04
1.598628495806422823e-04
1.588744915303052379e-04
1.585879031393335468e-04
1.579093536672874002e-04
1.577927140148231201e-04
1.572633495397966178e-04
1.567554644962172185e-04
1.562980285179866105e-04
1.561494407929015134e-04
1.552582312707244643e-04
1.550760339402782449e-04
1.548342370884387136e-04
1.543713114431214718e-04
1.536179356992683554e-04
1.533848562992975355e-04
1.530838094348360636e-04
1.526898172130761687e-04
1.523650519645664480e-04
1.519723879728717938e-04
1.518302022570123145e-04
1.512286156025421100e-04
1.511021924202901687e-04
1.509182484921476697e-04
1.507098161123672845e-04
1.503367629444487662e-04
1.501162517505995038e-04
1.496521636639166033e-04
1.494337542588039373e-04
1.493352630882447990e-04
1.490006865312932030e-04
1.486548261052440161e-04
1.481512921353589926e-04
1.478158051609438381e-04
1.476908940344195660e-04
1.474106602510748959e-04
1.471641566383172825e-04
1.472643792655970688e-04
1.467682609325669503e-04
1.465519738009124387e-04
