8.567461730668050421e-23
7.451120870606239492e-06
4.080805780712634973e-23
7.451120870606250504e-06
7.451120870606236951e-06
7.451120870606249657e-06
7.451120870606233563e-06
7.451120870606241186e-06
7.451120870606251351e-06
7.451120870606250504e-06
1.260215467640125443e-25
7.451120870606241186e-06
7.451120870606243727e-06
7.451120870606244574e-06
7.451120870606243727e-06
7.451120870606233563e-06
7.451120870606237798e-06
7.451120870606235257e-06
7.451120870606237798e-06
2.641288103714285190e-28
7.451120870606245421e-06
7.451120870606237798e-06
7.451120870606247963e-06
7.451120870606237798e-06
1.603510432746276529e-26
7.451120870606241186e-06
7.451120870606237798e-06
9.238483359828677548e-28
7.451120870606240339e-06
7.451120870606238645e-06
7.451120870606232716e-06
7.451120870606238645e-06
3.109406385856931861e-40
2.741507187423111992e-40
8.979318205145434492e-41
1.893456360368851618e-40
2.515319349871161697e-40
2.648007359536056092e-40
1.974706853593426420e-40
1.089609689345054544e-40
2.441771692961264815e-40
1.811309265344213694e-40
2.073677211647813185e-40
3.362816851047243288e-41
1.220531299432225376e-40
4.210318801562028516e-41
7.428918139384909150e-41
1.027465812601579448e-40
7.881411324342589112e-41
-1.081384104005472259e-41
3.491490824878120931e-41
1.301207199571753349e-41
5.405939143621322767e-41
-7.949937822564177697e-43
1.354522697770369090e-40
1.262673840561923904e-40
9.922477915285839136e-41
5.254550969439701875e-41
7.161084790904088392e-41
1.319395309760572363e-40
1.478766731378387397e-40
1.895027395878035894e-40
8.533227355397919344e-41
1.815886940910584953e-40
-1.139101495174685450e-41
1.535373788304688398e-40
2.124369971744047758e-40
2.002613408620759746e-40
1.343777888836878286e-40
1.628591835935738987e-40
1.909085296303536020e-40
2.149728546431918329e-40
1.622636845251957240e-40
2.046889025208595614e-40
2.026911635301223567e-40
1.985408038753041689e-40
9.929826159235208387e-41
8.094592286645644572e-42
4.441726379336238980e-41
1.156033327646912065e-40
1.417736899407513881e-40
1.085358650870463365e-40
1.807398452111433269e-40
1.335291767531963004e-40
1.591081062430404780e-40
1.655724270512907530e-40
5.931376368279133850e-41
1.462061849655673017e-40
1.379326736114868912e-40
1.435828255984088662e-40
1.384360232451318275e-40
1.231439150308322184e-41
1.295136976415275934e-41
4.167960793988070696e-41
1.150725977907647253e-40
6.892199956086036904e-41
1.091636993339569076e-40
8.432732396561336630e-41
8.285113201735177628e-41
3.814629801116830877e-41
