7.544114172116157032e-04
4.736723155756119891e-04
3.822187998469355700e-04
3.613393276705478309e-04
3.521258128089870074e-04
3.369123102318269652e-04
3.264113681171879663e-04
3.198993965802417985e-04
2.913250182175754991e-04
2.865237126463717181e-04
2.768613939143805972e-04
2.756155782032594648e-04
2.717844396007927372e-04
2.686205645611924593e-04
2.663621676058902351e-04
2.640576300235807192e-04
2.636890570831036543e-04
2.617545596204183663e-04
2.598535870241856023e-04
2.585677168886643912e-04
2.581526518828696696e-04
2.571709726599814535e-04
2.543891805441222346e-04
2.534289426784216916e-04
2.522824445115209565e-04
2.515836997492509408e-04
2.501341349434115348e-04
2.491108346957459307e-04
2.481035124348955211e-04
2.472546443004862557e-04
2.464506649894728299e-04
2.449538398558154923e-04
2.437949551874716301e-04
2.437180255832675194e-04
2.426344334146109854e-04
2.425507911818536885e-04
2.417598170454998338e-04
2.402835124113606737e-04
2.391254693600970921e-04
2.386051604062145663e-04
2.379374722123727694e-04
2.375829485828795796e-04
2.368397847325306657e-04
2.361785470246585087e-04
2.355490650181734800e-04
2.349670878664675353e-04
2.340408914877827127e-04
2.333317276475242177e-04
2.325627557129512967e-04
2.316982801913400629e-04
2.313137167612149957e-04
2.304689031983019054e-04
2.298824788346192998e-04
2.288150195970388868e-04
2.278948856100443344e-04
2.270230191411444509e-04
2.269042135540459150e-04
2.265895016364999391e-04
2.258279453298325660e-04
2.255632929235264672e-04
2.252994346627107847e-04
2.245196682068949907e-04
2.241098696554788474e-04
2.238845542096935316e-04
2.226182440794615596e-04
2.219464005944456013e-04
2.219795378394075018e-04
2.214691583958182614e-04
2.206471005779652578e-04
2.201644369216840692e-04
2.196977471493678541e-04
2.190799156727664865e-04
2.187292184995134848e-04
2.186928034302956672e-04
2.180559906724916441e-04
2.172790143133511952e-04
2.171605224544111016e-04
2.168536182032685300e-04
2.159292458743900607e-04
2.156645347643026240e-04
2.151523323360595265e-04
2.140626991156981921e-04
2.143525519910896202e-04
2.144111592217050387e-04
2.132052159263249185e-04
2.129159444876442802e-04
2.124170388033791391e-04
2.121378444027183935e-04
2.113522554653922132e-04
2.110969213037937526e-04
2.106243368789978638e-04
2.103121038149106221e-04
2.102187752240827615e-04
2.100423192435048065e-04
2.095862614592641196e-04
2.092477955879842974e-04
2.086423780648153335e-04
2.082323738149207304e-04
2.079725769098951342e-04
2.078457392868090570e-04
