7.451120870606249657e-06
5.250745580461125726e-23
7.451120870606246269e-06
7.451120870606258974e-06
1.206302127577853306e-23
7.451120870606240339e-06
3.362039250930515330e-22
1.711198227318318969e-22
7.451120870606249657e-06
7.451120870606232716e-06
7.451120870606247116e-06
7.451120870606253892e-06
7.451120870606247116e-06
7.451120870606236951e-06
7.451120870606255586e-06
7.451120870606243727e-06
7.451120870606238645e-06
7.451120870606236104e-06
7.451120870606245421e-06
7.451120870606244574e-06
7.451120870606241186e-06
7.451120870606247963e-06
7.451120870606241186e-06
7.451120870606239492e-06
7.451120870606241186e-06
7.451120870606244574e-06
7.451120870606242033e-06
7.451120870606240339e-06
7.451120870606240339e-06
7.451120870606238645e-06
1.551466301337170485e-26
2.442706084671953914e-23
1.298610671047018178e-39
3.524184242603086143e-40
3.305433903298859592e-39
2.772891036135774690e-39
2.729787077759023223e-39
2.151000703418299643e-39
1.628068895913146855e-39
6.955352109391499829e-40
1.953113194999232784e-39
1.721165670605708140e-39
2.324255712461074030e-39
3.142641209863291097e-40
1.724517548151386769e-39
2.380334118953836373e-39
5.453665965777700667e-40
1.592968942679496764e-39
2.021317775014035251e-39
2.058940883117233757e-39
1.765387634757022207e-39
4.973845871298523340e-40
2.346500956387632271e-40
4.836196130298159239e-40
1.112023696898797220e-39
1.239322725621670821e-39
1.288281190464748218e-39
1.291146316468646323e-39
9.373065801270757208e-40
2.447659357302619664e-41
1.012306627065612028e-39
5.242608032769518119e-40
5.138720995747581421e-40
9.648359363672151780e-40
6.494756236464419294e-40
1.073584912812070263e-39
6.706568383750583156e-40
8.071412752854442974e-40
9.303295907765313775e-40
5.699475408847507312e-41
8.504281592649537055e-40
8.801833777017463750e-40
8.617894925213735566e-40
6.972752519958913734e-40
3.280225618995929384e-40
4.560647239537756742e-40
7.957778946934030146e-40
6.846190277362122122e-40
7.430487206691437690e-40
7.379606900343627170e-40
4.780573552627095002e-40
6.696406193662882690e-40
5.274798265461978736e-40
6.016343308090171741e-40
6.360777400082338882e-40
4.966226134391064931e-40
1.648567251864658108e-40
3.468456491860169406e-40
5.065872017988745900e-40
3.672587036849376200e-40
4.540861858924327316e-40
3.325760087725931176e-40
1.365974737093836343e-40
3.229519901839225054e-43
5.310846555507841773e-41
3.050634995764725698e-40
1.174216756698402475e-40
1.983165280663615074e-41
1.790289558090166469e-40
1.354094024986220601e-41
