1.351798043814727538e-04
1.307663731845138506e-04
1.176973582117015203e-04
1.156069503859257505e-04
1.151314490460135276e-04
1.146854463062443798e-04
1.137320144899219454e-04
1.118672624345614188e-04
1.115655732709097941e-04
1.114196898441278781e-04
1.105535501476914917e-04
1.096548639284212920e-04
1.093412980665221703e-04
1.085910111025140541e-04
1.080790381306933657e-04
1.079866487333642615e-04
1.074242127279761646e-04
1.069756223050176549e-04
1.067008613811104063e-04
1.064344699026662210e-04
1.059234577525441982e-04
1.055838684970463023e-04
1.052066021217326093e-04
1.048935740382601634e-04
1.046149395919712422e-04
1.041957603244451420e-04
1.036554168360537476e-04
1.035228840782498870e-04
1.031769901871523542e-04
1.029763891147902324e-04
1.022760922598660554e-04
1.021120020882938941e-04
1.017257106096398629e-04
1.014496050511674635e-04
1.011241143960011653e-04
1.009810343662203875e-04
1.006839361107166644e-04
1.002609706915032976e-04
1.000962279494793184e-04
9.988027583704410940e-05
9.960501609148783521e-05
9.952325662715102344e-05
9.914657254672163788e-05
9.905412017954370245e-05
9.856262306124801743e-05
9.823169294663442819e-05
9.808775658868263921e-05
9.788947700658547340e-05
9.774879444198974576e-05
9.734225932811077454e-05
9.702392822648743618e-05
9.686316422960608097e-05
9.662566283638102842e-05
9.642752750221191796e-05
9.612315507337212679e-05
9.597828075906432107e-05
9.579682109562067001e-05
9.558746293570300086e-05
9.547488390181641904e-05
9.519860259510894921e-05
9.488681446168351996e-05
9.481080530371099923e-05
9.470525899230973087e-05
9.436275946291566743e-05
9.413314552266488337e-05
9.391451918861300945e-05
9.374535015797373367e-05
9.353212229209147718e-05
9.328130783734346967e-05
9.316607838405670055e-05
9.296736781357386179e-05
9.265683026731427979e-05
9.244552255383124706e-05
9.222873935825121636e-05
9.209806545986259907e-05
9.202863165094656136e-05
9.189523746706626116e-05
9.175005102393976022e-05
9.150908032362627088e-05
9.129476937415738434e-05
9.116770808239504844e-05
9.101954757454953622e-05
9.087267422244254482e-05
9.082445890606826648e-05
9.062388192472608161e-05
9.046422336957822519e-05
9.031396454820890985e-05
9.019959728523813623e-05
9.006704010441774215e-05
8.994128998638109757e-05
8.970875128273714141e-05
8.958962945789152997e-05
8.931989248091481753e-05
8.924745389312339840e-05
8.902771522552680730e-05
8.897522425021607421e-05
8.878585506096967213e-05
8.870799476713436425e-05
8.845908545159998019e-05
8.834165784845568199e-05
