2.575729387452295200e-04
2.251610079665917498e-04
2.179499394913583495e-04
2.150850095092408118e-04
2.133070286988647459e-04
2.106564828806835560e-04
2.070969810740588629e-04
2.059240667153331979e-04
2.054526700397365960e-04
2.025135402907106397e-04
2.007420252427407693e-04
2.001142327646326707e-04
1.979439171744396529e-04
1.969040462704551024e-04
1.957954000145302258e-04
1.951532203440243239e-04
1.940903084567030849e-04
1.924894372745718642e-04
1.920760991219228910e-04
1.910505581986803210e-04
1.903211812705226497e-04
1.880783606749269338e-04
1.876533163942535707e-04
1.865175044435730977e-04
1.846101695243524646e-04
1.838788319279318479e-04
1.836246443053508957e-04
1.817523362339334135e-04
1.813383881590334705e-04
1.804676578906293900e-04
1.798495180430701031e-04
1.785272669020571709e-04
1.780785770820382953e-04
1.773149184057700302e-04
1.766202333817858746e-04
1.758094017843963317e-04
1.746690009513596957e-04
1.740170815736204960e-04
1.733758379254162537e-04
1.722801985044928154e-04
1.719389656317278777e-04
1.714003980787478815e-04
1.706244998517758538e-04
1.700540753299108426e-04
1.695231608915517732e-04
1.687587107013241525e-04
1.680157095185461937e-04
1.672137065236208443e-04
1.662924130205958731e-04
1.657391006967293904e-04
1.654382446604460476e-04
1.650575096162965657e-04
1.647490770622884126e-04
1.640033526845368435e-04
1.634232860899236667e-04
1.631631107839467368e-04
1.619675230066207079e-04
1.615184496208508938e-04
1.611851584737525084e-04
1.608053194793231534e-04
1.601505531703169695e-04
1.599001052278513455e-04
1.591052543493909300e-04
1.589175539910383291e-04
1.583741456906942620e-04
1.579973018469452237e-04
1.571290327404146201e-04
1.567903771220081769e-04
1.561407476342461576e-04
1.559181466292426362e-04
1.557133793353904965e-04
1.551726523235506968e-04
1.544496168922378384e-04
1.540819903988785542e-04
1.536199305145794186e-04
1.532192466072602045e-04
1.529786658557942601e-04
1.526622052341319858e-04
1.524112624273427704e-04
1.521534838247620518e-04
1.516702154943926648e-04
1.512988869251269972e-04
1.510599891916382875e-04
1.508694782223703494e-04
1.505670644993963535e-04
1.504227646775640711e-04
1.501903658602868059e-04
1.496085215546925765e-04
1.494151326329188538e-04
1.491871388272010437e-04
1.488611899461247977e-04
1.485732264407538586e-04
1.483659590858336398e-04
1.483310694788685677e-04
1.478594064675403392e-04
1.476060012052103794e-04
1.474016907347849826e-04
1.470722549846986563e-04
1.467986240064429119e-04
1.465469941760659913e-04
