1.545595895740821228e-05
1.417287411538579099e-05
1.376787613324165391e-05
1.376787613324169965e-05
8.759317921582047408e-06
1.490224174121259079e-05
1.490224174121259757e-05
1.490224174121259249e-05
1.490224174121252134e-05
6.221683055906282182e-06
5.702841019461543689e-06
1.490224174121258910e-05
1.290571992122693929e-05
1.290571992122693252e-05
1.290571992122688847e-05
1.290571992122691050e-05
1.290571992122692066e-05
1.053747600975133095e-05
1.053747600975142073e-05
1.205616682292468216e-05
1.205616682292472451e-05
1.205616682292460931e-05
1.205616682292463472e-05
1.205616682292466352e-05
1.205616682292462625e-05
1.205616682292464658e-05
1.205616682292464997e-05
1.205616682292473975e-05
1.205616682292457712e-05
1.205616682292465675e-05
1.053747619009265157e-05
1.053747619009257873e-05
1.053747619009266004e-05
1.053747619009262955e-05
1.053747619009257365e-05
1.053747619009257873e-05
1.053747619009274814e-05
1.053747619009271425e-05
1.053747619009258889e-05
1.053747619009261261e-05
1.053747619009259059e-05
1.053747619009260245e-05
1.053747619009263294e-05
7.451120870606277609e-06
7.451120870606266597e-06
7.451120870606247963e-06
7.451120870606273374e-06
7.451120870606284385e-06
7.451120870606280997e-06
7.451120870606286926e-06
7.451120870606300479e-06
7.451120870606297938e-06
7.451120870606286079e-06
7.451120870606299632e-06
7.451120870606327584e-06
7.451120870606314878e-06
7.451120870606326737e-06
7.451120870606326737e-06
7.451120870606242033e-06
7.451120870606302173e-06
7.451120870606336901e-06
7.451120870606329278e-06
7.451120870606343677e-06
7.451120870606341136e-06
7.451120870606333513e-06
7.451120870606303020e-06
7.451120870606287773e-06
7.451120870606270832e-06
7.451120870606286926e-06
7.451120870606313184e-06
7.451120870606285232e-06
7.451120870606278456e-06
7.451120870606228481e-06
7.451120870606267444e-06
7.451120870606252198e-06
7.451120870606273374e-06
7.451120870606291161e-06
7.451120870606271679e-06
1.053747619009272442e-05
1.053747619009271595e-05
1.053747619009272611e-05
1.053747619009268546e-05
1.053747619009267868e-05
1.053747619009267529e-05
1.053747619009269562e-05
1.053747619009265157e-05
1.053747619009268884e-05
1.053747619009261769e-05
1.053747619009258720e-05
1.053747619009266343e-05
1.053747619009264310e-05
1.053747619009264649e-05
1.053747619009264988e-05
1.053747619009260414e-05
1.053747619009261261e-05
1.053747619009258551e-05
1.053747619009258381e-05
1.053747619009259228e-05
1.053747619009255162e-05
1.053747619009260922e-05
