1.866262044779325732e-36
7.451120870606241186e-06
7.451120870606242880e-06
1.184135732909795491e-39
2.579390025284542943e-40
6.355239984645532234e-41
2.272659096463535505e-40
1.034667320250360551e-41
1.437786285134340628e-40
1.454300996132078936e-41
1.161451569671488139e-40
2.724519423986861317e-40
2.689287022982810005e-40
2.614676051026879262e-40
1.805048651885578682e-40
1.724268476045023360e-40
1.222449945952885220e-40
1.448549055035672004e-40
1.127988672994769972e-40
1.962823296277626150e-40
2.419028814312132045e-40
2.757838478686820281e-41
2.368876577420966289e-40
2.110641468102823365e-40
2.350891397380272690e-40
2.010040646435406640e-40
2.133617568076796373e-40
1.288626146220923000e-40
1.979150484780387205e-40
1.740585615232271163e-40
1.559273159330671238e-40
1.483058418466117927e-40
4.044800221715248265e-41
1.872484806078018435e-40
1.508257490110808956e-41
7.053340801842682384e-41
6.420028904127396801e-41
1.754324694814933878e-40
1.476454582886238605e-40
1.581087906379526379e-40
9.409408020860356586e-41
4.513854279124466569e-41
1.550923299776449297e-40
6.591876914579522838e-41
1.266704012188208462e-40
1.650638320399757522e-40
8.173650509192220409e-41
1.520469269661124984e-40
9.098377540190091634e-42
4.413550493426223133e-41
1.430210612565399581e-40
1.415333787921441393e-40
9.101005382672559582e-41
7.934777850398723805e-41
1.300819469034273814e-40
1.107146940682381847e-40
1.264451375351036922e-40
1.027266166134912812e-40
1.086770981006083338e-40
2.851784397308649106e-41
8.776207264065511513e-42
5.389435624313175564e-41
8.451547214520263828e-41
8.536414870665792671e-41
1.332166584636549283e-40
1.235585959898749654e-40
1.225877589503720923e-40
1.225167235242703441e-40
1.275958725911177035e-40
1.203787491178430125e-40
1.205211338232730472e-40
1.069932438509250440e-40
1.068055777026363256e-40
1.046491527819636401e-40
9.832085653876421936e-41
1.044222673216310492e-40
1.042834037870818045e-40
7.178768982063683842e-41
8.483863040318036802e-41
5.163163929602003404e-41
6.828340570130468604e-41
9.519436647654130934e-41
5.705128109304388055e-41
4.648493244791757431e-41
9.070292281918923217e-41
8.602451122820580513e-41
7.252375949717165470e-41
7.155065812823482251e-41
5.546106777154093583e-41
3.963886766688937795e-41
4.983191259153724676e-42
3.340887605377832773e-41
9.706308384407080708e-42
5.534910259888013727e-41
1.145781987629552279e-42
4.197050549617179924e-41
3.875482215096165552e-41
9.515552646665048011e-42
9.394781807212088876e-43
9.738667257530995665e-43
