3.145090175522292762e-05
2.958795616876024395e-05
2.729677988641456693e-05
2.705741542923481392e-05
2.691304437820326198e-05
2.682025417962427896e-05
2.668113753549517685e-05
2.638224426996903108e-05
2.621864384124988838e-05
2.608747340771735759e-05
2.598659242157267630e-05
2.588254549571839693e-05
2.578636781008928749e-05
2.561551989596148115e-05
2.534878073153009690e-05
2.532933799194714479e-05
2.514167572016573322e-05
2.508729306870299518e-05
2.502597568311900280e-05
2.498388397598056408e-05
2.487638781266441837e-05
2.473158553788364598e-05
2.445932564421865650e-05
2.436788223845641547e-05
2.427086676558265409e-05
2.424449508667420253e-05
2.412338657417165963e-05
2.409942200576871641e-05
2.403535069984530953e-05
2.393321570467946615e-05
2.386623976771100732e-05
2.379568674078068533e-05
2.367812196198801044e-05
2.363450565000961340e-05
2.353568587902635876e-05
2.345583948261242412e-05
2.330630122362775712e-05
2.326145682773536876e-05
2.311275339601859402e-05
2.306154510673435313e-05
2.294849498507130374e-05
2.287875555598209833e-05
2.278033373833339854e-05
2.272633635018112480e-05
2.258749756999408307e-05
2.250271722859242750e-05
2.245910599931188694e-05
2.237288888575190515e-05
2.226026868106672452e-05
2.222107080873871409e-05
2.214956190649432013e-05
2.210903424397439051e-05
2.203634354114031917e-05
2.202147470868788746e-05
2.195440258698682905e-05
2.188515259299593551e-05
2.186017734803402863e-05
2.179567279568275266e-05
2.176952029248961133e-05
2.170366928530693986e-05
2.165848630382024998e-05
2.161576102079785448e-05
2.157290424500961869e-05
2.151887364734663525e-05
2.144395923283752366e-05
2.142047371581758138e-05
2.139685676148161809e-05
2.134358891923098696e-05
2.129196444187728186e-05
2.127045468760846480e-05
2.124498199299696349e-05
2.120901859720746309e-05
2.117611712200578064e-05
2.116236018762430619e-05
2.111854881557373613e-05
2.108488786433190769e-05
2.102688580742183351e-05
2.094992450041771714e-05
2.090860677654637355e-05
2.084110852855347657e-05
2.077261433828539260e-05
2.074354931711382404e-05
2.072643609494911752e-05
2.069641039779402910e-05
2.061160606451248979e-05
2.057097103834536862e-05
2.052148174049402539e-05
2.046867601290480146e-05
2.048616887092851200e-05
2.040853386268059324e-05
2.038492279972562736e-05
2.034213167799763376e-05
2.030424651342942790e-05
2.026713055846918467e-05
2.023050728675296662e-05
2.021479676756153521e-05
2.016115881729273394e-05
2.010833438922256421e-05
2.003606911364457893e-05
2.001903185678337803e-05
