1.231917158961852758e-04
1.196957854733735299e-04
1.167254990721079585e-04
1.155833978863002093e-04
1.141964179820184518e-04
1.137480451108048444e-04
1.130120482815951066e-04
1.121350844993177225e-04
1.117206086747772414e-04
1.106086488027935630e-04
1.104570721110103898e-04
1.095104998795311062e-04
1.090936329536709828e-04
1.086448608358577819e-04
1.081383376451921065e-04
1.076717912652259279e-04
1.072648587029676679e-04
1.068533864855618582e-04
1.062152416061340509e-04
1.059182887916857672e-04
1.056317258932830150e-04
1.052497978918572481e-04
1.047139525386227651e-04
1.043566922599199488e-04
1.042694401194514908e-04
1.037829765708997253e-04
1.036834760656104117e-04
1.033075357577711335e-04
1.030334456709182210e-04
1.024949940878048014e-04
1.022734446859515289e-04
1.021094394446418432e-04
1.018666707334966607e-04
1.017173740810982532e-04
1.013573177898740587e-04
1.008727829257317660e-04
1.006197897569675393e-04
1.004546275882678641e-04
1.001363075793139520e-04
9.978054147813387976e-05
9.963932527357983939e-05
9.929908872325983080e-05
9.911777268796948220e-05
9.874962106831517035e-05
9.846698558460118455e-05
9.820803062037104477e-05
9.796538053066091106e-05
9.763796370298042705e-05
9.742233556754310289e-05
9.724909836822319778e-05
9.714842586933744725e-05
9.690104318932443066e-05
9.662342029482072904e-05
9.649342647398354152e-05
9.605357063961567565e-05
9.594342820139811268e-05
9.583189767370049381e-05
9.558405620622853959e-05
9.535373018835673943e-05
9.521198505368245601e-05
9.507938214227548094e-05
9.487248013053526025e-05
9.478912818846157149e-05
9.446300216317932402e-05
9.422268556322835862e-05
9.407759648434272715e-05
9.388283120481173303e-05
9.367805747123669291e-05
9.348966175810871832e-05
9.333956564223217216e-05
9.300400457143290570e-05
9.281104308470491482e-05
9.270698550114857218e-05
9.257822681823709170e-05
9.247304560282339106e-05
9.224797542319844326e-05
9.203555272566984861e-05
9.187176012091815528e-05
9.173326530151828672e-05
9.161701181703629587e-05
9.153137559622400549e-05
9.127458457226633314e-05
9.105658324948934495e-05
9.088617339999832277e-05
9.069271631208539002e-05
9.060246094800800500e-05
9.034478330124456013e-05
9.018422805809610558e-05
9.011986979685030353e-05
8.993446956660506447e-05
8.974464802960933018e-05
8.964101705450015062e-05
8.940640885128624553e-05
8.932993897474734578e-05
8.907202474762349628e-05
8.896323677332530647e-05
8.890275846315947607e-05
8.882627657673824344e-05
8.853889426083958521e-05
8.844003811753962897e-05
