4.306417797378535479e-04
3.943826605775739569e-04
3.904306862815442214e-04
3.708827900036486031e-04
3.671680601820853001e-04
3.557363453146025387e-04
3.531795551295915611e-04
3.451786682428756065e-04
3.434340352681410470e-04
3.295801140183933584e-04
3.287195199080307387e-04
3.067672104563242417e-04
3.020977234616421337e-04
2.980568996812271894e-04
2.969433199922022026e-04
2.908526248226006410e-04
2.892766973373898042e-04
2.876387939957509828e-04
2.847522641557624092e-04
2.843702161864648239e-04
2.823957572483470446e-04
2.808155035927988779e-04
2.808144945569467175e-04
2.792633165962363955e-04
2.764796323827515179e-04
2.760800862253385006e-04
2.760051327559775547e-04
2.746902793743351496e-04
2.741290432728361783e-04
2.722574992229662757e-04
2.720535225415381076e-04
2.711152487579983534e-04
2.708976079749829445e-04
2.689406600616262434e-04
2.685003757140886596e-04
2.669698125464397848e-04
2.665879206307236065e-04
2.662172351643385393e-04
2.657567619674339405e-04
2.651869123604185972e-04
2.637821774811803630e-04
2.625999499946904685e-04
2.624838369738950175e-04
2.606037162868918722e-04
2.596194043429007913e-04
2.594642685546652626e-04
2.579723439437890068e-04
2.571264737409583454e-04
2.566078835912390262e-04
2.559600972041542943e-04
2.553285987907484632e-04
2.549074684851196392e-04
2.549020150247764465e-04
2.537368835079599461e-04
2.536675029279871342e-04
2.528103670483897430e-04
2.520519809315395986e-04
2.514916000378065596e-04
2.513136016162333640e-04
2.501758764719532249e-04
2.494795017209511766e-04
2.492586916439440805e-04
2.483451913063420462e-04
2.481065021997155146e-04
2.480267818331468210e-04
2.469235941391534784e-04
2.464990842737776393e-04
2.463546389353912010e-04
2.450726442158951347e-04
2.445538118753763906e-04
2.440733798867614852e-04
2.432111403730280203e-04
2.430040162008709193e-04
2.424892302882784931e-04
2.421058663523062199e-04
2.418550988773386027e-04
2.415140686756160485e-04
2.416559890280415017e-04
2.403230508224014862e-04
2.399661823867037616e-04
2.391833772067015194e-04
2.387252577887473415e-04
2.378861280995215287e-04
2.378257372807481658e-04
2.374606583920850392e-04
2.372635048541464793e-04
2.364367668071251725e-04
2.358484101237356815e-04
2.352058167006859700e-04
2.351966035691757748e-04
2.345567194173630795e-04
2.340924342372459408e-04
2.333724433174646888e-04
2.332725418850320161e-04
2.325137618365310632e-04
2.323906820626235462e-04
2.317716595004222101e-04
2.316564673318873870e-04
2.313071511271972227e-04
2.304208587407456741e-04
