3.145424990567473414e-05
2.926328541179907432e-05
2.733230951152021578e-05
2.708095556411330818e-05
2.689656645992669946e-05
2.677956669329512618e-05
2.661176982169088370e-05
2.624517198100975591e-05
2.615751780785243339e-05
2.606847402697909889e-05
2.596895850730838800e-05
2.583778729060788297e-05
2.565638128800096858e-05
2.545451574255270987e-05
2.534330151191340578e-05
2.526148295179169457e-05
2.516594957385657143e-05
2.506792420848357014e-05
2.488247297196511071e-05
2.482737347550408806e-05
2.471984014627152043e-05
2.461072153763363337e-05
2.437881427279943176e-05
2.427330263078977837e-05
2.423678483060460535e-05
2.416058103114894045e-05
2.412633823512880452e-05
2.406100774707599320e-05
2.400673484504261098e-05
2.387090348987715499e-05
2.379423713400188740e-05
2.375276701237093692e-05
2.365101314224012520e-05
2.358091243991027386e-05
2.349232124347228824e-05
2.340838324775038913e-05
2.327046470100272742e-05
2.324773870537344783e-05
2.318276116828318085e-05
2.307201107807080187e-05
2.294041130686955886e-05
2.285421060017908562e-05
2.277181277352463684e-05
2.263492548688600094e-05
2.261815739759465870e-05
2.252414144941323091e-05
2.244775654463428914e-05
2.237532983012418592e-05
2.226817031808281589e-05
2.221467875075418066e-05
2.213967682755364094e-05
2.211168593552954626e-05
2.207522431402444865e-05
2.203008666026498715e-05
2.199877186241188160e-05
2.194519681108188092e-05
2.189122411421725014e-05
2.182236656801218999e-05
2.172630200359176644e-05
2.168329582530628710e-05
2.166267776919355577e-05
2.161432174840106798e-05
2.158697816168418497e-05
2.154332159770266841e-05
2.149380848327180811e-05
2.147088974827054676e-05
2.141099571836884092e-05
2.137626365939024607e-05
2.134742757745788688e-05
2.131130469751747443e-05
2.124930010050591746e-05
2.117249900098773011e-05
2.113051430031675661e-05
2.111215079097173024e-05
2.108868471348542285e-05
2.105603267103482588e-05
2.100071972594542581e-05
2.095158039720239197e-05
2.087318549287175254e-05
2.082219000217537503e-05
2.078800388581946993e-05
2.071837851168844403e-05
2.072643609494908363e-05
2.069808838127120827e-05
2.066858028515464041e-05
2.061319316723270509e-05
2.054152070612952246e-05
2.049635704250026252e-05
2.045635533070633134e-05
2.044885382678545958e-05
2.040846408651245312e-05
2.037138444005002385e-05
2.032940650788799431e-05
2.026667478847169729e-05
2.022639129305384893e-05
2.019456660093365194e-05
2.015876951638868560e-05
2.012505161313143023e-05
2.007823246307117535e-05
2.002919426038586454e-05
