3.293620910742391149e-04
2.201393946913263622e-04
2.159672740068552515e-04
2.145372385873737847e-04
2.112580120328441246e-04
2.076400941281430893e-04
2.051720399036532103e-04
2.038125711286938643e-04
2.027259914952864346e-04
2.009233786338480033e-04
1.990893386896274819e-04
1.981731804635936958e-04
1.966192282420558255e-04
1.948964876424109471e-04
1.941298444693763685e-04
1.920325921489419345e-04
1.907446477415648822e-04
1.899682750584057612e-04
1.886105571516646191e-04
1.875349941926459849e-04
1.866167767192601613e-04
1.863584647809947176e-04
1.855189871495367226e-04
1.843277171278460914e-04
1.834470884104045607e-04
1.821899166715113482e-04
1.812555952342810388e-04
1.803382763770644028e-04
1.798480322688315988e-04
1.780061226575306197e-04
1.775473289841338932e-04
1.769497841739753774e-04
1.762039084533286695e-04
1.758437428429817512e-04
1.745315225315149509e-04
1.735279305360972672e-04
1.731968428649420934e-04
1.722860057695691589e-04
1.718747643744521355e-04
1.714843836746680862e-04
1.707980551375338617e-04
1.701461670441975190e-04
1.698530248791027672e-04
1.689700954869485924e-04
1.685619837248062726e-04
1.673656174512328236e-04
1.663824490612614228e-04
1.658215771418616153e-04
1.656154436605671932e-04
1.646475611474988536e-04
1.641014649320669870e-04
1.638863881683222151e-04
1.632953193706703052e-04
1.628381519215630865e-04
1.626503598628274672e-04
1.615631349265256116e-04
1.609414241393021332e-04
1.605585271387158328e-04
1.600645431816009531e-04
1.598846090675222226e-04
1.593202436483700201e-04
1.590148901945285978e-04
1.584069714295381159e-04
1.575701775142494452e-04
1.573098020087131111e-04
1.567218133038457038e-04
1.563651568143471229e-04
1.560794615936462483e-04
1.556661651015455502e-04
1.550146123905797103e-04
1.546791118816435583e-04
1.543086776652990121e-04
1.540373995644125243e-04
1.536619179062377041e-04
1.531882853642814782e-04
1.529701110830480003e-04
1.526206189604289304e-04
1.524730205579351847e-04
1.521218210429359935e-04
1.518975808499328350e-04
1.515473593692566608e-04
1.508805412714209324e-04
1.505578999282995256e-04
1.502760574051435955e-04
1.500660197601840179e-04
1.496939562373376085e-04
1.493539094319452963e-04
1.487486323112439794e-04
1.485877736790087631e-04
1.484501708963896537e-04
1.482277239626509930e-04
1.478744130535530996e-04
1.475397109239483164e-04
1.473167932367675144e-04
1.471884683049518115e-04
1.467855713768197168e-04
1.465399550151951543e-04
1.464623390635761877e-04
1.460065055782834326e-04
1.459419554170549775e-04
