6.034751004861957444e-05
6.008684406388536188e-05
5.893417835708202832e-05
5.806006725470979328e-05
5.759040527649842567e-05
5.717159979467871885e-05
5.666328576944881101e-05
5.618352738569291758e-05
5.570070375945419426e-05
5.546427460162831112e-05
5.503427833291212642e-05
5.489033460444414598e-05
5.475074887271108522e-05
5.432176216192119152e-05
5.421743194641378996e-05
5.387721239379185737e-05
5.367265824995682443e-05
5.342514034143639308e-05
5.324992858694022860e-05
5.307467873077109047e-05
5.288330808517262982e-05
5.286058167881421113e-05
5.252807292656583717e-05
5.235739145557212032e-05
5.220757188602569431e-05
5.210659401820936224e-05
5.178503434443625732e-05
5.167341728053947931e-05
5.158852913224592774e-05
5.140607334897005445e-05
5.125115094706813267e-05
5.117257240036519498e-05
5.102702409124740030e-05
5.090928781340576810e-05
5.072879925366271023e-05
5.066508935222566141e-05
5.061455841960631880e-05
5.029110363391875151e-05
5.017703576764334086e-05
5.007689865462202998e-05
4.986906093908041461e-05
4.975591976929825467e-05
4.963819062092450306e-05
4.955224678722794428e-05
4.948528596177803845e-05
4.932746011793885047e-05
4.925655514919027341e-05
4.911178268022479439e-05
4.898929802375212849e-05
4.888024532909477325e-05
4.881676479289365542e-05
4.867252230554009043e-05
4.855077547032035081e-05
4.845905979381599435e-05
4.838580921726216686e-05
4.821147852526112658e-05
4.816924988404136873e-05
4.812397387083583499e-05
4.806858249848333463e-05
4.791398013077989581e-05
4.782101550043819466e-05
4.770190277858417100e-05
4.765880948361467056e-05
4.754851483825722395e-05
4.744549400745933323e-05
4.739446132956320131e-05
4.728416999693542969e-05
4.718654633645627799e-05
4.710366887085277424e-05
4.703768792727248987e-05
4.694999581488174065e-05
4.684168421830076540e-05
4.676971678240675681e-05
4.664251910749144024e-05
4.657596646425798888e-05
4.652157927494693650e-05
4.639726115170554946e-05
4.634118703257175128e-05
4.621843874059331170e-05
4.615104453624343275e-05
4.606199766931222688e-05
4.599577864295235680e-05
4.595887184894505845e-05
4.589962826754321012e-05
4.575671299623011121e-05
4.569238287374193631e-05
4.560384307093243937e-05
4.549923507937071623e-05
4.541832341025197977e-05
4.537798021784868511e-05
4.530920590613387509e-05
4.526217789924974222e-05
4.513202381034308203e-05
4.508749968435759529e-05
4.501999305316919334e-05
4.498674239262343612e-05
4.488163498181871878e-05
4.482851424550602618e-05
4.476223762479483698e-05
4.469638854020743400e-05
