8.186520631315377661e-04
4.003142269813162054e-04
3.807117989935436845e-04
3.561717915123852182e-04
3.510595568429828307e-04
3.346279682597440232e-04
3.206980365317229709e-04
3.065496795804039222e-04
2.998225696468196136e-04
2.807634481306465319e-04
2.767733383393025529e-04
2.737222793685168245e-04
2.714908589130315638e-04
2.669484400475525751e-04
2.647271123636291720e-04
2.640126809627981862e-04
2.629914732287393065e-04
2.607639510561122922e-04
2.596105912176282018e-04
2.577671191118023988e-04
2.562694027703726592e-04
2.552078981383410134e-04
2.542473241620234843e-04
2.526538225456231748e-04
2.514746518103212237e-04
2.500197520632156103e-04
2.496320307955792058e-04
2.485586984707287522e-04
2.471859517733040763e-04
2.467647715496800050e-04
2.456454227309705731e-04
2.450187121117647425e-04
2.440736204696731778e-04
2.428154025591333382e-04
2.424762152996731506e-04
2.419762590811822098e-04
2.410701687809686333e-04
2.405150010563849975e-04
2.401387397854326576e-04
2.396514376410631864e-04
2.382427740397472828e-04
2.376226546005151465e-04
2.367058556749000264e-04
2.357761841796971966e-04
2.347111403604996136e-04
2.341130407752308341e-04
2.332305339873790148e-04
2.330457547745597223e-04
2.320265964370697405e-04
2.315338433402809311e-04
2.309390884999696063e-04
2.304532959487672940e-04
2.297460613111222140e-04
2.293726311866479636e-04
2.286491423258790951e-04
2.278124536518284847e-04
2.275514394795805930e-04
2.268332400510057539e-04
2.258268678834777739e-04
2.252366626359367859e-04
2.247635378693712779e-04
2.244648671950970201e-04
2.238762988551342662e-04
2.233311974679520176e-04
2.225001240119155242e-04
2.219921250344967926e-04
2.218091869122198903e-04
2.210084680811697400e-04
2.208336261377458773e-04
2.206626968329736976e-04
2.198933791265174288e-04
2.190573341866049704e-04
2.188821141466544453e-04
2.179301711109784363e-04
2.178146550506788320e-04
2.174630465249522272e-04
2.168344262923924766e-04
2.166715225654792913e-04
2.157125186683348547e-04
2.153410162125269777e-04
2.149537778844763831e-04
2.144832442901511635e-04
2.138716624687092560e-04
2.133861149136366910e-04
2.131026932393757420e-04
2.125647487963094287e-04
2.123492612429220933e-04
2.121175153125381399e-04
2.114206535579395705e-04
2.113043417755363881e-04
2.108272305789870757e-04
2.103406631103478227e-04
2.099399692210117136e-04
2.094622953256633328e-04
2.092184791058608075e-04
2.086639456720544355e-04
2.084833778028373030e-04
2.078957015530000067e-04
2.075907860125415219e-04
2.074235502741650025e-04
