3.775969226610819307e-04
3.592165479007135525e-04
3.467647927270891607e-04
3.333405877484863313e-04
3.240490559352807946e-04
3.232265940403645588e-04
2.821877819231943113e-04
2.780386199949702228e-04
2.762228148762470585e-04
2.728466729094529680e-04
2.704935845188257163e-04
2.695909166323588279e-04
2.681834407067699771e-04
2.659927670223209803e-04
2.633655089362370630e-04
2.627489295265242591e-04
2.612527804836625202e-04
2.593886220404410651e-04
2.572262872500602655e-04
2.560469304892046293e-04
2.552223602000522839e-04
2.541712316099439817e-04
2.537102347119355242e-04
2.519083907405253995e-04
2.501807567899217116e-04
2.497813355816790081e-04
2.483538296873174784e-04
2.482029358234871634e-04
2.469515353965088394e-04
2.453936305739092775e-04
2.448628860668636406e-04
2.439517443258149411e-04
2.432086665755110895e-04
2.428352340194448833e-04
2.412282999941715552e-04
2.410745521341528812e-04
2.400836233422419844e-04
2.394957322007741293e-04
2.386578152248111076e-04
2.379803881490150943e-04
2.375566871553701350e-04
2.365837132300285122e-04
2.361513536723185462e-04
2.353124539587553516e-04
2.343494851455716808e-04
2.336260246297403205e-04
2.332640398855401643e-04
2.327223196519959657e-04
2.322525248031065827e-04
2.309397880240588135e-04
2.303680813072681022e-04
2.297396533746068228e-04
2.289110629991658792e-04
2.285017020871885031e-04
2.277100122549388986e-04
2.270753627910800045e-04
2.265203886275461253e-04
2.261633054797594720e-04
2.253058859755687599e-04
2.247428970645733105e-04
2.243206184372490775e-04
2.236470287947005871e-04
2.231469918870589999e-04
2.226821554908015293e-04
2.222982839456990982e-04
2.217465448314451921e-04
2.213356649086206695e-04
2.207497960179013985e-04
2.200795073468676745e-04
2.197510600568970815e-04
2.194450944116316672e-04
2.188132668726587582e-04
2.183610405595708983e-04
2.178731872124755220e-04
2.174330941213687969e-04
2.171475694700204014e-04
2.164683324084710439e-04
2.163120841439448213e-04
2.157826655445439301e-04
2.154075256074910224e-04
2.151508576766524353e-04
2.142081770942836207e-04
2.138422429926821315e-04
2.135815347345023513e-04
2.131501633378437427e-04
2.127261558966798115e-04
2.123049862373574794e-04
2.121831496541147413e-04
2.118051726518156643e-04
2.113953313157528730e-04
2.110706084505811753e-04
2.104520774076820407e-04
2.102231627352060307e-04
2.095972679699590539e-04
2.093372924281733697e-04
2.089169160481472662e-04
2.084303293527209940e-04
2.082440733698707059e-04
2.079511936271843291e-04
2.075093379679795113e-04
