4.516909266586241630e-04
4.371171769350134031e-04
4.078877967377473983e-04
3.990486287456223983e-04
3.820110032189396806e-04
3.748567681921074362e-04
3.719195197263476397e-04
3.618030731000344944e-04
3.539971733827106332e-04
3.528886926807516650e-04
3.446280331633223837e-04
3.354028806477547505e-04
3.208502170288720528e-04
3.194791437092200969e-04
3.008063441068206537e-04
2.981579997713650456e-04
2.917178188477613922e-04
2.893258000448881389e-04
2.887024968015953065e-04
2.874035705737368980e-04
2.843341756826010813e-04
2.825273975958664144e-04
2.814929362400974875e-04
2.812830828250709224e-04
2.807521001632658632e-04
2.799643536411444765e-04
2.790162423828058697e-04
2.761762388673959625e-04
2.761465010387697812e-04
2.744164266481841584e-04
2.732023440065014033e-04
2.724774597712532691e-04
2.707161868058233613e-04
2.703586271696355094e-04
2.701627452195191296e-04
2.691875080776149698e-04
2.681575799130359820e-04
2.674683182341476735e-04
2.662172579364434333e-04
2.657101416521552855e-04
2.639892937417188923e-04
2.639631976654953339e-04
2.629583989057132968e-04
2.610949277574388166e-04
2.610296890315898927e-04
2.604957641635476172e-04
2.602937168272927105e-04
2.590838435412250022e-04
2.585052020555800778e-04
2.580266142078495241e-04
2.565379556589939295e-04
2.564301965921248860e-04
2.555874846937655829e-04
2.554452003398444094e-04
2.549803626184972698e-04
2.539696151160201251e-04
2.535526927451878612e-04
2.525912901600570410e-04
2.520228317927864707e-04
2.511793884171428250e-04
2.508662746826982788e-04
2.500202376426296906e-04
2.496059242974873636e-04
2.493911276183429339e-04
2.489921031738148325e-04
2.484953553787676447e-04
2.478262024446425201e-04
2.465057412467166749e-04
2.463426267851370104e-04
2.452398238778518607e-04
2.452600122306055458e-04
2.443469995305609611e-04
2.437804451928918020e-04
2.435301725419846276e-04
2.429473286008964152e-04
2.420342624486013108e-04
2.416118478485255734e-04
2.410186310984568480e-04
2.412465208428766410e-04
2.412631290607894778e-04
2.403688633125142769e-04
2.396028892803136947e-04
2.393771333093966793e-04
2.390109178779586203e-04
2.385203391313694304e-04
2.384784570156785047e-04
2.374604261417890313e-04
2.374280984911771324e-04
2.364074811563808261e-04
2.362123800392290846e-04
2.355966214649302158e-04
2.349855643613526005e-04
2.345921147699674754e-04
2.342221801066842000e-04
2.340179035891769440e-04
2.333508609337609755e-04
2.330152112209238531e-04
2.323056450406303446e-04
2.318192322147152006e-04
2.307118199071196360e-04
