1.218557841589463858e-04
1.190275091133885158e-04
1.170424408411804363e-04
1.157499563127068317e-04
1.148110070864144993e-04
1.139540919873373168e-04
1.133283801679072828e-04
1.126430758166464845e-04
1.122005149854714252e-04
1.116267991781195063e-04
1.108915743883752208e-04
1.103176658615474126e-04
1.095993900706558621e-04
1.095431945946788899e-04
1.089415703048858623e-04
1.087932019676882334e-04
1.081405208824921999e-04
1.075679195481661496e-04
1.072912835161169418e-04
1.069840418276870702e-04
1.063294865932452480e-04
1.057217909719462791e-04
1.054544020272491617e-04
1.051404685031679011e-04
1.043657618442019356e-04
1.040734695166673846e-04
1.038794282937731812e-04
1.036697052639348851e-04
1.033889268404695328e-04
1.031079535718982967e-04
1.025496664537934211e-04
1.022141495459569243e-04
1.020677198952585823e-04
1.016425937005270140e-04
1.012706389197062969e-04
1.010059016678543394e-04
1.009041830641634459e-04
1.006775704312652371e-04
1.000595357112325616e-04
9.986668670126156420e-05
9.973810236348009143e-05
9.948052462701427879e-05
9.907912645924595225e-05
9.881849224794406780e-05
9.837993955097575852e-05
9.822772130344552711e-05
9.819379848344276325e-05
9.796431831812173858e-05
9.791856276453632651e-05
9.751348266115924938e-05
9.713732186920353315e-05
9.704021482214945503e-05
9.677277072361002903e-05
9.660325832709835644e-05
9.627089335235724350e-05
9.619546905064832085e-05
9.603874235280634693e-05
9.586353098645478382e-05
9.548107589757586530e-05
9.525294396086992157e-05
9.496123643424041888e-05
9.490477283825744521e-05
9.475744028515576051e-05
9.467051210540804662e-05
9.433317487318581683e-05
9.413779515517538374e-05
9.405142348174292961e-05
9.373943462224405593e-05
9.363875698518925393e-05
9.349357531756287095e-05
9.335356441967465233e-05
9.305818193827975198e-05
9.290402753291253119e-05
9.286736786279074264e-05
9.273776391689034682e-05
9.233489020357097407e-05
9.211833834035345670e-05
9.198481998010546814e-05
9.177885510832308629e-05
9.160146599215592000e-05
9.118262405161002484e-05
9.110732101885309509e-05
9.097965521409204562e-05
9.090231636905900681e-05
9.081404888221504979e-05
9.055563938573348904e-05
9.052991599395582951e-05
9.038993289106446514e-05
9.021588818627687537e-05
9.009287078455874872e-05
8.974137178246196047e-05
8.966907751455694580e-05
8.964548575662654561e-05
8.946330696894961557e-05
8.930097560604910163e-05
8.926820925725464462e-05
8.911341754999788577e-05
8.894687076058543386e-05
8.879719027079516962e-05
8.857339707731713338e-05
