1.189302081304446023e-04
1.172488795637228261e-04
1.158543744967513916e-04
1.154736268330140941e-04
1.142546079586261308e-04
1.132377986425764832e-04
1.127303673814574359e-04
1.121382665383448377e-04
1.115636855597592595e-04
1.108360042394571679e-04
1.103171234116902852e-04
1.096438797769122038e-04
1.093846678166502138e-04
1.085796296133749640e-04
1.081346747354161857e-04
1.075332445022021238e-04
1.071145262198077911e-04
1.067031620483085671e-04
1.062779597130265370e-04
1.060679230451699878e-04
1.057751189392859337e-04
1.054264600534135130e-04
1.048909361306482802e-04
1.045814267722413872e-04
1.042650409971275326e-04
1.039826779948487890e-04
1.031728548728689805e-04
1.029332411050281937e-04
1.026992184619630655e-04
1.024605809844673411e-04
1.021959437912063130e-04
1.018735257178619217e-04
1.015541444796659126e-04
1.012145688984241750e-04
1.008671646333646888e-04
1.007913285256336765e-04
1.005510142001308512e-04
1.000969520849983631e-04
1.000137698384329299e-04
9.952927785674427457e-05
9.932913676748008301e-05
9.920703701389826761e-05
9.893940314641782891e-05
9.853840691084977976e-05
9.826009438288766577e-05
9.804515577822761185e-05
9.768821573023429882e-05
9.753910276514196598e-05
9.738647942112361501e-05
9.718669256303757282e-05
9.684652503139958273e-05
9.660500487735761968e-05
9.629977403947369166e-05
9.615566129009827268e-05
9.601104116134229194e-05
9.581460522415044686e-05
9.569420453582838746e-05
9.544629122691344176e-05
9.537031908214659958e-05
9.520698063042877090e-05
9.506501684074258494e-05
9.475080644521626915e-05
9.447418552246387741e-05
9.433562147873107793e-05
9.404917573918662429e-05
9.391889359869211686e-05
9.376879213126943305e-05
9.362824868014358096e-05
9.342423980260800627e-05
9.323310623906278763e-05
9.315301509015679277e-05
9.288246746859712586e-05
9.281107964929773970e-05
9.260190492897190197e-05
9.237736621161172167e-05
9.222452919904347644e-05
9.206554043406125197e-05
9.191125877728912902e-05
9.165284836884753984e-05
9.150841514464845398e-05
9.141526249758705333e-05
9.115803524033313664e-05
9.089033394212053026e-05
9.077170201732742347e-05
9.063804371217772571e-05
9.040656197037473681e-05
9.023440043422174144e-05
9.010554642467439375e-05
8.987176322010834975e-05
8.975134980153141114e-05
8.953110381365550106e-05
8.940471244506951922e-05
8.931143744870071604e-05
8.913579446263321902e-05
8.898611853572357283e-05
8.894638411286991402e-05
8.880065542461482663e-05
8.858503602416331385e-05
8.844086472385179556e-05
8.824142339234249132e-05
