6.080855533718008184e-05
6.008480436480801904e-05
5.940270391109985073e-05
5.816629889637960982e-05
5.778565786237870456e-05
5.736815325354229297e-05
5.676408377236954864e-05
5.627416151960602298e-05
5.583132549718981743e-05
5.563997953908341121e-05
5.516072288436379203e-05
5.489654272560061686e-05
5.456066308156913699e-05
5.441822312500093099e-05
5.410249570528773535e-05
5.387728307038992885e-05
5.380470069165456853e-05
5.341652444107817534e-05
5.329323442561723691e-05
5.313882840938233650e-05
5.284756572449398801e-05
5.272467027496606962e-05
5.251482789940114675e-05
5.238468363059922434e-05
5.241486318923269393e-05
5.217796769532209977e-05
5.202609537758976394e-05
5.193282672694876412e-05
5.169903116396364957e-05
5.162762994003296984e-05
5.146191792073799608e-05
5.132755772490280586e-05
5.124336881718180245e-05
5.111334358906478902e-05
5.095490482836398865e-05
5.081673589100910886e-05
5.072723546502573675e-05
5.049409663551436382e-05
5.040377002621652833e-05
5.031312811218962335e-05
5.015453486285175713e-05
5.009068391505823594e-05
4.997997623955914586e-05
4.978310306117858362e-05
4.967645850629048778e-05
4.955124021258560193e-05
4.946181777873909425e-05
4.933329285198371480e-05
4.918510206287908076e-05
4.908334137692237396e-05
4.902739248447017984e-05
4.891031118468513431e-05
4.882532272053476509e-05
4.871521117637237917e-05
4.862414763815022748e-05
4.843871606189065578e-05
4.826906530406706677e-05
4.816383541922586919e-05
4.805823398631689400e-05
4.799470867408530436e-05
4.789670839052012922e-05
4.785369127957048261e-05
4.774594324250088157e-05
4.765727676372009058e-05
4.760393333273555181e-05
4.751045465295041718e-05
4.746609079437282973e-05
4.731724836506666647e-05
4.720868535673584699e-05
4.714102019206722411e-05
4.700351879974148581e-05
4.693585846016828461e-05
4.688007907160663513e-05
4.678687562737594781e-05
4.673851510357350238e-05
4.666207415577084696e-05
4.647301630464835995e-05
4.645456894429776754e-05
4.634484908360910220e-05
4.621842020121653152e-05
4.617690272659431551e-05
4.608643188417742693e-05
4.606560985925963017e-05
4.601712277826707593e-05
4.590945197646390902e-05
4.583965797057479302e-05
4.576599413406544635e-05
4.566963396552790064e-05
4.563216424993731327e-05
4.554975039181517331e-05
4.545089570724859259e-05
4.539732069917049300e-05
4.536709015827021432e-05
4.529075402485416009e-05
4.511996739590560992e-05
4.504750129658390543e-05
4.498536541542113128e-05
4.492654507544811197e-05
4.485559461059921246e-05
4.481133233959851050e-05
