1.545595895740822583e-05
1.417287411538588755e-05
1.376787613324158953e-05
1.376787613324177757e-05
1.490224174121272632e-05
1.490224174121272124e-05
1.490224174121268566e-05
1.490224174121267041e-05
8.759317921582030468e-06
1.490224174121262806e-05
1.290571992122692744e-05
1.290571992122688339e-05
1.290571992122705110e-05
1.290571992122703924e-05
1.290571992122697148e-05
1.205616682292471943e-05
1.053747600975144784e-05
1.053747600975147156e-05
1.205616682292479905e-05
1.205616682292471604e-05
1.205616682292476855e-05
1.205616682292477025e-05
1.205616682292478888e-05
1.205616682292470587e-05
1.205616682292472959e-05
1.205616682292478888e-05
1.205616682292467199e-05
1.205616682292471943e-05
1.053747619009281082e-05
1.053747619009266004e-05
1.053747619009256518e-05
1.053747619009278541e-05
1.053747619009277693e-05
1.053747619009281929e-05
1.053747619009268376e-05
1.053747619009278879e-05
1.053747619009283453e-05
7.451120870606403817e-06
7.451120870606358924e-06
7.451120870606336901e-06
7.451120870606357230e-06
7.451120870606342830e-06
7.451120870606336054e-06
7.451120870606364006e-06
7.451120870606338595e-06
7.451120870606345371e-06
7.451120870606341136e-06
7.451120870606346218e-06
7.451120870606354689e-06
7.451120870606360618e-06
7.451120870606371629e-06
7.451120870606369935e-06
7.451120870606343677e-06
7.451120870606352995e-06
7.451120870606389417e-06
7.451120870606372476e-06
7.451120870606392805e-06
7.451120870606358077e-06
7.451120870606373323e-06
7.451120870606336901e-06
7.451120870606328431e-06
7.451120870606338595e-06
1.053747619009271934e-05
1.053747619009277355e-05
1.053747619009277693e-05
1.053747619009271764e-05
1.053747619009271087e-05
1.053747619009277355e-05
1.053747619009268546e-05
1.053747619009267529e-05
1.053747619009279557e-05
1.053747619009273628e-05
1.053747619009275491e-05
1.053747619009276169e-05
1.053747619009277016e-05
1.053747619009271595e-05
1.053747619009275322e-05
1.053747619009271425e-05
1.053747619009272611e-05
1.053747619009271256e-05
1.053747619009268207e-05
1.053747619009268207e-05
1.053747619009261769e-05
1.053747619009271087e-05
1.053747619009264141e-05
1.053747619009271256e-05
1.053747619009272611e-05
1.053747619009270578e-05
1.053747619009261769e-05
1.053747619009261430e-05
1.053747619009269393e-05
1.053747619009262108e-05
1.053747619009263125e-05
1.053747619009264649e-05
1.053747619009259736e-05
1.053747619009258042e-05
1.053747619009257365e-05
1.053747619009258720e-05
1.053747619009255840e-05
7.451120870606334360e-06
