-7.348919191923042706e-05
-5.470005635231771785e-05
-4.046498814027250517e-05
-3.233170255211498039e-05
-2.314420377684526221e-05
-1.990341641847460859e-05
-1.469705735412782866e-05
-1.209170606381343397e-05
-1.049254304902686080e-05
-5.158480344191477399e-06
-3.117219162116973385e-06
0.000000000000000000e+00
1.386893309875281906e-06
4.653655791035251236e-06
5.970210381580586341e-06
1.070674113223165932e-05
1.181523249616110155e-05
1.833193020484830653e-05
2.309206868936146853e-05
2.489023615687247995e-05
3.452575217739031819e-05
4.166881927144117629e-05
4.491914196299772805e-05
5.747022967614395876e-05
5.985471835474352129e-05
6.504027229804846275e-05
6.936808487174388703e-05
7.711275326759381129e-05
8.161378236740998552e-05
9.427279534268612801e-05
1.071966909365371594e-04
1.210890218327943942e-04
1.300860346382137528e-04
1.456133995836590516e-04
1.609191386917705065e-04
1.797349856861004465e-04
2.215274003362888134e-04
2.597277945206582107e-04
3.419934184412805030e-04
3.745614866630791193e-04
8.177165442393669135e-04
1.279753230910875500e-03
1.931711004971281218e-03
