4.959530200748929821e-03
1.948515619814973057e-03
1.341431804163787126e-03
1.123266251274126007e-03
9.729470343892538623e-04
8.421162164046970718e-04
6.291059586742477625e-04
5.066015521471397198e-04
4.711385217440885401e-04
4.085233367494728622e-04
3.725583701184329651e-04
3.048797106870314473e-04
2.576670505291073720e-04
2.443997232915062941e-04
2.105672793404374374e-04
2.020045086462118867e-04
1.826894357725091270e-04
1.628402856880739526e-04
1.517052361594577918e-04
1.419616804289410743e-04
1.303451486545425056e-04
1.223429465703286588e-04
1.133173696180654697e-04
1.085116597575604244e-04
1.027211859577847961e-04
9.275684522261581932e-05
8.366356167005284958e-05
7.702894992045201256e-05
7.512683306565350072e-05
7.330859890842999420e-05
7.121123577441486373e-05
6.130561829859942295e-05
5.508262706604756412e-05
4.495031116926213882e-05
4.077289884325853973e-05
3.746664268916373219e-05
3.208150296736054347e-05
2.868566858480847519e-05
2.485477726538574096e-05
-2.684400798663643762e-06
-1.068883780624791699e-06
2.247048324143084577e-05
1.592485449699420353e-06
1.867889972569524947e-05
1.702937929471831996e-05
1.447599187812894166e-05
1.203965104240464984e-05
1.041287251733129154e-05
5.726989926212382138e-06
6.904601181983858285e-06
