3.667807146754157449e-02
7.206273507812795305e-03
2.377947749419714266e-03
2.092453830737883626e-03
1.333913536260623303e-03
8.971450803282679260e-04
8.410027746719901665e-04
6.763868193957561737e-04
5.783162533559701524e-04
5.249373541916817947e-04
4.272852596289386409e-04
3.726489737892806032e-04
3.585567977377637056e-04
3.335870503793592024e-04
3.236641442209930411e-04
2.993719961792062271e-04
2.654946817960562064e-04
2.595082423943714843e-04
2.399068644710814055e-04
2.200254574059478567e-04
2.207730277300765716e-04
2.048272653299095826e-04
1.857447356846804952e-04
1.856642416213964914e-04
1.675897802441341379e-04
1.521683989549328620e-04
1.375506672389409748e-04
1.258108039969284037e-04
1.260239254309687912e-04
1.176309668808627921e-04
1.082410494659067490e-04
9.161018424648240881e-05
8.872453794832968032e-05
8.984683709062459337e-05
7.868609862132493150e-05
7.439743003893169659e-05
7.116944825746492878e-05
6.693852584357914460e-05
6.141750868494536073e-05
5.573974731290385004e-05
5.324971749266407529e-05
5.035521594390008536e-05
4.888195083481688269e-05
4.093578583042589150e-05
3.784425457324031489e-05
3.546891358569866223e-05
3.059205659530944731e-05
2.615333557373849345e-05
2.428657953757913453e-05
1.915153989832089169e-05
