1.060655527546299978e-02
2.910334694663264509e-03
1.931546155784598026e-03
1.289243539706180818e-03
1.100217420455002534e-03
8.402217580751409004e-04
6.100236168314049747e-04
5.761560845251634299e-04
5.528635309479276684e-04
5.154990465456943741e-04
4.479660731596034839e-04
4.212764676338302556e-04
3.725492573224452666e-04
3.418951080678995645e-04
2.699248343918554671e-04
2.495995827842878217e-04
2.497648056183743954e-04
2.347793395781074780e-04
2.095290347891003038e-04
1.954392744047727185e-04
1.876879963171670539e-04
1.739168763530270180e-04
1.637274965512801686e-04
1.546921988593295317e-04
1.405902532724183178e-04
1.395201809858632785e-04
1.239046730007193199e-04
1.207519888880252955e-04
1.020880461466288925e-04
1.013046586322973195e-04
9.563789818418408459e-05
8.711326459582560081e-05
7.634317981905520544e-05
7.429645424538392363e-05
6.638699435887297578e-05
6.452341670824721890e-05
5.996336464409936131e-05
5.306603889108296387e-05
4.878474007074979241e-05
4.177220673398230856e-05
4.140412209328330384e-05
3.767908081066167954e-05
3.513507182655174727e-05
3.251797348160151625e-05
2.906152455318888151e-05
2.594226277933847053e-05
2.265914416888484932e-05
1.812554545163477682e-05
1.674918481092329750e-05
1.222623411948913160e-05
