-9.465202799446870987e-05
-5.426085477515026360e-05
-3.794230317321013241e-05
-3.435477093712571922e-05
-2.912549368188064016e-05
-2.157726316677864570e-05
-1.422535847932109414e-05
-1.096460780690302242e-05
-7.078311725089475190e-06
-5.759405629090668372e-06
-1.533525901093005543e-06
0.000000000000000000e+00
1.692709932494658916e-06
3.405743986335326747e-06
1.124593880797047702e-05
1.703168292830126488e-05
1.834225723487112108e-05
2.168639363927462747e-05
2.735761814714055611e-05
2.854315490862364925e-05
3.201483350313490838e-05
4.430800979735216225e-05
4.881705349503072199e-05
5.580679953877227352e-05
6.170490714524096837e-05
6.767566676168163865e-05
7.331643069512481538e-05
9.047383874269781232e-05
1.028118899163276562e-04
1.168636220707464454e-04
1.218848171108382071e-04
1.304146863516882136e-04
1.683291159323748864e-04
1.981158213888859810e-04
2.074732243635497495e-04
2.199916661735388872e-04
3.071716498587822555e-04
3.280148482920572654e-04
3.538614638721293668e-04
3.639655846554839137e-04
7.965882071214906235e-04
8.654793374494963503e-04
1.360770724088943180e-03
