8.265636109332941822e-03
1.754650140338173984e-03
1.658072816447001170e-03
7.445382818105346443e-04
7.035113813094535018e-04
6.593543470143258195e-04
5.892633241943367670e-04
4.743767873454525475e-04
3.956588799564193207e-04
3.279476098562932691e-04
3.024190381454851489e-04
2.974071498279751342e-04
2.729411291695740859e-04
2.568949534805251901e-04
2.343231982965042568e-04
2.220152406375753174e-04
1.990800595909305768e-04
1.872877275908947712e-04
1.593711703698765750e-04
1.573299272629360827e-04
1.486701123744155434e-04
1.392203282411003551e-04
1.293548584889435979e-04
1.125078985297303278e-04
1.054385921287435957e-04
1.002757285379272766e-04
9.034964008274743721e-05
8.579344876180198035e-05
7.803320570746091539e-05
7.299353515715370977e-05
6.597926603528733226e-05
5.904521535785097906e-05
5.425434838679714600e-05
4.727892431423370368e-05
4.483737912675064168e-05
4.084452872658443011e-05
3.782999345385962937e-05
3.406141994287397730e-05
2.883422103055136026e-05
2.642868104982511860e-05
2.336872907783662026e-05
-3.641160687670279809e-06
1.697917294187113526e-05
1.071163616531250335e-06
3.674080514532549883e-06
5.324535035912541358e-06
8.289034010894889552e-06
1.280152289722798877e-05
1.182434251065363739e-05
1.022128980039455740e-05
