3.640660684471572293e-03
1.980980852937960952e-03
1.688954590377461868e-03
1.227631900206390195e-03
1.122784736114560084e-03
8.787025934866094434e-04
6.780311799730691629e-04
4.853532024510070759e-04
4.342174634560665267e-04
3.840280191913618955e-04
3.420678513752672045e-04
2.852690272512182048e-04
2.756886905749748157e-04
2.498433778402441453e-04
2.208116837627379823e-04
1.927465658122263505e-04
1.876108056449934003e-04
1.636848647184054278e-04
1.604980318900614945e-04
1.428161718240653479e-04
1.373269257841640441e-04
1.214318499090210062e-04
1.156474053097361035e-04
1.068899138140406719e-04
9.891590756724466147e-05
9.234896630455302039e-05
8.642789013468807672e-05
8.260001477274907960e-05
7.422989990133992545e-05
6.850160317376461098e-05
6.116227162498375771e-05
5.585518526177093036e-05
5.220583628297999858e-05
4.806620847220589176e-05
4.271062812406758622e-05
-2.713036777983589913e-06
-1.582254807230942624e-07
3.789419209964921677e-05
3.544089140980611729e-05
3.231897744081851459e-05
4.187347802758434246e-06
2.819525219353709064e-05
2.517426631211448781e-05
2.408983828603840312e-05
1.978354868315325036e-05
8.416954918790298885e-06
1.031325044723944555e-05
1.116255412439382002e-05
1.479056973989824024e-05
1.421352750365297926e-05
