7.070585121720797395e-03
2.642936332752434357e-03
1.374813883973362294e-03
8.689880817871727461e-04
8.186283393757484879e-04
5.963050340093306069e-04
5.616201315017091324e-04
4.117397646603302222e-04
3.915205978389171165e-04
3.494064907354182525e-04
3.320854844087699621e-04
3.135381681983801156e-04
2.742758317694922432e-04
2.519622804598145496e-04
2.357099420664071046e-04
2.203812023030861107e-04
1.960936827639288846e-04
1.734402171804526511e-04
1.702038256894506058e-04
1.591972356969897852e-04
1.477581831954900046e-04
1.345751827474668224e-04
1.263540233213257362e-04
1.222874627064282431e-04
1.126751662592060023e-04
1.044436295271604245e-04
9.937624510872439232e-05
8.898556288148403370e-05
8.775585955714384828e-05
7.749747079598633646e-05
6.997650853489761837e-05
6.797894747141370925e-05
5.463547575015488262e-05
4.963781577849611865e-05
4.398492045436900601e-05
3.958944625566026952e-05
3.555523851713785161e-05
3.070889430200300771e-05
2.575268415289423560e-05
2.158275240610434747e-05
1.949963063014495103e-05
1.717879169150328939e-05
1.415985022831498786e-05
1.027778933643955541e-05
7.301451588270886676e-06
-4.125535930238578088e-06
-2.855078796718312467e-06
3.487930696977323617e-06
-6.408852303081292764e-07
1.163870533558052550e-06
