7.070585121720811272e-03
2.642936332752426551e-03
1.374813883973370317e-03
8.689880817871707946e-04
8.186283393757440427e-04
5.963050340093300648e-04
5.616201315017127103e-04
4.117397646603277285e-04
3.915205978389179296e-04
3.494064907354184693e-04
3.320854844087687695e-04
3.135381681983801156e-04
2.742758317694935443e-04
2.519622804598133569e-04
2.357099420664074841e-04
2.203812023030860836e-04
1.960936827639273125e-04
1.734402171804533830e-04
1.702038256894507142e-04
1.591972356969904357e-04
1.477581831954911972e-04
1.345751827474667411e-04
1.263540233213254922e-04
1.222874627064284329e-04
1.126751662592061107e-04
1.044436295271602890e-04
9.937624510872436522e-05
8.775585955714390249e-05
8.898556288148400659e-05
7.749747079598668883e-05
6.997650853489753705e-05
6.797894747141395319e-05
5.463547575015505881e-05
4.963781577849590859e-05
4.398492045436906022e-05
3.958944625566022886e-05
3.555523851713780417e-05
3.070889430200293994e-05
2.575268415289426609e-05
2.158275240610440168e-05
1.949963063014497136e-05
1.717879169150334699e-05
1.415985022831500650e-05
1.027778933643956727e-05
7.301451588270914628e-06
-4.125535930238586558e-06
3.487930696977326582e-06
-2.855078796718318396e-06
1.163870533558042385e-06
-6.408852303081474876e-07
