-7.437076094313725813e-05
-5.355799001834686627e-05
-4.126293755750632059e-05
-3.385636269939271186e-05
-2.587496520681906880e-05
-2.225272144003997429e-05
-1.599568092218804814e-05
-1.135264255401014274e-05
-6.985071847253920455e-06
-4.366782884941655438e-06
-1.727840471448817090e-06
-6.197715269806470402e-52
0.000000000000000000e+00
1.826414792508991386e-20
2.356076848543378478e-06
5.000260524223899353e-06
7.563242348295314386e-06
9.605439280804201613e-06
1.543233527065388135e-05
2.327402138686670839e-05
2.600762224383807995e-05
2.932256393688910750e-05
3.356233996032901364e-05
4.247636899902809470e-05
4.460882732265986019e-05
5.058943883148593986e-05
6.137024236118135282e-05
6.322788926876688278e-05
7.292736900386515800e-05
8.669299426053500362e-05
8.979732115247515884e-05
1.028827815815909870e-04
1.167476292487420325e-04
1.353353212440740303e-04
1.569970233872488446e-04
1.778661249935742958e-04
2.194632703036853685e-04
2.430750397380769371e-04
2.714485384189939941e-04
3.529084235686848767e-04
5.840939881197649858e-04
8.214943209180451547e-04
3.046916387136188332e-03
