2.271854651602998876e-02
3.355688923989066583e-03
1.371815082229907315e-03
8.984085589805714195e-04
8.770346123331798811e-04
8.423003121212252779e-04
4.423820738483254657e-04
3.946113959405582873e-04
3.829269623676150275e-04
3.661083623072667334e-04
3.175984058114369622e-04
3.065241922089200258e-04
2.909743737620797133e-04
2.591786522490944068e-04
2.325672758675188898e-04
2.210193649225774594e-04
1.941573623998473321e-04
1.752674054552804891e-04
1.656308994029034702e-04
1.554962604435999038e-04
1.461485519319630211e-04
1.328750424158400909e-04
1.280977971499450965e-04
1.108346473378096883e-04
1.061235684988916933e-04
1.005190442391303484e-04
9.621583114788007996e-05
8.898365165514195542e-05
7.950096132406000960e-05
7.165750569613279098e-05
6.504199513324741496e-05
5.941593173587748401e-05
5.295009021208914118e-05
4.737983495020411110e-05
4.217831709217752923e-05
3.895098653131047803e-05
3.528695793330594835e-05
3.248259439830432442e-05
2.897339479764532894e-05
-3.148458151516076773e-06
-1.272578691307474859e-06
2.747609134465147355e-06
2.395210947736989182e-05
6.669795116135701177e-06
2.019256821173770768e-05
1.848516665447037520e-05
1.540187745471842924e-05
9.787134743755164810e-06
1.079832630274636767e-05
1.344694711938861140e-05
