2.271854651602993672e-02
3.355688923989069185e-03
1.371815082229907532e-03
8.984085589805666490e-04
8.423003121212259284e-04
8.770346123331776043e-04
4.423820738483246525e-04
3.946113959405580162e-04
3.829269623676160575e-04
3.661083623072687392e-04
3.175984058114366911e-04
3.065241922089207848e-04
2.909743737620805806e-04
2.591786522490938105e-04
2.325672758675190795e-04
2.210193649225768902e-04
1.941573623998463021e-04
1.752674054552809770e-04
1.656308994029041749e-04
1.554962604435997141e-04
1.461485519319630211e-04
1.328750424158402265e-04
1.280977971499450423e-04
1.108346473378097290e-04
1.061235684988913003e-04
1.005190442391301994e-04
9.621583114787983601e-05
8.898365165514139977e-05
7.950096132406036197e-05
7.165750569613275032e-05
6.504199513324744207e-05
5.941593173587745013e-05
5.295009021208914118e-05
4.737983495020413820e-05
4.217831709217747502e-05
3.895098653131056612e-05
3.528695793330592802e-05
3.248259439830434474e-05
2.897339479764533910e-05
-3.148458151516122937e-06
-1.272578691307503023e-06
2.747609134465091027e-06
2.395210947736994264e-05
6.669795116135738446e-06
2.019256821173773139e-05
1.848516665447029388e-05
9.787134743755147870e-06
1.079832630274636597e-05
1.344694711938859615e-05
1.540187745471841569e-05
