1.075571237183870973e-02
3.038169375991299579e-03
1.948665917241005404e-03
1.226662739924029924e-03
8.920721806735217637e-04
6.099247668419029893e-04
5.682811960083186415e-04
4.794086685199164147e-04
4.662529893628908828e-04
3.943594269127329716e-04
3.308359301821519791e-04
2.975029245187757162e-04
2.568357266517334848e-04
2.427519790324211943e-04
2.254079908470169892e-04
2.026249604989392174e-04
1.813249666819840406e-04
1.658730404362284783e-04
1.523993710670495938e-04
1.455102847801836006e-04
1.383199014854506618e-04
1.252440134172909012e-04
1.189371339130965572e-04
1.144491264720784711e-04
1.066767041428856073e-04
1.004016665548155234e-04
9.256799738858998198e-05
8.419781340640739508e-05
7.534036830106158485e-05
7.049652370057191923e-05
6.363173143658956059e-05
5.891554727862956747e-05
5.310412543548188505e-05
4.716008897102485202e-05
4.290125690742389766e-05
3.792520665221319804e-05
3.361137882074673790e-05
3.234954034885710784e-05
2.733289662800344035e-05
2.296189655055234753e-05
2.051123696682513362e-05
1.598261275019709945e-05
-2.586017647155279409e-06
-1.128459286065705178e-06
2.466168591406520001e-07
2.902288840699894753e-06
1.205546665892564099e-05
5.980459324897049397e-06
7.967437781759013397e-06
9.675312161750449907e-06
