-9.465202799446862855e-05
-5.426085477515020939e-05
-3.794230317321016629e-05
-3.435477093712559725e-05
-2.912549368188052496e-05
-2.157726316677854744e-05
-1.422535847932121611e-05
-1.096460780690316472e-05
-7.078311725089467566e-06
-5.759405629090658208e-06
-1.533525901092967215e-06
0.000000000000000000e+00
1.692709932494673951e-06
3.405743986335338606e-06
1.124593880797048719e-05
1.703168292830127843e-05
1.834225723487099911e-05
2.168639363927457326e-05
2.735761814714055950e-05
2.854315490862346290e-05
3.201483350313505746e-05
4.430800979735217580e-05
4.881705349503057291e-05
5.580679953877228029e-05
6.170490714524091416e-05
6.767566676168162510e-05
7.331643069512481538e-05
9.047383874269777167e-05
1.028118899163275749e-04
1.168636220707463370e-04
1.218848171108383155e-04
1.304146863516881594e-04
1.683291159323744798e-04
1.981158213888857913e-04
2.074732243635493700e-04
2.199916661735386162e-04
3.071716498587820387e-04
3.280148482920570486e-04
3.538614638721288789e-04
3.639655846554834258e-04
7.965882071214908404e-04
8.654793374494972177e-04
1.360770724088944048e-03
