6.873161219563293572e-04
2.937702825645566065e-04
2.356035009901244405e-04
1.853964418942602227e-04
1.768103912775444186e-04
1.382606756654805634e-04
1.334607281479789371e-04
1.222257376095526769e-04
1.149109766785037611e-04
1.070625626192165140e-04
1.032174498840435635e-04
9.847059732879429419e-05
9.630000610993320713e-05
9.134628027569120811e-05
8.761228282746557695e-05
8.246540510256335568e-05
8.009095409412227086e-05
7.582208774986384640e-05
7.239603842619988757e-05
6.888465429015748086e-05
6.441217113258567459e-05
6.277762276428595337e-05
6.172404431980494060e-05
5.900203430871833705e-05
5.812399360047129421e-05
5.681109870683902333e-05
5.584638029950599134e-05
5.444066073808151766e-05
5.359039807860341975e-05
5.247370109939156581e-05
5.201216254354685550e-05
5.167418198256547150e-05
5.058816411004421601e-05
4.753963977099176519e-05
4.635310634424664946e-05
4.543033272262242026e-05
4.484769329700034115e-05
4.446592977803871533e-05
4.368108691509553363e-05
4.317467045882442177e-05
4.217132534850815095e-05
4.123193520179373086e-05
4.080908485108908807e-05
4.047760948764571564e-05
4.013148803875917810e-05
3.903481145113637943e-05
3.851912530253169856e-05
3.828601419349184662e-05
3.807428857399568786e-05
3.770814558523716959e-05
3.744681609654821610e-05
3.681483802203527336e-05
3.645276509420418068e-05
3.624863270352135243e-05
3.586946814998294338e-05
3.555354496856714345e-05
3.527780293817638432e-05
3.507007067302364800e-05
3.460668502161780633e-05
3.444901196127185913e-05
3.417677319890878151e-05
3.376106908510467271e-05
3.354286411063855776e-05
3.343871599702311217e-05
3.318068997763685122e-05
3.285414998132809162e-05
3.255586408854645869e-05
3.229428628371408056e-05
3.208543387666974890e-05
3.191087609767814614e-05
3.157176586879600780e-05
3.144124637176579524e-05
3.115950009093088296e-05
3.096844530845280376e-05
3.084821156463276974e-05
3.066489531959282032e-05
3.031033326202224297e-05
3.012765475556517666e-05
3.001095715040407971e-05
2.990578938124565772e-05
2.979919703584596612e-05
2.952777676493095486e-05
2.944153962095338156e-05
2.937973470991298941e-05
2.927729208418928785e-05
2.901746258003776136e-05
2.877396280446447167e-05
2.867773873791995413e-05
2.851979298212995798e-05
2.841359255238914158e-05
2.823087669447233409e-05
2.813785740257141165e-05
2.787100010429803448e-05
2.779534028898085580e-05
2.768742199316870511e-05
2.753045155595236130e-05
2.747495890394208111e-05
2.731314203554461887e-05
2.715613371888398015e-05
2.708017220434618227e-05
