2.266690305465868607e-04
9.916007604460330541e-05
8.939388327688503979e-05
7.292445608708328364e-05
6.057137198809602686e-05
5.519957030370195269e-05
5.221018253117445040e-05
5.100187080568712946e-05
4.684703324253411253e-05
4.599284795171043057e-05
4.232897353706614648e-05
3.780467632799931434e-05
3.739828532279959719e-05
3.560112636523556345e-05
3.526632902785918210e-05
3.468426054977081358e-05
3.334335128537780312e-05
3.008687149520101990e-05
2.935937760246706702e-05
2.688733337280473253e-05
2.634894870418575931e-05
2.602645068068724907e-05
2.560487089480849965e-05
2.506866499305295117e-05
2.481348121239845163e-05
2.434911847031711370e-05
2.335394785127916953e-05
2.312358395218203183e-05
2.224753525055079312e-05
2.197785192090547670e-05
2.164453531654299029e-05
2.133663549478541659e-05
2.112794807215268836e-05
2.092157138574971776e-05
2.053760873522649547e-05
2.040810190936015708e-05
2.020719756024356675e-05
2.005178718841156709e-05
1.985649872881837613e-05
1.977900604961290297e-05
1.962549515672454116e-05
1.943890947643137651e-05
1.925629691342565597e-05
1.892102955966944736e-05
1.883501745615655444e-05
1.879184262360715358e-05
1.862471382457057910e-05
1.850950006277282523e-05
1.835090140005443026e-05
1.817281628539692344e-05
1.802317513107936040e-05
1.786004294612091124e-05
1.772844685521224675e-05
1.762221474448401383e-05
1.760583954372919884e-05
1.735373764477841750e-05
1.725779784114152594e-05
1.712008380954123523e-05
1.696657309344584089e-05
1.684588994859224237e-05
1.676720425022295698e-05
1.668407348923191670e-05
1.655466303692748354e-05
1.646517992663081397e-05
1.631531754974853266e-05
1.616939216968923368e-05
1.607668551621931391e-05
1.598242422608922483e-05
1.589059341340999241e-05
1.580737682971759632e-05
1.575253488183844420e-05
1.568790403140587117e-05
1.565547484089235649e-05
1.554692261112929294e-05
1.543323263178398002e-05
1.536422978153995696e-05
1.531833619410794434e-05
1.522754860556704147e-05
1.513205985381422851e-05
1.506666644796756154e-05
1.498521630435208615e-05
1.492712599294297641e-05
1.486883995625350970e-05
1.477372548883866238e-05
1.472164426289757503e-05
1.462249755224798646e-05
1.453121222291151118e-05
1.444989564489536147e-05
1.438430408880807375e-05
1.431444339372969673e-05
1.429521920354848712e-05
1.423111159777149839e-05
1.413582837135127805e-05
1.406129802611255013e-05
1.400137682334781438e-05
1.390563532890147233e-05
1.388317678586981504e-05
1.381180818800663915e-05
1.376790757987071048e-05
1.366916975782822100e-05
