-4.084022643223620368e-07
-4.043773920436117026e-07
-3.166134201470668821e-07
-2.904985055957901014e-07
-2.639214154726178035e-07
-2.444586879657120652e-07
-2.397442873781342365e-07
-2.258452431654845653e-07
-1.959061151168224410e-07
-1.784218215230545383e-07
-1.524895113811012034e-07
-1.313631839527370593e-07
-1.286625038636126270e-07
-1.070679772840883114e-07
-1.027132758488696518e-07
-9.411127387451957580e-08
-7.767488032410641104e-08
-5.657775685723557203e-08
-4.572435128005623950e-08
-4.015010555896450232e-08
-3.181402530306136169e-08
-1.792315857933884348e-08
-9.114428086783914230e-09
-2.634752753655019001e-09
-5.753695219297205561e-23
-3.006805450419162210e-23
-2.221981527436966999e-23
-1.214774381855060474e-23
3.108973063711137176e-24
2.038623100604442060e-23
1.946764665344489762e-10
1.110720617694586357e-09
1.861692260189532789e-08
2.212914046798944961e-08
3.060635979742447236e-08
3.579827258136183893e-08
4.266056243122772922e-08
5.710118519588962941e-08
7.304733391822153601e-08
8.027744002481869344e-08
8.600604163780983952e-08
1.025493277135614086e-07
1.093430621096024652e-07
1.235362794633343888e-07
1.469006281235345675e-07
1.788934254348351291e-07
1.970809899245491173e-07
2.147814414175920946e-07
2.409820301054188981e-07
2.717073042930459804e-07
2.883221928834183998e-07
3.209296739614344156e-07
3.733963761363424247e-07
4.083469848977069499e-07
4.202249139252368734e-07
5.509135458670682374e-07
7.158246982145508074e-07
