8.138091011903894828e-04
6.863804829989532223e-04
5.624992545150999095e-04
4.457650195271586294e-04
3.458291370037598167e-04
2.953858717888336195e-04
2.364103243532225793e-04
2.032122322609349909e-04
2.017521129711127186e-04
1.862711768992912555e-04
1.823930288452946019e-04
1.776841662424927552e-04
1.721524297125655669e-04
1.414776120028221325e-04
1.370883429892852206e-04
1.343786277734019673e-04
1.318585292724067689e-04
1.305773797661005317e-04
1.248453168270059841e-04
1.146737044184193788e-04
1.123570028272594042e-04
1.063465416145160144e-04
1.053418215970332794e-04
9.984179902739060677e-05
9.738306334858452882e-05
9.657225626136760463e-05
9.559430676403135217e-05
9.351633532300561305e-05
9.203770221947092601e-05
9.102299663098502541e-05
9.007591500833573629e-05
8.705466966454482878e-05
8.562831933569711414e-05
8.453177792302256984e-05
8.007171066681050106e-05
7.912229258276164026e-05
7.815641005032594420e-05
7.615642871487748931e-05
7.469590345263142097e-05
7.298731916122381440e-05
7.174996641843433979e-05
7.083729681396256782e-05
6.966215918630439506e-05
6.893175968089538738e-05
6.851608233188732618e-05
6.760788955068158779e-05
6.668701837675692398e-05
6.474124764418938459e-05
6.383631634735520237e-05
6.258725422178553865e-05
6.234544539659407777e-05
6.141029913972668487e-05
6.024742653654632514e-05
5.957463500145787876e-05
5.897186188565169699e-05
5.822330285287315220e-05
5.726066360017902269e-05
5.683672944335843401e-05
5.617064919476778037e-05
5.588552409445123905e-05
5.558222261702993727e-05
5.463528696676078013e-05
5.432954203473441937e-05
5.382872865168518612e-05
5.307275902451578199e-05
5.258699601547355608e-05
5.195504577508711682e-05
5.187868054455904081e-05
5.144801440869825327e-05
5.133444410832480205e-05
5.120313276824241543e-05
5.070690525175558760e-05
5.044186322845448382e-05
5.002049451661666702e-05
4.944741678794554909e-05
4.928793428428791221e-05
4.907219949863377939e-05
4.837423175915242507e-05
4.812021592806979705e-05
4.791954231371989129e-05
4.747201784111616666e-05
4.712039302486103147e-05
4.681285648900155297e-05
4.667729181296510240e-05
4.646542865292368606e-05
4.625288043787107074e-05
4.587177921615520453e-05
4.551652331863967295e-05
4.527220042342871084e-05
4.473774280344929233e-05
4.465618349728351722e-05
4.440941971025492144e-05
4.406074355893281077e-05
4.387718020185163686e-05
4.369060250899467159e-05
4.354161532330443697e-05
4.333508968081867702e-05
4.298758189760310076e-05
4.281833536560800102e-05
4.249833534792882051e-05
