2.486136946982364446e-06
1.585705408717348651e-06
1.391982018774497879e-06
1.397917480839868403e-06
1.310500419123517230e-06
1.271192819225980236e-06
1.237037981328388321e-06
1.214551275682234163e-06
1.146265396500294910e-06
1.121609443390556980e-06
1.085535699344087051e-06
1.056950191097237956e-06
1.031012017292286748e-06
9.951109836161412294e-07
9.779777359818738318e-07
9.536584048636264933e-07
9.312131613789466227e-07
9.078469417471236516e-07
8.947545018436160267e-07
8.879781533192195711e-07
8.615159854940911481e-07
8.520594527959731049e-07
8.435841231674281998e-07
8.183904000284412288e-07
8.019202230677174106e-07
7.922939874962462360e-07
7.666688520766497983e-07
7.508625252993561500e-07
7.430501407447171953e-07
7.259094421861585261e-07
7.097970275376131666e-07
7.026123775984804029e-07
6.864168519106960895e-07
6.618973133733894458e-07
6.547490852963700778e-07
6.488902599175362331e-07
6.311203916561798458e-07
6.195393703213677333e-07
6.117982079575016806e-07
5.977536244769545443e-07
5.945702491324752776e-07
5.729493398752654981e-07
5.660650292873618098e-07
5.450232179716462267e-07
5.334874057894306880e-07
5.273831107140509520e-07
5.215895216576194497e-07
5.087613495980226059e-07
5.021072004289211742e-07
4.981439354567437426e-07
4.820385483770684368e-07
4.727170143792519428e-07
4.678183857866990362e-07
4.555972778822032893e-07
4.363194602799511441e-07
4.317893332734764385e-07
4.251171731816455272e-07
4.207158511086415135e-07
4.158845428650256221e-07
3.947681853313222455e-07
3.890322269087700669e-07
3.785340747214384988e-07
3.695119655617458043e-07
3.634865291591562630e-07
3.554844080762451477e-07
3.471783481245958520e-07
3.398216794615127676e-07
3.367655750155835596e-07
3.286641221194679124e-07
3.211752271251536363e-07
3.096102685505614072e-07
3.077106335901973777e-07
3.001895954687093904e-07
2.873702234396340548e-07
2.796707572315871809e-07
2.727476203196346584e-07
2.657733566286046714e-07
2.625256182795971007e-07
2.533339605192221152e-07
2.448085645431289726e-07
2.360399356508645012e-07
2.258367962788830969e-07
2.218458435435861994e-07
2.192089649902703639e-07
2.124986835102788962e-07
2.062710971865630721e-07
1.995420905254604721e-07
1.914515485130658962e-07
1.845092838377606585e-07
1.793812813174208558e-07
1.706412095239100375e-07
1.682562288404106596e-07
1.615190953888801640e-07
1.547829333770000303e-07
1.499280196174094691e-07
1.430716228372927607e-07
1.391346629278276345e-07
1.318425860656123683e-07
1.279554407675505697e-07
1.221304281798632508e-07
