9.012725700470295993e-04
7.056977339231163210e-04
4.583585363328736935e-04
3.669425912100955124e-04
3.591196138762987270e-04
3.408238309910037911e-04
2.879371705853311166e-04
2.551722916211869043e-04
2.176612889725037376e-04
1.983213495630516826e-04
1.847596453793561553e-04
1.799732262551698928e-04
1.583057025850379961e-04
1.552801918372451087e-04
1.521507358368808600e-04
1.484084392802638495e-04
1.460007658197989854e-04
1.350904663017638127e-04
1.253021681113653104e-04
1.225945608565354888e-04
1.205088052204530920e-04
1.104636995138247020e-04
1.087366743612060339e-04
1.047517012346997021e-04
1.028108956701268923e-04
9.757689152820290819e-05
9.564620716536199863e-05
9.156509516947765369e-05
9.089524066374387353e-05
8.934227375917013110e-05
8.769066244603697217e-05
8.657453813955870003e-05
8.580222808720651406e-05
8.502758811081826177e-05
8.406852383406016277e-05
7.944151221794957445e-05
7.872718064250069361e-05
7.762184690305382452e-05
7.588556349440107917e-05
7.379340233990466834e-05
7.134566967670653305e-05
7.043050032324167349e-05
6.965342236562174435e-05
6.886510796638398732e-05
6.786751248999693849e-05
6.653339093698397867e-05
6.584111755865811586e-05
6.512036081968523296e-05
6.453734551668758993e-05
6.394283401304313519e-05
6.324816493504151042e-05
6.230334505353490144e-05
6.055563392791379608e-05
6.042351784349329305e-05
6.001238813069337085e-05
5.887190125644922381e-05
5.837894137924427379e-05
5.737367499964520249e-05
5.684690146504427867e-05
5.610101404188583550e-05
5.547075506080457297e-05
5.516978594690112060e-05
5.459306133351662509e-05
5.431023955701785199e-05
5.344839291340497129e-05
5.269542383590431660e-05
5.228195473864591272e-05
5.195574112754426974e-05
5.163023713617598970e-05
5.137060895088605870e-05
5.080989410775219262e-05
5.027735926023136617e-05
5.006162267607057725e-05
4.929401003394720353e-05
4.918162665097943446e-05
4.885199045989066215e-05
4.849634165550350791e-05
4.817578616498406998e-05
4.773220400773104023e-05
4.752944832417708380e-05
4.728842787652809133e-05
4.691592581487840860e-05
4.649500843741869978e-05
4.618917391197640090e-05
4.598596169228467951e-05
4.563915688149011338e-05
4.529319850708976862e-05
4.516332693181582871e-05
4.500918692891496938e-05
4.478036748273157673e-05
4.449387704608106034e-05
4.419649320246400547e-05
4.405947447991355638e-05
4.373407396906559864e-05
4.361053882644997471e-05
4.312870563235669509e-05
4.301319515073844045e-05
4.276961176475543429e-05
4.236028345383099859e-05
4.210922837419566606e-05
