2.654790865424114937e-03
1.037294172888399580e-03
8.078237414460390535e-04
5.775655590616222360e-04
3.584042167385967348e-04
3.383860277164838209e-04
2.792431877665574390e-04
2.686073979009798770e-04
2.534389255629334063e-04
2.068713925193683999e-04
1.699358268111379115e-04
1.611524780047963264e-04
1.585254373569058904e-04
1.462659574711431382e-04
1.428345273002278905e-04
1.327364256719909259e-04
1.312216114921255943e-04
1.251408967487392958e-04
1.202293317118207890e-04
1.084965056366984584e-04
1.059094399327205343e-04
1.024704841896143464e-04
1.006608223657724864e-04
9.965621946532837977e-05
9.358309220240123324e-05
9.300098444985748631e-05
8.950360733914270914e-05
8.726872044740211312e-05
8.387917227332703386e-05
8.064909546643447402e-05
8.018148041656344776e-05
7.839203473851453238e-05
7.688146550996046509e-05
7.627441238985663340e-05
7.533428275659710173e-05
7.342129775566275075e-05
7.277164183406614523e-05
7.126502918383377863e-05
6.946271331134070586e-05
6.859349511928461364e-05
6.741976303164876939e-05
6.665412301455508784e-05
6.465576720180704466e-05
6.410592803133330949e-05
6.329137160252850736e-05
6.288141110943205653e-05
6.201365374750622051e-05
6.165194573659690152e-05
6.041821538895558936e-05
5.981336202815866335e-05
5.920009434533442407e-05
5.850540967023020356e-05
5.799668297619863173e-05
5.718386191075753959e-05
5.689706117437126750e-05
5.655591333936079649e-05
5.604705385003481733e-05
5.557082390770866457e-05
5.520179611949131021e-05
5.484217759810634764e-05
5.395973971863777993e-05
5.297427669806601465e-05
5.251651743145166555e-05
5.194278748103717112e-05
5.154784173160808619e-05
5.146034422902053749e-05
5.076823644846639629e-05
5.029119909153182479e-05
5.004465158641997584e-05
4.969766029492721687e-05
4.978088939653108096e-05
4.934193709522837422e-05
4.904517996851891047e-05
4.872808288560636958e-05
4.832204525284213904e-05
4.802233460510514071e-05
4.753084032452201710e-05
4.727609734997634608e-05
4.702148105300911588e-05
4.675226348452066915e-05
4.646068556946157132e-05
4.612361691764362335e-05
4.603467939351003072e-05
4.558173498760222277e-05
4.549665244124936891e-05
4.525369492373871309e-05
4.502699990672549184e-05
4.484172563610988122e-05
4.456088178411716637e-05
4.424728258768296807e-05
4.405527983780755980e-05
4.394015496704627816e-05
4.365551004642484895e-05
4.340830457765436590e-05
4.311035898614953507e-05
4.288653498309631152e-05
4.276985923946590400e-05
4.250118483623795465e-05
4.220444851697433155e-05
4.214417900610806098e-05
