7.336681914570201968e-04
3.429701597163357560e-04
2.746187609888335992e-04
2.490314410592597339e-04
2.184179545350155836e-04
1.527610208560749880e-04
1.345768012422633676e-04
1.233237529052561238e-04
1.177831933347722574e-04
1.122391787662409805e-04
9.587997320236774123e-05
9.168508700972856492e-05
8.885812747920206222e-05
8.360111337793964714e-05
7.771026552827944443e-05
7.573490761026628430e-05
7.185712714275213707e-05
7.070456758259132486e-05
6.623638271907878047e-05
6.375904849591047742e-05
6.237149203447268464e-05
5.687509540013221818e-05
5.528040566213400373e-05
5.404658444120923831e-05
5.350320971034994860e-05
5.280143629115447454e-05
5.204461434030591323e-05
5.152825263061926284e-05
5.097147720023524316e-05
4.862603373451790362e-05
4.772130673381564671e-05
4.666622456063154761e-05
4.593009415588337590e-05
4.512953805512908459e-05
4.466296611224864637e-05
4.398283910473228505e-05
4.293086855152473269e-05
4.263568099076068364e-05
4.229734221955028326e-05
4.150846213748357800e-05
4.132011841440092213e-05
4.052299064489719863e-05
4.011821280327112322e-05
3.921338354707184809e-05
3.861518608544301629e-05
3.837570285110022126e-05
3.787410669266294110e-05
3.728325537553301214e-05
3.716314629311025160e-05
3.680143288993531232e-05
3.642437098288294519e-05
3.612064355522344130e-05
3.597782594362789480e-05
3.570592156705602253e-05
3.553808484598049936e-05
3.495383051454271960e-05
3.503557568716228731e-05
3.463822824587719802e-05
3.430174024859492719e-05
3.404699042584910794e-05
3.387505794918416457e-05
3.354254355065502507e-05
3.328980082471767553e-05
3.317940832208359858e-05
3.293448609040228441e-05
3.265352941180036235e-05
3.236408251024161715e-05
3.214600870744489444e-05
3.199270585896828167e-05
3.177889960337495383e-05
3.154596614925556672e-05
3.140343507261798514e-05
3.115410057685691526e-05
3.091540346485765171e-05
3.079976355504896222e-05
3.052737685677747465e-05
3.037163307700480809e-05
3.017558104002234835e-05
3.010978733488366301e-05
2.987147497806179431e-05
2.972105873098241077e-05
2.941373156164699230e-05
2.929226471368351589e-05
2.920898056376561370e-05
2.902642922526276747e-05
2.888640195397421906e-05
2.878291375545714303e-05
2.862369532571490676e-05
2.849023143273025937e-05
2.837748208034748679e-05
2.813819610086290809e-05
2.804543899255999891e-05
2.789229550178056992e-05
2.774200261543221334e-05
2.760345014115964744e-05
2.757290296299666412e-05
2.738078355360628460e-05
2.723484940007231899e-05
2.715295247363438763e-05
2.702995119615351791e-05
