4.789212580426744042e-04
3.639826303709863117e-04
2.391699694841183511e-04
1.936611424838988128e-04
1.650555140383117242e-04
1.637611910253752932e-04
1.419734575015815315e-04
1.347105105979354766e-04
1.320972297358210710e-04
1.072302750938878429e-04
1.052367837022281471e-04
9.826504911566156554e-05
9.546596575974835826e-05
9.071128723324771795e-05
8.975455970751879836e-05
8.461835168497777921e-05
8.245948533811484884e-05
8.190246233923726457e-05
7.955441971718898704e-05
7.774750761734060354e-05
7.720580137243807084e-05
6.703165591682214749e-05
6.620169062429177571e-05
6.507484021021376220e-05
6.266638578813654335e-05
6.195466466916190991e-05
6.091356444790582567e-05
6.052351928936991026e-05
5.934061441053089338e-05
5.643568536836715934e-05
5.411631444207731063e-05
5.339395829828354260e-05
4.964175005172279250e-05
4.813515414063876239e-05
4.759043807644372216e-05
4.698549083985091286e-05
4.547608258284829120e-05
4.520472880999138431e-05
4.465729724375880474e-05
4.368034882210702463e-05
4.325861835726113846e-05
4.171370221849320472e-05
4.100478926530991698e-05
4.046288151024138172e-05
4.017836049068932238e-05
3.979958874808414205e-05
3.937331711598115634e-05
3.908085384694222521e-05
3.847583432309795452e-05
3.815534755106469279e-05
3.791436805390427199e-05
3.741625711098265310e-05
3.702722192616835655e-05
3.663684190361737744e-05
3.620259890444972524e-05
3.587019287582974219e-05
3.561639914897315692e-05
3.548597738310433773e-05
3.512464574892957322e-05
3.484841543327230534e-05
3.446984160734223914e-05
3.423967242782476804e-05
3.403883779033423345e-05
3.365622791341899722e-05
3.351536366636472252e-05
3.326344082689894712e-05
3.298448857659871502e-05
3.287158494520046940e-05
3.235548771196893926e-05
3.212593970823105768e-05
3.187651199872529502e-05
3.170588294537894923e-05
3.152868094752997815e-05
3.135740364994914344e-05
3.112924935082630237e-05
3.089826340845540186e-05
3.070622283832534797e-05
3.057221276488473550e-05
3.038642327551000275e-05
3.021509384488511797e-05
3.003201901218945980e-05
2.987681391621692858e-05
2.983508534404588145e-05
2.957784962302954204e-05
2.944145974959465830e-05
2.914868464341086900e-05
2.892369560134505261e-05
2.878781118756655485e-05
2.872453209916524732e-05
2.854773031782173042e-05
2.849505485162244126e-05
2.838910324072754679e-05
2.817997667221637420e-05
2.803959370514878848e-05
2.791448640723518597e-05
2.787146691131105148e-05
2.764052398157351622e-05
2.753409742465215472e-05
2.732672000805170731e-05
2.722207510148904125e-05
