2.183112226049625536e-06
1.788390948691982812e-06
1.640296966298082114e-06
1.361892874227880686e-06
1.293145341884754920e-06
1.265992464793815999e-06
1.233925113665854816e-06
1.200183777203598008e-06
1.164259384110534901e-06
1.124999392442992878e-06
1.107171444752151418e-06
1.060064802477518245e-06
1.051665613760714481e-06
1.010706132807366103e-06
9.926551245302878257e-07
9.669199039962328221e-07
9.452186884563350777e-07
9.214073227753009729e-07
9.095765704213936713e-07
8.939277271286481299e-07
8.678153038952146227e-07
8.509690416429293651e-07
8.407834048293093141e-07
8.143594002307600330e-07
7.971624028069952390e-07
7.787585867821231970e-07
7.751376344847394176e-07
7.479929054858851698e-07
7.342691657871953222e-07
7.225553958730249514e-07
7.186054150642144593e-07
7.023642856588170153e-07
6.779497918008182891e-07
6.709079684066926038e-07
6.508391763276671769e-07
6.444840285903503178e-07
6.259904743608356994e-07
6.133461421950882090e-07
6.008465162462249585e-07
5.912651214732881922e-07
5.797465595279113239e-07
5.702380744443341125e-07
5.560404492353188112e-07
5.445545894782772193e-07
5.392022472144466755e-07
5.282634637643814928e-07
5.105377224655331850e-07
5.038409629962207406e-07
4.841536212573825651e-07
4.754211547919533150e-07
4.678727341983727188e-07
4.551567622555680125e-07
4.521260787774216354e-07
4.404440674080341685e-07
4.274410746658053773e-07
4.207064226050172154e-07
4.143725708777170096e-07
4.021750229386371916e-07
3.975798266962017851e-07
3.892752643409339126e-07
3.810942595502295032e-07
3.769693881057586513e-07
3.684857609637317051e-07
3.601111646423343599e-07
3.509850672591933466e-07
3.447541540565160970e-07
3.305637684015257779e-07
3.281410988341990066e-07
3.236265921784703903e-07
3.128784788575759840e-07
3.043836808358291746e-07
2.974017719026363936e-07
2.955367951285522106e-07
2.857848238463100386e-07
2.792615620204865263e-07
2.733327456060896919e-07
2.697254158001924602e-07
2.524797348128096758e-07
2.478266184326731416e-07
2.429599005091392831e-07
2.316265848590627076e-07
2.242637652230163074e-07
2.161945517902737431e-07
2.099666819329242827e-07
2.038921597770166791e-07
2.006326764315957484e-07
1.914233262087412619e-07
1.866814622909914301e-07
1.806080691910173485e-07
1.738446386419283558e-07
1.685061477103386023e-07
1.647883203218494936e-07
1.592910203147826291e-07
1.509684918794657197e-07
1.438949254750898200e-07
1.420875083806989153e-07
1.352050113747252175e-07
1.302681905142264362e-07
1.247229751763626488e-07
1.216155510541192720e-07
