1.400931390769251339e-06
1.372347758814240699e-06
1.327471041097785380e-06
1.251271001238935221e-06
1.240507102382668685e-06
1.178167700564650310e-06
1.140175858928846794e-06
1.122592977911785117e-06
1.085322372267162512e-06
1.063163319727091674e-06
1.038087929642937611e-06
1.011821526300652803e-06
9.849057206312435567e-07
9.748985537037347918e-07
9.602145146957702897e-07
9.229574479555784237e-07
9.117181738946868660e-07
8.715133527085149856e-07
8.542958547422237525e-07
8.492331195997035882e-07
8.267935715173680855e-07
8.238649197287857414e-07
8.012609714236330909e-07
7.764940056265755328e-07
7.515145857764756254e-07
7.465065206204773705e-07
7.366197853561870443e-07
7.334359552956758285e-07
7.281534522118247229e-07
7.126318666640983304e-07
6.920016676060120659e-07
6.658194373038103215e-07
6.574577854812894387e-07
6.496957410748274298e-07
6.322668272135413610e-07
6.302886380183363547e-07
6.118109526832600099e-07
6.042604751450825180e-07
5.776284227135666653e-07
5.731365338638218076e-07
5.557052091630248075e-07
5.436346546731313651e-07
5.322727803004812459e-07
5.292636807030884041e-07
5.238882887092227496e-07
5.196071287984434215e-07
5.163363481450630384e-07
4.898444224448724483e-07
4.858600465406978628e-07
4.839210510638822280e-07
4.649699163147738282e-07
4.608486163560022398e-07
4.535661321397374627e-07
4.396368988046078282e-07
4.377484589631981464e-07
4.170160951372702460e-07
4.159044103243309485e-07
4.048634896308383132e-07
4.035449117342483393e-07
3.868815965342341618e-07
3.829579416396490845e-07
3.697791093847367811e-07
3.652700811142758789e-07
3.561715586806706267e-07
3.545003256750028509e-07
3.417607457585397760e-07
3.341141295893360520e-07
3.281299399214980004e-07
3.130110150030843623e-07
3.097456088433292763e-07
3.017318365958895103e-07
2.922841414371809751e-07
2.816348988909403237e-07
2.822011831708524505e-07
2.711122507319158820e-07
2.624776429429279572e-07
2.583132411552293150e-07
2.548117114775168914e-07
2.495349540030531924e-07
2.476898565303708679e-07
2.424453435668872803e-07
2.305697926577315846e-07
2.186807850052799655e-07
2.097750671996661423e-07
2.036836149940027344e-07
1.999775067316417022e-07
1.895888841724404966e-07
1.859093840864578612e-07
1.833199530256642426e-07
1.747069286711195640e-07
1.717540877563966783e-07
1.628660141068409990e-07
1.472410059508154801e-07
1.439207687625454219e-07
1.402112881282363643e-07
1.353737417476450578e-07
1.286564321569463802e-07
1.280857580207264944e-07
1.185738958763405021e-07
1.160487728211209017e-07
