6.085044719793707884e-04
4.007133713006788122e-04
3.492180647153106821e-04
2.850767321293713893e-04
2.785215668145236468e-04
2.589133457106311759e-04
2.536049690832472897e-04
2.425523569328549812e-04
2.304073791357763134e-04
2.239820781818402178e-04
2.112051209032256717e-04
2.032663277649751697e-04
1.916541723644537697e-04
1.834286032928369309e-04
1.751320375821776752e-04
1.516715524820251679e-04
1.502455206428786045e-04
1.435149942592118763e-04
1.386121326778572875e-04
1.365255960303142404e-04
1.272982745162577615e-04
1.146999786864140631e-04
1.122211029709410950e-04
1.090562781770674480e-04
1.077157455108464099e-04
1.065534440336854795e-04
1.035468084546906721e-04
1.020600998539767398e-04
9.956973643279691381e-05
9.476215087243251975e-05
9.276760321940917119e-05
9.115959419176138546e-05
8.993385817855838887e-05
8.746893237823635510e-05
8.680230428374899505e-05
8.608997630658265208e-05
8.464194913813610581e-05
8.310590618986140145e-05
8.029590495158432021e-05
7.814775355071754809e-05
7.439371850137127811e-05
7.342884313370039162e-05
7.216853531683161110e-05
7.094241701850336032e-05
6.883107964521790307e-05
6.761025906900921753e-05
6.634331368552904759e-05
6.549181735749250697e-05
6.450665621936273924e-05
6.397013104471780081e-05
6.303870167420303633e-05
6.235171338419451769e-05
6.180045242696362089e-05
5.938838650282814326e-05
5.916949520830586898e-05
5.859312591954981110e-05
5.793327766468097051e-05
5.738926474626911275e-05
5.649652937764822625e-05
5.614330178696733819e-05
5.552341790711764021e-05
5.516234419960006725e-05
5.451086262906214004e-05
5.344307024206491430e-05
5.317044318049540200e-05
5.268118539158953044e-05
5.230526150045469421e-05
5.199268460370993686e-05
5.145062667118470217e-05
5.135639258289442327e-05
5.074867591278392969e-05
5.051981937178939364e-05
4.996895966375694206e-05
4.969784284542098121e-05
4.926325060820110782e-05
4.895389749868565100e-05
4.877383619666137441e-05
4.848781911361406622e-05
4.828922440012175978e-05
4.793944112526416803e-05
4.756427529987247856e-05
4.736383603347409891e-05
4.682996504840563051e-05
4.660885025328435585e-05
4.631417140467194738e-05
4.596998709566705855e-05
4.591105590540852521e-05
4.545264380107999036e-05
4.527661484674450656e-05
4.512241607317995758e-05
4.470097088703491408e-05
4.438186570559386139e-05
4.398535055073575089e-05
4.380488479738086613e-05
4.374182527569393396e-05
4.349647950562270630e-05
4.324145255166690508e-05
4.291474231415688245e-05
4.277552738437839254e-05
4.267693710760554011e-05
