6.139350054309016284e-04
5.099720045383720948e-04
4.011140492588194579e-04
3.515161693687320521e-04
2.987085685652759288e-04
2.902714990049854848e-04
2.787676166386127532e-04
2.615230441063117525e-04
2.584137509243801122e-04
2.537428840071226550e-04
2.437241902574953725e-04
2.335644409256679274e-04
2.255371001284502282e-04
2.114307818746983408e-04
2.063941378824942570e-04
1.917928506430776063e-04
1.867987572213945650e-04
1.849898704896535992e-04
1.738880259963551602e-04
1.573479767838093370e-04
1.544913142752494422e-04
1.522424577485278542e-04
1.479741142870949955e-04
1.412110249242646924e-04
1.390962322529211165e-04
1.328249311505107287e-04
1.263734986098685536e-04
1.191184286411917483e-04
1.186768715232762493e-04
1.131154906024213491e-04
1.093723326350054461e-04
1.089487963140991209e-04
1.061207920032649125e-04
1.042442549466521549e-04
9.973453146234638510e-05
9.979517195898139918e-05
9.704153196846238504e-05
9.475372022169672699e-05
9.377334239470758246e-05
8.980387155273135977e-05
8.928505992309423371e-05
8.701972350467319321e-05
8.699260533932979265e-05
8.643013833621932180e-05
8.564269582330940309e-05
8.426703567835103225e-05
8.426683090238988399e-05
8.141050023199174234e-05
7.975560371603828628e-05
7.746176312986065033e-05
7.708241029450256098e-05
7.700682924453005880e-05
7.438045259524128975e-05
7.405765933347284143e-05
7.109953214873758291e-05
7.069303599025178995e-05
6.992058441180492743e-05
6.747509799947106011e-05
6.731054107714643019e-05
6.668524892868120532e-05
6.617019026896735516e-05
6.519154784422372801e-05
6.492284619566559374e-05
6.334629344407859261e-05
6.273719435016895311e-05
6.261533453328639012e-05
6.200458867241545830e-05
6.083593887636169550e-05
6.054967869601617542e-05
5.985388513693726053e-05
5.962363199371339978e-05
5.904732599269950171e-05
5.862797186265405330e-05
5.816711711566721496e-05
5.763131366113355620e-05
5.738109056655115765e-05
5.653301367615249122e-05
5.594715057114713535e-05
5.551869009727224743e-05
5.542756270265154008e-05
5.507894817051502704e-05
5.502070991874145336e-05
5.473412553546979747e-05
5.422731987654556092e-05
5.393189588588956465e-05
5.347320131756647988e-05
5.300926360198114493e-05
5.263834571672410803e-05
5.221484003846709631e-05
5.206095990039469101e-05
5.140143897932029254e-05
5.127880394881793793e-05
5.100612233568171803e-05
5.091449169713852462e-05
5.036945806873401781e-05
5.008354660627878889e-05
4.996738917134084876e-05
4.976575865888530211e-05
4.965642650823468181e-05
4.917583406528338799e-05
