8.154837596157780326e-04
6.976159592958491992e-04
6.168397602936202644e-04
5.677777434451808467e-04
5.053009055981016930e-04
4.466009565884057229e-04
3.452802123832970395e-04
3.000502121912156637e-04
2.580786665923960458e-04
2.369249652745068475e-04
2.060347013597166007e-04
2.029763671826083230e-04
1.905672808401617205e-04
1.866057528259057333e-04
1.824746186942119528e-04
1.807045507007744615e-04
1.728993754494668848e-04
1.542561912515854727e-04
1.437913306211823070e-04
1.432742945513156409e-04
1.351186414956184962e-04
1.323579315337741020e-04
1.293108532250668188e-04
1.261414965027667404e-04
1.182702826153929116e-04
1.176972071345021179e-04
1.134465481820190220e-04
1.090412829669349466e-04
1.075091262098034489e-04
1.056135311172250223e-04
1.036433272217280905e-04
9.854507915395097105e-05
9.744979913522402656e-05
9.604386810783872191e-05
9.581566436578383924e-05
9.311597729945099336e-05
9.284559342246808918e-05
9.157396389689827817e-05
9.101004605333232861e-05
8.960062467693577146e-05
8.799951935141673979e-05
8.684933015142775692e-05
8.692259115268259704e-05
8.298124494888614990e-05
8.014651053390425676e-05
7.879366107881018578e-05
7.698767831622952004e-05
7.674682411382962796e-05
7.603778494567660373e-05
7.422559831022994790e-05
7.380730422731496406e-05
7.272190046342104190e-05
7.253462802981820755e-05
7.154982641712511035e-05
7.060365863323372839e-05
6.917880936856882332e-05
6.855487842747348258e-05
6.719436403068715304e-05
6.621651849739853071e-05
6.594264605595340440e-05
6.453035524215824752e-05
6.353839845297426959e-05
6.347299810932209877e-05
6.280327532273314662e-05
6.218820018170424270e-05
6.192541066839296930e-05
6.137650754921389644e-05
6.090673642329905309e-05
6.047186789999836051e-05
5.998206094174120555e-05
5.948645020321680093e-05
5.911017489144347169e-05
5.890175020321792443e-05
5.831232647354121475e-05
5.776604364156542746e-05
5.674990522495204610e-05
5.679651870090112234e-05
5.624376845528359482e-05
5.611625962843371109e-05
5.550173402550059491e-05
5.548014190489568195e-05
5.468351035983012615e-05
5.433848113603081769e-05
5.365495694722581836e-05
5.335041705488165312e-05
5.299184363496543571e-05
5.277951761562855873e-05
5.252147459763421025e-05
5.220875021404414548e-05
5.185129142932278770e-05
5.177115530236763496e-05
5.146073602976729776e-05
5.150385696184013135e-05
5.092642164017229385e-05
5.066072213580785649e-05
5.058031696092300306e-05
5.028494850660670076e-05
5.005273461153690590e-05
4.957491048130488920e-05
4.946262774870546325e-05
