2.478776480803667685e-05
2.261873624360246344e-05
2.237047582987839586e-05
1.893425352513756493e-05
1.806343262494763537e-05
1.767986786094868177e-05
1.720387169973745196e-05
1.648541186596141957e-05
1.602575148270283059e-05
1.536555430310760097e-05
1.514293360487767672e-05
1.255810395528618124e-05
1.175640758947488913e-05
1.160016103405015983e-05
1.100697379428799654e-05
1.033900258666292640e-05
1.012910389197103769e-05
9.788668558648021346e-06
9.720105430306641084e-06
9.656831754540791797e-06
9.468647226390957655e-06
9.202421857766299019e-06
9.101612063404885617e-06
8.889485954440781389e-06
8.683197056818053885e-06
8.641845064552928699e-06
8.627540968488147145e-06
8.522805434079417779e-06
8.482716992286776477e-06
8.268060831678040966e-06
8.229900264579045991e-06
8.120972757187646605e-06
8.077407033189978845e-06
8.025684908829348567e-06
7.994300203180383977e-06
7.876795998398914195e-06
7.856414730693427476e-06
7.777842407700700044e-06
7.718397596228743619e-06
7.654422103004221783e-06
7.602091663530186256e-06
7.574480970134063576e-06
7.493073249809529864e-06
7.366303825180489907e-06
7.352943374307927334e-06
7.300838890920072476e-06
7.279425132603446844e-06
7.233095695982118176e-06
7.140817727383120547e-06
7.120634623491800860e-06
7.086086950588928562e-06
7.039957377725455989e-06
7.010236470044468143e-06
6.958812120654708295e-06
6.927231232135691436e-06
6.886198381685951187e-06
6.809407850472860241e-06
6.787982640890871753e-06
6.748867949290038030e-06
6.664419761628015734e-06
6.639315153612868489e-06
6.609061867175517739e-06
6.599795444839433256e-06
6.548516198262928089e-06
6.523660833801263114e-06
6.458064124715740231e-06
6.429601578835065889e-06
6.384257259514024569e-06
6.373944154787885430e-06
6.362055162575205060e-06
6.288963653877341081e-06
6.275621615105708710e-06
6.230945858853044383e-06
6.213068252966026988e-06
6.208224137020089834e-06
6.151057325643141484e-06
6.110257156430274720e-06
6.075767558419413206e-06
6.044631918099146542e-06
6.018052067581279649e-06
5.989074504713750427e-06
5.971348159278307713e-06
5.932965462126634877e-06
5.886904885778857123e-06
5.867561101059846031e-06
5.855170209990834687e-06
5.836841239040522004e-06
5.807628213487745130e-06
5.759858378753928893e-06
5.739673979262902111e-06
5.693170576391796747e-06
5.642414138472842386e-06
5.618675732039163991e-06
5.609540087397917948e-06
5.588685283213672147e-06
5.553878671503086447e-06
5.530745020718231090e-06
5.505170273654971919e-06
5.491559893847855585e-06
5.457294526452216576e-06
