1.507030465988074741e-06
1.464141376814059909e-06
1.322371321358290995e-06
1.263375743961100589e-06
1.243297717276056825e-06
1.207933227980516284e-06
1.171027768822398080e-06
1.147325007773608939e-06
1.133223362693331459e-06
1.074722693600669503e-06
1.048982589668375575e-06
1.040744769080499393e-06
1.023854175974112616e-06
9.784344986543482165e-07
9.615677323616128495e-07
9.411956839122416671e-07
9.259382062311715922e-07
9.049759927461483197e-07
8.875538032066890702e-07
8.689939322566467187e-07
8.512258960585617619e-07
8.345647328908693272e-07
8.227312790516890639e-07
7.919890307800907837e-07
7.771225290719492304e-07
7.608592541503101180e-07
7.444829994179846931e-07
7.311975060985261729e-07
7.186462412664434407e-07
7.028746331332453413e-07
6.920434630985398000e-07
6.807058909168936626e-07
6.704224676139374669e-07
6.609122143083761529e-07
6.548924486151840378e-07
6.370910293417472709e-07
6.300357754111965602e-07
6.189885764764803671e-07
6.062772381520965576e-07
5.934684035439312699e-07
5.775237150520546502e-07
5.723951070260635767e-07
5.575515050473045862e-07
5.501498186196109681e-07
5.373894924998324812e-07
5.230403370631241860e-07
5.137446259254202764e-07
5.035890631161509421e-07
4.957388402801378748e-07
4.842447970701943988e-07
4.695745276275772977e-07
4.583503692363798302e-07
4.492116559493809493e-07
4.434420612710908475e-07
4.297153500225416437e-07
4.208126150155693959e-07
4.226940062994115967e-07
4.067483448752153092e-07
4.021508327146199775e-07
3.951577516819312378e-07
3.852671303602298510e-07
3.805221966712060009e-07
3.724837865181228342e-07
3.634405612966326330e-07
3.525649776547237285e-07
3.463830915655615147e-07
3.339908336731889565e-07
3.293042910446664481e-07
3.230044360843819699e-07
3.187539825594416085e-07
3.075791047464759860e-07
2.979284918265076982e-07
2.951492126304646679e-07
2.847274651912328270e-07
2.774369785445129308e-07
2.693960417614447700e-07
2.629010118296612210e-07
2.553495378832245292e-07
2.500295846414879578e-07
2.429040412617215660e-07
2.367704610779236430e-07
2.273715175642599985e-07
2.245652977541988425e-07
2.175489530559323909e-07
2.120217188297249940e-07
2.080542110989565721e-07
2.051657514702967755e-07
2.010571789304255202e-07
1.897460835324677215e-07
1.841131770620822566e-07
1.777694878268080785e-07
1.700633343781755406e-07
1.645033641527855772e-07
1.590250208195019704e-07
1.578014762743396821e-07
1.477068174014426478e-07
1.437217927895380263e-07
1.393625208027654514e-07
1.331677025755418901e-07
1.279746469919986318e-07
