6.464167409184098760e-04
5.132332148370331295e-04
4.847670995187607339e-04
3.698591491697406303e-04
3.692124708042357679e-04
3.318630566712301583e-04
3.283569526167128059e-04
3.224500865472227349e-04
3.189863885792943365e-04
2.564826231725139054e-04
2.432437319187574830e-04
2.370002639153473813e-04
2.179271630841379663e-04
1.971501104455053563e-04
1.952337976973086585e-04
1.810429761694508474e-04
1.703152645046295281e-04
1.659474265855412801e-04
1.615320305934453773e-04
1.549319728386679921e-04
1.497907338860493033e-04
1.463980156770853928e-04
1.431432366801272738e-04
1.419028586766007548e-04
1.373319039300813975e-04
1.386374576478364507e-04
1.243107128919061592e-04
1.211780819452832388e-04
1.191765270192945368e-04
1.150612340985849875e-04
1.107478631643925027e-04
1.107327713306741057e-04
1.080352046109962690e-04
1.042766559763358343e-04
1.014768396496632631e-04
9.786837553078991459e-05
9.575879916535597557e-05
9.370856506050330274e-05
9.246794622247145052e-05
9.077825168366268442e-05
8.964083113722917879e-05
8.836143818556520116e-05
8.821827904597401889e-05
8.667806327971976088e-05
8.655056708702827219e-05
8.446178562098623764e-05
8.315254293139404953e-05
8.146614686547368970e-05
8.091926234635141873e-05
8.085981843876805788e-05
7.736078398255996017e-05
7.679258438562512916e-05
7.447900742120913090e-05
7.395859814559530899e-05
7.226008124012869491e-05
7.061723034352977767e-05
7.066532664987510576e-05
7.005307389701632894e-05
6.930865002160374393e-05
6.886155198509232196e-05
6.842265612784688162e-05
6.768191441453677061e-05
6.673212285673246161e-05
6.607588536423858146e-05
6.510271467640133902e-05
6.502438972864736395e-05
6.375386596004203378e-05
6.348801010613442091e-05
6.207753580528851977e-05
6.080822125684166954e-05
6.008869695663282583e-05
5.988231063084429608e-05
5.916501612611016557e-05
5.912331083106335154e-05
5.836666142647859329e-05
5.805807668175039184e-05
5.778609007526191809e-05
5.741412612996202780e-05
5.680230778912751416e-05
5.665554486177588802e-05
5.604949492531574872e-05
5.596907633934267634e-05
5.564772569735197390e-05
5.520246742759341447e-05
5.506201158794900687e-05
5.416661302193756343e-05
5.368480893220777499e-05
5.359888212872505745e-05
5.298667855535425016e-05
5.294693839610406511e-05
5.275558458333627957e-05
5.242820395100334345e-05
5.193277780132329771e-05
5.184921620612151916e-05
5.140087687478252465e-05
5.119972976828422273e-05
5.073860691563078339e-05
5.033172872762705269e-05
4.974540773355288614e-05
4.955039071103503650e-05
