1.215522608432172179e-03
1.171766330822209120e-03
7.309970716372977051e-04
4.425642704210325175e-04
4.301158566442872012e-04
3.102462187641355203e-04
2.370640171081855473e-04
2.297640254102278001e-04
2.085025291013896040e-04
2.007347208031234529e-04
1.977853107777811047e-04
1.738222797822604735e-04
1.599355094133956005e-04
1.433925463338952232e-04
1.420401138508930843e-04
1.361452738113154502e-04
1.241293159644572656e-04
1.213115964227432560e-04
1.195173468937337912e-04
1.176496647410756318e-04
1.133082132380752618e-04
1.114204553205568526e-04
1.093451751244948930e-04
1.049806761357874964e-04
9.350374038725896406e-05
9.261930089620060375e-05
9.091761436804062337e-05
8.950701159779956607e-05
8.607653532906458594e-05
8.468985760878359179e-05
8.358266253365642315e-05
8.126896673395335522e-05
8.043693721480592589e-05
7.804506158365168698e-05
7.661675657537484537e-05
7.491621830494524616e-05
7.352076107099477377e-05
7.198189925536181244e-05
7.118164100789290555e-05
7.002896042039421576e-05
6.879407360870381410e-05
6.783655926703613024e-05
6.712593108561377921e-05
6.646767086432730533e-05
6.585167996995884186e-05
6.534744055347692837e-05
6.439748792309285259e-05
6.386149799830424638e-05
6.249987282410968559e-05
6.228402359857756186e-05
6.084715641874313338e-05
6.024091541912052395e-05
5.969414907635803709e-05
5.875393856250961730e-05
5.844761539378849060e-05
5.733421197805211277e-05
5.698623355177731645e-05
5.603997865746528496e-05
5.520213982234299860e-05
5.479453157135419925e-05
5.405199328751089817e-05
5.332014545880415867e-05
5.296101597849279711e-05
5.278391861564461058e-05
5.210230645022144441e-05
5.187555582034951077e-05
5.163915191403398977e-05
5.122854094118852179e-05
5.072089263112816802e-05
5.036215572670920722e-05
4.999665495957188193e-05
4.959999019502256537e-05
4.947038307430637869e-05
4.912756039833105783e-05
4.895473831530078909e-05
4.880390639331933417e-05
4.819568295306291288e-05
4.792151302353758947e-05
4.732255244151763331e-05
4.727509819589973219e-05
4.693081675925150610e-05
4.660636333518324324e-05
4.643486588996400156e-05
4.606595729024482279e-05
4.581175424745946416e-05
4.547506691344088735e-05
4.532649586784873462e-05
4.512045775563239183e-05
4.492486402927751320e-05
4.468506187975192261e-05
4.450081854178973909e-05
4.412532823733069591e-05
4.385815223211101045e-05
4.362893299534724320e-05
4.336413473591052559e-05
4.328898535349775276e-05
4.304705025182827536e-05
4.288646726522630376e-05
4.265345822538631177e-05
4.217645681723941522e-05
