4.169450884331194103e-03
1.168600427677597003e-03
5.922168223044850391e-04
4.272860806219744029e-04
4.264461201891096170e-04
3.818056896915090169e-04
2.546540584283794764e-04
2.309452515645505819e-04
2.325715848178543468e-04
2.064382975252995950e-04
2.042787588642663323e-04
1.679663842756099737e-04
1.663802683610894975e-04
1.621365300913230306e-04
1.359726393417572078e-04
1.350301954827027380e-04
1.212953780175144363e-04
1.205220512935413230e-04
1.147513919745659912e-04
1.134756961151418955e-04
1.045244542955407383e-04
1.042214203717998328e-04
1.025717821514827185e-04
9.827072721982008097e-05
9.614319680868843696e-05
8.996351690048021523e-05
8.595259549733794352e-05
8.496928374456433580e-05
8.329901969714449922e-05
8.291598974008378251e-05
8.163197270564555427e-05
8.011036640295786414e-05
7.498260324813763532e-05
7.318408373515518524e-05
7.271060325886658025e-05
7.013767766802261839e-05
6.885088156539401433e-05
6.842698146021203678e-05
6.816202524805804112e-05
6.726731783599716372e-05
6.640526039346597055e-05
6.568471570855941065e-05
6.553045020460724116e-05
6.476046557211900757e-05
6.463113184433130862e-05
6.356912417396463628e-05
6.330616501305181350e-05
6.222458097431784096e-05
6.178780713758593064e-05
6.083447974408632224e-05
5.991387298004844579e-05
5.868149890038011060e-05
5.851777617308486564e-05
5.689560583860498117e-05
5.674257312462647215e-05
5.550574267614407156e-05
5.515033255871580050e-05
5.493522489225645758e-05
5.416283958598542539e-05
5.380390007766126776e-05
5.351162362011803908e-05
5.306778026250378992e-05
5.268353920332261334e-05
5.233294868644502074e-05
5.196350269387726452e-05
5.184627454192763506e-05
5.110841401017390763e-05
5.000675908576743733e-05
4.971810653968922834e-05
4.961602957850192732e-05
4.900745614929743192e-05
4.875869594532833325e-05
4.849905890097835773e-05
4.839489585484481982e-05
4.766661184763501698e-05
4.752237779813742283e-05
4.728643112529263914e-05
4.685265308293159076e-05
4.676867891413611516e-05
4.630545698569749102e-05
4.621704316563542169e-05
4.583777208042974944e-05
4.565519583893984818e-05
4.541309517206063533e-05
4.506994363221312463e-05
4.504052637941132706e-05
4.484122592097294886e-05
4.470161405264607655e-05
4.443057169976241373e-05
4.434028244951727861e-05
4.405427986083144455e-05
4.381712184970314926e-05
4.346702794564297418e-05
4.335968889270912246e-05
4.300487086677819002e-05
4.277176225981743483e-05
4.265178035323952127e-05
4.237343219362446498e-05
4.211087457879219453e-05
4.198587690625478209e-05
