1.584796811107879416e-06
1.446914963520206801e-06
1.400250140893269657e-06
1.315989018919614941e-06
1.276918353273628047e-06
1.197786522552314203e-06
1.159560201101829060e-06
1.136606577206531708e-06
1.125806569510628613e-06
1.083528702966754085e-06
1.037341372618023982e-06
1.018948804997553777e-06
9.938074303379606117e-07
9.859085792040511359e-07
9.681633084650342080e-07
9.387056316445483446e-07
9.251316144747476249e-07
9.100668717753742520e-07
8.823688985531020908e-07
8.669685699031563287e-07
8.422831241286101464e-07
8.386591587457402838e-07
8.147047962561857929e-07
8.024088708755843372e-07
7.875369573349885034e-07
7.659012116534051279e-07
7.524520828302291105e-07
7.408909242397399461e-07
7.249987417889881411e-07
7.008290988288376405e-07
6.909995809464007037e-07
6.808396291984782208e-07
6.704463732323027530e-07
6.528115995194953226e-07
6.458256857921206725e-07
6.421979634575868809e-07
6.167484992105760121e-07
6.053315911739387276e-07
6.007340753417200556e-07
5.809971136174581507e-07
5.763722983896923207e-07
5.620998517203688840e-07
5.494596544811062043e-07
5.382979304447828285e-07
5.279971156085585302e-07
5.209416929039328105e-07
5.159378090943087999e-07
4.984953219518149903e-07
4.867792545444463772e-07
4.749509422737595964e-07
4.696509581357991356e-07
4.628158623860216956e-07
4.450131034190683519e-07
4.397971260565936704e-07
4.292356452395642396e-07
4.227787811540847724e-07
4.183056461663100752e-07
4.060654826588813118e-07
3.980451303486239481e-07
3.853464210564402738e-07
3.781556792420587644e-07
3.728112762159608281e-07
3.637817312423416567e-07
3.543055139851247584e-07
3.464749350486275921e-07
3.375738623105194775e-07
3.286263687807913234e-07
3.221205533525762693e-07
3.179250089833390630e-07
3.114914035788663917e-07
3.018274150985830843e-07
2.969737533828225229e-07
2.889785921164751420e-07
2.839108070833974561e-07
2.719968627225389027e-07
2.666648327486241155e-07
2.589302164833233980e-07
2.524996094621450693e-07
2.419004281719567737e-07
2.348667412831619974e-07
2.329130491416392430e-07
2.262612379694668247e-07
2.159638152657515891e-07
2.097350485907094025e-07
2.047888827097845364e-07
1.999174894768518915e-07
1.962411340654441211e-07
1.870772639984550182e-07
1.840460046566452396e-07
1.745405800469102061e-07
1.712475251268570243e-07
1.611779537824435126e-07
1.577943067725586225e-07
1.562191541824809998e-07
1.490396760444278367e-07
1.413634667378576428e-07
1.383261551725524405e-07
1.300752745685527272e-07
1.262736148100224108e-07
1.223211744631336834e-07
