5.941718769994649795e-05
3.086971189304957438e-05
2.319462791152018829e-05
2.013498723703995507e-05
1.965689895255709379e-05
1.727771173929670473e-05
1.620419169107238769e-05
1.535621258846853369e-05
1.357211139010009903e-05
1.322654848983717215e-05
1.151764241518123019e-05
1.115023087566662749e-05
1.073839443665832936e-05
1.062520975598461932e-05
1.034319075923209419e-05
1.015282199437110924e-05
9.874998573332018401e-06
9.727788359104543427e-06
9.388605130273793199e-06
9.235091710271522018e-06
9.122302116162326604e-06
9.048291556973021171e-06
8.882243091071078759e-06
8.751951242454955975e-06
8.697902411746239986e-06
8.652402741161468241e-06
8.482968179287244764e-06
8.387273347996081232e-06
8.318046834889748903e-06
8.265780260976046746e-06
8.153401748179474139e-06
8.050922173027573608e-06
8.006884034702218950e-06
7.964523819326371795e-06
7.885037145644799024e-06
7.806374843606281441e-06
7.712195208778522401e-06
7.685660671583062871e-06
7.604261050620171409e-06
7.577066762324254561e-06
7.536605572473577250e-06
7.445400386145005505e-06
7.409083732018833560e-06
7.339265586719122154e-06
7.262372695167742033e-06
7.204621769607859749e-06
7.164035792740323486e-06
7.109364758552545343e-06
7.036078452705357833e-06
7.011069506543060577e-06
6.968573763745090291e-06
6.949960139748000276e-06
6.929066637186052763e-06
6.887381227232958723e-06
6.824072185779624184e-06
6.745125170810818528e-06
6.693141049714225445e-06
6.685402134087424694e-06
6.653027498618927069e-06
6.596322365292658755e-06
6.569464748184978420e-06
6.511354167302019237e-06
6.468833933818315105e-06
6.439780666375955268e-06
6.401282032536846156e-06
6.377961924178945996e-06
6.347874614488957662e-06
6.324667646001109969e-06
6.296637852384234975e-06
6.249998102435587096e-06
6.191097923595390563e-06
6.161725621293743717e-06
6.105027753153731586e-06
6.086057897211714302e-06
6.062417317975521705e-06
6.036375822338738736e-06
5.996724247587539408e-06
5.978753614672433959e-06
5.953272351187768149e-06
5.931429133962021257e-06
5.894322316665469423e-06
5.877032921913350657e-06
5.841893831717264207e-06
5.806834178486140299e-06
5.764975668404320278e-06
5.745925448142882917e-06
5.712368678376408551e-06
5.679851224360643463e-06
5.659152125494241012e-06
5.639555986072932475e-06
5.625198723523014547e-06
5.602335282155450454e-06
5.563464958404622890e-06
5.529727757678127346e-06
5.521990986777250078e-06
5.485657437571812807e-06
5.472206968436737562e-06
5.458021310457146746e-06
5.420359868616542917e-06
5.385507747916928181e-06
