1.753577727337157007e-04
1.315970088153010085e-04
1.210083362391629273e-04
9.415626647293684004e-05
6.752411228760447969e-05
6.222034224316100022e-05
5.792771220632861047e-05
5.584631876775539679e-05
5.058050996747433665e-05
4.814168103096253882e-05
4.298443498770097019e-05
3.894031148421943600e-05
3.676752611903053925e-05
3.513619795085247042e-05
3.442108655532735310e-05
2.964421273650632104e-05
2.856045936032092081e-05
2.813467766570205557e-05
2.747747450324418295e-05
2.696055531094957702e-05
2.653012195700846888e-05
2.578195462953003370e-05
2.539667500272293842e-05
2.436626891809733094e-05
2.367581761138816556e-05
2.346818769513706770e-05
2.307192713666209716e-05
2.282259077069607135e-05
2.275461800429481266e-05
2.250275895230833027e-05
2.189944761503444582e-05
2.147667084259812854e-05
2.095523612064989987e-05
2.080982683395634725e-05
2.034149490436544487e-05
2.021634165703895474e-05
1.996094429771724191e-05
1.983483148886459459e-05
1.974604838478716772e-05
1.945282765753479561e-05
1.934767674727593442e-05
1.912328204430346990e-05
1.899782561323326449e-05
1.888157959488951258e-05
1.868849120206928215e-05
1.848488668176704943e-05
1.836480848501637070e-05
1.815294435593523231e-05
1.806122310086025038e-05
1.789215721603791849e-05
1.779606779595004055e-05
1.768049686400183638e-05
1.757121505440316754e-05
1.738079216698214683e-05
1.731052342346680966e-05
1.723350172915527815e-05
1.702086079251363318e-05
1.695016391657556642e-05
1.686307462927455613e-05
1.678019724167609865e-05
1.654284173144058938e-05
1.644522279613165074e-05
1.639131267867391013e-05
1.634074607647691084e-05
1.619624274568980964e-05
1.607077705250537598e-05
1.597137619900077741e-05
1.581221541399317228e-05
1.574520432698903660e-05
1.569692796618216081e-05
1.565093888121673059e-05
1.550377043176048280e-05
1.547344811412847858e-05
1.540411319029597303e-05
1.520331346960145547e-05
1.516457530718371037e-05
1.507626655664054261e-05
1.504506392065985957e-05
1.493080216614579880e-05
1.485172727371082388e-05
1.481028610897400351e-05
1.473324217342630259e-05
1.462410304117393886e-05
1.462962773182415754e-05
1.453356580329385670e-05
1.450288447581899213e-05
1.442448184475493370e-05
1.433460172169640904e-05
1.427668534246186718e-05
1.424788492171140119e-05
1.410769164448129705e-05
1.401105179757264334e-05
1.398996230749460419e-05
1.389746293137407074e-05
1.386297634044324834e-05
1.384699814412540639e-05
1.375595569273654839e-05
1.371651736060907446e-05
1.366296582921483881e-05
1.358959245684423947e-05
