8.500851846370429765e-05
3.723060133829087637e-05
2.064382866069439996e-05
2.042628521906303561e-05
1.714671390198497058e-05
1.601077109743722206e-05
1.550446328810077001e-05
1.509823549508362527e-05
1.430908987541954023e-05
1.393594377248524635e-05
1.358111415070460113e-05
1.341490170551506192e-05
1.179558991071909562e-05
1.120323690589088986e-05
1.090877238474398064e-05
1.042641213049955249e-05
1.015252343216779307e-05
1.004778613338097102e-05
9.842410241198343963e-06
9.608270385214203214e-06
9.388083214062802669e-06
9.297793293608618020e-06
9.197730726261060544e-06
9.004819620614431109e-06
8.961402632516751607e-06
8.843633250222883628e-06
8.742691054019350582e-06
8.686589146643287844e-06
8.608824469346678927e-06
8.552929282065210539e-06
8.362358750442176872e-06
8.314978408896194352e-06
8.250730385481528964e-06
8.191244934681533903e-06
8.116789971308735130e-06
8.028420755471706805e-06
7.965407268568547682e-06
7.896045013074697291e-06
7.775391836708048129e-06
7.732703058919001491e-06
7.675259499398316988e-06
7.622375968716808545e-06
7.490243731641241432e-06
7.461796577324136683e-06
7.431401239008040520e-06
7.376985083389496290e-06
7.356832669537540920e-06
7.304262901179064977e-06
7.260141880640627578e-06
7.189829415036132569e-06
7.129110342463814589e-06
7.083034014048905697e-06
7.031396436984587200e-06
6.995293930175602181e-06
6.954907479056976332e-06
6.897140313158122008e-06
6.864940484241553484e-06
6.821360384295123114e-06
6.769179918622281777e-06
6.747874327603099269e-06
6.644968815323681749e-06
6.627093849985777439e-06
6.602266088464177545e-06
6.547936726895041130e-06
6.529385372571580789e-06
6.485616723568007583e-06
6.464729394815557016e-06
6.414542189474483079e-06
6.374961660827334558e-06
6.358031519371853851e-06
6.301827189231753095e-06
6.271303543785056640e-06
6.227742660678499497e-06
6.204124901881437772e-06
6.166007656408049390e-06
6.136152406448596428e-06
6.086907747301346743e-06
6.054375748264663612e-06
6.034139512928932281e-06
6.027638888484479272e-06
5.964554971551294633e-06
5.937484793617302057e-06
5.920596411317289556e-06
5.871712500258268885e-06
5.856510112124981411e-06
5.823559252275442008e-06
5.797465248157514365e-06
5.771766163764980573e-06
5.757335810020508372e-06
5.715323311530134742e-06
5.687987359098562444e-06
5.678325246517785112e-06
5.662111745817546996e-06
5.626877496372317534e-06
5.586560708359891798e-06
5.535172503448316599e-06
5.527690270614772378e-06
5.488356135715564601e-06
5.455583514476757611e-06
5.452616641253128824e-06
