2.145351861718313661e-03
1.507612317916511230e-03
7.349979630897190150e-04
6.676105194266926434e-04
4.390943968451037696e-04
3.860251363194833890e-04
3.477357280294130176e-04
2.794636572940935337e-04
2.548704251243406557e-04
2.530962617359132881e-04
2.221810214907720315e-04
1.855272254630009176e-04
1.847056189174182798e-04
1.825406397834870094e-04
1.689723958423808270e-04
1.637069703979962055e-04
1.619014057611888025e-04
1.448358135019645000e-04
1.427474502324308262e-04
1.370770796216760489e-04
1.315709299958503649e-04
1.258093948032018778e-04
1.241241519433996003e-04
1.220688730015139449e-04
1.158407701503225460e-04
1.109738595301851141e-04
1.004572473534891085e-04
9.831734814371265749e-05
9.719014419992116492e-05
9.558835796459926721e-05
9.427208961951177098e-05
9.253219624265935793e-05
9.237642844902194551e-05
8.933549494076694372e-05
8.756063932694948962e-05
8.549132032414344298e-05
8.429118810650169859e-05
8.215956629137725919e-05
8.186036572582083577e-05
8.081221425461476682e-05
8.051383064250369303e-05
7.807889617442386159e-05
7.783246104709700775e-05
7.560576079124173743e-05
7.541762820279173339e-05
7.447085786317269370e-05
7.240795825430469538e-05
7.195295212406441004e-05
7.094149763608145526e-05
7.025760353701799871e-05
6.909718485486411512e-05
6.821657542956087873e-05
6.792349201884751906e-05
6.709388039499268326e-05
6.650967985307049688e-05
6.616434491356995324e-05
6.529098715342021130e-05
6.476324991874963881e-05
6.411126680742392913e-05
6.310018874727828014e-05
6.194208137669901016e-05
6.195923536905807293e-05
6.131451271168814456e-05
6.098689419938440757e-05
6.063465735707942382e-05
6.038692424702587840e-05
5.998733925482762003e-05
5.871779546369298964e-05
5.859559501148047943e-05
5.832539445327616906e-05
5.772333657877693039e-05
5.750544938585162971e-05
5.711077481626916224e-05
5.675886258160649863e-05
5.592936542473489779e-05
5.585169738603213953e-05
5.543925105701110655e-05
5.537147694182441559e-05
5.486358284984621991e-05
5.458024011418470241e-05
5.441717130208015047e-05
5.389429475645333799e-05
5.391259261347605420e-05
5.337339530899953610e-05
5.326627256694425628e-05
5.261399909902529236e-05
5.232877679702441394e-05
5.210280409333490899e-05
5.173481952559017460e-05
5.160009195501180906e-05
5.119902630684908961e-05
5.102670540581262195e-05
5.041883897688798690e-05
5.020276096952239913e-05
4.997032437116684638e-05
4.992613691488119579e-05
4.952114340250274516e-05
4.933381745517056755e-05
4.902033113475621345e-05
4.873936463899931535e-05
