-4.140979364975515599e-07
-3.490072005636425971e-07
-3.220012748438833220e-07
-3.097184679737708817e-07
-2.724405109723624503e-07
-2.539957228504864768e-07
-2.440012484167512102e-07
-2.290459566809286192e-07
-2.067182757045975844e-07
-1.755358554147935375e-07
-1.638523618253261825e-07
-1.430598332204200370e-07
-1.209050746634785122e-07
-1.100501264964436181e-07
-1.043493172348386690e-07
-9.014857922600524189e-08
-6.739069175732489401e-08
-5.677849853841755224e-08
-4.235043805781007743e-08
-3.109033449524347148e-08
-2.878245698496796371e-08
-1.260674707584474168e-08
-5.575391964020421371e-09
-6.937978556779366349e-10
-2.885046400943573434e-23
-1.596724977913178587e-23
-4.629285838223405362e-24
1.642554264974001921e-25
1.988559757106289877e-23
2.505369900665395025e-23
3.751929696855345408e-10
3.717845860195005453e-09
1.111970931671417487e-08
2.156857021501652244e-08
3.332058303450030754e-08
4.128071548462605207e-08
4.626957937019689263e-08
6.751659922472976180e-08
7.183933728800966853e-08
8.027744002481869344e-08
8.562462368392015309e-08
1.014140121890664107e-07
1.198328140768969319e-07
1.318339470577265468e-07
1.448626118067412674e-07
1.599293245059889082e-07
2.078702910616015213e-07
2.146672235138491633e-07
2.339400145034606213e-07
2.461290028666347990e-07
2.705254039334867165e-07
2.970790111711241304e-07
3.210023301706359096e-07
3.439935597734662744e-07
3.589142081065467330e-07
4.094521722772192140e-07
6.931692561255607299e-07
