2.141150892536763332e-03
7.353610789381014121e-04
6.683460236368799975e-04
3.869728441458633117e-04
3.466714674826285101e-04
2.768894288025717360e-04
2.525950627063552889e-04
2.507869431309418004e-04
2.210856423582566893e-04
1.856050226246816785e-04
1.806356676400011532e-04
1.640470539400304851e-04
1.565201917475468759e-04
1.436418017121999255e-04
1.374305360806750669e-04
1.309166534486806005e-04
1.282231631485072725e-04
1.258836015640835138e-04
1.236166302109643368e-04
1.140350556615647010e-04
9.934546982984246238e-05
9.789682816072498711e-05
9.612657638794051709e-05
9.482726638446485265e-05
9.365010194402114958e-05
9.066243178355851335e-05
8.718772395574953286e-05
8.366066237891615659e-05
8.178096678862127958e-05
8.113166846988271183e-05
7.974198306230608684e-05
7.827140184087614952e-05
7.751329495720941508e-05
7.661926116274944589e-05
7.572113857867190966e-05
7.345324600916662702e-05
7.289885151250437973e-05
6.940277740014409301e-05
6.914992560046516825e-05
6.789861582626417552e-05
6.721432477514881535e-05
6.588820897709767423e-05
6.485169191219259982e-05
6.376967940252480462e-05
6.327121501630392664e-05
6.230307779000888026e-05
6.141911264596650478e-05
6.073041939202190734e-05
6.043008562671631830e-05
6.004418083586524692e-05
5.918013715986291404e-05
5.845275150430899328e-05
5.797274014904363706e-05
5.698187487495874897e-05
5.654498273154991074e-05
5.593088829809594322e-05
5.524354174964927051e-05
5.482718181253466125e-05
5.449427636135206022e-05
5.408138951295403559e-05
5.346383379656586865e-05
5.282471026654231186e-05
5.276402911726955431e-05
5.257423915979462446e-05
5.200821247553942192e-05
5.124184840543000190e-05
5.080967547781163862e-05
5.036880792730960419e-05
4.996052276641761377e-05
4.954897625855811882e-05
4.937159111181722133e-05
4.900043818020591047e-05
4.864860460266312001e-05
4.825522793660115089e-05
4.831989132400231994e-05
4.775213333511114011e-05
4.760073403620373263e-05
4.731311525973452896e-05
4.699375699050001689e-05
4.670368843362012514e-05
4.652584947247404457e-05
4.635553187049583959e-05
4.613854300877709408e-05
4.595362134552723372e-05
4.552150418207496200e-05
4.523516094239554252e-05
4.502974102045367627e-05
4.474192354321454383e-05
4.448925303401629345e-05
4.421817178127969411e-05
4.408762562007083791e-05
4.386640805005518083e-05
4.365502924178342090e-05
4.338069859882434578e-05
4.311587739519591559e-05
4.277330846127370024e-05
4.265444415057728736e-05
4.230967473037781609e-05
4.214103678012502230e-05
4.195404951038732484e-05
