5.964242784953028728e-06
5.621939968869718658e-06
5.209554295081495550e-06
4.642154730561887034e-06
4.241421524842265317e-06
4.025860154851899947e-06
3.903256751076049046e-06
3.792613373077012267e-06
3.724252964960269942e-06
3.664932038347539964e-06
3.564524259960189286e-06
3.523368823453370675e-06
3.450620443165803083e-06
3.392033330044658836e-06
3.346078303486813334e-06
3.290309033396675819e-06
3.255471850442509660e-06
3.191486124324685432e-06
3.166566029633904006e-06
3.112599386525668814e-06
3.088694824642289448e-06
3.004902087120451759e-06
2.981096572622949519e-06
2.961438928934885831e-06
2.923030632689402186e-06
2.895762800888484228e-06
2.883860987697039159e-06
2.835352750935833669e-06
2.817770443566856872e-06
2.793499252919642154e-06
2.750602937969813271e-06
2.712447255419946297e-06
2.701635445770710022e-06
2.683070191412616597e-06
2.635785489577573993e-06
2.611355241152556828e-06
2.609683524663522125e-06
2.579903855559967309e-06
2.566226204475246329e-06
2.534807228132534638e-06
2.507045896481712648e-06
2.491054805367486536e-06
2.477224257301307387e-06
2.445858985827829793e-06
2.430008885921081803e-06
2.402948526485742433e-06
2.378800109252850205e-06
2.348706871229935667e-06
2.316488661741923807e-06
2.296992460289755949e-06
2.290023590949969381e-06
2.272018972248324453e-06
2.250069411130387552e-06
2.214604313589191267e-06
2.208086420132762202e-06
2.188901455288816851e-06
2.180982862140177856e-06
2.155941647389806217e-06
2.123443958020567097e-06
2.110534057849814749e-06
2.091915086708754100e-06
2.080813607702576948e-06
2.058186763179660340e-06
2.039509410623391004e-06
2.030386152715907829e-06
2.015737769413279369e-06
2.011962387330073071e-06
1.996343025118826397e-06
1.979807198348229795e-06
1.967279909055698410e-06
1.951935502810589920e-06
1.937190308640743846e-06
1.920122386624271055e-06
1.901441647770382505e-06
1.890980509830355189e-06
1.869634168484316630e-06
1.849840505487119256e-06
1.840444049047492931e-06
1.826154014753516943e-06
1.818222790464093687e-06
1.792120043183866851e-06
1.778809026457474599e-06
1.775458385279252478e-06
1.752780115854834699e-06
1.735519726390708271e-06
1.731439552240181236e-06
1.721305039394533021e-06
1.706251054031433162e-06
1.693490982670742383e-06
1.684236634806741937e-06
1.659018750304620107e-06
1.648411582552912241e-06
1.642175697202345755e-06
1.633316919833634961e-06
1.622620560829086199e-06
1.609713042390842922e-06
1.592084804278391893e-06
1.583131559264112661e-06
1.575670804718084442e-06
1.568161673197908046e-06
