-4.144550630627522288e-07
-4.088252022855896002e-07
-3.070671510220786528e-07
-2.957703287821650262e-07
-2.496561425851996128e-07
-2.443677586682116168e-07
-2.354538058987642331e-07
-2.113193078704335722e-07
-2.007133018164250531e-07
-1.912213450353356168e-07
-1.565718760308704144e-07
-1.487841693108167233e-07
-1.423157810909697123e-07
-1.215095211339260902e-07
-1.028343550322169877e-07
-9.624388760043852020e-08
-7.655954472150813599e-08
-5.893357014485649629e-08
-4.433988377715368641e-08
-3.910536875664011563e-08
-3.035404027673452582e-08
-1.947290384348900500e-08
-6.163963410369827047e-09
-3.300898101502522566e-09
-5.544949264844232067e-10
-1.346425770630696213e-23
-8.439135363973399800e-24
1.937312564602772238e-25
1.144253561734996086e-23
1.821743002857373744e-23
5.009536954448011962e-23
1.452283846911472678e-09
1.750592199247172635e-08
2.950061449546605941e-08
3.604986787315420175e-08
4.000162386398819640e-08
5.546142158684353173e-08
5.896806564329741598e-08
7.125693789701789392e-08
8.027744002481858756e-08
9.597195764362077445e-08
1.034600303275823733e-07
1.197548853668096120e-07
1.199531406639644514e-07
1.516281692921274928e-07
1.737794336805147861e-07
1.986799751225756647e-07
2.224886192576208314e-07
2.385919563687136231e-07
2.617150861577732327e-07
2.824777974082426446e-07
3.173762189265223233e-07
3.548015930005445716e-07
4.073299977081188798e-07
4.145188448274853567e-07
5.655150496607863743e-07
7.520932129698775117e-07
