-4.085463598176499199e-07
-3.811860878518714980e-07
-3.155027916878743439e-07
-2.971078052927078223e-07
-2.823279462896352149e-07
-2.489007984283675322e-07
-2.396839895525779347e-07
-2.292906717745033516e-07
-2.126386522840463949e-07
-1.894777334185183260e-07
-1.614082537700851686e-07
-1.403660247012269543e-07
-1.221202441315000082e-07
-1.060140572975595051e-07
-1.032919658429861430e-07
-8.658680554490897441e-08
-6.456859164563302275e-08
-5.595386723686350581e-08
-4.260571692362353241e-08
-3.742658047684059904e-08
-2.690147128345567654e-08
-1.705886969380291894e-08
-5.001672624916506215e-09
-7.667356621695271219e-10
-3.428847671016433142e-23
-2.442298750752147824e-23
-7.825701832062516220e-24
2.368467246943629935e-24
1.450057859699718741e-23
7.771379847309317769e-23
1.263613506759520638e-09
1.852851328358214605e-09
1.250898016136985808e-08
2.495335233378439877e-08
3.444317009631505173e-08
4.131386974125170399e-08
5.185898008616236351e-08
6.189506588024527809e-08
7.851802572855165950e-08
8.027744002481861403e-08
9.358789713726665310e-08
1.040890299252744518e-07
1.174451771236716384e-07
1.324463701681093708e-07
1.463596448021994675e-07
1.781109543427807783e-07
1.865349131246281111e-07
2.245771463109181473e-07
2.441554838697260286e-07
2.580537217857249237e-07
2.625524636037491164e-07
3.294376383325974116e-07
3.553809904376473534e-07
3.707093330863223764e-07
4.153452774649904792e-07
4.688529480947275256e-07
6.974681117251144539e-07
