1.170917949402609749e-03
4.296575973408897609e-04
2.265550803351290402e-04
2.096327623364705221e-04
1.983698466082838821e-04
1.716755251742539505e-04
1.578493224918607162e-04
1.399097046390274026e-04
1.393093075734816075e-04
1.105593324285510185e-04
1.082335913700278087e-04
1.048051279924467976e-04
9.144434230206645309e-05
8.606263907772725163e-05
8.232814005834139135e-05
7.972585097060976033e-05
7.575092361414511070e-05
7.242955053054472955e-05
6.883727458761217458e-05
6.650997357164865626e-05
6.565616466661223745e-05
6.486377587508727362e-05
6.367144946018404438e-05
6.242622658064674339e-05
5.949756962552787477e-05
5.701405726814147543e-05
5.615038305091887448e-05
5.425769108063942307e-05
5.045052557314102457e-05
4.984671787945089527e-05
4.958880897714885348e-05
4.818377432536995956e-05
4.776829643023782618e-05
4.657959869099061824e-05
4.632016176806721394e-05
4.535701518357800695e-05
4.454242180806863860e-05
4.378641329863989053e-05
4.314893539668921758e-05
4.234274135792662897e-05
4.181899877352319474e-05
4.128229072636133568e-05
4.101716507468495003e-05
4.067004646035574008e-05
4.034510249433415378e-05
3.996952559204078591e-05
3.961726021499985381e-05
3.927891384448403185e-05
3.897188348572859620e-05
3.853091591698307107e-05
3.789798887864256601e-05
3.758714079180902905e-05
3.731777699293243922e-05
3.704132607807684589e-05
3.684105173331976476e-05
3.623993105387961997e-05
3.597877154984681884e-05
3.563729721831800920e-05
3.511866540603965364e-05
3.493356364417333961e-05
3.451866774972826385e-05
3.437247838090371291e-05
3.404934714799868686e-05
3.392960552380847619e-05
3.363533873111571959e-05
3.349308074637127891e-05
3.322312673980081388e-05
3.291684737231901546e-05
3.277563859018422170e-05
3.251183438550043115e-05
3.234940110303309623e-05
3.203834890773058880e-05
3.184290804179602921e-05
3.163067420407574703e-05
3.144977572403328376e-05
3.134694558374733078e-05
3.112825521724134706e-05
3.097936550516353912e-05
3.072424045311726218e-05
3.057267196763892628e-05
3.025093019822111963e-05
3.016481663654678116e-05
2.996554310824251714e-05
2.981727513819921725e-05
2.961956980460797936e-05
2.931573404605628577e-05
2.927092678485972843e-05
2.913180990330101978e-05
2.896892912420864956e-05
2.892860783056676088e-05
2.877903949205094287e-05
2.864313970410890077e-05
2.854592685370101594e-05
2.830014732964216908e-05
2.814071359433836569e-05
2.795505729507319890e-05
2.785242935667876107e-05
2.777464741696249715e-05
2.765458518607240325e-05
2.742706166322220714e-05
