1.424990683395081521e-03
1.378062804468793007e-03
6.374801026008772862e-04
5.779926175929044887e-04
4.854170651185164050e-04
3.805420993114703326e-04
3.317394689861421879e-04
3.040778762157976003e-04
2.647027122290050087e-04
2.575720978749147360e-04
2.298310084351250779e-04
2.127733544091509564e-04
2.074971542973990312e-04
1.896192166504573687e-04
1.678844819656201989e-04
1.656173297242410848e-04
1.650046239915910174e-04
1.594086342112901360e-04
1.479538629925572827e-04
1.470611630300832284e-04
1.407420169891341547e-04
1.249691837873434465e-04
1.173473422053778717e-04
1.165916728192191573e-04
1.114535008538248770e-04
1.101946406221612442e-04
1.068795124336078259e-04
1.043582013769323068e-04
1.031020370351316649e-04
1.022275738019393895e-04
1.011341959986758238e-04
9.874374888349333058e-05
9.606968701540629318e-05
9.575892026371223963e-05
9.379143832574757559e-05
9.134266415370149777e-05
9.019700743171900825e-05
8.725138421049797959e-05
8.528138770335222309e-05
8.489821916487441265e-05
8.384480516886570907e-05
8.202711014974593839e-05
8.185564581413726996e-05
8.100261052622725172e-05
7.997111137800218229e-05
7.730076823606946753e-05
7.588213214444813751e-05
7.525211537053253506e-05
7.371530124978518961e-05
7.268053785625633409e-05
7.146805018876570118e-05
7.008953449838443517e-05
7.055289733129294105e-05
7.055233672834098225e-05
6.847329569299886076e-05
6.734052345909222301e-05
6.691862530544724500e-05
6.673926949821557236e-05
6.623288152713089911e-05
6.536446931263307364e-05
6.446207019935424427e-05
6.379163342157215136e-05
6.362323718928841667e-05
6.314634574820759255e-05
6.252586713965474713e-05
6.177262286888174771e-05
6.158647641453018418e-05
6.084793117399227888e-05
6.049203857170112029e-05
5.995811389829910139e-05
5.975028779629903535e-05
5.900425883334258951e-05
5.880133928108899040e-05
5.808909860367611965e-05
5.766756516205540821e-05
5.768912143639491207e-05
5.737471298597661770e-05
5.707508523577618542e-05
5.645601148968974997e-05
5.618248442427793162e-05
5.566775813478344110e-05
5.562805499440366056e-05
5.534929898316685263e-05
5.513237429939402373e-05
5.436769164099466967e-05
5.449141381943219603e-05
5.382045640305905290e-05
5.369142009209421995e-05
5.311511967001333515e-05
5.259165153067099250e-05
5.216539372446512613e-05
5.213145558686537899e-05
5.168780246950457793e-05
5.150623238166917591e-05
5.134711792633451117e-05
5.052236612329337343e-05
5.049761261689603549e-05
5.020098799467068873e-05
5.008032631323980414e-05
4.965733022437158583e-05
