8.326730145431927149e-05
3.667377797735082783e-05
3.123926055398106364e-05
2.204925915495918246e-05
1.860772440334055919e-05
1.650802279642502447e-05
1.464171906282082473e-05
1.439427902724079434e-05
1.398185792693116446e-05
1.316573647229463973e-05
1.237692740207790089e-05
1.213822782413174520e-05
1.053096388298930622e-05
1.027868000826448080e-05
1.017122441674166265e-05
9.863909926699087973e-06
9.785864525010054007e-06
9.663416328872818779e-06
9.411363378528376757e-06
9.233199372545707552e-06
9.073807900226237119e-06
8.997728624911870694e-06
8.806196491049579953e-06
8.734319702729287810e-06
8.671580636649729932e-06
8.610992492313140976e-06
8.547755575271929790e-06
8.430152672148788574e-06
8.398346174877388613e-06
8.282885069428116580e-06
8.179650828331264996e-06
8.111646877933991129e-06
8.025685742709757952e-06
7.925989094269437414e-06
7.882281863102789002e-06
7.774464673429800531e-06
7.711965968499351573e-06
7.665167705521497811e-06
7.590610785234674987e-06
7.531247913968575872e-06
7.485956108914504637e-06
7.438375601962261314e-06
7.396284755919666542e-06
7.303409656030668216e-06
7.261400131470254267e-06
7.209773000103395918e-06
7.125432903486535753e-06
7.099284536524536763e-06
7.077619602176019762e-06
7.047652279160051629e-06
6.978623241012692267e-06
6.931732054903971851e-06
6.876956996433953442e-06
6.822142784825196923e-06
6.790837201048394391e-06
6.762661477931981437e-06
6.721328243711469970e-06
6.680327525098189773e-06
6.634623078425080139e-06
6.602631683336665898e-06
6.552963429383478061e-06
6.512134033509310726e-06
6.488288811910310922e-06
6.417193658364499261e-06
6.399196728196694242e-06
6.362139499449033197e-06
6.337323647871196461e-06
6.308414201899155734e-06
6.211141528460752466e-06
6.187116773759751480e-06
6.171871915172485575e-06
6.146052629239869899e-06
6.108768500364136439e-06
6.071860835761444253e-06
6.027684841633557217e-06
6.000561607247862115e-06
5.984080480570853978e-06
5.939736966468337765e-06
5.907467258819010772e-06
5.888623853755796340e-06
5.852181218132243768e-06
5.824328470700323894e-06
5.798027791395080650e-06
5.774357130920892801e-06
5.731744104135919575e-06
5.701763283476118161e-06
5.682743749718651569e-06
5.652137792337964807e-06
5.635699681386116688e-06
5.621970019554662060e-06
5.585800904079462543e-06
5.544183902861143297e-06
5.516989274763596521e-06
5.488049498594827614e-06
5.463615076620500480e-06
5.437115292075337644e-06
5.430779971621166566e-06
5.400285112126107094e-06
5.361834750945783558e-06
5.339466517903094523e-06
